"1","2","3","4","5","6","7","8","9","10","class"
0.192089919932187,0.0330143212340772,0.150512401014566,0.820949836401269,0.540086381603032,0.538311299169436,0.955145074287429,0.41796646732837,0.444340978050604,0.293062049429864,0
0.973981861257926,0.877130683045834,0.525935192592442,0.861495320452377,0.0431455110665411,0.303642406361178,0.279600098263472,0.558525257511064,0.57316066371277,0.673497470095754,0
0.652006086662412,0.804043111206591,0.352919385535643,0.309008979704231,0.779362029628828,0.135854732012376,0.772580661345273,0.698561937781051,0.965533216949552,0.835397255141288,0
0.64302907185629,0.415931439260021,0.504960668971762,0.882213175762445,0.392611557384953,0.257712706923485,0.673075017752126,0.724146713968366,0.145886186510324,0.864235267275944,0
0.750615201657638,0.410116742830724,0.13305615959689,0.401265417225659,0.61741101113148,0.815586586249992,0.134332246379927,0.192108639283106,0.158444521250203,0.0185433379374444,0
0.763745034579188,0.676348014501855,0.686452807625756,0.391214937670156,0.0905574935022742,0.627354820724577,0.0689007833134383,0.385769833112136,0.798465792788193,0.651713998289779,0
0.0602866273839027,0.0311200469732285,0.0570012349635363,0.866885602474213,0.377277322346345,0.901603967649862,0.26490202313289,0.788763737073168,0.279094551457092,0.615918608615175,0
0.00502999126911163,0.111803003121167,0.762340793153271,0.85966161894612,0.536728181410581,0.679786367574707,0.00424873875454068,0.762938368367031,0.0118948498275131,0.704837000463158,0
0.700532344868407,0.256747459992766,0.243781015044078,0.93821991677396,0.666640181327239,0.686475843191147,0.64553672587499,0.581010712776333,0.56941332644783,0.0263152678962797,0
0.458104505450185,0.606380068904534,0.88999672466889,0.48626387771219,0.341379841556773,0.361439141212031,0.18267421820201,0.715018352726474,0.815900044050068,0.156415512552485,0
0.450204203603789,0.437286910833791,0.620998000027612,0.61204180913046,0.748385726707056,0.252258115448058,0.685213758610189,0.308912344044074,0.816377544542775,0.149100278504193,0
0.394459719536826,0.187501663574949,0.703687182860449,0.300409398507327,0.112545450683683,0.0782671195920557,0.723999710287899,0.930683579994366,0.966727845137939,0.427158011356369,0
0.435287380358204,0.255179250147194,0.784625984961167,0.646577760344371,0.202878391835839,0.385260091396049,0.635047991992906,0.162229258567095,0.0542971000541002,0.124464443186298,0
0.113545116266701,0.945039948642068,0.109746088040993,0.815780214034021,0.383212251123041,0.79660880449228,0.809851419646293,0.0174160744063556,0.0451311573851854,0.354574239812791,0
0.545392140978947,0.558134902035818,0.354328654939309,0.519972185138613,0.0894561109598726,0.0905952723696828,0.380232469178736,0.77144959801808,0.345480417599902,0.753823035163805,0
0.239750690758228,0.30451497156173,0.668694780906662,0.698084932053462,0.387684298912063,0.484190847491845,0.537382061127573,0.0790470861829817,0.0923890571575612,0.205999192781746,0
0.905810898282938,0.175067925190739,0.685421743895859,0.962401824072003,0.989476803224534,0.807550875702873,0.540276624960825,0.0687897088937461,0.0558806154876947,0.145982930902392,0
0.617659357807413,0.557480799952615,0.131868263240904,0.0824137048330158,0.298618015600368,0.885594533523545,0.185638253344223,0.227533156517893,0.57182234316133,0.0174263538792729,0
0.949329553870484,0.171056671068072,0.903665865538642,0.521401135483757,0.82458786549978,0.103816705290228,0.988583942875266,0.896401325939223,0.921039543114603,0.269295001169667,0
0.6284226460848,0.707132963696495,0.85122529999353,0.147987959673628,0.00223069475032389,0.226206477265805,0.764129473362118,0.110260105924681,0.215327447513118,0.563812452601269,0
0.622120254745707,0.656461491910741,0.928243721136823,0.253584084799513,0.0658243433572352,0.90110594406724,0.573743680957705,0.402880136622116,0.784256247803569,0.762160797603428,0
0.325687931850553,0.486120905028656,0.122993904398754,0.0330648629460484,0.299181901616976,0.337212023790926,0.0830299723893404,0.287974749458954,0.288780977483839,0.300633428385481,0
0.605037973728031,0.530325063038617,0.407633511116728,0.0728496396914124,0.232634892920032,0.167909529060125,0.751467868918553,0.294152575545013,0.180174095323309,0.0717999886255711,0
0.134648084407672,0.666195323457941,0.653870003763586,0.66222216701135,0.326025140471756,0.0661332823801786,0.539035540772602,0.662103509996086,0.336934499209747,0.609359516995028,0
0.308538377913646,0.138292573137209,0.821111674420536,0.868303570430726,0.260698120575398,0.463915863074362,0.217400205088779,0.815230459207669,0.139280847273767,0.616810892242938,0
0.827172400197014,0.76917911763303,0.822145161451772,0.6734932330437,0.759392417035997,0.272719625849277,0.957989846356213,0.649040921824053,0.81312509579584,0.456894085276872,0
0.896473232889548,0.247836352325976,0.752022724365816,0.256380424834788,0.402012194506824,0.344821852864698,0.808050464373082,0.364089444745332,0.629727200604975,0.48904368490912,0
0.721402140567079,0.58130207634531,0.728569791419432,0.963211226044223,0.525318587198853,0.912516737123951,0.690303191775456,0.386643426027149,0.428731091553345,0.783073008758947,0
0.759149423101917,0.795995986554772,0.523142066551372,0.152185978833586,0.923347782809287,0.843674667878076,0.060295487055555,0.110448320163414,0.0197515117470175,0.269556973129511,0
0.702531542629004,0.642937500961125,0.973599587567151,0.802358983783051,0.215498832054436,0.686575232539326,0.40203636419028,0.630125753348693,0.654786562081426,0.102204186143354,0
0.923163926927373,0.950237636687234,0.193003245163709,0.932686563115567,0.168604179983959,0.276176469633356,0.70963295432739,0.033615123713389,0.766932572238147,0.814121092902496,0
0.260898400409054,0.249216364031564,0.672276510391384,0.0211391414050013,0.915471462532878,0.501533384202048,0.481367563363165,0.612136833835393,0.27403199695982,0.551138446899131,0
0.100233335979283,0.0982395997270942,0.91340888175182,0.723905340768397,0.455306880641729,0.218621655600145,0.737276889383793,0.753152218647301,0.83456430863589,0.475852903909981,0
0.243148320820183,0.369920977624133,0.0286865921225399,0.593990068184212,0.166162580717355,0.415535821579397,0.399640065152198,0.248100094031543,0.701931600691751,0.85533907613717,0
0.577409222256392,0.29592198994942,0.213726369896904,0.100903854006901,0.374485458945855,0.807207601843402,0.649107059231028,0.0282962268684059,0.524400748545304,0.876440862193704,0
0.227289858842269,0.721551347231958,0.458968800725415,0.617158660897985,0.216041905805469,0.642596483929083,0.347828472033143,0.315699488855898,0.230663373600692,0.248693019617349,0
0.591605714056641,0.638516079401597,0.825485971756279,0.0854288826230913,0.86463545425795,0.903180124470964,0.373847861774266,0.832554231397808,0.644768238533288,0.978151205694303,0
0.300184438470751,0.344815772259608,0.15576383867301,0.636391277657822,0.546481888275594,0.811895059421659,0.38530644448474,0.342975669074804,0.278442189097404,0.711911289719865,0
0.568574687952548,0.233580217645317,0.29450636333786,0.105997940991074,0.782361160963774,0.636185655603185,0.403535662451759,0.903290169080719,0.436993796145543,0.816120302304626,0
0.935497238757927,0.909102450264338,0.112576675135642,0.778827270260081,0.185549762798473,0.0594193511642516,0.950963385403156,0.0808331372682005,0.320153195643798,0.935033324873075,0
0.210630998015404,0.0385191729292274,0.589851410128176,0.273460478056222,0.608580554137006,0.909325186861679,0.568138436879963,0.0872426028363407,0.799725842662156,0.640145816840231,0
0.365018301643431,0.338597004301846,0.762683445354924,0.171185780549422,0.858181899180636,0.597696220967919,0.86888629430905,0.597342516295612,0.847782302414998,0.224365460686386,0
0.950205591740087,0.264691095799208,0.540303829358891,0.919080860679969,0.388958588242531,0.659305458655581,0.240604559658095,0.535901974653825,0.0342290941625834,0.3277011977043,0
0.725931795385852,0.522710782364477,0.856068287743255,0.46736607584171,0.489863391732797,0.103522410849109,0.997086361050606,0.187460029497743,0.339779681526124,0.877095701405779,0
0.190280665410683,0.393553298665211,0.164313388289884,0.359831519657746,0.396360634593293,0.480508842505515,0.299853520933539,0.830558296758682,0.973937651608139,0.830840737326071,0
0.5219943781849,0.627871761564165,0.934326528338715,0.999202861450613,0.777329981094226,0.333412925247103,0.226070364704356,0.0305923840496689,0.690120551735163,0.266170154092833,0
0.481494074920192,0.267336998600513,0.610035226447508,0.594469536328688,0.900820802198723,0.917169786058366,0.119280064245686,0.770823403261602,0.711068224860355,0.661808143835515,0
0.781508680433035,0.55947433761321,0.938428043853492,0.827480182051659,0.516333677107468,0.233925073873252,0.826902728062123,0.702463771449402,0.422863269224763,0.769998508505523,0
0.789843885918148,0.179606944162771,0.149784559616819,0.865501567721367,0.506669887341559,0.0757616218179464,0.000337431905791163,0.159104550722986,0.219514724798501,0.915417422074825,0
0.60919313877821,0.752285828115419,0.737823973177001,0.49720898643136,0.379882890032604,0.944253522669896,0.483629108872265,0.813618765911087,0.907733174040914,0.494771476835012,0
0.872623136965558,0.993483204199001,0.125683011487126,0.581221794011071,0.561044054338709,0.216657781042159,0.386643933365121,0.788553460035473,0.829028424341232,0.0980268514249474,0
0.0885834090877324,0.189880480058491,0.479589215246961,0.365913298679516,0.197972018504515,0.206259438302368,0.896752557950094,0.149054920533672,0.240465550916269,0.450489125680178,0
0.0835358771299943,0.820748926372081,0.628148996969685,0.127422899473459,0.794542471179739,0.454981883289292,0.442759165540338,0.0280242175795138,0.893298686714843,0.431437436491251,0
0.395754867931828,0.203661526320502,0.649224108317867,0.98565290030092,0.559027585200965,0.473268854897469,0.723214630968869,0.0295586118008941,0.511005886597559,0.384970578597859,0
0.965189077658579,0.245505134575069,0.992890742840245,0.53559229336679,0.0917462597135454,0.268286178587005,0.502659168792889,0.909001381834969,0.927909094374627,0.656425111927092,0
0.797453202375211,0.140007712410297,0.188375531695783,0.770502131665125,0.771572291152552,0.0538953992072493,0.77583265164867,0.268747969763353,0.629777888767421,0.192292043473572,0
0.748797046395019,0.363048044505529,0.928696277784184,0.30469021643512,0.428767608245835,0.8920485554263,0.372446751454845,0.946555791422725,0.252859585685655,0.78178745880723,0
0.155097188195214,0.894587460672483,0.699020473985001,0.329160658176988,0.32026327890344,0.996619275771081,0.0227525893133134,0.425142735010013,0.412321661831811,0.999597928952426,0
0.364786286605522,0.515952276997268,0.0623441415373236,0.390172036597505,0.695783417439088,0.754281394183636,0.739853310398757,0.362432708730921,0.807799234054983,0.864713256014511,0
0.232853615190834,0.40869403257966,0.523770635481924,0.0513470482546836,0.153489675140008,0.0864028153009713,0.358523393748328,0.590557549381629,0.361346723744646,0.164910294348374,0
0.0335659814933315,0.916678070521914,0.199969704961404,0.183271301910281,0.427893536165357,0.699780009919778,0.12057521357201,0.443872355157509,0.438918319297954,0.930619645863771,0
0.723326893057674,0.740438302746043,0.280645384686068,0.769397257361561,0.717628455488011,0.238125058589503,0.430527082411572,0.238141095032915,0.0792414331808686,0.463571720989421,0
0.26587071060203,0.0422112822998315,0.437817488331348,0.00257342727854848,0.743562754476443,0.197530229110271,0.0157166980206966,0.146865352988243,0.138298426056281,0.000685981009155512,0
0.529261767398566,0.704658873844892,0.0214265964459628,0.69269455014728,0.0206969866994768,0.845929006347433,0.459992742864415,0.353948458563536,0.459824326448143,0.137916845967993,0
0.88749835267663,0.759516056161374,0.418488288763911,0.326664699008688,0.615501171676442,0.249063786119223,0.320905924309045,0.441004918655381,0.0337385416496545,0.289637875044718,0
0.345856079598889,0.588028509635478,0.754567455966026,0.27532480051741,0.507193579804152,0.511478996835649,0.452200502157211,0.901606303872541,0.116551612270996,0.696070557227358,0
0.918560184409842,0.102946922815219,0.0718467887490988,0.0660616720560938,0.869738000677899,0.809175330447033,0.603656378109008,0.248428164049983,0.762073049554601,0.828032511519268,0
0.367102952906862,0.606106865685433,0.720949945272878,0.520468711620197,0.394187559373677,0.703111562645063,0.875418749405071,0.766947811469436,0.185461668064818,0.326693749520928,0
0.230899091910571,0.642771047673747,0.106076417723671,0.71255238680169,0.810004135360941,0.399800623301417,0.521865392569453,0.444129077717662,0.198734974488616,0.122047491837293,0
0.534571690484881,0.747805257793516,0.279904821654782,0.8955708660651,0.325607861857861,0.314742997288704,0.823371551698074,0.181935967877507,0.628931696992368,0.487550189020112,0
0.319138817489147,0.0878779883496463,0.923870932077989,0.581534560071304,0.209430770017207,0.212861571926624,0.208441098686308,0.528303477214649,0.723339637275785,0.265912985196337,0
0.353766924003139,0.489734864560887,0.335245518246666,0.73456183145754,0.0242338040843606,0.00605240580625832,0.568849666276947,0.411472684703767,0.245089607546106,0.117407048586756,0
0.276694702450186,0.909530746750534,0.703367396490648,0.473688294878229,0.139648252166808,0.907676683505997,0.877201579743996,0.213808127213269,0.128087705699727,0.564421083079651,0
0.885417918441817,0.762765375198796,0.988656410714611,0.126449864823371,0.19300906569697,0.902402644744143,0.664045407902449,0.35646290704608,0.96411010553129,0.352173297898844,0
0.816358269192278,0.894748280057684,0.374661697540432,0.506897039944306,0.918597335694358,0.416326976614073,0.283475108910352,0.859572787070647,0.98483712086454,0.346180967288092,0
0.74039798323065,0.0446713897399604,0.706444140290841,0.611507152440026,0.678021703381091,0.198084116680548,0.276906962972134,0.0108875131700188,0.634485193761066,0.531679628882557,0
0.183820763033442,0.267122349889949,0.898584570037201,0.339185596676543,0.578469455474988,0.485182645265013,0.45880794711411,0.855067632859573,0.455878810491413,0.900098570622504,0
0.308488148730248,0.788914289558306,0.400595677783713,0.10481956298463,0.314517860999331,0.179251391207799,0.964690095745027,0.213752367533743,0.999216283904389,0.368338218191639,0
0.902682190993801,0.122756734024733,0.372832806548104,0.668587128631771,0.655916792806238,0.316672306042165,0.0570532069541514,0.686402620514855,0.874048433732241,0.93110715970397,0
0.375148261431605,0.285922377835959,0.142566272523254,0.494193265680224,0.838607663521543,0.389695765217766,0.842101943213493,0.966462719487026,0.529457623139024,0.674387102713808,0
0.0888421125710011,0.0296640712767839,0.0382100197020918,0.037607179954648,0.23337541334331,0.97261037514545,0.400608580326661,0.498644668143243,0.946058768546209,0.833488203352317,0
0.252348619047552,0.833784490823746,0.807297560153529,0.813281207112595,0.102410127641633,0.174670781008899,0.315902126953006,0.65808199159801,0.555699759395793,0.678275168407708,0
0.775275667598099,0.65493899698481,0.126449943054467,0.116882478818297,0.547775111859664,0.805977082345635,0.0295746116898954,0.705137747805566,0.770300234202296,0.959072854602709,0
0.280249569332227,0.282948234351352,0.687114206841215,0.254741857526824,0.36863425699994,0.0798936535138637,0.821336462395266,0.843379676574841,0.013159449910745,0.127586042741314,0
0.54584827239532,0.629749801144004,0.805466881487519,0.546726584434509,0.725742222508416,0.981194361578673,0.513410542393103,0.475775404600427,0.480609115678817,0.904696734622121,0
0.0315667751710862,0.752973506692797,0.537102912785485,0.62661945563741,0.790594506077468,0.312042467296124,0.0945232412777841,0.137733381474391,0.177087504416704,0.120522420853376,0
0.392959761216864,0.259058583188802,0.671487107174471,0.586738476762548,0.169572845101357,0.937637187307701,0.422446782933548,0.818808974698186,0.859640160342678,0.359086113981903,0
0.229893020354211,0.115881668403745,0.425168764777482,0.504002411616966,0.646564526017755,0.783761655678973,0.179315469460562,0.521510392893106,0.618717989185825,0.333263997221366,0
0.28788447897695,0.749690197700076,0.56755918241106,0.130262555088848,0.907523337984458,0.480204964987934,0.997982652625069,0.64394772448577,0.228816661285236,0.711574723012745,0
0.741819198941812,0.488056334666908,0.763715648557991,0.666805838234723,0.439867747947574,0.916531424736604,0.716291693272069,0.0253549413755536,0.338869201019406,0.59373717312701,0
0.192863398697227,0.586647393647581,0.499228708678856,0.136407901998609,0.811954110162333,0.541969430400059,0.373201015172526,0.235747789498419,0.980081581044942,0.30282781412825,0
0.930837324587628,0.831904808990657,0.894698329735547,0.673228359548375,0.888475138926879,0.875985854072496,0.0766453049145639,0.0563270321581513,0.246905215550214,0.751494441414252,0
0.320042774660513,0.512315380821563,0.876274375943467,0.645440711872652,0.65923637454398,0.571354475338012,0.951881117653102,0.697557919891551,0.674367205705494,0.932026859372854,0
0.549342131707817,0.249160463223234,0.795372395310551,0.354737023124471,0.294588107382879,0.267701722914353,0.796699956990778,0.444007717305794,0.571660284884274,0.192828837316483,0
0.473331304892898,0.243879211405292,0.707597880391404,0.669632844161242,0.284003811888397,0.44947400293313,0.8609626700636,0.468660763464868,0.869489301694557,0.431545995408669,0
0.334161356789991,0.479063445236534,0.845956180244684,0.745558333350345,0.342269310960546,0.292783830082044,0.679112713085487,0.527257912093773,0.781133604701608,0.94291241816245,0
0.112221315037459,0.248412955086678,0.0357348881661892,0.832426166627556,0.333325808867812,0.822937906952575,0.744018686236814,0.518286700360477,0.763108658138663,0.0222815999295563,0
0.991615694481879,0.962679710006341,0.103568098973483,0.0440730301197618,0.302459223661572,0.637871522223577,0.609306323807687,0.603335222927853,0.17598955729045,0.824157350696623,0
0.800069021294639,0.407943116648868,0.748633594485,0.343458324903622,0.432836084393784,0.431303084595129,0.83768351492472,0.774997647618875,0.311642844462767,0.8529488008935,0
0.720470995219704,0.979261486306321,0.969383819494396,0.185018313582987,0.371083185775205,0.968814983032644,0.974063022062182,0.985256767831743,0.410280360840261,0.494757295353338,0
