"1","2","3","4","5","6","7","8","9","10","class"
0.864308034302667,0.882867625216022,0.239595741964877,0.013192639220506,0.733007619623095,0.975084945326671,0.208954495145008,0.063560405978933,0.494043612619862,0.660488104214892,0
0.566796835744753,0.477546346606687,0.5046425932087,0.308457091683522,0.253617890411988,0.216593403136358,0.508649310329929,0.0268416402395815,0.188298907130957,0.865674032829702,0
0.877216052031144,0.958864994347095,0.251929420046508,0.50749899703078,0.386929752072319,0.540270297555253,0.969364957418293,0.185953861800954,0.656916654668748,0.312102722702548,0
0.405029475768399,0.689657074268581,0.535289335763082,0.602948705898598,0.635968124493957,0.204027597559616,0.0486264415085316,0.471082403091714,0.66101334290579,0.776704494142905,0
0.0562515677884221,0.150163925951347,0.629285686416551,0.626870136940852,0.258248794358224,0.285849245265126,0.920210510259494,0.246879753889516,0.0641479287296534,0.755628510843962,0
0.673325894240174,0.587158995771199,0.358199823414907,0.379872722784057,0.663708987645805,0.934883857844397,0.635691056959331,0.817115666810423,0.261896213749424,0.192929601762444,0
0.640970866634883,0.591906972210389,0.405680779134855,0.374755328055471,0.149834006326273,0.134495835285634,0.343480916693807,0.997451929142699,0.855438894825056,0.742553206160665,0
0.28877907874994,0.629959649639204,0.0964196620043367,0.947078964905813,0.761714224237949,0.80210206983611,0.0315105870831758,0.15767659037374,0.774985006311908,0.616598264314234,0
0.0956726726686582,0.702528123694845,0.117317469324917,0.753977860091254,0.190818840637803,0.210063871229067,0.608415156602859,0.917761511169374,0.930740758776665,0.174255785997957,0
0.621660999953747,0.56850010342896,0.864162230398506,0.315503422170877,0.189645639620721,0.907243341673166,0.503426824463531,0.190380521351472,0.264807022875175,0.634673064341769,0
0.346872617730172,0.706178983408026,0.134596414165571,0.0393582629039884,0.235639442224056,0.983213426778093,0.434204165125266,0.459383966401219,0.583029547007754,0.64418116165325,0
0.80372723331973,0.829664759955672,0.273993502371013,0.0947585059329867,0.590869700303301,0.749588711187243,0.238116831285879,0.0274831536225975,0.739826309727505,0.746301754377782,0
0.737232636427507,0.226016237633303,0.933728244155645,0.626923942007124,0.315372608369216,0.978740745922551,0.475654031150043,0.791446556104347,0.438741004327312,0.428903100080788,0
0.0252180413808674,0.812616331502795,0.145157611230388,0.888941451208666,0.123238828964531,0.181571058696136,0.199815607629716,0.227311467984691,0.288565247319639,0.213775331620127,0
0.953539859270677,0.928141040960327,0.654670828487724,0.698025607503951,0.133793000131845,0.111348901875317,0.0522271296940744,0.871270465198904,0.635426213266328,0.602498584892601,0
0.956411969634588,0.96098918523558,0.195266347145662,0.163139762589708,0.808910391759127,0.0125980847515166,0.462830857373774,0.394549466203898,0.649777673184872,0.20194937242195,0
0.718463975534961,0.497840308254585,0.791573090245947,0.951780939474702,0.409093987196684,0.184925998095423,0.346468909177929,0.342083928873762,0.504496422363445,0.672712359111756,0
0.129352464573458,0.0723167380783707,0.210173197789118,0.96866978215985,0.5275796612259,0.914465957088396,0.620098482817411,0.195158371934667,0.614915212383494,0.411259869346395,0
0.593313696794212,0.324360919883475,0.126459387596697,0.0552185291890055,0.37350121862255,0.503004099940881,0.101251262472942,0.671676950296387,0.631523199379444,0.679247817024589,0
0.627730328822508,0.575644382508472,0.941850828006864,0.143799491226673,0.260092314099893,0.656785820610821,0.367529962910339,0.704945764970034,0.217256469884887,0.61042538122274,0
0.0870864707776345,0.108179317642935,0.750737089198083,0.553801543544978,0.0744536558631808,0.107052304549143,0.592915867920965,0.501284390455112,0.296202809084207,0.830884315539151,0
0.783247912687249,0.198063551108353,0.629739698488265,0.496880240738392,0.0965602179057896,0.959709198214114,0.416197580518201,0.826366696739569,0.851982707623392,0.472498327726498,0
0.59458642010577,0.76138873421587,0.613362489966676,0.469784749206156,0.232012926833704,0.879226503428072,0.428386881714687,0.0295888793189079,0.220682742772624,0.574998547323048,0
0.477863127275906,0.498803608762915,0.245574970496818,0.690733938245103,0.346016037510708,0.831206070026383,0.348367903847247,0.0594315365888178,0.966539218090475,0.582808127626777,0
0.661115293955058,0.565457743304782,0.17197100399062,0.995641905348748,0.655597500503063,0.328307406743988,0.427842994453385,0.0182022098451853,0.458620217163116,0.145638159476221,0
0.0546126773115247,0.859712772071362,0.170033769216388,0.526040818309411,0.837776933563873,0.405498093459755,0.950239032739773,0.452720481902361,0.773531494894996,0.846410516882315,0
0.379263553535566,0.701728177489713,0.537599766859785,0.575250214897096,0.0204339127521962,0.996623201295733,0.859941398026422,0.672266392502934,0.652127659181133,0.706938231596723,0
0.252105361083522,0.680779186775908,0.902444186620414,0.863992125261575,0.384443150134757,0.237492980435491,0.974411979317665,0.998886045766994,0.404248555656523,0.704034301452339,0
0.791346224956214,0.29129787767306,0.488663508556783,0.891049532219768,0.701942617539316,0.908831321401522,0.962251542601734,0.0916131092235446,0.968372328206897,0.499123932095245,0
0.566259420742211,0.529478488075594,0.676534783095121,0.821660828078166,0.94844117294997,0.61498299264349,0.0563442860729992,0.784395935712382,0.883744343416765,0.977292853873223,0
0.710109353704145,0.412878710649908,0.52892325562425,0.784767727600411,0.296516999835148,0.476503776852041,0.0559623125009239,0.137010042089969,0.727728287689388,0.327571212314069,0
0.0052366522140801,0.874631571350619,0.550921154906973,0.119310968322679,0.10438965447247,0.746639115503058,0.908993978053331,0.953999033663422,0.498551012948155,0.461691005621105,0
0.727660859469324,0.292023346060887,0.545603857841343,0.613192840712145,0.131873403443024,0.563231864012778,0.795347695471719,0.989569415105507,0.766104271402583,0.358149678446352,0
0.884760833204398,0.148128829830629,0.611265745246783,0.872063941322267,0.122071905760095,0.32295330776833,0.606924996012822,0.70298817474395,0.198272045468912,0.903589997440577,0
0.677479413338006,0.647627949016169,0.052700208267197,0.353093383368105,0.617570952977985,0.10011550062336,0.897104827454314,0.140122119570151,0.119460887042806,0.429250829620287,0
0.179850835818797,0.0707696778699756,0.20359612791799,0.795464185066521,0.326674561016262,0.571585360215977,0.00654074968770146,0.675693900324404,0.257313079899177,0.111497726291418,0
0.78225556248799,0.827942112460732,0.361528218723834,0.760701121063903,0.952174395788461,0.488025611033663,0.472129101632163,0.647075964370742,0.828148502390832,0.612654010998085,0
0.453507413621992,0.627877020509914,0.799505207454786,0.277997522614896,0.459731266601011,0.0360602426808327,0.388402685057372,0.537080742185935,0.36341580748558,0.475652490742505,0
0.710892122471705,0.714229707606137,0.743171156849712,0.0911822859197855,0.990400840993971,0.727568856207654,0.479102958459407,0.930770721286535,0.871834053192288,0.122208651155233,0
0.688086767680943,0.822963641956449,0.476092807017267,0.892827263101935,0.0491825544741005,0.260743119288236,0.272998288739473,0.312718972563744,0.899769941577688,0.581092677544802,0
0.953739490825683,0.0983486594632268,0.65804995293729,0.285001885378733,0.0727281353902072,0.942714922362939,0.540744707221165,0.15533129661344,0.27780360984616,0.964708554325625,0
0.374275595881045,0.540931975934654,0.203745869453996,0.563572125742212,0.501020419178531,0.563819330418482,0.00962477526627481,0.441547160735354,0.143166039837524,0.0395572080742568,0
0.145507778273895,0.71968294121325,0.121714562177658,0.318241259083152,0.929228878580034,0.797329818829894,0.0496117628645152,0.211247681640089,0.957184849772602,0.654177032178268,0
0.720160940921563,0.280019782637316,0.965617450652644,0.0609343098476529,0.914542844053358,0.938138280063868,0.28140444168821,0.430108271539211,0.636804955080152,0.593844396062195,0
0.0243062896188349,0.0519639570266008,0.244616608135402,0.476438238751143,0.350252690026537,0.646282097091898,0.779624920105562,0.599359993590042,0.136713473126292,0.743476880248636,0
0.961151978917071,0.880889746963279,0.0483978630509228,0.961615143110976,0.03806655225344,0.109821032732725,0.482646656222641,0.907931159017608,0.688671425683424,0.0461337987799197,0
0.623540810542181,0.380766170099378,0.127495581982657,0.870560146635398,0.786466555204242,0.542158343363553,0.967044707387686,0.603834433248267,0.197380059631541,0.302672585705295,0
0.73656129417941,0.158338357228786,0.380657771369442,0.905952734639868,0.31749617215246,0.0621225547511131,0.526885576779023,0.984463569242507,0.368844869779423,0.912765095941722,0
0.904797652879357,0.880860171116889,0.622346588177606,0.234071836806834,0.694652621401474,0.164725217502564,0.841586237540469,0.390976125141606,0.685162423877046,0.695031312061474,0
0.574775234167255,0.600128990346752,0.813340116292238,0.405509168282151,0.261543626664206,0.743140592705458,0.101341273868456,0.925401823362336,0.30568011989817,0.663978064665571,0
0.335973996436223,0.197485579876229,0.158287142403424,0.24126095790416,0.00841265707276762,0.742456138134003,0.565163313876837,0.0853530545718968,0.421833352418616,0.328551460290328,0
0.322769748978317,0.776312940055504,0.208622299367562,0.652548124780878,0.159623847808689,0.787832110421732,0.873688685009256,0.380696064326912,0.365286123240367,0.394295499427244,0
0.771435530623421,0.21736079454422,0.775215567322448,0.994680692907423,0.713847840437666,0.367532131727785,0.479979795636609,0.58677592035383,0.16628734045662,0.45295564038679,0
0.605586034656386,0.361067108949716,0.0893024287652224,0.393837407231331,0.103040271671489,0.999216976109892,0.512111379764974,0.765302817104384,0.291822776896879,0.698640821035951,0
0.925535001944378,0.0494493281391915,0.0583309924695641,0.51292914361693,0.816791445249692,0.270147370873019,0.0681615469511598,0.511375722941011,0.475877399789169,0.506178230745718,0
0.654855334898457,0.512415901059285,0.85378428013064,0.871246277121827,0.357335227308795,0.148355028824881,0.52587291225791,0.0522201471030712,0.235623663989827,0.162264340557158,0
0.182676153257489,0.165413158712909,0.989636552520096,0.559250926831737,0.165128466673195,0.124297964852303,0.764801143435761,0.920768038835377,0.981388464570045,0.924744355725124,0
0.75595496664755,0.877412458183244,0.965437775244936,0.381585972383618,0.361087721306831,0.149110052501783,0.932848954573274,0.264599832706153,0.136444277130067,0.425333957886323,0
0.783350110528152,0.0600631527607329,0.545196910388768,0.375019160332158,0.204028978478163,0.0423041465692222,0.0974739640951157,0.492204014211893,0.479213671758771,0.223487566690892,0
0.537563027814031,0.653491320554167,0.12942141899839,0.912875065114349,0.263736208667979,0.254730344982818,0.545467629097402,0.552789791719988,0.752835308900103,0.369812430115417,0
0.519472579937428,0.616739400429651,0.677167858462781,0.870897102635354,0.566380252828822,0.803698098519817,0.641176242846996,0.933743198635057,0.36807688139379,0.304364003473893,0
0.821307913865894,0.246533420868218,0.154886655043811,0.841523831011727,0.483450218103826,0.593959865393117,0.264368795324117,0.371102230390534,0.744797310093418,0.917955520795658,0
0.230419478844851,0.107174345990643,0.0410471092909575,0.0648567129392177,0.0270404752809554,0.237743254983798,0.0493773142807186,0.464282536879182,0.722729064524174,0.73122998024337,0
0.629380518337712,0.755516142584383,0.158216508105397,0.448064518161118,0.118831107160076,0.32530233822763,0.670289966510609,0.842083778465167,0.71060870308429,0.613247870234773,0
0.182210860075429,0.0864566795062274,0.413178226677701,0.716666137101129,0.879637555219233,0.0731530177872628,0.947419461095706,0.727800310356542,0.0226187945809215,0.408308634534478,0
0.690333656035364,0.238439037464559,0.427333305357024,0.996274204459041,0.443839551648125,0.983366701984778,0.208114258013666,0.853050643811002,0.29058279725723,0.790334730874747,0
0.846529848873615,0.944806899642572,0.261395037872717,0.738419053377584,0.885056643746793,0.270468355854973,0.633154042065144,0.633067048387602,0.117631856584921,0.0273943808861077,0
0.130179854379431,0.142173902688315,0.650400699581951,0.676899403799325,0.969365923898295,0.149961097165942,0.95212512393482,0.958249289775267,0.999728794209659,0.1900671843905,0
0.663984097307548,0.713440740481019,0.515191911254078,0.328420970821753,0.419283645460382,0.061476273695007,0.79547782568261,0.705060993554071,0.232085613301024,0.0257219518534839,0
0.865428416058421,0.839497337583452,0.0154897929169238,0.0482175543438643,0.823248149594292,0.834533023182303,0.63141663139686,0.33879392943345,0.379536791471764,0.628608971834183,0
0.982781867031008,0.0641389873344451,0.0707504006568342,0.52650211751461,0.544029391603544,0.0538441925309598,0.328683655243367,0.0906058931723237,0.322627802146599,0.199777071131393,0
0.504393828616082,0.377435294088884,0.354515633080155,0.603030521189794,0.254115087678656,0.794468036387116,0.852016793098301,0.981073112227023,0.739011808065698,0.969714208971709,0
0.766872117528692,0.742946663405746,0.0514780727680773,0.0548381234984845,0.454476382350549,0.607845234684646,0.638445333112031,0.0472878201398998,0.116969601949677,0.121116562746465,0
0.31469460516267,0.645840079138405,0.12544164294377,0.455016292398795,0.345868752803653,0.0673797025810927,0.0658153856638819,0.539229449816048,0.189298298209906,0.543989375699311,0
0.640986006911192,0.681212211273285,0.213427444687113,0.766665827482939,0.243466340238228,0.784826657734811,0.782941097859293,0.968617993639782,0.869346603751183,0.266966766677797,0
0.37822339637205,0.620299590053037,0.828808468068019,0.687099949456751,0.110225787851959,0.278629875043407,0.07034917245619,0.537903464166448,0.559125630185008,0.43779533286579,0
0.390381901584007,0.322484680152033,0.174469182733446,0.866470862412825,0.01316576031968,0.734207781031728,0.131507620681077,0.626260159537196,0.955037982203066,0.635926633141935,0
0.880687956722337,0.231623127138312,0.751655497355387,0.112746007042006,0.8286943056155,0.955281825503334,0.746726808603853,0.375824090326205,0.00647908728569746,0.950963759794831,0
0.739828437333927,0.125083558494225,0.432428004452959,0.24274827237241,0.581651489716023,0.693703541066498,0.0317533360794187,0.763176601147279,0.724593485705554,0.370700987288728,0
0.213091463048221,0.217295635041059,0.958167551085353,0.220566506264731,0.0949613801203668,0.828889459138736,0.875780483707786,0.851789833279327,0.24980298243463,0.51034427061677,0
0.362290574589744,0.353444161800668,0.354046361520886,0.786796634085476,0.0648556877858937,0.579489543335512,0.987134187482297,0.638550978386775,0.793092973530293,0.142816907959059,0
0.520979894131655,0.581261653921008,0.0130198188126087,0.482980907894671,0.538110113469884,0.657039873534814,0.319523249054328,0.90248054289259,0.284503345377743,0.979962742887437,0
0.00982159810690211,0.0604841913822573,0.019287786912173,0.0635872159618884,0.709235241170973,0.0345880268141627,0.413318537175655,0.973670351086184,0.551122995326295,0.204243863001466,0
0.409450020122505,0.563742045601481,0.968853779835626,0.122580216266215,0.721692024497315,0.0291363147553056,0.513238272396848,0.360768074169755,0.233646107837558,0.904596325708553,0
0.0805725192281418,0.93800211989684,0.251236309763044,0.675708592869341,0.284578561550006,0.412357412744313,0.894870493561029,0.0561968011315912,0.506749049760401,0.607629905454814,0
0.252621335443109,0.668795472476631,0.318637282354757,0.907661399105564,0.674150625010952,0.600567750399932,0.413042291533202,0.897121722344309,0.721507124835625,0.772252110065892,0
0.253056083639339,0.396158866406372,0.676357252523303,0.812464124290273,0.489609400508925,0.240716969361529,0.858581614447758,0.877999688265845,0.42244914197363,0.890554354758933,0
0.19361543818377,0.15981495869346,0.264658954227343,0.40443028206937,0.429707978852093,0.945795807754621,0.583878410980105,0.437534211203456,0.105919119436294,0.510952716693282,0
0.444822165590338,0.322826609930396,0.904254648368806,0.290032048942521,0.687260204227641,0.517706921556965,0.0667874205391854,0.76438789954409,0.756934501696378,0.917863708222285,0
0.869602776548243,0.862323780946713,0.617748198565096,0.960321533493698,0.449836622923613,0.500561245949939,0.156399201368913,0.486478185979649,0.333132145227864,0.0993012795224786,0
0.583189491389319,0.596953314665705,0.324172453023493,0.102197177242488,0.814445075346157,0.724995890632272,0.920208012452349,0.559706228785217,0.0806634232867509,0.090508796274662,0
0.919796646562149,0.115175060706353,0.803589397110045,0.793360749725252,0.142658827826381,0.281408739974722,0.984679230488837,0.745118309510872,0.277072201948613,0.817422950640321,0
0.262139749468584,0.237719288986083,0.262732242234051,0.488107842393219,0.157056917669252,0.62819060520269,0.639330751029775,0.0740045162383467,0.0382000938989222,0.621738131856546,0
0.59739628307824,0.524689955178508,0.323680581292138,0.179474686505273,0.574896757956594,0.70860864687711,0.621609030524269,0.0885565669741482,0.223028622334823,0.818793047918007,0
0.681640728743467,0.360516196057666,0.21689303452149,0.172182649374008,0.294873203383759,0.867037542862818,0.000865280861034989,0.832668575458229,0.933367179241031,0.463236970128492,0
0.869194672442973,0.919251454761252,0.528558894526213,0.741361582418904,0.705277726519853,0.956830193754286,0.981669107917696,0.709367079427466,0.168015896342695,0.163968229433522,0
0.831531737951189,0.173236596399546,0.424804874230176,0.763785215560347,0.952505008550361,0.710778238251805,0.462607751600444,0.646084771724418,0.325366324279457,0.614675715798512,0
0.802970941679878,0.181188862300012,0.511954706395045,0.289286353392527,0.161409367108718,0.924835408804938,0.508714555529878,0.594587138621137,0.431834891904145,0.239871728932485,0
0.936416715406859,0.94008554509799,0.62495616893284,0.0148508809506893,0.308105622651055,0.459347363561392,0.632385914446786,0.48370243026875,0.476414927048609,0.612425992963836,0
0.0849213371984661,0.952045956393704,0.654283386887982,0.333544754656032,0.023117748554796,0.584105934016407,0.821822111494839,0.177498268894851,0.767037148587406,0.151017943629995,0
