"1","2","3","4","5","6","7","8","9","10","class"
0.504671577829868,0.447073390474543,0.539530466543511,0.317970573203638,0.993793309433386,0.977649526670575,0.53564964630641,0.059808427002281,0.828672878211364,0.517422977369279,0
0.953232243657112,0.878795607946813,0.0281049013137817,0.805219566915184,0.554543237900361,0.210801101056859,0.0997939768712968,0.279806704027578,0.425824735080823,0.147536281496286,0
0.386078566079959,0.118568509584293,0.480379631975666,0.0856730390805751,0.627409393200651,0.0587816254701465,0.506284771254286,0.397913386113942,0.582881218753755,0.0941809474024922,0
0.689602141967043,0.0704456525854766,0.977352977730334,0.746351974550635,0.549364977283403,0.464754729066044,0.987134476890787,0.739160494180396,0.0908456316683441,0.913416464580223,0
0.998922517057508,0.563901805551723,0.00475057167932391,0.259212965145707,0.439189353957772,0.112744146026671,0.0856953982729465,0.552528641419485,0.755840055178851,0.248896326636896,0
0.595567383803427,0.034554576035589,0.0284541824366897,0.666075212648138,0.0424470931757241,0.863665742566809,0.743145356653258,0.477411168627441,0.734032623236999,0.773342756787315,0
0.453097502235323,0.0600101482123137,0.866959091741592,0.095557828200981,0.520036330912262,0.962249096017331,0.890518046217039,0.484682294307277,0.855134186334908,0.918708113022149,0
0.117432314204052,0.550574381370097,0.476575248874724,0.996995720081031,0.418146939715371,0.357095432700589,0.185008501634002,0.928847552742809,0.0761514902114868,0.535653996281326,0
0.824924176791683,0.281211244408041,0.748557388782501,0.251702043926343,0.449954593088478,0.168791023083031,0.920828766189516,0.268235753057525,0.140628311317414,0.0468504319433123,0
0.968494673026726,0.464520918438211,0.817174101015553,0.263676737900823,0.572723799617961,0.890628111548722,0.89714080397971,0.720256661763415,0.776409967103973,0.521178763359785,0
0.59145253431052,0.284376519499347,0.878859214484692,0.826932813739404,0.590857990784571,0.956227430375293,0.450371342943981,0.483372253365815,0.736963734496385,0.136287509929389,0
0.799789655953646,0.822633035480976,0.537643618416041,0.535749045899138,0.72507056244649,0.661369817098603,0.511152752675116,0.0253681428730488,0.143745083361864,0.997001567156985,0
0.457182221813127,0.926797158783302,0.558033873327076,0.815645956201479,0.395649402868003,0.0909319894853979,0.971104426309466,0.0390009984839708,0.237686086911708,0.703587671276182,0
0.175667152041569,0.0635950763244182,0.488244975917041,0.302157844882458,0.497952302219346,0.91095813899301,0.623321612598374,0.260772130917758,0.167242431314662,0.977936467388645,0
0.252672255970538,0.212319366633892,0.13418073579669,0.83752952166833,0.51011538784951,0.501112141413614,0.139069976983592,0.900928663788363,0.480736233759671,0.171700378879905,0
0.97491460153833,0.418388419551775,0.628404109738767,0.433677435852587,0.0835562811698765,0.237178391078487,0.979908046545461,0.0178446683567017,0.706791601842269,0.200394758023322,0
0.206695366185158,0.524155594408512,0.604030256625265,0.371396666159853,0.672077311435714,0.200446001021191,0.167166868690401,0.65217850683257,0.788753390079364,0.0429656335618347,0
0.868755536153913,0.931610083207488,0.259877915261313,0.630437021842226,0.661777078639716,0.559089017100632,0.891900663729757,0.448021780932322,0.503245815867558,0.991300853667781,0
0.829237510683015,0.747256348840892,0.363571522058919,0.553320769686252,0.158893163548782,0.61300656106323,0.659034917131066,0.739654680714011,0.318428465165198,0.343937115510926,0
0.212597027886659,0.402023599250242,0.836042300332338,0.417979958467185,0.502601414686069,0.748840677784756,0.170958117116243,0.469987899297848,0.0282968368846923,0.415044616442174,0
0.0107942009344697,0.442094444297254,0.123657939722762,0.0154202354606241,0.0616683859843761,0.894048182060942,0.310469006421044,0.365576558513567,0.0557683643419296,0.492216682061553,0
0.169328449526802,0.527323913294822,0.283655506093055,0.605771885951981,0.506642766296864,0.699913056567311,0.588429783238098,0.526986974757165,0.949582311790437,0.3138509306591,0
0.938405831810087,0.238823234802112,0.280416799709201,0.640878548845649,0.884049226529896,0.742649972671643,0.604894501622766,0.295468043303117,0.00949997408315539,0.0892192081082612,0
0.0472122959326953,0.909330348949879,0.349988064030185,0.172486434224993,0.559317507781088,0.520097538596019,0.108796563930809,0.179849301697686,0.379177290713415,0.430717925541103,0
0.831758325686678,0.592507547698915,0.0368671230971813,0.345536599867046,0.465064748888835,0.225891403853893,0.636195135768503,0.158901744754985,0.69983584061265,0.405951979570091,0
0.26282447273843,0.761330750072375,0.935339946765453,0.993901804089546,0.0627255528233945,0.978260203264654,0.760664728470147,0.0206525214016438,0.161292881239206,0.848730537807569,0
0.181501844432205,0.39927327237092,0.749487741384655,0.673248016508296,0.771359529811889,0.667378736892715,0.128445113776252,0.584031433798373,0.551036583492532,0.250329430215061,0
0.502558538224548,0.944681779947132,0.0350003589410335,0.548465517116711,0.0643961566966027,0.465126596856862,0.597785501973704,0.795256038662046,0.799454238964245,0.885126887355,0
0.530803300673142,0.349491572240368,0.14384544105269,0.381021595094353,0.84548963047564,0.112076011719182,0.40604569693096,0.599386074813083,0.150780233088881,0.716606274247169,0
0.0615975714754313,0.815609392942861,0.739217559341341,0.755119364243001,0.982109123608097,0.0596396576147527,0.886775776278228,0.465798523975536,0.974492503795773,0.773528561228886,0
0.0947108189575374,0.0964574690442532,0.0857146561611444,0.864200238138437,0.873595046112314,0.754025662783533,0.794190538581461,0.0832986391615123,0.414650840917602,0.844820474740118,0
0.20154344313778,0.174532211152837,0.507904550991952,0.632850936846808,0.0625202655792236,0.770165628986433,0.489651398500428,0.987313836580142,0.374811676563695,0.831884280778468,0
0.828009211691096,0.250494561158121,0.286216214299202,0.617241750936955,0.450099028646946,0.694030998274684,0.459972022799775,0.277435950236395,0.829889853717759,0.634746841620654,0
0.569620933616534,0.261985775083303,0.440466372296214,0.7968194775749,0.67884548031725,0.675897603388876,0.843255384126678,0.425336276181042,0.101671484299004,0.332387307891622,0
0.826748823979869,0.719367337645963,0.176009647781029,0.750397188588977,0.44057460478507,0.443396090297028,0.829515297664329,0.883939976105466,0.503137096762657,0.791086844168603,0
0.0380411504302174,0.103657643776387,0.557568100746721,0.561910616001114,0.0352472211234272,0.958572555566207,0.53300998127088,0.876282054698095,0.0113113529514521,0.804082043236122,0
0.808955423999578,0.652511564316228,0.253263758262619,0.00462910020723939,0.572577900486067,0.557305382099003,0.167484454810619,0.183856774587184,0.475894358940423,0.931287192506716,0
0.114718494936824,0.164060881827027,0.0396357390563935,0.859089013654739,0.404944698791951,0.112630313262343,0.27328207413666,0.0853579873219132,0.719094772590324,0.350196799030527,0
0.530126353958622,0.101991916773841,0.493058566004038,0.482903271913528,0.279249774757773,0.420138712273911,0.563222129596397,0.410640032729134,0.476917717140168,0.740950057050213,0
0.86042750813067,0.742336380295455,0.86816770513542,0.883816629182547,0.240517590194941,0.653736235341057,0.46927383239381,0.419019597582519,0.240336040733382,0.729919108329341,0
0.311140128178522,0.0318782443646342,0.239498327020556,0.178516891784966,0.161978803109378,0.806929073296487,0.340090360492468,0.776866571279243,0.641014687949792,0.316056080628186,0
0.0150932851247489,0.345728950574994,0.981447150697932,0.296603737398982,0.974311857949942,0.296711035305634,0.324307748815045,0.957363393390551,0.0134403388947248,0.903386370278895,0
0.259060100419447,0.164026361424476,0.954346110578626,0.644374894909561,0.779283762443811,0.673791193403304,0.257432180456817,0.480265255551785,0.162378978682682,0.846643552416936,0
0.0250282485503703,0.482091235928237,0.404921087436378,0.542362889507785,0.135063408408314,0.299029757501557,0.670654703630134,0.0978178572840989,0.155359886819497,0.515538307838142,0
0.112520326860249,0.582163168583065,0.223825548309833,0.944309475598857,0.176195880165324,0.719072015257552,0.561178519390523,0.716414447641,0.199379835510626,0.144148959545419,0
0.624245471553877,0.656255450565368,0.772023368626833,0.403029533103108,0.260218978393823,0.87552539492026,0.263422196963802,0.44961482193321,0.495912455487996,0.410806193714961,0
0.883549842750654,0.619949903571978,0.231234007049352,0.0432753150817007,0.396182576194406,0.301539412466809,0.712708726758137,0.613565368810669,0.348694104934111,0.726820310112089,0
0.050417342223227,0.542115698335692,0.56967970286496,0.864769516512752,0.113904594443738,0.568628214532509,0.285737085854635,0.445937314769253,0.723678969312459,0.963049489306286,0
0.89930422254838,0.487783642485738,0.42108763079159,0.499028962571174,0.74988146009855,0.337669908534735,0.29446689481847,0.00184882036410272,0.617643158417195,0.368965323548764,0
0.747279124101624,0.178509727586061,0.691406383179128,0.527831932529807,0.378574051661417,0.12348019098863,0.424300062935799,0.22111228434369,0.767738859634846,0.547855395125225,0
0.458981927251443,0.91208919021301,0.037624194053933,0.150101865874603,0.079379417700693,0.0895503615029156,0.125731181353331,0.379369277507067,0.168751199264079,0.64052911917679,0
0.808007017476484,0.895479826955125,0.61884078825824,0.810876463074237,0.758417564909905,0.842249748762697,0.159412934910506,0.951795889763162,0.278028263477609,0.920382536947727,0
0.266661920351908,0.282405972015113,0.570997185306624,0.827539353165776,0.603213664377108,0.0867809320334345,0.257303139893338,0.473506371956319,0.616068852832541,0.013742181006819,0
0.0383138104807585,0.960656719049439,0.108048451133072,0.488186003407463,0.715765869710594,0.195809739409015,0.160444953944534,0.718525249976665,0.0747641930356622,0.00116974138654768,0
0.640293213771656,0.250846888870001,0.801537356339395,0.985500427195802,0.543770286720246,0.582953291712329,0.942543540848419,0.0305111545603722,0.139286366757005,0.71823426685296,0
0.741357516031712,0.967341356445104,0.168313282076269,0.260293224593624,0.144413138972595,0.00393602671101689,0.941894560121,0.455425188411027,0.486449127783999,0.0603227978572249,0
0.192766063380986,0.25295559107326,0.926180928014219,0.863871712936088,0.686497238930315,0.559058021521196,0.0668023792095482,0.987064335495234,0.375259801978245,0.374341257149354,0
0.238086114171892,0.142829027958214,0.86209083488211,0.838393064681441,0.689133206149563,0.0413126631174237,0.370227591367438,0.328061582520604,0.117589861387387,0.996218074345961,0
0.905327528482303,0.94492060621269,0.216066603548825,0.408708450617269,0.253069834550843,0.716721944743767,0.0797642967663705,0.933973998064175,0.00425410224124789,0.786040168255568,0
0.623697668081149,0.309614345896989,0.916190674062818,0.0951253897510469,0.728972136741504,0.991216642782092,0.609674924984574,0.985863284906372,0.775168563472107,0.577503972919658,0
0.0974954070989043,0.749504731036723,0.276321024866775,0.383951021358371,0.555904841516167,0.245222518453375,0.592075729975477,0.977861909661442,0.0272414630744606,0.600605381652713,0
0.0954258453566581,0.21282443148084,0.186975724995136,0.5410258078482,0.128876061178744,0.171277574962005,0.0103251680266112,0.745483000762761,0.612640789942816,0.252113381400704,0
0.900262248702347,0.304136465769261,0.951231793500483,0.784724989207461,0.914682789472863,0.286431836662814,0.57790479506366,0.059106902917847,0.895280335564166,0.581719804322347,0
0.391543299891055,0.311455981340259,0.257020608056337,0.685695303138345,0.331249091541395,0.219238001620397,0.19753950741142,0.489861324429512,0.302902994910255,0.87548249703832,0
0.736152763245627,0.774368229554966,0.529825422214344,0.0491750030778348,0.535878479946405,0.175246857106686,0.235598338302225,0.0990602613892406,0.991288726916537,0.437526928726584,0
0.485738871153444,0.620351541554555,0.818897714139894,0.775587785057724,0.419105499750003,0.881219163304195,0.362965932581574,0.50885595055297,0.1276574654039,0.662215484771878,0
0.154835554538295,0.91239683306776,0.467184858862311,0.370804567122832,0.431009185733274,0.671960089588538,0.459916080115363,0.66490685637109,0.653207339113578,0.775955053977668,0
0.811515348730609,0.684174140915275,0.517718444112688,0.547805295558646,0.83244077116251,0.939574547111988,0.258795311907306,0.308173927012831,0.486826949287206,0.211783641716465,0
0.280260655097663,0.137940861983225,0.817049734760076,0.814703987212852,0.579855551943183,0.607263491721824,0.901528619229794,0.741561755305156,0.946874585235491,0.151096102781594,0
0.165727665182203,0.89562692027539,0.236568028107285,0.108428731793538,0.406940819695592,0.647961766226217,0.887896664440632,0.903372043045238,0.795869305962697,0.678164649987593,0
0.768351805862039,0.0833831613417715,0.539350972278044,0.61058562900871,0.604787335498258,0.182521278038621,0.29194997320883,0.102651428896934,0.245180061785504,0.29837685637176,0
0.617305786116049,0.716843121219426,0.0225858869962394,0.709473646711558,0.790978684555739,0.343187347752973,0.26516680046916,0.694376782746986,0.500646946718916,0.250100705306977,0
0.00952162151224911,0.217630652943626,0.115175504703075,0.0174121817108244,0.134268122259527,0.579074227483943,0.837363601196557,0.770027682418004,0.516657894011587,0.911603883374482,0
0.484036365523934,0.0707516828551888,0.687194193014875,0.0882169681135565,0.674752217251807,0.309197629801929,0.148474889574572,0.194640966597944,0.0729231156874448,0.43873546179384,0
0.946588785387576,0.714996066875756,0.185052810702473,0.514740118058398,0.560257502831519,0.896897950908169,0.11509830923751,0.191227888688445,0.464411565335467,0.121386875398457,0
0.915489955572411,0.210954612120986,0.494966013589874,0.116910213604569,0.758708716835827,0.729435748420656,0.500891696661711,0.11617796192877,0.184016758343205,0.799869237234816,0
0.557986525818706,0.958532103570178,0.830004793358967,0.84783862484619,0.549541620304808,0.18100023502484,0.899178045568988,0.623732909793034,0.658447386696935,0.112430266337469,0
0.729768119286746,0.129896963248029,0.739638867089525,0.173713209340349,0.945210331119597,0.970738027244806,0.380461000604555,0.56327406084165,0.149739057989791,0.16074838815257,0
0.0141471230890602,0.98731229128316,0.831059715012088,0.122463112697005,0.727954068221152,0.638797404943034,0.459856587927788,0.88522364362143,0.438002580776811,0.698755178134888,0
0.0976585492026061,0.174818883417174,0.913388257846236,0.316915429430082,0.0504112406633794,0.523790310136974,0.532070964109153,0.16795468213968,0.0887870064470917,0.909785597352311,0
0.730304394150153,0.87140116142109,0.943970531923696,0.303467257646844,0.754805447300896,0.899290416855365,0.750327135203406,0.611265673069283,0.536686395993456,0.29565518675372,0
0.534415418514982,0.225187105825171,0.884467603173107,0.462086078245193,0.603100861189887,0.938721166690812,0.825063473545015,0.267464392120019,0.375078278128058,0.780013011302799,0
0.411463111406192,0.630820884136483,0.224809703417122,0.32380899018608,0.951450683176517,0.0536253342870623,0.0580764613114297,0.167072033276781,0.200980797642842,0.628563639940694,0
0.134320345008746,0.485448385355994,0.11306861974299,0.942989260656759,0.762523378478363,0.36600897856988,0.686078481609002,0.684159483993426,0.412587668048218,0.772825194057077,0
0.572210035054013,0.658685742178932,0.296747204381973,0.543539844220504,0.418313113506883,0.66532144532539,0.738403673982248,0.483412634581327,0.139194263610989,0.591621993342414,0
0.736309641972184,0.187520025763661,0.125546094495803,0.66030754847452,0.274416256928816,0.250242578564212,0.122591373510659,0.103041552938521,0.497535408474505,0.425071314908564,0
0.89426141534932,0.071016397792846,0.0999937169253826,0.271208887221292,0.138639240758494,0.873528168303892,0.614153736270964,0.833598468685523,0.363187415059656,0.294369129929692,0
0.422220597043633,0.995438728714362,0.838874613167718,0.0702550441492349,0.237295835046098,0.765755082014948,0.609695352846757,0.644364867126569,0.0767246519681066,0.477420322131366,0
0.405724231153727,0.0518060375470668,0.694730595452711,0.236843249760568,0.575115536572412,0.959961764980108,0.717867334140465,0.312401669565588,0.252151667838916,0.445681216660887,0
0.976719935191795,0.266754924552515,0.0860503998119384,0.578576103784144,0.520145054208115,0.0423533900175244,0.500325120287016,0.71898806001991,0.245752077782527,0.844759450992569,0
0.916657028952613,0.817630670499057,0.201765972655267,0.639053198043257,0.377790180034935,0.606878743274137,0.696967247175053,0.0608669419307262,0.345877315849066,0.995315537322313,0
0.664406767114997,0.883254875661805,0.081128756981343,0.388043738435954,0.484343640273437,0.295922378543764,0.984666655771434,0.945193358696997,0.613959178794175,0.00359203247353435,0
0.327175415819511,0.959015656495467,0.62430090806447,0.0500205401331186,0.714833255857229,0.551919617690146,0.681110459845513,0.870135752949864,0.459545935504138,0.428878233768046,0
0.248749466147274,0.407778588589281,0.624695239355788,0.350336137460545,0.197970200330019,0.339718859642744,0.124452321091667,0.515982510289177,0.921831212705001,0.739392289426178,0
0.619895502226427,0.293062918819487,0.135522942058742,0.110893569188192,0.85281439172104,0.0451136729680002,0.694764654850587,0.019898975500837,0.162493091542274,0.0635319242719561,0
0.238014939706773,0.657400899101049,0.73908496228978,0.0686144516803324,0.90284249605611,0.120010021142662,0.17317465133965,0.870916574960575,0.165534388273954,0.673627935582772,0
0.175670095952228,0.453402855200693,0.834396003745496,0.0291910106316209,0.615365431411192,0.308324284153059,0.0750625326763839,0.160924830008298,0.600118434522301,0.923688775626943,0
0.641041749622673,0.831303461221978,0.546484963502735,0.227714378153905,0.567201116820797,0.180485722841695,0.685277870390564,0.0240119143854827,0.363619763404131,0.0212375544942915,0
0.86147556360811,0.0340815600939095,0.989503149641678,0.604969625128433,0.292688700370491,0.594685783376917,0.995513059198856,0.871607814682648,0.0687087583355606,0.0589174786582589,0
0.151581899262965,0.323258691700175,0.435488878749311,0.98793087224476,0.327151821926236,0.930808759760112,0.348494553472847,0.250054896110669,0.684132555266842,0.528450476704165,0
