"1","2","3","4","5","6","7","8","9","10","class"
0.659618018893525,0.0520684274379164,0.543187965871766,0.250670325243846,0.510421538725495,0.0572747508995235,0.788327138870955,0.989196273498237,0.734355896478519,0.408759543905035,0
0.0894017096143216,0.10460601747036,0.113976276712492,0.193041988182813,0.290048422059044,0.66204246529378,0.718403946142644,0.0434672620613128,0.857448606519029,0.148415859555826,0
0.577777127036825,0.415981816127896,0.221950042294338,0.565160134807229,0.848054301692173,0.468783098738641,0.162699462845922,0.131478804629296,0.848735294071957,0.393698607105762,0
0.190367658389732,0.159316413337365,0.911550011252984,0.25802461267449,0.275708297733217,0.476055621169508,0.972307729534805,0.979319627396762,0.510755455121398,0.158876402303576,0
0.657072256552055,0.244880409212783,0.582163976738229,0.0555974380113184,0.830737784970552,0.872859594179317,0.744641660014167,0.108445188030601,0.445275635225698,0.510896376334131,0
0.56478258757852,0.69862942234613,0.0106853765901178,0.762726049870253,0.699867530260235,0.208182330243289,0.750919970916584,0.829703385243192,0.0552689379546791,0.918669186998159,0
0.375945803010836,0.620575060602278,0.513422060990706,0.386206339346245,0.477596676908433,0.0448784339241683,0.602935014525428,0.613605323247612,0.90367817087099,0.821124715963379,0
0.744293150026351,0.648289075819775,0.404856226872653,0.898601640248671,0.668931359425187,0.544672986725345,0.931283548008651,0.101175824878737,0.131692279828712,0.15011334232986,0
0.0912947524338961,0.78951976634562,0.4514140044339,0.757773084565997,0.971635610098019,0.968448397237808,0.35662979609333,0.877965483348817,0.499948814045638,0.377414975548163,0
0.138529048766941,0.387891103746369,0.689004461513832,0.393464507302269,0.0648605572059751,0.791175153804943,0.581794162979349,0.109206737019122,0.630218697944656,0.451872820965946,0
0.265733282314613,0.984943478135392,0.701505550881848,0.498185344971716,0.467205378692597,0.518131230957806,0.613378508482128,0.6578102579806,0.21494288998656,0.439819688908756,0
0.0549391792155802,0.521598208462819,0.126333774067461,0.208519146544859,0.789272347232327,0.90419517736882,0.489515723194927,0.403056183597073,0.668430322315544,0.220284583745524,0
0.0251332405023277,0.725697670131922,0.67401554249227,0.0990451420657337,0.751908474601805,0.175677670165896,0.934033575234935,0.83172521321103,0.430107577471063,0.860960150836036,0
0.470785951474681,0.470445578219369,0.746752695180476,0.343712464207783,0.524072296218947,0.540031870827079,0.864593477454036,0.893153794808313,0.419377691112459,0.0142239599954337,0
0.875505167758092,0.545174723723903,0.66145271062851,0.403869845438749,0.114146210020408,0.624112137593329,0.288312335498631,0.919699450721964,0.243868421996012,0.421273603569716,0
0.410327500430867,0.108308980008587,0.4165846449323,0.105006317142397,0.211550953099504,0.83757981704548,0.791156489169225,0.920056620147079,0.980550794396549,0.876324777491391,0
0.130073046311736,0.856417863862589,0.0153254810720682,0.52425234974362,0.239535079337656,0.256526326527819,0.634778200881556,0.972577524604276,0.901397670153528,0.136201269458979,0
0.479552818695083,0.692542954348028,0.158331618178636,0.467875765170902,0.835676500340924,0.38076734286733,0.874555607559159,0.573319080751389,0.154971909709275,0.872756198747084,0
0.119970878353342,0.332386356778443,0.81981955980882,0.230205643922091,0.739685733802617,0.285739523358643,0.559914938174188,0.313759655458853,0.365500712068751,0.924281096784398,0
0.992315773153678,0.215807956410572,0.341701111523435,0.820316838799044,0.190027992939577,0.295824709581211,0.291897194227204,0.789801530539989,0.679451572941616,0.0103125292807817,0
0.883173294132575,0.19070402905345,0.738541347207502,0.689925243612379,0.9675302952528,0.315616660285741,0.912433485500515,0.697196173481643,0.162566301878542,0.460439058486372,0
0.682213420281187,0.949225885095075,0.721982870483771,0.285901778144762,0.341136943781748,0.0126732599455863,0.575683111324906,0.558098856592551,0.330100712599233,0.0875630595255643,0
0.729649486485869,0.304758615093306,0.00800511403940618,0.722783879376948,0.925560685573146,0.682304079178721,0.646065390668809,0.421607112511992,0.289630935061723,0.361599448369816,0
0.29821031796746,0.507455189945176,0.803240396548063,0.557262967107818,0.00339655112475157,0.679830581881106,0.629931948147714,0.0330523860175163,0.615751144476235,0.0972618914674968,0
0.690045488532633,0.85721807135269,0.45315662282519,0.888661947567016,0.159052788512781,0.345332364784554,0.808070163009688,0.842435101279989,0.109341316157952,0.0833436877001077,0
0.802051542326808,0.525342812994495,0.642382417339832,0.353034521918744,0.495768300723284,0.648276652209461,0.0915836459025741,0.080550147453323,0.597670231712982,0.633892361307517,0
0.731213071383536,0.539383727591485,0.609487483743578,0.462671130895615,0.0118476124480367,0.0626955591142178,0.00631585111841559,0.786958745215088,0.512954025296494,0.444805667269975,0
0.144089729525149,0.310465181712061,0.684915557736531,0.844453033991158,0.760411980794743,0.877224549185485,0.347550787264481,0.695269344374537,0.815066373208538,0.0711951656267047,0
0.835061090765521,0.386926460778341,0.390240236185491,0.339755690423772,0.805457820417359,0.22666703700088,0.41701797186397,0.870144104585052,0.137860082322732,0.288866696413606,0
0.848562324419618,0.737747484818101,0.638151293387637,0.255931011401117,0.656393963377923,0.890810553682968,0.165027260780334,0.790947714354843,0.336835818830878,0.147035504458472,0
0.679332097060978,0.68301900033839,0.712582239648327,0.91995879332535,0.727371269371361,0.450065175071359,0.997817127034068,0.533303342293948,0.867353620007634,0.562668012687936,0
0.48714461340569,0.938579889014363,0.684534792555496,0.232527401763946,0.839350276859477,0.499304963508621,0.625494233332574,0.348774896934628,0.170536483637989,0.391672227764502,0
0.220634335651994,0.764711363939568,0.722292492166162,0.106387353502214,0.264900773297995,0.322521795751527,0.302900237264112,0.990282522514462,0.127996685681865,0.852145600365475,0
0.637107352958992,0.520680491114035,0.512904593488201,0.88648971170187,0.607574290828779,0.915260689798743,0.216129639418796,0.76008884026669,0.880829022964463,0.400960182305425,0
0.0378948231227696,0.673743903636932,0.0352483720052987,0.0592994815669954,0.292554029496387,0.41831195470877,0.455439945217222,0.972731644986197,0.436129501089454,0.200361630180851,0
0.395710732787848,0.400400274200365,0.129403944825754,0.756021958775818,0.898261819500476,0.127584734465927,0.405450598569587,0.96227030060254,0.395541355013847,0.222951914416626,0
0.175428924849257,0.442441643914208,0.919829975813627,0.583094723057002,0.201837168773636,0.743816616944969,0.0766220970544964,0.592841903911904,0.293117410270497,0.246410503052175,0
0.319009717321023,0.750955977942795,0.364731688983738,0.257995092775673,0.972619216656312,0.0539904080796987,0.82551155006513,0.509898505406454,0.687081919051707,0.751128704287112,0
0.706713256658986,0.436212208122015,0.870588908903301,0.694397333078086,0.888819996034727,0.945339190308005,0.419570437632501,0.863632226362824,0.394010827643797,0.631981771206483,0
0.00802795356139541,0.420287237036973,0.797586775152013,0.966814114945009,0.0521789761260152,0.0706659448333085,0.0513582373969257,0.0560966264456511,0.991071976488456,0.0762215852737427,0
0.632848056498915,0.473484858637676,0.997261890210211,0.539696528343484,0.808136611711234,0.0462597173172981,0.468930398114026,0.821465971414,0.719012732384726,0.061263089068234,0
0.733261314220726,0.953664610628039,0.627855219645426,0.718765753787011,0.557518350891769,0.760235757566988,0.858324969187379,0.291326754027978,0.932292099343613,0.461582132149488,0
0.476842963602394,0.534108540043235,0.830871214857325,0.274027292849496,0.123642093036324,0.524291591485962,0.811490982305259,0.774090806487948,0.0656260820105672,0.193790598539636,0
0.735293155070394,0.285899835173041,0.508286128053442,0.7232095526997,0.766680216416717,0.306978120468557,0.706843705847859,0.490841831080616,0.444838665425777,0.897459844127297,0
0.0127353940624744,0.196059891255572,0.314856835408136,0.914224654436111,0.592354430118576,0.255362508818507,0.40146246785298,0.988387408433482,0.713713404722512,0.375166906043887,0
0.214477502275258,0.594524569343776,0.22800010535866,0.518726055277511,0.431923611555248,0.213995214318857,0.732073269085959,0.117148232646286,0.504891033284366,0.569471983006224,0
0.98932023672387,0.984268301865086,0.523524706717581,0.555919352686033,0.368829879444093,0.0487489772494882,0.589650295907632,0.273362320614979,0.0428230375982821,0.171689779032022,0
0.411316202254966,0.0855054706335068,0.0578377146739513,0.942167372675613,0.76235609780997,0.373202221700922,0.235550650628284,0.945859975414351,0.840562916360795,0.789383456343785,0
0.279567042831331,0.052312001818791,0.17966376314871,0.513318513520062,0.282952812500298,0.291565212421119,0.0771528300829232,0.00655173603445292,0.611449615331367,0.159210616024211,0
0.794771524844691,0.91271577286534,0.28226433089003,0.714988487539813,0.448662287788466,0.295783252455294,0.715779482852668,0.934284854447469,0.135145122651011,0.577213330892846,0
0.456549225840718,0.503854961134493,0.506025618873537,0.243135467171669,0.438451264053583,0.318693064153194,0.595059950603172,0.116805784869939,0.149456040700898,0.657971886917949,0
0.559527301229537,0.513508765259758,0.874813949456438,0.916244191117585,0.522466317750514,0.567912386963144,0.655988128855824,0.51151031604968,0.839026658097282,0.990626495564356,0
0.304323515389115,0.539105798117816,0.937475121347234,0.349021168425679,0.483667641179636,0.794587443815544,0.914302768185735,0.129947145236656,0.135935433674604,0.490091813495383,0
0.0610781102441251,0.221144718816504,0.604792627040297,0.297978716669604,0.619302473496646,0.222786880098283,0.0594068788923323,0.0553304296918213,0.64132808544673,0.110370434587821,0
0.253345540957525,0.160495222080499,0.284691429231316,0.0273668528534472,0.0287355065811425,0.575047392398119,0.308850422734395,0.860071172937751,0.410770787158981,0.695318151498213,0
0.408924529561773,0.354918832657859,0.65016233199276,0.607955661835149,0.029055708553642,0.428891063202173,0.317864055046812,0.692694875877351,0.68857662146911,0.452139071887359,0
0.483194440603256,0.639897429384291,0.770445649046451,0.0792417705524713,0.723948348779231,0.722903846995905,0.499039289308712,0.0933328485116363,0.840953014325351,0.446299592033029,0
0.565699324011803,0.787238416494802,0.0267000030726194,0.889199532801285,0.105834638699889,0.285069630946964,0.754465890815482,0.44884425890632,0.53310391982086,0.759878041688353,0
0.550033756531775,0.0268232945818454,0.72732547391206,0.222395078744739,0.726759535027668,0.00574369286186993,0.943240240216255,0.533061104826629,0.388686497462913,0.946102056652308,0
0.601852949243039,0.0864946383517236,0.837707896484062,0.142974459100515,0.24884939705953,0.358246280113235,0.804612450301647,0.844208365073428,0.00931191258132458,0.315644450252876,0
0.808077476220205,0.808591148350388,0.0176162777934223,0.887147609144449,0.396356008015573,0.221077777678147,0.620302431518212,0.215928175020963,0.197519838344306,0.89027379383333,0
0.673756170086563,0.446126502472907,0.0238426739815623,0.329579670680687,0.500988465035334,0.689498108346015,0.932269108016044,0.942247717874125,0.296953928889707,0.242492552381009,0
0.887147991685197,0.350744628813118,0.73423499870114,0.94279240234755,0.8004341495689,0.220481554977596,0.185434275073931,0.432086545042694,0.436798510374501,0.544700475875288,0
0.497900280402973,0.9629695804324,0.238281442085281,0.170509071554989,0.971257644006982,0.0423686024732888,0.38899473240599,0.241457039024681,0.122678141109645,0.699203822994605,0
0.873569268733263,0.914632999803871,0.048340065870434,0.656674200901762,0.190546132158488,0.8312415946275,0.576377766672522,0.681971338577569,0.0916020006407052,0.239372108830139,0
0.581479234620929,0.474545411998406,0.056442768778652,0.370523605495691,0.394910055911168,0.939222890418023,0.308146413648501,0.459114727796987,0.500086129177362,0.945779849309474,0
0.548038056818768,0.785634270403534,0.912665961543098,0.157423704396933,0.505374386906624,0.805371677037328,0.63538485718891,0.871259516570717,0.710661011748016,0.870668401010334,0
0.134204015135765,0.729781021131203,0.574117639567703,0.0465188566595316,0.596660549519584,0.910152636002749,0.811467121355236,0.821340276394039,0.615148459328339,0.336459270212799,0
0.841139855794609,0.982729852665216,0.854906750377268,0.826864501927048,0.77750307158567,0.408335108775645,0.602717748377472,0.026836674194783,0.140444522025064,0.250981654971838,0
0.561523798620328,0.838345542317256,0.359262148849666,0.45123050105758,0.216747554019094,0.0250457166694105,0.0433442781213671,0.0704486535396427,0.334172612521797,0.460496264509857,0
0.256034555612132,0.141202833503485,0.219745100243017,0.879876596387476,0.616632758872584,0.935314572183415,0.213143066270277,0.11391923436895,0.127112984191626,0.431168601382524,0
0.667675028089434,0.70147583889775,0.992373137967661,0.762124627828598,0.962646815925837,0.940009064506739,0.351641952991486,0.00562984356656671,0.251443921821192,0.169711120193824,0
0.55440242914483,0.320126317674294,0.693725587334484,0.900477127637714,0.726412387797609,0.259854928823188,0.451107946923003,0.917982965474948,0.433934161672369,0.71240407647565,0
0.0242458812426776,0.874064498348162,0.0845291037112474,0.239176956703886,0.395808417582884,0.601276122964919,0.33029772574082,0.691571353701875,0.990720885340124,0.625575649319217,0
0.758379481965676,0.536269128089771,0.348614474525675,0.442570107523352,0.557189116952941,0.0325906821526587,0.11139601515606,0.816976226167753,0.62983725219965,0.87284993333742,0
0.881371672265232,0.0483910327311605,0.204014392802492,0.0116961973253638,0.582718731602654,0.313472870737314,0.0361443860456347,0.536845942726359,0.298071542754769,0.914663083385676,0
0.369061515200883,0.938823121599853,0.404978511855006,0.132499014725909,0.0972806287463754,0.149246093817055,0.0399607245344669,0.647810756927356,0.412084399489686,0.663695933297276,0
0.856793061597273,0.580385858891532,0.337278136285022,0.127303661080077,0.38416975014843,0.439957726513967,0.490282502258196,0.20420607062988,0.347014318453148,0.255878024268895,0
0.530308665242046,0.512014756444842,0.186849507503211,0.705259306589141,0.818860091967508,0.0367659621406347,0.561350311851129,0.436150717781857,0.45521420519799,0.751413592370227,0
0.219756738049909,0.833868098445237,0.421219488605857,0.256460228702053,0.314951448235661,0.366135439602658,0.0615732581354678,0.039247814565897,0.00547753903083503,0.633332333061844,0
0.389269724255428,0.604199728230014,0.465944015886635,0.295189166208729,0.577407442033291,0.498185975477099,0.548912507947534,0.0360269900411367,0.911960730329156,0.152852808125317,0
0.191420150455087,0.087215791689232,0.866034390637651,0.656254296889529,0.0349354506470263,0.528306692373008,0.537012973567471,0.880969196790829,0.744334722170606,0.98524468857795,0
0.152543781325221,0.874498865799978,0.931023229146376,0.301370537374169,0.853512811707333,0.534285510191694,0.994272231822833,0.63114519813098,0.778110342100263,0.782842667540535,0
0.195183993084356,0.879773828666657,0.100711631355807,0.299786946969107,0.467900841264054,0.550653650425375,0.623842057771981,0.229743872769177,0.923584507312626,0.684938653837889,0
0.597192208981141,0.467419484630227,0.830032150726765,0.798345825634897,0.809239548631012,0.0770244640298188,0.604716113302857,0.881685317261145,0.461175275733694,0.698517116019502,0
0.105353658786044,0.53570730984211,0.883236639667302,0.388888873392716,0.0666517000645399,0.341685606632382,0.975231257500127,0.972031468525529,0.157427452271804,0.518546169856563,0
0.367602133424953,0.494074743241072,0.884155119769275,0.648945034481585,0.945779319154099,0.918265997665003,0.521089831367135,0.136630067368969,0.185606827260926,0.719389298465103,0
0.418837221572176,0.969824802363291,0.478345275623724,0.800782439764589,0.413466573692858,0.893492056056857,0.482661460293457,0.263922754907981,0.31678175739944,0.515101374126971,0
0.953081853454933,0.344993352191523,0.653537692502141,0.108753338688985,0.982295700814575,0.0773328032810241,0.127388251246884,0.693683785852045,0.298050177982077,0.715953529346734,0
0.693375633796677,0.668190659256652,0.866231932770461,0.410058199660853,0.688029321376234,0.977753111859784,0.141085555078462,0.689010594971478,0.348779451334849,0.505722732050344,0
0.542612068820745,0.400612830650061,0.0313535165041685,0.402903459500521,0.382396032335237,0.402957522543147,0.993464491562918,0.682678164215758,0.857087676879019,0.0560183261986822,0
0.0445931679569185,0.745801288634539,0.484692273894325,0.015860578045249,0.976062491768971,0.0890980628319085,0.86156367440708,0.894011463504285,0.654781369259581,0.836153050418943,0
0.805056329583749,0.577800381695852,0.952927768463269,0.0451638035010546,0.584288484416902,0.561325744260103,0.136023074621335,0.358578826766461,0.940074289217591,0.431361769093201,0
0.238621803466231,0.802874529035762,0.705525622935966,0.0985076292417943,0.846142201451585,0.209443992935121,0.736180472653359,0.497763597173616,0.862332782009616,0.0204355926252902,0
0.153438423527405,0.253043144475669,0.211120112799108,0.198576647555456,0.0852159911300987,0.339618151541799,0.996822247281671,0.690439643571153,0.0140043497085571,0.765960396965966,0
0.285127910785377,0.143710396019742,0.883299067849293,0.346635040594265,0.161824585171416,0.529995202319697,0.469073854619637,0.614146818872541,0.177303695818409,0.523798934416845,0
0.877530982717872,0.393758726073429,0.984141065739095,0.448190786177292,0.103348009753972,0.518181376624852,0.0352773212362081,0.942785378545523,0.531070379773155,0.513722628587857,0
0.541202034568414,0.673635068815202,0.0590920862741768,0.552407572045922,0.379380848724395,0.52313289209269,0.749952606623992,0.327103619696572,0.0706297205761075,0.623248649295419,0
0.185892443871126,0.697839939035475,0.336736486759037,0.323152615921572,0.371614437317476,0.377864383626729,0.621047694003209,0.603539907140657,0.657156308414415,0.393201425438747,0
0.26217779610306,0.843540593748912,0.930528640979901,0.546683105640113,0.590845305006951,0.0374220481608063,0.339669851353392,0.818877219920978,0.825479028513655,0.988526693545282,0
