"1","2","3","4","5","6","7","8","9","10","class"
0.569683414539322,0.492232133545913,0.93177254521288,0.357387427007779,0.395879022777081,0.562798989005387,0.670339327072725,0.693938211770728,0.891729074995965,0.284609502879903,0
0.824272200930864,0.140973483677953,0.423208002699539,0.668138813925907,0.345639595063403,0.117030447348952,0.857775548473001,0.250643144594505,0.998382466612384,0.0247716340236366,0
0.819777753436938,0.147357483161613,0.487878490472212,0.430925537133589,0.943538245977834,0.10728771192953,0.818067948101088,0.33156509581022,0.934586482355371,0.186404461972415,0
0.813653886808921,0.885923205747828,0.831115111708641,0.541815016418695,0.0416258072946221,0.0760729932226241,0.762203032383695,0.509104519151151,0.383178363088518,0.627985479542986,0
0.252745588533394,0.740945553595014,0.485803164541721,0.176762779476121,0.757611670996994,0.122179487487301,0.669269296107814,0.677926445379853,0.0975427294615656,0.523843868868425,0
0.00448436127044261,0.508891495410353,0.0945159764960408,0.933912039501593,0.658553779823706,0.207510366803035,0.21061074687168,0.0461541237309575,0.177335145650432,0.138883055653423,1
0.83186999403052,0.881781655088067,0.763432496227324,0.842429156880826,0.918017582735047,0.653382476652041,0.502642033388838,0.84619926661253,0.555794558953494,0.307920532068238,0
0.0776775255799294,0.0864297950174659,0.12669194326736,0.430463467026129,0.337973748566583,0.336756345583126,0.121834118850529,0.930730236927047,0.571129311807454,0.0278892992064357,0
0.478468100858666,0.408405589968525,0.0113936674315482,0.0252543340902776,0.132865055929869,0.725004208041355,0.778590771136805,0.787937430199236,0.0640513682737947,0.860137851443142,0
0.236598245799541,0.758186184568331,0.592592585831881,0.529394731391221,0.030697163194418,0.864620647858828,0.554007953265682,0.518180693266913,0.73181347316131,0.53544011968188,0
0.15007497680746,0.844757067443803,0.190227581653744,0.245998054742813,0.765018980018795,0.875622968422249,0.523623313987628,0.0338742113672197,0.509806439513341,0.346826617373154,0
0.624631733255461,0.309507026541792,0.251305613666773,0.112650982337072,0.753744437592104,0.567609115270898,0.673436895944178,0.763978936010972,0.270622545387596,0.00605887151323259,0
0.897340888825432,0.9804537414575,0.579988088691607,0.939049595035613,0.640483506489545,0.14868670864962,0.586578306509182,0.250032190000638,0.914169354829937,0.532961746677756,0
0.825111181953456,0.225329338846356,0.023879928747192,0.929275583475828,0.890455447835848,0.912299940595403,0.959824325051159,0.291260632453486,0.723236640682444,0.831649222178385,0
0.687823551008478,0.6198160701897,0.311552694067359,0.0309995769057423,0.699298265855759,0.887168489629403,0.841182484291494,0.162540536373854,0.0741249707061797,0.0735071217641234,0
0.242027780755889,0.721423961297609,0.926531770499423,0.877550938399509,0.915832672500983,0.815541289746761,0.922375995665789,0.826564120594412,0.0320295875426382,0.712209990946576,0
0.619638173067011,0.429216345988587,0.647165394853801,0.992913989117369,0.38370188488625,0.302558239316568,0.56819896842353,0.0607889308594167,0.78376603522338,0.578844761941582,0
0.723838911624625,0.714446190744638,0.934919226448983,0.631583023583516,0.44998658914119,0.812699426198378,0.515387907624245,0.591951597249135,0.295544489519671,0.983430381864309,0
0.952532317506522,0.0773691125415265,0.0431238273158669,0.133996717398986,0.925179404672235,0.834108497947454,0.517817629734054,0.786578296916559,0.356160816736519,0.763556267833337,0
0.154598291497678,0.0674911397509277,0.44346509850584,0.222331530414522,0.328853243496269,0.770963150309399,0.518523136619478,0.209847769234329,0.798521761083975,0.396148402942345,0
0.469451886136085,0.386525119422004,0.402322138426825,0.458655864465982,0.607391169760376,0.56311679049395,0.73093300848268,0.378828046377748,0.850107534555718,0.944252712419257,0
0.156772178843431,0.881450724103674,0.148352096322924,0.131273699225858,0.411336806835607,0.853771231370047,0.179521703161299,0.315373956225812,0.707235378446057,0.0347991245798767,0
0.749886041972786,0.820048322435468,0.683496346464381,0.635609291261062,0.624338928610086,0.708016077289358,0.796726895030588,0.00529485289007425,0.985722970683128,0.26259762654081,0
0.492615320952609,0.527290293714032,0.492544348584488,0.175924928626046,0.560479588806629,0.693791507743299,0.458753011422232,0.076474167406559,0.482293841894716,0.100521242944524,0
0.56007950968761,0.579428175436147,0.863370935432613,0.0779747834894806,0.118386105634272,0.696158723207191,0.808380869450048,0.382256083888933,0.748207257129252,0.209576353663579,0
0.877227229839191,0.839387002922595,0.000126234954223037,0.78957966924645,0.106893342919648,0.732545292936265,0.365591711597517,0.876998390303925,0.891701103188097,0.214290044270456,0
0.838541813131049,0.856193915028498,0.971091985702515,0.700288410298526,0.0448550984729081,0.636043424950913,0.862795118009672,0.266286521218717,0.623997702030465,0.947381438221782,0
0.703597166808322,0.209775485564023,0.0259601811412722,0.604363234248012,0.0329353327397257,0.112883999012411,0.661743407137692,0.819826384307817,0.893456050660461,0.124174186494201,0
0.552174566146731,0.53608288605269,0.955642676679417,0.630738821811974,0.912434120895341,0.94070407608524,0.235190282342955,0.610245829913765,0.0846351692453027,0.527329239528626,0
0.357868539833371,0.323629241620842,0.92869736882858,0.906764139421284,0.213374954182655,0.230139273451641,0.310337617760524,0.482997931540012,0.161548172589391,0.0543952553998679,0
0.863766475833952,0.951321755712852,0.220698048360646,0.976207279833034,0.182860520901158,0.976378733990714,0.87585643469356,0.766020293813199,0.401621978729963,0.413516825297847,0
0.72628407019442,0.814804029784631,0.223772349767387,0.743237273301929,0.696139595238492,0.332037192536518,0.24776299810037,0.967554039089009,0.207098714774475,0.599912880454212,0
0.00977578418143094,0.895043883163668,0.16160122025758,0.535534882219508,0.975523967063054,0.323846759973094,0.463052361970767,0.974781355354935,0.0684065036475658,0.796914940001443,0
0.468469823803008,0.416242173019797,0.393361366121098,0.877789215650409,0.268997615668923,0.164641857845709,0.558185834204778,0.485621528932825,0.643060492584482,0.346109731588513,0
0.329007198722288,0.678011904384568,0.540060217492282,0.227271458134055,0.434579146793112,0.627717464230955,0.31966253509745,0.792126447195187,0.829280131496489,0.03206085273996,0
0.734674923507962,0.163130138920154,0.397173806093633,0.287006489699706,0.266613044776022,0.798046433366835,0.290407365653664,0.993184193735942,0.0602707990910858,0.292728428496048,0
0.648984223837592,0.723051754261367,0.144539122469723,0.257774384692311,0.315674135927111,0.404942190507427,0.871309895301238,0.640509134158492,0.463627889985219,0.876394035993144,0
0.526735276770871,0.511252043486573,0.339658701093867,0.076126619707793,0.568785698153079,0.769279123283923,0.0766541485209018,0.234975627623498,0.316100666765124,0.749522776342928,0
0.846623522334918,0.781148763924465,0.31212859088555,0.0482172325719148,0.391008893493563,0.564080242533237,0.709349098848179,0.95108849206008,0.252403691178188,0.230572291882709,0
0.861947692312952,0.792935259301588,0.442988011520356,0.550650455290452,0.964905387954786,0.789989198558033,0.904195486102253,0.102805516449735,0.318581220693886,0.225398847367615,0
0.538857622003183,0.459059481042437,0.231194335734472,0.987178302835673,0.651613763999194,0.480174014577642,0.782311014598235,0.573639410082251,0.00970617774873972,0.446445348206908,0
0.607959255992901,0.768651281255484,0.680755163077265,0.0625731348991394,0.953665766166523,0.930565746035427,0.324800060596317,0.328595576342195,0.440316672902554,0.953098615631461,0
0.543275667820126,0.535670793382451,0.720628793584183,0.845663711195812,0.942133375909179,0.720785376150161,0.468409428372979,0.979041679063812,0.685626103775576,0.769612742122263,0
0.162485133044049,0.864177500791382,0.544219881761819,0.469463489716873,0.862312738317996,0.581207770621404,0.639959165360779,0.653442410519347,0.367839940590784,0.972378039034083,0
0.864828194147535,0.12002858767435,0.933482894673944,0.15620839362964,0.124964983202517,0.231768909608945,0.944861550582573,0.639331175247207,0.769327711313963,0.610839708941057,0
0.127720869292039,0.0275442497101613,0.508019934641197,0.153593002818525,0.509958479553461,0.205613533966243,0.288407826563343,0.759810053976253,0.876576469046995,0.0751402487512678,0
0.237486246032268,0.168223304784298,0.666605523321778,0.0803533806465566,0.297037588199601,0.32842279644683,0.496202615089715,0.686919091269374,0.750194740016013,0.00156747666187584,0
0.756079233596288,0.287148833418544,0.912852669600397,0.390219832770526,0.184687928063795,0.328465029364452,0.0349832181818783,0.332194903166965,0.136186784831807,0.936899987282231,0
0.854443848047964,0.818164822033979,0.145346499513835,0.415530353784561,0.332713962066919,0.616817354224622,0.569531098706648,0.708316886797547,0.0961897217202932,0.809420028701425,0
0.146005808142945,0.0732365245930851,0.163739442825317,0.0649474726524204,0.500356873730198,0.410093860467896,0.574526245240122,0.244825915433466,0.317229863721877,0.428703094134107,0
0.316634174212813,0.744159278795123,0.785588706145063,0.869347786065191,0.712509835371748,0.593992774607614,0.658864197088405,0.427585643716156,0.720336387632415,0.703948780428618,0
0.0600643611809239,0.965081458054483,0.513633410446346,0.194908617297187,0.429577605798841,0.505201274994761,0.0546179118100554,0.559721773955971,0.447575809666887,2.99336388707161e-05,0
0.344122098525986,0.599906909046695,0.958669353974983,0.817230202024803,0.407024971442297,0.0471930331550539,0.768582573859021,0.257233330048621,0.638290223432705,0.16746089188382,0
0.195902421837673,0.802679657237604,0.547179310582578,0.63612261437811,0.00352028873749077,0.640085026388988,0.412837810348719,0.135718714212999,0.0996037770528346,0.675006065983325,0
0.024134656335786,0.0599758120521903,0.772253291215748,0.106102323392406,0.195154722081497,0.235687323613092,0.166913219960406,0.258420888800174,0.286923886043951,0.881798776332289,0
0.961932900618762,0.974292253669817,0.209263977827504,0.453116645570844,0.348082898883149,0.144533572951332,0.559368485817686,0.882012071553618,0.220801131101325,0.980752181028947,0
0.0194296615673229,0.911601675404981,0.845488871913403,0.260176527081057,0.910970745608211,0.018710300559178,0.357572568114847,0.871978404233232,0.852801236789674,0.30658670514822,0
0.230283675249666,0.244999635498971,0.796668565366417,0.997711214702576,0.943329066038132,0.342575491871685,0.6760094454512,0.203781187999994,0.961310353828594,0.951384378131479,0
0.234518887475133,0.292663956293836,0.114425493404269,0.0772032865788788,0.625004421686754,0.871562103740871,0.841354273958132,0.411500923568383,0.587153171189129,0.249438882339746,0
0.783086078008637,0.226800519740209,0.928742652293295,0.552576547954232,0.257923990255222,0.973532829899341,0.902830406790599,0.788622583961114,0.320251489058137,0.157780871493742,0
0.506517690273933,0.461512381361797,0.992854693671688,0.890668695792556,0.585582309635356,0.388028495712206,0.189817485632375,0.106264313450083,0.716171947307885,0.288500318769366,0
0.702005884610116,0.26023883302696,0.990878775715828,0.918562996434048,0.976653192192316,0.846277554985136,0.350078716874123,0.842097814427689,0.265488195698708,0.589296121848747,0
0.706202981295064,0.363169598625973,0.984915466280654,0.927715077996254,0.509217263897881,0.120100299362093,0.38962328969501,0.518596505979076,0.490189867792651,0.393717732047662,0
0.368087019652966,0.405899119305704,0.742715740809217,0.804225657368079,0.374322859337553,0.282093545421958,0.158592395018786,0.0508068786002696,0.0170699891168624,0.882285477826372,0
0.788748512044549,0.786710280692205,0.807396284071729,0.0729161349590868,0.211469387169927,0.97333809081465,0.174750213976949,0.324954353272915,0.648771033855155,0.607768055051565,0
0.68061796652386,0.343528879039921,0.505932919215411,0.559521436924115,0.862880671862513,0.479164165677503,0.873628739034757,0.677107715746388,0.427443278487772,0.382111381040886,0
0.377007814861462,0.332760491348431,0.539152924204245,0.618602199479938,0.373150158673525,0.328327491413802,0.485921056941152,0.112003483111039,0.507440396817401,0.0679719464387745,0
0.722354407887906,0.81147609045729,0.391812748974189,0.349264488788322,0.437925468664616,0.292787982150912,0.922672501765192,0.451972348848358,0.31629582750611,0.390909882029518,0
0.305048873153329,0.331426846362278,0.309004680020735,0.501196099445224,0.296769655542448,0.0702489018440247,0.0278096091933548,0.212106108199805,0.286829131422564,0.165086838649586,0
0.376009742421936,0.622479310886841,0.0998869680333883,0.979487921576947,0.840980828506872,0.817590776830912,0.882399385096505,0.0446588988415897,0.573400166351348,0.953336794162169,0
0.490215317910537,0.58236957850121,0.650901919230819,0.00402559945359826,0.403774473350495,0.048323723487556,0.716238491004333,0.344297663541511,0.673153963405639,0.737932999385521,0
0.76856160373427,0.83680781070143,0.0957629871554673,0.918876399518922,0.575262909289449,0.135337348561734,0.305478812893853,0.725353701272979,0.673114058561623,0.0279612415470183,0
0.45202626863271,0.427560863801651,0.693960576551035,0.081540311453864,0.218579072505236,0.0986547621432692,0.825204671826214,0.766570825362578,0.942427847301587,0.0719029989559203,0
0.751184033400845,0.238822850325983,0.266181147657335,0.388958936790004,0.935033378889784,0.587740440620109,0.652660052059218,0.231129815569147,0.387213253416121,0.74953930079937,0
0.415224963028356,0.500853705846146,0.437835038173944,0.357633424922824,0.789772922405973,0.618749989662319,0.977762983879074,0.381729369284585,0.600099067902192,0.0231493960600346,0
0.574669116328005,0.466818724817131,0.239957787329331,0.266776192933321,0.186804832657799,0.693214004626498,0.0392037781421095,0.0312763524707407,0.426906764740124,0.475211958866566,0
0.632114552892745,0.397506527602673,0.755605473183095,0.579633598448709,0.99755232129246,0.624932821607217,0.78949743299745,0.787062332965434,0.307649220339954,0.868868792429566,0
0.612998453472089,0.492466005465295,0.0150884981267154,0.0982333393767476,0.910341519163921,0.827193768927827,0.816193728242069,0.891982320463285,0.343070870963857,0.17456156318076,0
0.368774142401666,0.374403734593838,0.827027558349073,0.990321555407718,0.499681380810216,0.385327741969377,0.678726993035525,0.00265210727229714,0.194924670970067,0.384482418652624,0
0.898992483736947,0.987254264997318,0.430831183446571,0.282407292630523,0.664690936449915,0.260240272851661,0.714148601284251,0.884113618638366,0.466366430511698,0.317495451308787,0
0.13818225639686,0.150108308570459,0.216401073615998,0.508794276742265,0.591667573200539,0.941683573881164,0.929819725221023,0.043075546156615,0.885598730528727,0.482002664357424,0
0.675263328831643,0.732792877855059,0.730979607207701,0.775383793981746,0.876418727450073,0.845641484484076,0.653650874970481,0.22752081672661,0.0856720111332834,0.131014650687575,0
0.0354155382595956,0.0284850915499032,0.353393655735999,0.706764356931672,0.678601257037371,0.00622758385725319,0.356165510136634,0.164762541418895,0.202535980846733,0.101329599274322,0
0.462326972339023,0.53635127089899,0.0775506671052426,0.507420292124152,0.111545359715819,0.907648414373398,0.591725067701191,0.493077854625881,0.888880889862776,0.667160811368376,0
0.81295389421396,0.262410112167895,0.0425334207247943,0.310843103099614,0.100076421862468,0.113171354169026,0.00385478185489774,0.0436664181761444,0.158656161045656,0.807201077695936,0
0.00296175146847963,0.0292567337905057,0.0265351915732026,0.923012171173468,0.91273757070303,0.168643517186865,0.647399832960218,0.779734170995653,0.371877630008385,0.293303451268002,0
0.979690651874989,0.0691656707786024,0.90509166312404,0.343311268137768,0.349847297417,0.590270714368671,0.823034010594711,0.311146582709625,0.88904372532852,0.30818105279468,0
0.797401964941993,0.805902869452909,0.441050431923941,0.521585560636595,0.767801202600822,0.207535367226228,0.979233035352081,0.47340115904808,0.0886600778903812,0.679646593052894,0
0.668145735852048,0.415171310448833,0.612934547010809,0.988036760129035,0.634573346935213,0.0418758657760918,0.727028236025944,0.733137608272955,0.132110397564247,0.421671107411385,0
0.242169763503131,0.653786401313264,0.0338015113957226,0.389157112920657,0.766306871315464,0.93838846962899,0.0285900293383747,0.424683226505294,0.197008818853647,0.720856892177835,0
0.385735511405393,0.359571817236021,0.728233528556302,0.700199196813628,0.858253494370729,0.62646951735951,0.0840627546422184,0.546413011848927,0.0495590534992516,0.829609466716647,0
0.446799851953983,0.600060128839687,0.854177261935547,0.247266253223643,0.371917100157589,0.167952680261806,0.289173549739644,0.877036736812443,0.615350615466014,0.987388324923813,0
0.351651995656081,0.329141750278138,0.251088515389711,0.209228937514126,0.12789033469744,0.651808331720531,0.809000469977036,0.631223216885701,0.379919599043205,0.438916308805346,0
0.593181387521327,0.355811920715496,0.399568686261773,0.0576691699679941,0.31456702016294,0.363167549716309,0.50451964372769,0.648514352273196,0.646700859535486,0.258072620723397,0
0.331312685739249,0.694495789939538,0.935617210110649,0.0448064371012151,0.952099866699427,0.469295634888113,0.561463884776458,0.999867053469643,0.888066315557808,0.347378481877968,0
0.289234435552731,0.667483826672193,0.634041765006259,0.956260325852782,0.305247246986255,0.759113792330027,0.537450563861057,0.0472412107046694,0.85577293811366,0.421458719298244,0
0.617001217091456,0.599364472087473,0.537013033404946,0.307254874147475,0.127348106354475,0.373362926067784,0.784615869401023,0.181591328466311,0.212178914807737,0.265682445839047,0
0.335551029425953,0.635584282887541,0.824076524237171,0.900142418220639,0.591758316149935,0.298476897412911,0.29246337315999,0.346919104456902,0.23795111454092,0.536674699978903,0
0.436188273312524,0.624021991060302,0.611431689932942,0.58835302409716,0.295885264407843,0.51681125536561,0.860916717443615,0.999597038142383,0.118670060299337,0.0412782616913319,0
0.275939075043425,0.636731697479263,0.527575608808547,0.442794622853398,0.688196768518537,0.00652161403559148,0.601665748516098,0.0625363576691598,0.409468990052119,0.728460540529341,0
