"1","2","3","4","5","6","7","8","9","10","class"
0.567678250838071,0.210420351242647,0.905436298809946,0.549947831314057,0.148364859400317,0.268731000833213,0.174791438272223,0.206574631622061,0.494020644575357,0.36105479625985,0
0.0199641010258347,0.331018115160987,0.014537377981469,0.177541228709742,0.395988057600334,0.428155816625804,0.205558956833556,0.274821573402733,0.917253335705027,0.909433512715623,0
0.538716174429283,0.264022153569385,0.325474771903828,0.360393922310323,0.74977169977501,0.0390076083131135,0.221752518322319,0.406924266600981,0.282407434890047,0.209373902063817,0
0.628954200074077,0.520701445173472,0.831800309242681,0.289063120260835,0.488363061565906,0.45191782549955,0.920967319281772,0.396799767622724,0.951126560335979,0.559869899181649,0
0.14093542448245,0.39431562484242,0.0389009737409651,0.20301982248202,0.642028776695952,0.571174341719598,0.202419521985576,0.977190628647804,0.193392000626773,0.117606193758547,0
0.549201789312065,0.459546488942578,0.227970117935911,0.818564550718293,0.690212063957006,0.151195092359558,0.0193034219555557,0.749105335911736,0.241070441668853,0.524075158173218,0
0.617583450861275,0.701739535201341,0.634094009874389,0.178988108411431,0.820235763676465,0.694467308465391,0.676786300959066,0.690880859270692,0.10134110157378,0.382291567744687,0
0.194553260691464,0.135876668151468,0.851075167302042,0.708436065353453,0.81206382648088,0.358442806405947,0.194761980324984,0.279324612114578,0.199034766759723,0.920781374443322,0
0.993158119963482,0.861262761987746,0.905816326849163,0.0101002731826156,0.671291702892631,0.941377316368744,0.631585001945496,0.0971896229311824,0.129390292102471,0.105403999332339,0
0.257205664180219,0.169027786934748,0.7183432567399,0.914376909611747,0.989094702759758,0.864781339187175,0.0557445108424872,0.101035786326975,0.312938437797129,0.220833167433739,0
0.823476970428601,0.161361868260428,0.960740293143317,0.385377312079072,0.60870897048153,0.0334384979214519,0.644014342688024,0.173276586225256,0.447522857459262,0.698391791898757,0
0.475048792548478,0.0959592966828495,0.66655436786823,0.248819573083892,0.752961168065667,0.971953562926501,0.536760996328667,0.299777538748458,0.878908649319783,0.24281964940019,0
0.81974712642841,0.794795614667237,0.552660982124507,0.610700827091932,0.480087258620188,0.427205507876351,0.488193340366706,0.671195592731237,0.930737679125741,0.712672250345349,0
0.663782743504271,0.241805985337123,0.250328620895743,0.784856057725847,0.595882542897016,0.0829427142161876,0.3910898626782,0.606972822453827,0.446735324338078,0.169797572307289,0
0.81222330359742,0.0549822258763015,0.283684971276671,0.8310072934255,0.792567264754325,0.910872237291187,0.717673907987773,0.402413204545155,0.939818414393812,0.528817979153246,0
0.421148030785844,0.238622586941347,0.947765615768731,0.864520764444023,0.791052582673728,0.0801093664485961,0.792727727908641,0.57138539897278,0.819931310834363,0.136725035728887,0
0.115009160479531,0.345986175350845,0.232118480140343,0.887036634841934,0.39160481095314,0.0538867148570716,0.196232431102544,0.48904438293539,0.18334470782429,0.987520140595734,0
0.877401198027655,0.951491810847074,0.445910702459514,0.416202851803973,0.414229151327163,0.178122925804928,0.13942122948356,0.716911359224468,0.527802886208519,0.101259120507166,0
0.865853319875896,0.293059886898845,0.0758660130668432,0.44943988788873,0.376349522499368,0.00182309397496283,0.801527321571484,0.860115500399843,0.0745455177966505,0.407366735162213,0
0.338645203271881,0.795991793274879,0.0374951383564621,0.466349819675088,0.731604040367529,0.848953697131947,0.13598242518492,0.24896921380423,0.439271220238879,0.652131971903145,0
0.711069498443976,0.0605785697698593,0.340923240175471,0.393100547604263,0.42463917308487,0.125318055972457,0.232634652871639,0.911688338266686,0.0655113675165921,0.775267167715356,0
0.823726406088099,0.338901814771816,0.602503437781706,0.185629231156781,0.526753243757412,0.00185942300595343,0.0106090207118541,0.638819674029946,0.249797669006512,0.165492855012417,0
0.519651612266898,0.397380240028724,0.451292344136164,0.0458021829836071,0.6587168648839,0.498139900388196,0.259328871732578,0.0939075208734721,0.079344023950398,0.732021278701723,0
0.459060363005847,0.333841891493648,0.754954457050189,0.409351410577074,0.112982040038332,0.149445258546621,0.243693851865828,0.511967475526035,0.256434478331357,0.340355405351147,0
0.51489163772203,0.0353364511393011,0.257553395116702,0.138356305658817,0.458516060374677,0.678075570380315,0.712145019089803,0.738678789231926,0.982546798186377,0.308661727467552,0
0.97056280518882,0.964205403579399,0.425833929330111,0.0598851894028485,0.659415479516611,0.302827879087999,0.938421197468415,0.282319170190021,0.87490631849505,0.278949485858902,0
0.214884771965444,0.881118955323473,0.352060921723023,0.363589509623125,0.676662556594238,0.721199987689033,0.96711617265828,0.594075947068632,0.397221115184948,0.279781946213916,0
0.312584547093138,0.817750112619251,0.240485696587712,0.298992110649124,0.187679233727977,0.165800880175084,0.154173718299717,0.461479191901162,0.485420629614964,0.255041640484706,0
0.910838581388816,0.0251998472958803,0.754707106156275,0.948528797365725,0.0247893098276109,0.686484241392463,0.489276040578261,0.729880148544908,0.868101780069992,0.905815070960671,0
0.298538488335907,0.0145950319711119,0.0927025401033461,0.907314332667738,0.353534530615434,0.310354514745995,0.993709480157122,0.917930556926876,0.819492873502895,0.640434273984283,0
0.267256970750168,0.348625757964328,0.339211226673797,0.201582450885326,0.545356292743236,0.00014460482634604,0.620306515367702,0.720137830357999,0.445107770850882,0.368619683897123,0
0.116314981132746,0.584243923425674,0.138924377504736,0.231808738317341,0.432027630042285,0.584964622976258,0.145337910624221,0.929533137008548,0.809457722119987,0.306967760203406,0
0.123009335249662,0.592970888596028,0.186824695905671,0.149661722360179,0.130797173827887,0.689981576288119,0.907596451463178,0.203811575425789,0.0824014737736434,0.998223938047886,0
0.916686775628477,0.513713346095756,0.37986490689218,0.551931702764705,0.238679773872718,0.176709544379264,0.530922084348276,0.778740691952407,0.598153559723869,0.7886603907682,0
0.293491786811501,0.225052352529019,0.794163999380544,0.411359092453495,0.865579349454492,0.105057737557217,0.94588730065152,0.949619963066652,0.357601884752512,0.504907903727144,0
0.603174005169421,0.0514677735045552,0.058867969783023,0.187052432214841,0.220554806059226,0.00222776341252029,0.725883606122807,0.928325512213632,0.541350384475663,0.506619827123359,0
0.60865904414095,0.244729286059737,0.949223229428753,0.599750617984682,0.488121864385903,0.553185375640169,0.764298515859991,0.779464000603184,0.0304930417332798,0.022217690711841,0
0.151251626200974,0.510714705102146,0.409886038862169,0.607835866045207,0.209516643779352,0.415684003382921,0.543465844821185,0.833320775069296,0.336091523524374,0.0965567093808204,0
0.439371375599876,0.254211485385895,0.551942714722827,0.996636847965419,0.957701067673042,0.0106608523055911,0.936363239539787,0.334777386626229,0.724447343498468,0.688348906813189,0
0.753181498264894,0.997175195487216,0.713879488175735,0.335298193851486,0.907710030907765,0.0700104041025043,0.954048229148611,0.785079953027889,0.40583513607271,0.725265322020277,0
0.147820287151262,0.60879037133418,0.66472210129723,0.478958402993158,0.2397602701094,0.359485826455057,0.843627229332924,0.861418135231361,0.624943466391414,0.862208632286638,0
0.89380242023617,0.163719104137272,0.406715396093205,0.435501544503495,0.394653965719044,0.189982097828761,0.973478244617581,0.0257044923491776,0.953880995279178,0.988624954130501,0
0.851181342732161,0.673351844307035,0.906285870587453,0.818230924662203,0.3366838125512,0.598340509692207,0.395969532663003,0.156707659829408,0.247004962293431,0.392140137031674,0
0.293379919603467,0.881122728576884,0.329956189263612,0.414530388079584,0.235009907511994,0.990980028873309,0.19116220716387,0.360780701739714,0.792207402642816,0.439443604787812,0
0.766587437829003,0.563822552794591,0.864297959255055,0.218020941596478,0.471722483169287,0.139249585336074,0.435681125847623,0.945581121835858,0.499706438509747,0.106244099559262,0
0.542758668074384,0.704193603247404,0.0615080799907446,0.463632410392165,0.507381654111668,0.557792681036517,0.70259003364481,0.253489896422252,0.560339946998283,0.209354390390217,0
0.323014828143641,0.32205963274464,0.165122948586941,0.835591964889318,0.517911152215675,0.873837891733274,0.607958423905075,0.702151531819254,0.884889044333249,0.862055765930563,0
0.324879189254716,0.305202655959874,0.881912333657965,0.801219772780314,0.805560607230291,0.126786247361451,0.124477262841538,0.425679434323683,0.768558982759714,0.0263485219329596,0
0.959371784469113,0.115414046216756,0.299804121255875,0.631034434773028,0.166517730103806,0.277089017443359,0.548350897151977,0.646712819579989,0.237720446893945,0.191625281004235,0
0.783306006342173,0.375323885818943,0.783664394402876,0.928087204927579,0.989010737044737,0.856718716444448,0.313205659855157,0.327938979258761,0.228441848652437,0.81745170103386,0
0.0548648310359567,0.846380154369399,0.836113634519279,0.578685068758205,0.366721828468144,0.925567486323416,0.571322420844808,0.728714779717848,0.388528641313314,0.45715164928697,0
0.687482944922522,0.0572864126879722,0.161137882620096,0.834433498326689,0.0838940166868269,0.869698201771826,0.149651733692735,0.34908216050826,0.744516433449462,0.945084303384647,0
0.0997808487154543,0.564462092006579,0.917816922068596,0.963006196077913,0.528469945769757,0.564836520701647,0.508443787926808,0.409735299414024,0.224798702867702,0.503136885119602,0
0.618361094966531,0.0488362174946815,0.7364472434856,0.466702376259491,0.696087097749114,0.57893851865083,0.523738863645121,0.680629333015531,0.231016175821424,0.217046816367656,0
0.0271619113627821,0.0909932628273964,0.184370587812737,0.077355707064271,0.0936576097737998,0.0786968201864511,0.148132087895647,0.121379443909973,0.000444427598267794,0.301731072366238,0
0.836979131679982,0.0765790592413396,0.130429630866274,0.0807203617878258,0.637500124750659,0.365672566462308,0.682279290631413,0.795375959016383,0.141221128636971,0.212245037546381,0
0.426888121059164,0.0939068282023072,0.480495038675144,0.309490336105227,0.293206320377067,0.762827775673941,0.30982688232325,0.162237360375002,0.479347408050671,0.955896714236587,0
0.835668326122686,0.297125412384048,0.378013416193426,0.644100114470348,0.992050795117393,0.0889903849456459,0.875877160346135,0.132466909941286,0.514907642034814,0.791205157293007,0
0.163907390786335,0.464919608086348,0.190763948252425,0.440482285106555,0.0183752949815243,0.476409716065973,0.333484636154026,0.582252130378038,0.859345067758113,0.746310065500438,0
0.864974764408544,0.508134983712807,0.31374933081679,0.05928218155168,0.779364649439231,0.80805916688405,0.833491885801777,0.42863071593456,0.49770836555399,0.663789938669652,0
0.106971099507064,0.626302319345996,0.0339366984553635,0.0753091820515692,0.233823070535436,0.407178234308958,0.9119664542377,0.602000745944679,0.158444637898356,0.957209154730663,0
0.596073665190488,0.674334617564455,0.316562703810632,0.625270429765806,0.898207436082885,0.554952226113528,0.142030171351507,0.92714468203485,0.744634941685945,0.27154160477221,0
0.98420688835904,0.307467570295557,0.441001084633172,0.0856617654208094,0.596219333121553,0.218154483707622,0.409839926520362,0.920761592919007,0.302171241492033,0.381877537816763,0
0.299452935811132,0.205810855375603,0.0612355684861541,0.0887059862725437,0.134515422862023,0.848010262008756,0.077991250436753,0.914982202230021,0.867785006761551,0.531809023348615,0
0.26727046421729,0.533678995678201,0.141205265652388,0.550570311723277,0.455610928125679,0.0706274867989123,0.894325569272041,0.882038169074804,0.78368542320095,0.305530572542921,0
0.119879954261705,0.901537284022197,0.200652899220586,0.54599228920415,0.469316878123209,0.671844692667946,0.599018153268844,0.10504264337942,0.00546456128358841,0.0691696766298264,0
0.574185364414006,0.71712473873049,0.934686019085348,0.330603641690686,0.000146760605275631,0.706731411628425,0.811502545373514,0.596478899009526,0.689101885538548,0.613117716973647,0
0.910818128846586,0.196705821435899,0.814332703361288,0.269671687623486,0.405466981930658,0.90662332251668,0.151938755530864,0.966492213308811,0.80543584539555,0.0535022062249482,0
0.352406695950776,0.267260188469663,0.60587962786667,0.518253990449011,0.235905575100332,0.215231694048271,0.915582227753475,0.844141996698454,0.895099440123886,0.603080045897514,0
0.00169477728195488,0.747363808564842,0.619916954776272,0.580521281808615,0.286019645398483,0.365624689962715,0.415768646402285,0.0601904329378158,0.992532098200172,0.272975142346695,0
0.566523768706247,0.871481609297916,0.568392889807001,0.677946407580748,0.405263480730355,0.164932552026585,0.00662260921671987,0.536313003627583,0.661343635292724,0.883054945617914,0
0.550485247513279,0.606963099678978,0.834718307480216,0.345236598979682,0.8367621274665,0.927546896506101,0.00947760511189699,0.160174573538825,0.751803247723728,0.197074573952705,0
0.999572795815766,0.61700466950424,0.72765825712122,0.783780960598961,0.478480838472024,0.381871897960082,0.997722605243325,0.937360639218241,0.118177976924926,0.211234913673252,0
0.804791879840195,0.680031843483448,0.6765532635618,0.294915275182575,0.391690553631634,0.314283110201359,0.161645383574069,0.681825683452189,0.0706690601073205,0.172675639158115,0
0.305545134004205,0.849576592911035,0.392134528839961,0.178287443472072,0.741258819820359,0.0813216525129974,0.839305694913492,0.689757814630866,0.158020909177139,0.281541655072942,0
0.0695707737468183,0.339713694993407,0.594380192225799,0.993672615848482,0.560332093387842,0.705962346401066,0.903642747318372,0.799698774935678,0.899607878644019,0.0744624040089548,0
0.223109898390248,0.101301679620519,0.53189921262674,0.817838358459994,0.612859067739919,0.379925358807668,0.205357889411971,0.364518606103957,0.0543639676179737,0.898709613131359,0
0.788087659049779,0.324201251380146,0.380154031794518,0.609091268386692,0.327853151829913,0.223669497994706,0.833778134780005,0.967381328344345,0.219860098557547,0.560100995004177,0
0.214521736372262,0.802513583796099,0.14126326632686,0.892444614786655,0.247292161919177,0.450234706513584,0.651742877904326,0.292009671218693,0.499471047427505,0.377093393355608,0
0.228484008461237,0.0410985555499792,0.173234094632789,0.300891143269837,0.422506702598184,0.404568438185379,0.146863918285817,0.813956847181544,0.0555626710411161,0.180572107201442,0
0.36276452918537,0.567748038098216,0.0202645200770348,0.658392682904378,0.604111093794927,0.66473115212284,0.449071967508644,0.309772760141641,0.463567550294101,0.95305395568721,0
0.76882973103784,0.769860767060891,0.864011040423065,0.36946858256124,0.485402675578371,0.279200674034655,0.0824172834400088,0.724572530249134,0.556698659434915,0.649488336406648,0
0.233662015758455,0.682378962635994,0.580848654964939,0.168543320149183,0.433528831927106,0.922391895204782,0.826439084950835,0.59625431895256,0.855070106685162,0.161507185548544,0
0.0722593867685646,0.479041233891621,0.921818782342598,0.237228926969692,0.623869033297524,0.737396543612704,0.540187838487327,0.509282869985327,0.0734659519512206,0.909386638784781,0
0.854327470762655,0.559928613714874,0.519241844071075,0.292665329761803,0.719640983268619,0.647124283248559,0.0423070965334773,0.791205842979252,0.355230475775898,0.498810133663937,0
0.317760883830488,0.983413441805169,0.749947907170281,0.478462115628645,0.518712599528953,0.811036220053211,0.0623582846019417,0.32947310549207,0.169513650471345,0.199356767116114,0
0.702036701142788,0.324055123375729,0.954520850209519,0.057996965944767,0.889117637649179,0.727182106580585,0.708120211493224,0.808383240131661,0.634953876957297,0.259991420898587,0
0.239592568250373,0.822821818990633,0.637283460004255,0.914070999948308,0.966174555709586,0.194217063020915,0.214483921648934,0.562123958254233,0.0552162011153996,0.699503245763481,0
0.297325027408078,0.174050067085773,0.417149949120358,0.688711719820276,0.555539301596582,0.542533970437944,0.318801023997366,0.46827428881079,0.616233026841655,0.135582850314677,0
0.0456374906934798,0.222824601922184,0.999539743643254,0.32526407786645,0.587968265637755,0.843713567592204,0.946504666469991,0.648454620270059,0.121700527146459,0.0513912558089942,0
0.687627293169498,0.794546702876687,0.372184646781534,0.181339538190514,0.122641414636746,0.0445528356358409,0.00379860796965659,0.781892628176138,0.209195558913052,0.174077481264248,0
0.414216126082465,0.685445087496191,0.867199728265405,0.0806226811837405,0.496234291931614,0.421695525059476,0.715324811637402,0.921190858818591,0.734924235148355,0.0799924922175705,0
0.657427970087156,0.220332564786077,0.703637818805873,0.640996578149498,0.0944376739207655,0.0369318237062544,0.92270007985644,0.165548810968176,0.516905078664422,0.85981214325875,0
0.217666888842359,0.098200231557712,0.0411125214304775,0.907693441957235,0.293666852870956,0.583181417081505,0.0603401525877416,0.768378514098004,0.0651059688534588,0.95211219554767,0
0.242786274291575,0.886480399407446,0.315666966838762,0.627207300625741,0.784211454214528,0.530342088546604,0.572900489438325,0.860216535162181,0.256667399778962,0.830509792780504,0
0.0395540290046483,0.868702077539638,0.972289992729202,0.938120030099526,0.18788323039189,0.736681261332706,0.962703884812072,0.521612909156829,0.522209655493498,0.994404412573203,0
0.836733585456386,0.720672821858898,0.380151361459866,0.353561422787607,0.249863942852244,0.753761616535485,0.356948982691392,0.799476858694106,0.865103300893679,0.252298088278621,0
0.694663931149989,0.866224925033748,0.320808679098263,0.0304311322979629,0.0226667730603367,0.604837876977399,0.397347372258082,0.0137018256355077,0.509569430025294,0.417500456795096,0
0.183437739731744,0.748548542382196,0.827498257160187,0.367421063128859,0.374816840048879,0.483245312934741,0.00959617760963738,0.702889689011499,0.415944798616692,0.68496225727722,0
0.869847073219717,0.405810378724709,0.181324736448005,0.813319148030132,0.684597449377179,0.581834709970281,0.00122376554645598,0.898829540004954,0.272309605497867,0.283764911815524,0
