"1","2","3","4","5","6","7","8","9","10","class"
0.796036851396784,0.2855857531121,0.158842088421807,0.477767743635923,0.972134732175618,0.192462832899764,0.240754660684615,0.755430306540802,0.446305167861283,0.0833996215369552,0
0.19567464850843,0.259627955965698,0.720863276859745,0.724683228880167,0.241442901547998,0.426046983571723,0.907973036402836,0.772835612064227,0.350460548419505,0.233895156066865,0
0.105816965224221,0.968478861264884,0.778292067116126,0.627211531391367,0.229760273825377,0.333270257338881,0.209222206613049,0.499726575799286,0.237878609448671,0.824626099783927,0
0.128782983403653,0.324005367932841,0.958505931776017,0.323683092137799,0.616548906546086,0.295015776762739,0.0770205140579492,0.084097899030894,0.54315185546875,0.0763374855741858,0
0.940409295240603,0.171576902792044,0.230743842897937,0.7773098051548,0.585330333560705,0.00819182023406029,0.321318174479529,0.115902786143124,0.776101218303666,0.409344117389992,0
0.301317943260074,0.932106286287308,0.0245061623863876,0.89157523214817,0.529149284120649,0.877160367090255,0.901609870838001,0.857183921616524,0.536912023555487,0.509107324527577,0
0.465930268634111,0.550376765429974,0.769210933474824,0.915744555648416,0.822462126379833,0.531865946482867,0.420705520780757,0.41328703914769,0.17143621831201,0.872855496127158,0
0.1405106165912,0.865288923028857,0.601150007918477,0.778143462492153,0.259878862416372,0.911872114054859,0.532411344116554,0.0284877333324403,0.471748003037646,0.621015340322629,0
0.830155777744949,0.123032643226907,0.536557984072715,0.54321850114502,0.892378660384566,0.0999226998537779,0.695124350022525,0.784198623849079,0.887795418966562,0.450318825896829,0
0.433347338700946,0.456257303839643,0.365873337024823,0.209547112463042,0.00897415797226131,0.88335110200569,0.959573676344007,0.491277545923367,0.765227935742587,0.357299902010709,0
0.163059084210545,0.268591108731925,0.0995654729194939,0.756228789919987,0.380093039944768,0.219779869308695,0.791174763580784,0.133888605516404,0.518678402993828,0.792373810429126,0
0.689076573417429,0.837481337237638,0.489063137443736,0.611622778931633,0.39493054500781,0.285257167182863,0.807665519881994,0.838461438659579,0.776697840308771,0.649872446199879,0
0.47123128012754,0.384392665000632,0.56522434623912,0.358961872057989,0.270533398259431,0.877259027678519,0.0344831382390112,0.779826351674274,0.886817164020613,0.617888687644154,0
0.195465512573719,0.837321038357913,0.740190293407068,0.990533919772133,0.192112838616595,0.230603280011564,0.437257657991722,0.0786276010330766,0.59034455078654,0.88764960039407,0
0.643886280246079,0.628435492515564,0.868959846207872,0.150301477406174,0.413696391973644,0.145943306386471,0.650154003174976,0.612355299759656,0.715524665312842,0.637137205339968,0
0.409260983578861,0.235343406442553,0.410453257150948,0.702675139764324,0.267317830584943,0.285598576068878,0.0641931376885623,0.594123697374016,0.83529754076153,0.716964643215761,0
0.350731047103181,0.219048106810078,0.412052454892546,0.637285479344428,0.411814235616475,0.196532391710207,0.193490771111101,0.147177113452926,0.593856631079689,0.574298785766587,0
0.19966877088882,0.805281922919676,0.557495488319546,0.195676160277799,0.0140530779026449,0.969104005023837,0.915715250885114,0.826986392727122,0.314273944590241,0.492836968740448,0
0.580856795888394,0.60233913990669,0.0979037415236235,0.510315634077415,0.830594875616953,0.386523052118719,0.940611789468676,0.441660554148257,0.267193411709741,0.87476574187167,0
0.514025369659066,0.566912625916302,0.267815260915086,0.273207069607452,0.0025004530325532,0.211569281993434,0.821048231096938,0.414325798396021,0.823659298475832,0.430870250565931,0
0.958007989451289,0.254750882973894,0.735888915136456,0.498720794683322,0.970709301996976,0.88135757506825,0.292897431412712,0.183590549975634,0.4121702183038,0.738055965397507,0
0.337599067948759,0.411958796903491,0.893668308621272,0.751231152564287,0.898072024574503,0.219898315612227,0.326631965581328,0.657817730447277,0.486493636155501,0.446393037680537,0
0.493661021380499,0.600563737407327,0.907624742947519,0.382698142435402,0.900518712354824,0.162225529318675,0.342726621078327,0.332277480280027,0.626429403666407,0.0856326201464981,0
0.953809494618326,0.0763142209034413,0.259998183697462,0.183657137211412,0.326082803541794,0.392878723097965,0.235547514166683,0.26624806993641,0.771001073764637,0.373388460371643,0
0.949786131037399,0.0202951887622476,0.571036091540009,0.546864852774888,0.363364655757323,0.239289372228086,0.929980624467134,0.556881233816966,0.114982310449705,0.398736915551126,0
0.0394511199556291,0.242366795893759,0.585905681597069,0.035322773270309,0.196709422161803,0.359891374129802,0.213060355978087,0.133833636296913,0.425523017998785,0.0426566433161497,0
0.645285165403038,0.228293774649501,0.62413602671586,0.847968947840855,0.885392438387498,0.644510885700583,0.686211246997118,0.577065535821021,0.187577590579167,0.249063262715936,0
0.632594612892717,0.367626393679529,0.111416296800599,0.0895300419069827,0.390197450993583,0.539520551683381,0.338155100354925,0.76290645939298,0.524755016434938,0.822506276657805,0
0.906406506896019,0.127168184379116,0.49411969142966,0.0654023876413703,0.596626312006265,0.158431410556659,0.330328759970143,0.937692528124899,0.429637857712805,0.200040460564196,0
0.40351140149869,0.467393988277763,0.761269729584455,0.149141159141436,0.88038167799823,0.717560388846323,0.317548307823017,0.070481346687302,0.229111093562096,0.409850129391998,0
0.771537595728412,0.834804674703628,0.705188392661512,0.812152207596228,0.434647201094776,0.866210852516815,0.576641728868708,0.00404963223263621,0.852046665968373,0.146586120594293,0
0.881961114493385,0.199013742469251,0.170082227792591,0.882839193567634,0.40364692104049,0.756036914885044,0.00262856530025601,0.61632525222376,0.526340801734477,0.96266140928492,0
0.226258551236242,0.0964761567302048,0.744263359811157,0.885896623600274,0.00346147618256509,0.436220614472404,0.332633218728006,0.00928531028330326,0.416464624926448,0.0979044185951352,0
0.0565307725424878,0.196522667992022,0.0147205926477909,0.335755222244188,0.221434861421585,0.329736788524315,0.491471429122612,0.650200346717611,0.0590319097973406,0.266230623237789,0
0.694303589873016,0.55770788458176,0.669068697839975,0.30263830954209,0.328520889161155,0.647069163154811,0.168368543498218,0.21635436383076,0.411584082758054,0.712753754807636,0
0.957630808232352,0.964984684484079,0.782730841310695,0.415159149561077,0.486943392083049,0.359198435908183,0.953214216744527,0.832680252147838,0.398306940216571,0.703031639801338,0
0.926950245629996,0.087979411939159,0.119489198084921,0.745456014759839,0.352460419991985,0.39599256683141,0.349405882647261,0.413148256251588,0.515940366080031,0.637018885463476,0
0.105353032005951,0.222227171994746,0.711168254725635,0.57433148776181,0.381786416983232,0.458617045544088,0.551696683047339,0.128648471785709,0.150637132115662,0.797461442416534,0
0.618419383290038,0.398012273476273,0.598344870610163,0.672226600348949,0.0336518231779337,0.339063629042357,0.986633138265461,0.316626717103645,0.222997035598382,0.0106889198068529,0
0.697154256005306,0.330698721345421,0.786072931485251,0.032270303927362,0.57587877754122,0.658002244774252,0.740959285292774,0.241618924541399,0.987012047320604,0.287994440179318,0
0.388597475364804,0.345066685462371,0.0238165836781263,0.0128726263064891,0.247676683589816,0.910563602345064,0.206006416585296,0.547630087006837,0.873881319770589,0.942441697465256,0
0.308995070382114,0.191921036182158,0.625312225194648,0.116084546316415,0.418587904190645,0.807217474328354,0.28993752761744,0.289468507282436,0.0126198902726173,0.81317321001552,0
0.822364559164271,0.664265173487365,0.00870180781930685,0.0574709223583341,0.210590848699212,0.0888343334663659,0.262741786427796,0.229243731824681,0.977978910086676,0.319076829357073,0
0.572319485479966,0.344346169149503,0.79064457421191,0.0242382881697267,0.542821163544431,0.818565637338907,0.845845949836075,0.260406859451905,0.232419535983354,0.148546325042844,0
0.945138100301847,0.878631505649537,0.111888013547286,0.574980348581448,0.448965016985312,0.293305570492521,0.152490869862959,0.448121930239722,0.262385670794174,0.592472434742376,0
0.492833010195754,0.346167077820748,0.496030668029562,0.323465486289933,0.222787544131279,0.933211361058056,0.189542336389422,0.324711628258228,0.270945121534169,0.606917227385566,0
0.274774940684438,0.811316578416154,0.264131737174466,0.0637301611714065,0.92138474737294,0.641262041870505,0.425099952844903,0.970677363453433,0.605225967010483,0.550414862344041,0
0.0958848334848881,0.180710996268317,0.18976476509124,0.0774814321193844,0.813610945129767,0.196908628335223,0.616745658451691,0.701233769534156,0.227531193755567,0.0804357840679586,0
0.460439653104916,0.723701861385442,0.250253620790318,0.682143880752847,0.43850291473791,0.0277756503783166,0.219740852713585,0.842306958744302,0.196276824688539,0.720140463672578,0
0.595430441200733,0.633896245621145,0.110414953902364,0.6107485932298,0.48523410083726,0.200696112588048,0.725311552640051,0.213927535573021,0.70187814370729,0.483741229167208,0
0.177051604026929,0.850853013573214,0.988478674320504,0.740301937330514,0.687406494282186,0.189642588375136,0.472305513685569,0.625750437378883,0.830291093094274,0.763675860129297,0
0.168845156440511,0.647563406499103,0.70649398281239,0.830998051911592,0.769427069462836,0.845672599505633,0.24895495781675,0.100405274191871,0.133263556053862,0.642926601460204,0
0.327152483863756,0.818016714649275,0.0944866351783276,0.913896471261978,0.418957817135379,0.687623617472127,0.375100757461041,0.879045804031193,0.626350641949102,0.767154310829937,0
0.0609328530263156,0.238975369837135,0.0710076740942895,0.217094612540677,0.748833602061495,0.756580435438082,0.0361902171280235,0.0880152720492333,0.800563789671287,0.261180552653968,0
0.876663252944127,0.0672170626930892,0.805992736946791,0.695722006959841,0.737690492765978,0.914522740989923,0.0341823671478778,0.223886825144291,0.506019384833053,0.307605501497164,0
0.562518992088735,0.240556097329594,0.366713158786297,0.785468569258228,0.219293246045709,0.0965075218118727,0.863770993659273,0.602132716216147,0.920992631232366,0.344912752974778,0
0.877154019647092,0.0325787645284086,0.570397733012214,0.286070018541068,0.0469597501214594,0.371769289020449,0.734040583716705,0.685781264444813,0.446606020675972,0.287516799522564,0
0.264877925626934,0.35663682827726,0.528875082964078,0.535660568391904,0.153688707621768,0.468097710749134,0.54322575381957,0.0736677953973413,0.797822420252487,0.480533759109676,0
0.858286229552329,0.851689980237186,0.614661131286994,0.660382724134251,0.557221954455599,0.906649992801249,0.385979358805344,0.118558895075694,0.872572884429246,0.466322244843468,0
0.981902044964954,0.897449010517448,0.857454583747312,0.0602386223617941,0.1155480153393,0.304676234954968,0.868790067965165,0.972493463428691,0.375694202492014,0.391916532302275,0
0.393382229302078,0.597735981872305,0.484559905016795,0.107043718686327,0.244216301478446,0.497092616045848,0.828952135052532,0.916843319777399,0.727573353098705,0.478189585963264,0
0.892053776187822,0.122660334222019,0.69922704086639,0.86843441054225,0.291760051390156,0.574093303875998,0.42409063805826,0.631828114390373,0.577958742622286,0.167277876287699,0
0.830778278876096,0.339181534247473,0.92849755845964,0.182114090537652,0.290774745633826,0.929155118530616,0.897250795038417,0.228928105905652,0.76466971100308,0.224270125851035,0
0.044341145664826,0.854733178064507,0.807670053560287,0.559723901795223,0.90212091896683,0.770605261903256,0.231383553007618,0.661678099771962,0.748030065093189,0.0116891202051193,0
0.815895394112542,0.0983883411403745,0.823641360970214,0.992249018978328,0.427302603377029,0.440202816389501,0.765510622877628,0.234338547103107,0.693416315596551,0.200460197404027,0
0.137229718774091,0.158672554940917,0.814172744983807,0.234945914242417,0.108990888576955,0.508021167945117,0.0449589511845261,0.559854093007743,0.829422584502026,0.22579054092057,0
0.633232243293151,0.361759145430103,0.60606251610443,0.589874278521165,0.554545327555388,0.318494711769745,0.670996648259461,0.200772984186187,0.23506987770088,0.108812368707731,0
0.865487534898613,0.00363203414669262,0.846778953215107,0.270017222268507,0.514591635670513,0.0815403275191784,0.141341604525223,0.553633148083463,0.820145923877135,0.139551559928805,0
0.966243649034575,0.982919212978519,0.857779665151611,0.90911949891597,0.314709885511547,0.334482900332659,0.309926751768216,0.754021635279059,0.656011634739116,0.46817600610666,0
0.627423165366054,0.606815023813397,0.13871289906092,0.721001477679238,0.954825357533991,0.520003651967272,0.564019366167486,0.7529125448782,0.503558594500646,0.619096302427351,0
0.754826452583075,0.784269224619493,0.00176184810698032,0.795184963615611,0.838234811089933,0.728242320241407,0.12401542882435,0.0822606347501278,0.322542124893516,0.899782337248325,0
0.497708004918322,0.469060666013323,0.829750809352845,0.0777954156510532,0.791793232783675,0.877216378459707,0.107517406577244,0.211035481886938,0.709913209779188,0.730715045239776,0
0.878841314055212,0.295380319144763,0.491803196258843,0.508065999718383,0.238696329994127,0.118451861664653,0.0957342674955726,0.348735959269106,0.108454323373735,0.707983750617132,0
0.897103781835176,0.141392059989739,0.678807406453416,0.868531171930954,0.832959115039557,0.656392253236845,0.128293232992291,0.641395920189098,0.402136966120452,0.0600138020236045,0
0.0721215116791427,0.951192931737751,0.348860422382131,0.106613663490862,0.589667255757377,0.0254907731432468,0.976929687196389,0.327627297258005,0.143851062515751,0.241827266523615,0
0.348373104585335,0.297972574131563,0.131538351299241,0.467182048829272,0.905328197171912,0.899190210038796,0.742290342692286,0.989134731469676,0.599926732014865,0.0475331803318113,0
0.270159841282293,0.28706130059436,0.15028962935321,0.285023335833102,0.728267397498712,0.258263268740848,0.0708239153027534,0.574346877401695,0.935880596749485,0.911007094196975,0
0.282552906393819,0.283462217748538,0.998204330448061,0.977655387483537,0.0715614855289459,0.287451420677826,0.0400374715682119,0.417644493747503,0.330758893396705,0.672395130386576,0
0.804127243813127,0.185372741660103,0.652213430497795,0.682975821429864,0.565606305608526,0.808824163163081,0.805747425882146,0.378291849745438,0.663448823150247,0.564778546569869,0
0.0873714277986437,0.924031058093533,0.664482048945501,0.388130482286215,0.675238112919033,0.141540334094316,0.219503279775381,0.422477746615186,0.107167397858575,0.577109239296988,0
0.644144452642649,0.83826683065854,0.233627963811159,0.0531789758242667,0.967704989947379,0.0281368093565106,0.909532314399257,0.262524809222668,0.879202991956845,0.442639967193827,0
0.770973373796977,0.852597840534523,0.153395598987117,0.83891886821948,0.360741263953969,0.590699628693983,0.736084460746497,0.183977416949347,0.802316713612527,0.982181676430628,0
0.412715996382758,0.591671661473811,0.549541409360245,0.702866148203611,0.692929951008409,0.804473683238029,0.141097066225484,0.442625598516315,0.983160251518711,0.143643729621544,0
0.852667856030166,0.989366725785658,0.51076770061627,0.480909524019808,0.718116659903899,0.541538967983797,0.309975767042488,0.0636992291547358,0.764096721308306,0.706555573036894,0
0.286941671743989,0.379563539521769,0.0611349258106202,0.395539924968034,0.676770739722997,0.25609866110608,0.575739889172837,0.325080569367856,0.108629249734804,0.167462709592655,0
0.390749082667753,0.302088698372245,0.597956786863506,0.604491217527539,0.501902978867292,0.897015710128471,0.128205528017133,0.630176090169698,0.791985961142927,0.138309068279341,0
0.321098659697548,0.657343551269174,0.0302660036832094,0.622592695523053,0.479604179272428,0.570932971779257,0.466146573424339,0.285529871936888,0.0533880018629134,0.0188175938092172,0
0.202984588933084,0.881406123717222,0.976886774878949,0.323346762452275,0.163000743370503,0.402238530339673,0.835095994872972,0.893423619447276,0.582610425539315,0.808450021082535,0
0.127112702466547,0.924319947371259,0.0727663617581129,0.912774627562612,0.402447751257569,0.4573508950416,0.119344079401344,0.0599046312272549,0.0396778020076454,0.856519282096997,0
0.993466143729165,0.171782196499407,0.306377502623945,0.930972551461309,0.408810189925134,0.56395372049883,0.459413456963375,0.771506947698072,0.749634786276147,0.199311008211225,0
0.297557156533003,0.249225279083475,0.7856375426054,0.0560895781964064,0.350099781528115,0.0135111389681697,0.770789800444618,0.637139542493969,0.182589487405494,0.137900098925456,0
0.868760483904462,0.994522711931728,0.669009842909873,0.499784520361573,0.377829781034961,0.0531743566971272,0.266602235613391,0.000567534705623984,0.323135081678629,0.925248212879524,0
0.600844317844883,0.245987173549645,0.698832557303831,0.0109533544164151,0.535762454150245,0.819577160058543,0.236264844425023,0.409803518792614,0.169948902213946,0.979744018055499,0
0.901113537003845,0.138002473091055,0.798090846510604,0.0890291058458388,0.671847335528582,0.804301642114297,0.0628539298195392,0.322333454852924,0.555228099925444,0.179384748684242,0
0.91080621147342,0.107895583214611,0.238742806017399,0.398623910499737,0.150837552035227,0.466468876926228,0.387497573625296,0.977168591693044,0.551836939994246,0.93963181017898,0
0.106066139880568,0.875319034559652,0.35698815388605,0.745930286357179,0.974608554737642,0.303525412455201,0.353296156274155,0.537778849015012,0.655156693188474,0.372342530172318,0
0.442784212063998,0.480555542046204,0.283136648591608,0.629210789455101,0.409407878294587,0.986896136775613,0.654081270098686,0.0158563854638487,0.835731186904013,0.759881290141493,0
0.659133094362915,0.359958560904488,0.205751081928611,0.41378593351692,0.279556923313066,0.787167156115174,0.490887526189908,0.516471012961119,0.599704628344625,0.772922498406842,0
0.183051704894751,0.790448781801388,0.637179754907265,0.41088037728332,0.63808511570096,0.348400860559195,0.666792767588049,0.0200868973042816,0.0745503078214824,0.28580363211222,0
0.219163194683287,0.914797495918814,0.738607572158799,0.066231939708814,0.361869666492566,0.262399223633111,0.797000534599647,0.503746261354536,0.0466513384599239,0.388647744199261,0
