"1","2","3","4","5","6","7","8","9","10","class"
0.480733156204224,0.429149313597009,0.337601389968768,0.604969616280869,0.628143257461488,0.665394227951765,0.985752699663863,0.580248196376488,0.0698648232501,0.928842074936256,0
0.418128199083731,0.683047055401187,0.494010588619858,0.277140976162627,0.198237516917288,0.337044988526031,0.603160601574928,0.841271181823686,0.543101209914312,0.188010565238073,0
0.0909998285934329,0.402250638119876,0.579206188675016,0.927715044468641,0.60430156532675,0.209526246646419,0.630444321548566,0.524405570467934,0.957391063682735,0.805714782560244,0
0.617562196683139,0.654286756878719,0.131408002693206,0.113171112490818,0.213377315551043,0.203648230992258,0.0165803323034197,0.687808355083689,0.638283227570355,0.537349834805354,0
0.736013721907511,0.339581762207672,0.76060445047915,0.339857710292563,0.448874113149941,0.445383340818807,0.448903541080654,0.39110129722394,0.770176673540846,0.805495970183983,0
0.888562507927418,0.872411945601925,0.263248838251457,0.737671983893961,0.55892738327384,0.396063952008262,0.173980923602358,0.956046478124335,0.939577419077978,0.846650478662923,0
0.549225976224989,0.758693153737113,0.664047150406986,0.156175671378151,0.62192441499792,0.513547984184697,0.121114075183868,0.751630605896935,0.877707128413022,0.434262634254992,0
0.668045446276665,0.128149682888761,0.34497024747543,0.877323366934434,0.779904740629718,0.443396377144381,0.229214124847203,0.9012632293161,0.956578555516899,0.415980181889609,0
0.580785020487383,0.738615749403834,0.612885771086439,0.743335225386545,0.577526079490781,0.894771418999881,0.243857664754614,0.798638541717082,0.208307640161365,0.676442627096549,0
0.559498726390302,0.353624609997496,0.434200759511441,0.311798790935427,0.85663450229913,0.170909115346149,0.324311928357929,0.715133851161227,0.0307887541130185,0.150477573275566,0
0.701242263894528,0.802596545079723,0.733662940794602,0.520602777833119,0.24108780361712,0.00379749340936542,0.581800915300846,0.847521939314902,0.525759152369574,0.427245485363528,0
0.269551291130483,0.622838074574247,0.958157102810219,0.57569252117537,0.184606647118926,0.417965116444975,0.018282167147845,0.5075127936434,0.932217289460823,0.179631864419207,0
0.847627561772242,0.460518196225166,0.792217474896461,0.955978963058442,0.115104603813961,0.840137720340863,0.318046872271225,0.965478574391454,0.739525597542524,0.816394977970049,0
0.669760170625523,0.696011643391103,0.28684081020765,0.91261728759855,0.965976573294029,0.784935047850013,0.281639736844227,0.254919012775645,0.162859948119149,0.715072902385145,0
0.270366016622633,0.222022116489708,0.649873926537111,0.335696822032332,0.214240675792098,0.394749591592699,0.820511305239052,0.138094264548272,0.35116818244569,0.581631994573399,0
0.205624982714653,0.641858799615875,0.571733821183443,0.813502706587315,0.762115018209442,0.582669573370367,0.93924200325273,0.238423720467836,0.0307872062548995,0.906356442952529,0
0.787030619569123,0.0461239560972899,0.482340834336355,0.367446629097685,0.00133563624694943,0.977594086900353,0.549231899902225,0.450012301327661,0.646176703739911,0.573147657793015,0
0.384433133527637,0.213638032320887,0.635923237306997,0.97706360090524,0.848757959669456,0.636549475602806,0.704688127618283,0.238741741515696,0.438563574803993,0.27186559420079,0
0.884786455892026,0.405492732301354,0.937420249450952,0.0339435646310449,0.490588451735675,0.719208818860352,0.098398553673178,0.656869849422947,0.0493361118715256,0.273892658296973,0
0.634086093632504,0.754200499504805,0.682111207162961,0.750886035850272,0.785502906655893,0.991780905984342,0.150628135772422,0.737490891246125,0.695135351736099,0.160751856165007,0
0.323056333020329,0.276562278946862,0.171211815904826,0.0951103053521365,0.226644166279584,0.607593217864633,0.8545309798792,0.970276620704681,0.926909719826654,0.0182458797935396,0
0.210710099199787,0.126543022925034,0.536015196936205,0.0225683057215065,0.525202009128407,0.691373554058373,0.316913918126374,0.351022425573319,0.479088547639549,0.364029031945392,0
0.316562925931066,0.921145098749548,0.374031351646408,0.737544016679749,0.149352105334401,0.926043783780187,0.698921082308516,0.690946864895523,0.853309912374243,0.292733701877296,0
0.773245574673638,0.687700480921194,0.166869736043736,0.0235959063284099,0.190733284456655,0.196669189725071,0.929921225877479,0.25366466678679,0.471395462984219,0.087025124579668,0
0.446405441733077,0.235030964482576,0.767327634617686,0.0390385815408081,0.815753189148381,0.983624663902447,0.400783883873373,0.91660603065975,0.162448941729963,0.802444419125095,0
0.934302411507815,0.660899884300306,0.0778596196323633,0.297845527529716,0.670120830647647,0.0637600955087692,0.36742109246552,0.481599326245487,0.368015045765787,0.745397705119103,0
0.0980057236738503,0.725632907589898,0.30163156427443,0.400656763231382,0.0518123067449778,0.498849032446742,0.65212312922813,0.352982321055606,0.512881549075246,0.154595098923892,0
0.135060088476166,0.744270876049995,0.734600909054279,0.47579165478237,0.845567270647734,0.0589501264039427,0.504800576483831,0.872077518841252,0.305013459408656,0.360092850169167,0
0.110339050879702,0.25129708298482,0.153075842419639,0.956330065382645,0.168169853743166,0.995674261357635,0.516589912353083,0.719955238746479,0.823909976519644,0.847997279604897,0
0.607465104665607,0.820675066206604,0.0250796417240053,0.475197328720242,0.0222110180184245,0.522479050559923,0.410913675557822,0.364348754752427,0.532177632441744,0.682969778077677,0
0.0703014947939664,0.660891085630283,0.717596730682999,0.876143811736256,0.959588477620855,0.727305515669286,0.215876343194395,0.123318716883659,0.784823324996978,0.906181095400825,0
0.319815527182072,0.747338711749762,0.328112626448274,0.131990614812821,0.55262861168012,0.776533330092207,0.550891506951302,0.0166879154276103,0.546356678474694,0.172256713733077,0
0.703397538512945,0.706764386501163,0.174706233898178,0.591680835466832,0.685952569590881,0.2882219562307,0.937996909487993,0.513846178771928,0.133247431367636,0.295032708207145,0
0.175381429027766,0.833043611841276,0.0336839451920241,0.318253076635301,0.203429791610688,0.636472627986223,0.116808383958414,0.800605716649443,0.541344781173393,0.698991851648316,0
0.163205320946872,0.736535043921322,0.410883107455447,0.431284880964085,0.411555884638801,0.4412577948533,0.0878548729233444,0.0540426797233522,0.722985388943925,0.817307146731764,0
0.128627884900197,0.0402600404340774,0.88189751165919,0.864544587908313,0.881232336629182,0.431661422364414,0.289056309266016,0.440567439654842,0.409055924508721,0.220237683970481,0
0.407276460202411,0.225575537187979,0.266782063059509,0.974331914680079,0.250797038897872,0.417033690959215,0.61639741435647,0.29106028797105,0.620349734323099,0.849765879334882,0
0.615496169077232,0.545690622879192,0.0269955093972385,0.413202653173357,0.848421579459682,0.414567690808326,0.0246353393886238,0.2727041086182,0.551256267819554,0.4905763536226,0
0.339432986453176,0.636012439383194,0.784925342537463,0.30488833412528,0.106420555151999,0.456133560044691,0.633685204666108,0.755473714321852,0.246519638691097,0.705566653981805,0
0.308025406673551,0.486208601854742,0.0331904112827033,0.0813246255274862,0.55470312340185,0.283364832866937,0.238534547388554,0.982192259049043,0.159892272436991,0.404447062173858,0
0.698549857363105,0.781302067451179,0.271549640456215,0.211184485582635,0.998187581542879,0.795162486610934,0.871592971030623,0.569627143675461,0.95048121502623,0.647985273273662,0
0.837821126682684,0.914972478756681,0.00221032719127834,0.45451990282163,0.191481326939538,0.0379536924883723,0.0529328493867069,0.326315619284287,0.299703462049365,0.368548361584544,0
0.759087315527722,0.78262080787681,0.00612530368380249,0.149821181548759,0.512497652089223,0.761310531292111,0.459153866162524,0.750004328321666,0.646236038533971,0.64305247599259,0
0.624424716690555,0.0573556846939027,0.420265095075592,0.580878770444542,0.742004777071998,0.933292131172493,0.596609943080693,0.0661677692551166,0.507312014233321,0.744386450853199,0
0.66901810024865,0.993934340076521,0.981656036572531,0.528934600530192,0.499205778585747,0.836841192562133,0.127805402968079,0.905275408178568,0.562337331008166,0.862228204263374,0
0.611484344583005,0.858768509235233,0.452550768619403,0.191548318369314,0.221996721578762,0.17876903549768,0.353847953723744,0.809222191572189,0.369212507968768,0.735141819342971,0
0.731458335649222,0.36553103546612,0.784569187555462,0.931173220276833,0.138295569224283,0.508712723618373,0.698915456654504,0.762797086266801,0.0375277600251138,0.937137746950611,0
0.549945367965847,0.301290384028107,0.0249903483781964,0.425923610571772,0.454704480711371,0.369089560350403,0.04075270681642,0.632891545072198,0.242367988452315,0.770270987879485,0
0.908542890567333,0.146954225376248,0.14411842962727,0.073134642560035,0.450553043745458,0.596151702105999,0.994784701149911,0.238675846718252,0.662071094382554,0.347719014622271,0
0.769087557913736,0.403262256179005,0.904881506226957,0.197472603758797,0.884306957479566,0.496469815727323,0.325219634920359,0.779768632492051,0.0232304867822677,0.787758180871606,0
0.346072207903489,0.338190689682961,0.420803883112967,0.703335175989196,0.337580331834033,0.73898525768891,0.353533374611288,0.234483669744805,0.296119267120957,0.46465507382527,0
0.207445978419855,0.839642025763169,0.391860127914697,0.463701639557257,0.293501206906512,0.00701092951931059,0.152770386543125,0.952855666400865,0.109471116447821,0.477304336847737,0
0.562950852327049,0.466150052379817,0.904677726794034,0.274102511117235,0.615441888803616,0.187598639633507,0.0346368022728711,0.796708114910871,0.961854142369702,0.298702742205933,0
0.00108690303750336,0.0560737675987184,0.901656489586458,0.901565131964162,0.0872072000056505,0.250320124672726,0.600325851468369,0.871283447137102,0.808928285259753,0.332188855158165,0
0.530401227995753,0.501143195200711,0.240226515801623,0.141861532116309,0.336823823861778,0.4336975782644,0.0989377291407436,0.459584490163252,0.524107860634103,0.332848466932774,0
0.172407890670002,0.530723412288353,0.276863032253459,0.368461286881939,0.757034090347588,0.478817627299577,0.230428554816172,0.659950134111568,0.767038808204234,0.534346921369433,0
0.0140594439581037,0.136074896436185,0.749414982274175,0.20714309066534,0.777680434519425,0.866906131152064,0.675353335682303,0.756138476775959,0.86871300614439,0.402068792609498,0
0.243666769238189,0.12631166446954,0.0615822849795222,0.621310341637582,0.692289624828845,0.108578383224085,0.000842129345983267,0.991951901931316,0.041302505414933,0.630197552731261,0
0.217100027017295,0.241080109961331,0.691569936927408,0.152387065114453,0.721326741855592,0.44808937725611,0.713423898909241,0.714528733165935,0.328215695917606,0.0970494525972754,0
0.133173976093531,0.663683174876496,0.110238807275891,0.678505830466747,0.787654417799786,0.939288082998246,0.176710453117266,0.423838746733963,0.69470163108781,0.212077450938523,0
0.989023383939639,0.265158418798819,0.525646430207416,0.438615783816203,0.878792578820139,0.37142774485983,0.0305194153916091,0.833767370553687,0.129100684542209,0.528920405078679,0
0.936353604620881,0.825853888919763,0.252684387378395,0.32270359294489,0.345500898780301,8.96698329597712e-05,0.788138536736369,0.405431316001341,0.249145907117054,0.141729830997065,0
0.362332818735018,0.743344046093151,0.0504582095891237,0.661956690484658,0.380733555648476,0.970680161379278,0.843756209127605,0.659163687378168,0.829876674572006,0.0933918775990605,0
0.321126048685983,0.981278639985248,0.770654536318034,0.42075208039023,0.745565530611202,0.607847528066486,0.275428325170651,0.621318430406973,0.195805453462526,0.888111787149683,0
0.217742901528254,0.292310985503718,0.946421831380576,0.780725440243259,0.911629497306421,0.279184012208134,0.790497299516574,0.448260203702375,0.0859823394566774,0.752331198658794,0
0.265732114044484,0.250930849615484,0.967136005870998,0.964310269104317,0.899177073966712,0.826111018424854,0.513188132317737,0.426187470089644,0.880202032625675,0.467365296324715,0
0.929039702285081,0.330428194254637,0.157590788556263,0.379949977388605,0.911147740669549,0.191409724764526,0.908348985482007,0.172010854817927,0.300831660861149,0.473575503798202,0
0.610536777647212,0.74694266053848,0.992430760059506,0.360511953476816,0.846268089022487,0.618751335889101,0.450850628549233,0.437873194226995,0.903403418837115,0.737865486880764,0
0.549441638571769,0.383005388092436,0.448475584154949,0.213802139507607,0.360685255145654,0.410615680739284,0.0981918158940971,0.704270981717855,0.710318516241387,0.0600880917627364,0
0.215814765918069,0.262979810699448,0.94631960359402,0.115716815926135,0.716618935810402,0.441923136124387,0.153115447377786,0.492006930755451,0.117872938746586,0.649045422440395,0
0.597101087216288,0.81043129763566,0.181605490623042,0.0713827151339501,0.634725550655276,0.0128845742437989,0.999075495637953,0.641093334183097,0.298025585943833,0.862815192900598,0
0.798454659758136,0.602200911846012,0.652203201316297,0.744798947824165,0.238946824800223,0.969639120623469,0.602802611654624,0.623071415349841,0.0336924141738564,0.366051425458863,0
0.477516109123826,0.233254394028336,0.166943206451833,0.627306435955688,0.586033458821476,0.0866923856083304,0.605212924536318,0.103042426984757,0.28855036618188,0.835508757736534,0
0.960909659042954,0.0647918151225895,0.675885261269286,0.213845213176683,0.537545375293121,0.937860047211871,0.832009969046339,0.457335873041302,0.69501129258424,0.0586014895234257,0
0.03280542884022,0.0398435757961124,0.490878185257316,0.711263122502714,0.893162357155234,0.823977935360745,0.188191847642884,0.364619896747172,0.582360630854964,0.955551503924653,0
0.807050785748288,0.381102608051151,0.914769184077159,0.810135828796774,0.027249907143414,0.946640609297901,0.0492559664417058,0.810150830540806,0.00530020310543478,0.273803807795048,0
0.398686493514106,0.226755680516362,0.902652294607833,0.281856462359428,0.0193697412032634,0.736397932749242,0.282892975723371,0.0881792674772441,0.210221383953467,0.711641520261765,0
0.753489404132962,0.55862389516877,0.756675374228507,0.040555419633165,0.957267183111981,0.84038968058303,0.172900234349072,0.344745389884338,0.103788712760434,0.428830821299925,0
0.677268500439823,0.432569317054003,0.452095429413021,0.951822212198749,0.498093081172556,0.585343227256089,0.562217415310442,0.0702923208009452,0.00345664308406413,0.969365302007645,0
0.364940131315961,0.15195590746589,0.954756948631257,0.933261852478608,0.305434751790017,0.202481973916292,0.227323825703934,0.77975798281841,0.404282337520272,0.861228748923168,0
0.825314251938835,0.862703611608595,0.0916423036251217,0.372665612725541,0.233814598526806,0.438010525656864,0.210700730560347,0.0683067115023732,0.0833645898383111,0.399859699653462,0
0.871419033268467,0.314666057704017,0.783163025509566,0.570088573731482,0.993951130425557,0.687191082863137,0.330484821693972,0.821997997350991,0.432607809081674,0.633854625746608,0
0.202849256107584,0.00307276425883174,0.0795182145666331,0.429393869824708,0.700775639386848,0.464294049656019,0.984082750044763,0.201979526085779,0.314832059200853,0.151501972461119,0
0.209882158553228,0.258843797026202,0.96844823891297,0.0227874857373536,0.448990417644382,0.658866085810587,0.544833554653451,0.950722209876403,0.725101942429319,0.293282852508128,0
0.131212399809062,0.639846972675808,0.856960547622293,0.890010082861409,0.772438901942223,0.623054980998859,0.604568908689544,0.166403066599742,0.714261271059513,0.284441830823198,0
0.306016868678853,0.22476164274849,0.152214118512347,0.86756267468445,0.778238052502275,0.779502721270546,0.728728215908632,0.783911685459316,0.521746144397184,0.847460807533935,0
0.671082593983412,0.156450051577017,0.50014419015497,0.42617677920498,0.336647081421688,0.407530136639252,0.966695328941569,0.109072274761274,0.249549223808572,0.314922951394692,0
0.850648880004883,0.491278323810548,0.0665206778794527,0.940875487634912,0.397641672054306,0.691243886714801,0.338730015559122,0.354635377647355,0.0823150910437107,0.445943590020761,0
0.711338658817112,0.125494308536872,0.83959332620725,0.147766610374674,0.271356995683163,0.625506785931066,0.908863246906549,0.804380712797865,0.440803634002805,0.899608737556264,0
0.345176641829312,0.548102050786838,0.883565569994971,0.173779984703287,0.704288088483736,0.369011808652431,0.892328904476017,0.233429342973977,0.62771558505483,0.447911069961265,0
0.595328469295055,0.697000873275101,0.369180188514292,0.672404563985765,0.661033240612596,0.473900012439117,0.825934963533655,0.455460452474654,0.710177759639919,0.217006307793781,0
0.401960833815951,0.864858860511053,0.808300644857809,0.0428050295449793,0.196696352446452,0.729363513877615,0.388082123128697,0.418205948313698,0.952835403149948,0.435987706063315,0
0.815889141755179,0.939846013439819,0.021058285376057,0.0214668444823474,0.710561657324433,0.0933240214362741,0.329073586734012,0.211380345746875,0.850806132424623,0.952487359521911,0
0.926087745698169,0.236710601719096,0.0450722514651716,0.624924012226984,0.403919624863192,0.0372723990585655,0.938381049083546,0.709349897457287,0.24291641684249,0.461613038321957,0
0.840694083832204,0.793887021718547,0.564492798643187,0.927428062306717,0.60314704827033,0.0638593642506748,0.0201657642610371,0.117722420953214,0.460542709333822,0.915093244053423,0
0.802556536858901,0.224056666484103,0.739872185047716,0.677034800173715,0.211894503328949,0.893177649471909,0.267031770199537,0.876693428959697,0.498453810811043,0.221006723120809,0
0.106114162132144,0.696290879976004,0.0846446882933378,0.144445648184046,0.00568384281359613,0.121378049021587,0.884374342858791,0.677251589717343,0.590428004739806,0.668349244864658,0
0.328982767183334,0.0533526563085616,0.370802888181061,0.64876289316453,0.598143118200824,0.133988525019959,0.596602163277566,0.432950573740527,0.777105897897854,0.548159321304411,0
0.900999163510278,0.663006137590855,0.169098925311118,0.824410527944565,0.608036028919742,0.79460867587477,0.660514484159648,0.719042822020128,0.915234121261165,0.516296658897772,0
0.799563779728487,0.93580030486919,0.486715971957892,0.342788243433461,0.581204088171944,0.170132407452911,0.990624406607822,0.858478929847479,0.0388875936623663,0.681563838152215,0
