"1","2","3","4","5","6","7","8","9","10","class"
0.120507486863062,0.31878988770768,0.231727811740711,0.383321453351527,0.966443413868546,0.339495975757018,0.872865854064003,0.0394764316733927,0.45951029076241,0.923826718237251,0
0.0877449798863381,0.364137677010149,0.507716741645709,0.173256335780025,0.614745122147724,0.147805825574324,0.50425297790207,0.413857262581587,0.0509975969325751,0.882388026220724,0
0.313542966265231,0.480057618347928,0.27690342348069,0.272696075029671,0.92173014767468,0.39598829112947,0.384815761586651,0.215405584312975,0.541059677489102,0.630562637932599,0
0.505756476195529,0.152631365694106,0.621279147453606,0.755914851324633,0.880116630345583,0.802077600499615,0.907172743231058,0.493637175532058,0.603169613983482,0.908577873837203,0
0.203805131139234,0.885618718340993,0.158412922173738,0.899319557007402,0.134163697017357,0.270812595030293,0.390682217199355,0.184674354502931,0.0790423394646496,0.183883184334263,0
0.563433808274567,0.0872109974734485,0.396387407556176,0.272629057290033,0.384514729958028,0.497351413127035,0.577706706477329,0.0697894527111202,0.137857147725299,0.048521721502766,0
0.277652798919007,0.681849950226024,0.661412227898836,0.710267027374357,0.330907887080684,0.355046434560791,0.218093673465773,0.870767633896321,0.814754322404042,0.596565540647134,0
0.0114234078209847,0.673890184611082,0.687722957227379,0.806620721705258,0.157892780611292,0.831571419723332,0.526152084348723,0.652354088611901,0.0549541581422091,0.63084463076666,0
0.531833483604714,0.941922798287123,0.275072612334043,0.952952293679118,0.10002589225769,0.68228487088345,0.0317918686196208,0.710574681172147,0.786316260462627,0.544918596278876,0
0.646088851615787,0.856410567881539,0.065768402768299,0.0211314863990992,0.766791466390714,0.261325332336128,0.672026130836457,0.366437900345773,0.638813780620694,0.559826046926901,0
0.828797074966133,0.650106846122071,0.125190956750885,0.955922681838274,0.416037678252906,0.518622050527483,0.438659454230219,0.618037762353197,0.0909916516393423,0.43585903942585,0
0.682511340361089,0.283089181408286,0.548280382761732,0.856331985676661,0.998914629686624,0.249121054308489,0.824444121448323,0.0409821486100554,0.470370619790629,0.570284072309732,0
0.669795878464356,0.325686243828386,0.54638187168166,0.351004287367687,0.915437295101583,0.807828254299238,0.691786286653951,0.921965525252745,0.000963333994150162,0.166741438675672,0
0.890444197924808,0.317231163615361,0.0982369417324662,0.144144849851727,0.503543954575434,0.598646753001958,0.537569291191176,0.394974366296083,0.357467064168304,0.466029251227155,0
0.351405402412638,0.364886409370229,0.265281210420653,0.154364361660555,0.826424307888374,0.588830773718655,0.948956432053819,0.31657475233078,0.821014426182956,0.330144787672907,0
0.308460159460083,0.160572442924604,0.881353118689731,0.41439399542287,0.661075058626011,0.59547339589335,0.37865805067122,0.420439135516062,0.18219052394852,0.378805638989434,0
0.410629526246339,0.0106780645437539,0.33022096962668,0.535075881285593,0.846463885856792,0.856089969864115,0.733137336559594,0.000117541989311576,0.998842105502263,0.793377178953961,0
0.687120200367644,0.512000570772216,0.843233571853489,0.635117245372385,0.567811930784956,0.0363455899059772,0.155902158934623,0.845017941202968,0.27238926757127,0.204988190205768,0
0.976804066915065,0.0900495601817966,0.455023644026369,0.94109258428216,0.635247953003272,0.312534103170037,0.0242882908787578,0.752551599405706,0.934672038070858,0.0574524370022118,0
0.616251387400553,0.767575559671968,0.554102054564282,0.780500361695886,0.250860242405906,0.0415929974988103,0.826598108047619,0.740060103591532,0.73481611860916,0.827737325802445,0
0.983822258422151,0.852239826926962,0.79892608220689,0.570709529332817,0.368474253453314,0.879033216740936,0.135009051067755,0.224452673690394,0.807386004365981,0.637969546485692,0
0.520153576973826,0.42359356652014,0.711659372085705,0.791082352632657,0.530004841275513,0.492626197868958,0.123269026167691,0.717315564164892,0.0493352874182165,0.885573047911748,0
0.0874642303679138,0.479175632353872,0.37818537838757,0.413076615193859,0.79209730704315,0.95903499238193,0.343459946569055,0.130726247327402,0.0985630808863789,0.471644445089623,0
0.933378103887662,0.590717543149367,0.0325614491011947,0.680607837392017,0.102107621729374,0.694017893169075,0.262429295107722,0.476971492869779,0.52724754344672,0.208067088155076,0
0.435090683633462,0.659223786555231,0.920006184373051,0.735589950112626,0.692760433303192,0.372764943866059,0.870762899285182,0.157584031112492,0.0492064408026636,0.205969342496246,0
0.236888108309358,0.14644065592438,0.610539516666904,0.429011660628021,0.0389834966044873,0.272780378814787,0.343917339807376,0.54240154591389,0.739262002520263,0.512744549894705,0
0.78169201919809,0.336503490339965,0.260900743771344,0.237381790298969,0.353171939728782,0.15953799081035,0.575871493434533,0.232027532998472,0.677871651249006,0.674548321403563,0
0.649595476221293,0.782724880613387,0.601266197860241,0.94267922709696,0.92252897284925,0.6312830618117,0.657611303962767,0.210992206586525,0.389318609144539,0.631125103216618,0
0.584935419028625,0.544974324759096,0.395700669148937,0.642901334911585,0.734533770941198,0.165508517762646,0.594644880387932,0.441481688525528,0.496019460726529,0.728358914377168,0
0.476180453086272,0.45977529976517,0.217933232197538,0.116888182004914,0.843348323367536,0.922028025379404,0.54429892799817,0.640081324148923,0.0331032986287028,0.661592110060155,0
0.662203814368695,0.272370975464582,0.230705949477851,0.733542010886595,0.700656804488972,0.915787144796923,0.358336650766432,0.034472705097869,0.220892229583114,0.73654197063297,0
0.890648286323994,0.355917837703601,0.376338992500678,0.534360851161182,0.135836253408343,0.34379279287532,0.465949150035158,0.224237485090271,0.784882586915046,0.886275176191702,0
0.59811984281987,0.391872743144631,0.492635717615485,0.420283067971468,0.175078575266525,0.339976317016408,0.0094377207569778,0.111468739807606,0.032585077919066,0.214126642560586,0
0.74632356595248,0.910660252673551,0.520391163183376,0.691428325138986,0.296937213279307,0.583588963141665,0.972781494725496,0.370498509611934,0.570569074479863,0.424143280368298,0
0.86142941750586,0.623959311982617,0.69476751727052,0.306638426380232,0.210000597173348,0.731663679005578,0.141930443700403,0.619665657868609,0.611643515061587,0.105267845094204,0
0.48040208988823,0.651537762256339,0.0439611391630024,0.683723525609821,0.182539898203686,0.363272576825693,0.453047273913398,0.796011889353395,0.162007969571277,0.921264201402664,0
0.595581777859479,0.92716362606734,0.68098294804804,0.951159956166521,0.245582608273253,0.0899726836942136,0.699667067965493,0.641785651678219,0.964843166759238,0.328672499163076,0
0.492472322424874,0.8388066443149,0.47546730353497,0.224511500215158,0.0749107629526407,0.185070422710851,0.971518552862108,0.152577083790675,0.353101774584502,0.300478568300605,0
0.225643683457747,0.385530038038269,0.755121598253027,0.496455987216905,0.511965231271461,0.887499883305281,0.941398001508787,0.530594188021496,0.00729222199879587,0.73000412597321,0
0.184718635864556,0.316716907545924,0.0702600027434528,0.769402909325436,0.318390797590837,0.945767977274954,0.534796161577106,0.468487140722573,0.456054653273895,0.517757906811312,0
0.313861314440146,0.495681515662,0.498519161716104,0.808085753349587,0.996599975973368,0.668397417059168,0.927186056738719,0.451467340346426,0.206075237831101,0.679804951185361,0
0.533144436078146,0.966406276682392,0.953355784062296,0.419105985667557,0.815149283502251,0.36970659904182,0.331740217749029,0.00120090576820076,0.107244037091732,0.272351416293532,0
0.643364540301263,0.262365977279842,0.615285159787163,0.00425314391031861,0.762174877338111,0.193620970007032,0.246636946685612,0.677694608224556,0.0698910690844059,0.878604822093621,0
0.547761261463165,0.33517843298614,0.515184370102361,0.150056435028091,0.652925537433475,0.0978742325678468,0.350067669060081,0.0719463734421879,0.634190479293466,0.667058266932145,0
0.500987384701148,0.212971037719399,0.730752518866211,0.272071535466239,0.722686486551538,0.145797188393772,0.0157443026546389,0.291801488492638,0.738631455227733,0.0290888836607337,0
0.586356489686295,0.576371302129701,0.563479384873062,0.00445814919658005,0.0951288556680083,0.824281695531681,0.753287133993581,0.641403823858127,0.258043425856158,0.547073609894142,0
0.080928597599268,0.422615163726732,0.206305774161592,0.266562521457672,0.104887594468892,0.293583916965872,0.499194798525423,0.728067907504737,0.0344743607565761,0.325468699913472,0
0.36977974139154,0.595541896065697,0.743098990758881,0.595285239163786,0.907001388026401,0.983905354514718,0.501095686107874,0.596101841656491,0.920332463923842,0.0894334530457854,0
0.934159740339965,0.713513715192676,0.190782404271886,0.158136216690764,0.548010927857831,0.208377432310954,0.275856170570478,0.534389047184959,0.845565540948883,0.6342073448468,0
0.433647336671129,0.739660285180435,0.260800844756886,0.91738161095418,0.780600638361648,0.0520925405435264,0.488589067477733,0.477250910364091,0.801064692670479,0.136402167379856,0
0.293770843883976,0.955072751734406,0.68612905498594,0.69231553399004,0.579906341154128,0.975498377811164,0.868934924248606,0.454244876513258,0.981424215249717,0.0809958276804537,0
0.540584296453744,0.796358475461602,0.887125906301662,0.482033482054248,0.544002582319081,0.670512554934248,0.0521774040535092,0.548203820828348,0.860133604612201,0.682491464074701,0
0.218906122259796,0.376692639430985,0.550989051349461,0.492483251960948,0.297708441969007,0.198889639927074,0.589171259663999,0.715150198200718,0.293273413321003,0.391819570679218,0
0.669880535686389,0.809947140514851,0.0630616175476462,0.184855283237994,0.198990632081404,0.220082900254056,0.888302615378052,0.231634309981018,0.189672636333853,0.960320928134024,0
0.178607392590493,0.900669222930446,0.238619568524882,0.18670549755916,0.519520303700119,0.557412025285885,0.713273004395887,0.197269876720384,0.484069006284699,0.0210084111895412,0
0.708760540466756,0.695949927903712,0.220764747122303,0.959943338995799,0.233654611743987,0.793202136643231,0.311725239269435,0.747666951268911,0.990554875228554,0.816976578440517,0
0.394097168464214,0.754723968915641,0.847479878691956,0.540313548175618,0.633434134302661,0.10762827238068,0.090261965058744,0.765880030114204,0.477105913683772,0.660959327826276,0
0.593399335397407,0.625996618298814,0.161080551566556,0.893288146005943,0.242485279450193,0.730324373347685,0.213290082989261,0.735464414581656,0.888983061769977,0.0349329574964941,0
0.635962243424729,0.501119121676311,0.911578543949872,0.849939285777509,0.164566414197907,0.767613385105506,0.00678573991172016,0.902078519342467,0.296990809496492,0.797740872018039,0
0.197044813772663,0.967467845417559,0.93235378107056,0.872504191007465,0.23758053407073,0.5991752196569,0.253420574590564,0.323293386958539,0.997194407973439,0.910969306016341,0
0.558059129863977,0.661179087124765,0.557522386778146,0.366653479868546,0.675774636911228,0.665057840757072,0.927825124235824,0.239322440465912,0.43709307606332,0.629121787147596,0
0.26586287538521,0.232370344921947,0.259247557958588,0.597350871423259,0.244034480769187,0.580779443029314,0.649280875455588,0.0943120659794658,0.259590973844752,0.412892187712714,0
0.956263166386634,0.725715748267248,0.65656302170828,0.355805129744112,0.0273552450817078,0.176621357444674,0.432850301498547,0.892873926553875,0.41564387246035,0.358191279694438,0
0.237684830790386,0.598436374915764,0.443476948188618,0.326393036171794,0.937548305373639,0.22987576178275,0.915745356353,0.128158884588629,0.410027529811487,0.151137098204345,0
0.828656321857125,0.768015976529568,0.625535913743079,0.258227973943576,0.688662479165941,0.969228888163343,0.358095648698509,0.833624853054062,0.965893048793077,0.289970929268748,0
0.0585987269878387,0.860568749485537,0.742093183565885,0.962716249050573,0.00359884998761117,0.176012259209529,0.865736818872392,0.384515468962491,0.252074202988297,0.723381087183952,0
0.544978725258261,0.818730301689357,0.775121714919806,0.198596025584266,0.0313416330609471,0.278700936818495,0.258838427485898,0.523352746851742,0.403646289836615,0.388070372864604,0
0.108201280701905,0.134923776146024,0.918847301742062,0.861166004091501,0.714322707848623,0.870317948283628,0.444965697824955,0.947655320400372,0.604558640625328,0.359046240570024,0
0.961031687213108,0.123620856786147,0.410172625211999,0.566408015554771,0.505997298983857,0.664173814235255,0.553577281534672,0.896388529101387,0.745197420706972,0.944591384148225,0
0.654214028734714,0.363819470629096,0.333924680715427,0.574258248554543,0.641580004943535,0.540408336091787,0.657119823619723,0.743782028788701,0.204081126255915,0.223548830486834,0
0.896213075844571,0.0144880854059011,0.0757500524632633,0.109458912163973,0.704952529398724,0.938129364047199,0.822413447313011,0.268132486380637,0.73027677112259,0.314201606204733,0
0.165832919068635,0.55793880764395,0.526643621269614,0.867677157977596,0.593949266709387,0.37470821198076,0.495867109624669,0.092516714008525,0.881653412710875,0.338929793797433,0
0.576811921549961,0.794094575336203,0.408461798913777,0.945293702650815,0.269682758720592,0.665079349651933,0.463410348864272,0.963692359859124,0.436585854738951,0.682252789381891,0
0.909110032720491,0.168264213483781,0.729808419477195,0.437810105038807,0.551239408319816,0.282714123604819,0.268593480344862,0.752052339958027,0.0690644127316773,0.072483730269596,0
0.390784897608683,0.235265027731657,0.373183401999995,0.0877312498632818,0.074277080828324,0.996087599545717,0.83948436495848,0.378407726995647,0.872209122637287,0.282353599788621,0
0.100802852306515,0.978085682960227,0.67431742977351,0.992918755626306,0.907050033798441,0.26604997809045,0.138690358260646,0.183209321228787,0.781882162205875,0.367794177494943,0
0.00919507746584713,0.39609608752653,0.96167411422357,0.419599653454497,0.640268687857315,0.751052785664797,0.729234150843695,0.783704399131238,0.539510543923825,0.240802376996726,0
0.828427964821458,0.727741769514978,0.866009493824095,0.661771728890017,0.820924524683505,0.679850077489391,0.630989469354972,0.6999949417077,0.486741903005168,0.342411187011749,0
0.230221990030259,0.860414370661601,0.697139834519476,0.983668977627531,0.745084451511502,0.0515749710611999,0.718253178056329,0.479797940701246,0.740795919205993,0.368830150458962,0
0.27226384729147,0.843562613008544,0.718152423854917,0.399743248010054,0.718708676984534,0.266978635918349,0.763968395302072,0.132941824384034,0.1528338144999,0.876672434620559,0
0.491924821631983,0.32861397229135,0.941768461372703,0.356261717388406,0.798868909012526,0.457240343559533,0.74599333666265,0.818516979226843,0.595056110294536,0.940411146497354,0
0.335798838874325,0.637559055350721,0.488557417644188,0.371191210346296,0.0580880553461611,0.193322477629408,0.226713228272274,0.487293505575508,0.594787178793922,0.836545206140727,0
0.0547434792388231,0.752929890528321,0.543651420157403,0.263629907974973,0.033282189629972,0.981488054618239,0.145872042747214,0.931111715966836,0.711974555393681,0.318178661400452,0
0.548824703553692,0.0456236444879323,0.0118885962292552,0.758238178212196,0.668748018564656,0.75215504434891,0.253077727975324,0.896522292401642,0.633571593090892,0.163110394496471,0
0.176321523962542,0.282637643860653,0.570929717971012,0.990920497337356,0.0229196713771671,0.21295668836683,0.490410394500941,0.560550912749022,0.418102385476232,0.493624098366126,0
0.0517531107179821,0.35281886998564,0.3027175036259,0.622864737873897,0.800249766325578,0.584513250272721,0.809157165233046,0.390453139552847,0.544597327010706,0.66191453486681,0
0.174769170349464,0.576236452674493,0.687580817379057,0.0270525999367237,0.940230960492045,0.730173777090386,0.315077022882178,0.726485025370494,0.510218871524557,0.185315831331536,0
0.201918003382161,0.108058482874185,0.866487122606486,0.789654852822423,0.901256434619427,0.76423975918442,0.126896464964375,0.929562288802117,0.782497187145054,0.346774122212082,0
0.820153712294996,0.688911858014762,0.152538065100089,0.584774506743997,0.963741760700941,0.731671325862408,0.354292213683948,0.246803898364305,0.871039941441268,0.339802924077958,0
0.070799513021484,0.739024080801755,0.572079477133229,0.593230088241398,0.499711792683229,0.872939717257395,0.450016798451543,0.0935901969205588,0.916575463954359,0.535109335090965,0
0.556679503060877,0.0610947767272592,0.591149089392275,0.531459437683225,0.492441140348092,0.076778416056186,0.236414139159024,0.91766565060243,0.15068134968169,0.668439134722576,0
0.442609784658998,0.892510088393465,0.0763308119494468,0.246069753076881,0.0826773403678089,0.29254348995164,0.186220222851261,0.000683027319610119,0.924579789396375,0.801050892332569,0
0.273096888558939,0.793996802298352,0.509775469079614,0.730974747100845,0.876130589749664,0.741698113502935,0.386152663268149,0.0959901660680771,0.582034768769518,0.187226463109255,0
0.0271119002718478,0.59602634049952,0.551252808654681,0.847076702630147,0.130094290943816,0.401554354699329,0.949173434637487,0.810256910976022,0.0510579599067569,0.279906880808994,0
0.244477573083714,0.798063187161461,0.271885893307626,0.0801751620601863,0.55113389249891,0.470343556022272,0.445883987238631,0.711883294396102,0.83511026087217,0.256216095294803,0
0.968541957437992,0.326481489930302,0.194879659451544,0.0758577755186707,0.526758057530969,0.484263891354203,0.11182103655301,0.0921669921372086,0.67967044445686,0.108474847627804,0
0.563569292193279,0.655830779811367,0.98998548137024,0.619721614290029,0.341290806885809,0.867676112800837,0.601142429048195,0.431138425599784,0.487608931958675,0.439421098213643,0
0.413755154469982,0.578972432995215,0.0391193034593016,0.171709225513041,0.177489801077172,0.371721141738817,0.26890779659152,0.555717015638947,0.44064499787055,0.7583276941441,0
0.165927169378847,0.848236466757953,0.970171606168151,0.709870072314516,0.114136395975947,0.577448669821024,0.165609875461087,0.0516430577263236,0.0715984946582466,0.168873965041712,0
0.928305549081415,0.318524004425853,0.631059417268261,0.834989670198411,0.0646596252918243,0.0230901667382568,0.250360938254744,0.320043888874352,0.109105058480054,0.872096224455163,0
