"1","2","3","4","5","6","7","8","9","10","class"
0.438691471633501,0.629687959467992,0.572335361037403,0.586635764874518,0.0217450081603602,0.0556332527194172,0.825276520568877,0.270724532892928,0.470986125292256,0.958526571281254,0
0.197589415675774,0.0454525120047852,0.964187436284497,0.0259988408479839,0.221738942887261,0.376530023990199,0.168055138317868,0.602383374236524,0.486566718900576,0.696850349660963,0
0.448200773075595,0.0149848623275757,0.960233200512454,0.991524336792529,0.0270792407490313,0.731548280920833,0.610391875030473,0.322665752843022,0.280146066332236,0.683467485476285,0
0.122042501174472,0.949765904569253,0.875329182062484,0.150323868665844,0.823083117952384,0.180586059810594,0.744674220914021,0.321905276039615,0.352368007414043,0.406945618335158,0
0.438073924930207,0.60030473982878,0.959106979616918,0.955819773567654,0.0233538239579648,0.00786097534000874,0.587250523734838,0.704569123452529,0.883779540192336,0.235220144037157,0
0.668260744772851,0.0250185285243206,0.659155826835427,0.0279367572320625,0.986974760605488,0.624940842855722,0.205759823555127,0.956446641124785,0.535931929247454,0.240390591090545,0
0.932620456634089,0.0849067698378116,0.0124740204572678,0.986110683655739,0.11460464512296,0.485730109969154,0.551316569559276,0.416199733270332,0.0615972082596272,0.47494726581499,0
0.589003861667123,0.62523646055283,0.394809451947548,0.0120499701293185,0.359037714954745,0.720662293722853,0.380534084048122,0.795253860298544,0.205313007347286,0.0791670558974147,0
0.929537304838374,0.984610576516017,0.979272889026441,0.0322855006378144,0.0654429740987718,0.381885497597978,0.530565673485398,0.938397826626897,0.993338517146185,0.82870837370865,0
0.214437229021825,0.98402723368071,0.971654739333037,0.824466762450896,0.866988703711517,0.903045210987329,0.631212209817022,0.544433267787099,0.0993073047138751,0.652447155676782,0
0.463682147096843,0.543061627175659,0.399562498642132,0.425796307943761,0.977462158128619,0.0678321025334299,0.477538318838924,0.566500900080428,0.33870851714164,0.935975436586887,0
0.20678784753466,0.135953839561529,0.868609828571975,0.963202700548526,0.965720420323685,0.652582655427977,0.022440702887252,0.971636043628678,0.955440810648724,0.284011791460216,0
0.309639949954301,0.683177842025645,0.686526368923485,0.23895525087826,0.761842822009698,0.236459595849738,0.947639956604689,0.686818350339308,0.784523595124483,0.411742247873917,0
0.648458195374534,0.355653373264242,0.0046945784474723,0.0289158215675503,0.643177232634276,0.849241871619597,0.245959383901209,0.337408566614613,0.37179693672806,0.178655137773603,0
0.258335515390709,0.281712019355968,0.787698881502077,0.237544447689131,0.978790365624428,0.00248264032416046,0.519564770162106,0.180755053181201,0.725270832888782,0.461005108198151,0
0.908292077135295,0.0152016444113105,0.124189421062358,0.861297379214782,0.96369600405544,0.647960850270465,0.891205548075959,0.0828314668033272,0.240877236239612,0.270583442412317,0
0.573235394649021,0.489753409922495,0.466778932216391,0.503011826380156,0.960510033445433,0.326148455264047,0.37415417493321,0.845850582234561,0.658932070946321,0.935712824575603,0
0.285226676518563,0.314955035932455,0.0525875271487981,0.96509778823154,0.995069271627627,0.0110668567940593,0.431203878019005,0.981876623816788,0.0680501600727439,0.731349388835952,0
0.344123262763768,0.284459483259916,0.0138705098237842,0.961498784079775,0.975199322129786,0.63395823398605,0.262068605283275,0.621983960969374,0.237863760441542,0.574534081155434,0
0.155625558742695,0.876069567651767,0.133765312906727,0.0206149468060583,0.881839874835312,0.351619662949815,0.562502954155207,0.664909322047606,0.106600960949436,0.395210365997627,0
0.219881854415871,0.986482853643596,0.187379544112831,0.765944116097875,0.24829782636743,0.74260477325879,0.159163987496868,0.451349849114195,0.197009320603684,0.802748088724911,0
0.708281573921349,0.96316297472883,0.278343836256117,0.215788667126652,0.215568645782024,0.178258432541043,0.506283021531999,0.629734238609672,0.349145958200097,0.043575257062912,0
0.809043081831932,0.749658985264599,0.750957814191282,0.252545083425939,0.0167994510933757,0.350686111487448,0.038602307671681,0.769415424671024,0.167609652504325,0.0589950431603938,0
0.589212269859482,0.584047748032212,0.019469873112347,0.0176815828286111,0.992168378700875,0.0633539056871086,0.677383980946615,0.979773370549083,0.238102954812348,0.65391915012151,0
0.794747948824242,0.845291395324469,0.0229507842330262,0.951704844873212,0.238594108293019,0.13872754550539,0.567060753935948,0.146650251932442,0.511980822775513,0.482883277814835,0
0.831381044085138,0.889417835723143,0.984391115463804,0.975396572225727,0.832099688418675,0.60258116107434,0.103602819843218,0.889829432591796,0.645577604416758,0.214023993117735,0
0.732024174556136,0.98729444568865,0.245722997983918,0.683320039722323,0.718602930871397,0.789018062176183,0.642996716778725,0.488251307513565,0.950004599988461,0.670120544964448,0
0.578618860068172,0.995620476023573,0.370970962926745,0.978242065335531,0.414359770646505,0.484465402318165,0.268733817152679,0.933436269871891,0.107604386983439,0.243962792214006,0
0.740347956354171,0.283544495912641,0.964581547139958,0.698120804299973,0.00350514573398977,0.176332668401301,0.715574467321858,0.154364679707214,0.754962581209838,0.770432802150026,0
0.196224761911482,0.963208766976092,0.0107819271742366,0.201723067392316,0.97100657031592,0.915761914104223,0.720957553014159,0.140981848817319,0.582620947621763,0.249905124073848,0
0.30154291359894,0.033478978715837,0.368239575101063,0.973164381336421,0.0380137215554714,0.572660954436287,0.502925878856331,0.11136466707103,0.107429209165275,0.718025768175721,0
0.480969398150034,0.479184931141883,0.961503291009087,0.426009257947002,0.964246573017165,0.505698918830603,0.297577203484252,0.179057458415627,0.676003478933126,0.0985339221078902,0
0.1895401229579,0.0208624593961984,0.236230132208019,0.991527206207998,0.956774905816279,0.901404787320644,0.653110007289797,0.126982908928767,0.458938107127324,0.850289987633005,0
0.713319940731488,0.99732777821226,0.250648916367348,0.202309338714834,0.947358769166749,0.495756110409275,0.261064416030422,0.855201652040705,0.550076052546501,0.292362133739516,0
0.393987464365363,0.981224901712686,0.021082176014781,0.0372791484549641,0.406661712545156,0.000568115618079901,0.844927999656647,0.393473862204701,0.42446333845146,0.477272051619366,0
0.915748192110565,0.0958622629516758,0.0635344791095704,0.976829146183562,0.965037548174616,0.731885838089511,0.838522341335192,0.932752560125664,0.592080234084278,0.409852583194152,0
0.154309233343042,0.817027729566209,0.813018666478246,0.880493440425023,0.0139617568442598,0.462067324435338,0.573890097439289,0.629264950985089,0.171608072472736,0.566250411095098,0
0.736639488765411,0.709935427962709,0.633868141425215,0.9657968481238,0.041826412938349,0.46052865171805,0.403806007700041,0.424129438353702,0.533071740996093,0.742439814377576,0
0.890506045869738,0.954766066393256,0.967162127474695,0.0214688982360065,0.110875683214515,0.496297198347747,0.700618490111083,0.992764848750085,0.219551804242656,0.172996058361605,0
0.773195699352212,0.997921839261707,0.7089166824908,0.232926719557773,0.0481459331531077,0.0671825991012156,0.0768688528332859,0.827556284144521,0.490476866718382,0.911148118088022,0
0.689129151244648,0.0440768844652921,0.315228918052278,0.655577954845503,0.0158689781986177,0.441126923076808,0.86083652661182,0.0764825779478997,0.440215933136642,0.95539459050633,0
0.647594745934755,0.0577567865649238,0.652974167447165,0.00557149763675406,0.0482980678598396,0.27102210582234,0.120912272715941,0.555917426245287,0.480804984690621,0.683247826993465,0
0.211945448078215,0.74597611348927,0.785099744343013,0.980098907767609,0.749907860023528,0.160598638933152,0.050841418094933,0.410636203130707,0.245521435979754,0.781267508398741,0
0.896034694904275,0.149721042630821,0.945759704723395,0.13998890987793,0.891257682391163,0.948581353295594,0.194932729704306,0.93880375684239,0.700928742298856,0.270873066503555,0
0.808827790824696,0.791535279796086,0.800494350803643,0.025148760157451,0.952567720880732,0.404222215292975,0.173493274021894,0.0186377910431474,0.248930600704625,0.86761757498607,0
0.495621499156114,0.0270003124573268,0.0292130626412109,0.00892959710909054,0.554780795397237,0.140417914837599,0.193536181235686,0.440883068367839,0.765255241421983,0.327944898046553,0
0.253371656250581,0.259455549623445,0.680656432689354,0.942941192696244,0.965140179851651,0.249795779818669,0.961036704247817,0.994043653132394,0.792467222549021,0.94326786394231,0
0.178723515671585,0.878021057738829,0.861450229097437,0.0336580401990563,0.115985700724367,0.507145055104047,0.378689114935696,0.858210179721937,0.247313583735377,0.234959081746638,0
0.156754755849577,0.0471809816941619,0.0643476781325415,0.968249831520766,0.0520787601534277,0.140891469782218,0.989121850347146,0.618139691185206,0.926876296754926,0.333168090088293,0
0.209092453574296,0.957247437662166,0.966563414799143,0.0238577060202136,0.05260094363885,0.824878156417981,0.592926675919443,0.896189554594457,0.487470084801316,0.77961826743558,0
0.0476993425097317,0.0550288644898683,0.0253071840573102,0.94615513458848,0.0512476375233382,0.340076654683799,0.576328536029905,0.684095491655171,0.797253429656848,0.366972452495247,0
0.845021472349204,0.059309974389337,0.921816425012052,0.145438092833385,0.985831907393131,0.783927681855857,0.526164141483605,0.881058793980628,0.55396694294177,0.83052837732248,0
0.472809886494279,0.42257497701589,0.60336052868478,0.557181910715625,0.457496059556492,0.217276401352137,0.478379039326683,0.0159175875596702,0.756600740132853,0.177477612160146,0
0.128241272998974,0.212590459767822,0.842169273661915,0.0214257676452398,0.209692492057383,0.0887311813421547,0.294121346902102,0.647903345059603,0.438961619511247,0.854065670631826,0
0.218697742702812,0.805068584889919,0.00494701855629683,0.798079640584439,0.95109500220567,0.219440484419465,0.918080362956971,0.193919491488487,0.883811861742288,0.749220447149128,0
0.164730410884134,0.991482236060314,0.0548914276892319,0.182001402857248,0.160136724648066,0.604920121142641,0.8172007703688,0.584141818573698,0.818844323279336,0.22118461644277,0
0.934773091143742,0.94841541969385,0.0379235892431811,0.975563871406578,0.960069783454761,0.234834630042315,0.980326855322346,0.83720001927577,0.956942063523456,0.842232298804447,0
0.400892492507957,0.0151767488096841,0.941414909308776,0.337629068374913,0.342738146210648,0.782262904802337,0.16955096507445,0.984041783725843,0.895439471816644,0.656040887814015,0
0.403245605537295,0.962080113460496,0.0524346443992108,0.0425204957559705,0.98208030795306,0.61712411721237,0.978912301827222,0.786893653916195,0.280047715641558,0.655147034907714,0
0.195186291659903,0.824050507526379,0.859657899645064,0.121355997086968,0.999067133450974,0.887550754705444,0.998444383498281,0.321189442416653,0.935241918545216,0.904765007086098,0
0.345866424240172,0.379931226611137,0.98271976893954,0.415291141065769,0.0239700981676579,0.667777123162523,0.843901188112795,0.65050296485424,0.0548709854483604,0.994221867527813,0
0.432628304649889,0.039035725154914,0.00588759806798771,0.985045662958734,0.0438123370881192,0.652614545775577,0.42618265748024,0.0472669603768736,0.706677334150299,0.653376427246258,0
0.311943355180696,0.336495323567465,0.26690524902828,0.306764876898751,0.278188203537837,0.430689238244668,0.409981690347195,0.751822039252147,0.0290157138369977,0.618212632602081,0
0.756841193586588,0.321368889871705,0.271035334370192,0.67502978072986,0.964031672542915,0.130991348996758,0.966055548982695,0.223856308031827,0.256693963194266,0.940470707137138,0
0.896412402800657,0.866660464183986,0.169066468526795,0.03398237107452,0.0326183273760602,0.275413047289476,0.383207365404814,0.309861792484298,0.453241090290248,0.237417355412617,0
0.0872421242301352,0.0521597022386268,0.962844899366144,0.0128828051313758,0.0395986862322316,0.0988917089998722,0.207308034645393,0.585360228549689,0.350890504661947,0.59543021582067,0
0.246937137258425,0.29870476930514,0.0149766531776637,0.790510212702677,0.0460707677729428,0.337970731779933,0.570235432358459,0.334876266075298,0.843044469598681,0.0662095472216606,0
0.592275797569565,0.392012991534173,0.419739472574554,0.478615769421589,0.0553284838609397,0.280187059892341,0.943747320445254,0.244931082008407,0.547573217423633,0.55844932817854,0
0.189813561765105,0.138339801575243,0.00358448384553194,0.0976584823733196,0.0803581261403859,0.628591451095417,0.679736374877393,0.565756021765992,0.229753804858774,0.145631314022467,0
0.293756666785572,0.0340695442394353,0.231611077227537,0.736004652248323,0.779460547429603,0.879074222175404,0.669326793402433,0.873825669055805,0.677624323405325,0.123069462599233,0
0.592170376852155,0.968924362629652,0.343429195657372,0.686757822707295,0.402578442111611,0.216405503917485,0.160226855427027,0.672065244987607,0.639171725371853,0.120813765795901,0
0.739585190536361,0.95620828290619,0.256778621099889,0.0452871865396388,0.0612086485510692,0.562882131896913,0.329133612336591,0.707850312115625,0.888504065573215,0.478318258654326,0
0.428691932643391,0.00149278804268688,0.526260975170508,0.0435600181987509,0.0321173166977242,0.748692804481834,0.877936422126368,0.753462025197223,0.612540765432641,0.880418563261628,0
0.811978039594833,0.151256912540551,0.963739591083489,0.845151254145149,0.22996578757735,0.698168083326891,0.744558369042352,0.858741857577115,0.664348376449198,0.756042736116797,0
0.168416156516969,0.0168610279474407,0.81071947330907,0.237754341165349,0.0624122716113925,0.301776334177703,0.517104453174397,0.159685832448304,0.418699258007109,0.873603182844818,0
0.603606483759359,0.963139934060164,0.040494920918718,0.594155882583,0.973545051054098,0.932567860698327,0.0408237727824599,0.809945070650429,0.832649145508185,0.564313468523324,0
0.623363898201659,0.992430517318659,0.537689570991136,0.582009223362803,0.0568478596977889,0.623648843495175,0.517255320679396,0.974884964991361,0.256687889574096,0.000779315829277039,0
0.0865853081976995,0.0755097107486799,0.0439502768648788,0.0339376636614092,0.970028572912701,0.216709269676358,0.0148246074095368,0.311841475311667,0.61135186930187,6.89977314323187e-05,0
0.173863175822422,0.225578795124218,0.0282283779241145,0.282464017236605,0.00234006094038486,0.235303735826164,0.688969050301239,0.462818054482341,0.280349668813869,0.990450767800212,0
0.52568743236335,0.435250255716965,0.44337184003396,0.492518978250585,0.556422817974072,0.742100005270913,0.0854067821055651,0.932075827382505,0.180920595768839,0.198197024175897,0
0.884330621284433,0.961083211810328,0.00432295187283308,0.887747568476945,0.144861014428549,0.722498425515369,0.731123954989016,0.0301324333995581,0.816888885572553,0.871623629005626,0
0.576805042886268,0.524534946111124,0.394341998494416,0.0618992392916232,0.0347344320598058,0.243557597743347,0.702467294875532,0.000607069348916411,0.939424543408677,0.573319548275322,0
0.654726816527173,0.445275536803156,0.559553368093446,0.581038005230203,0.396529090945795,0.0538252941332757,0.585469321580604,0.832902841735631,0.336764399893582,0.927152750082314,0
0.7120656313424,0.959283150156122,0.834506172600575,0.784014076912217,0.169335596941505,0.68264813371934,0.245249742176384,0.0136802606284618,0.329957210924476,0.995548753766343,0
0.0587533582802862,0.0189363066483289,0.0823011013159528,0.918614062852971,0.0229547525718808,0.21367709687911,0.322088645771146,0.994813542813063,0.934660583734512,0.30913361441344,0
0.647814516170882,0.00541023974865674,0.568696105286479,0.417870386802126,0.570826540865935,0.191898238146678,0.304423817433417,0.379108881112188,0.105084889568388,0.905796187231317,0
0.61165782106109,0.415751317764446,0.978620714773238,0.647314623414353,0.599200819275156,0.505020862212405,0.62400951446034,0.277300213463604,0.483975534327328,0.485553283942863,0
0.242282927421946,0.279188747636974,0.821121555497497,0.000837778681144125,0.845322001873516,0.0321636388543993,0.26480122632347,0.200261960038915,0.372172595234588,0.472256732406095,0
0.671287741010077,0.0226371770521626,0.628777211616747,0.725839508070052,0.987139016173221,0.779925783164799,0.981345987645909,0.698463045526296,0.916125825839117,0.960185253759846,0
0.506386185246427,0.49974592262432,0.991696153318509,0.504725073418114,0.511833097342029,0.317606034455821,0.310491496231407,0.596968529745936,0.322336580604315,0.797561220824718,0
0.902542497830465,0.0848157956618816,0.0177337882835418,0.0789067373629659,0.148042905624956,0.00100922281853855,0.989947992842644,0.623024068539962,0.272838302887976,0.509891092544422,0
0.628972519356757,0.945251332668494,0.687427232251968,0.0357288785596378,0.0423036864408292,0.264066485920921,0.219946849392727,0.600502831162885,0.494877488352358,0.0902122752740979,0
0.957230792286806,0.967301623640768,0.975024176058546,0.948969615646824,0.0102848277742043,0.812372590880841,0.373561692424119,0.220012249657884,0.119383710436523,0.163137851748616,0
0.860176630472671,0.942823311449215,0.985784873265401,0.846543794874568,0.0173714954499155,0.141864345641807,0.243915272410959,0.776369134429842,0.0871455105952919,0.463006592588499,0
0.0456354896467179,0.0504332909680903,0.0893282309886068,0.991146625531465,0.0313977892871946,0.547096395632252,0.725666009122506,0.830125041538849,0.958069471642375,0.451519709546119,0
0.23126401465619,0.727973228082527,0.992764809418004,0.222509755546227,0.983017547794152,0.720005857991055,0.314914988586679,0.738952664425597,0.73089620959945,0.589697127928957,0
0.552828439402953,0.940689635457098,0.423840219804458,0.932948618873768,0.506194219091535,0.144424486439675,0.90375223592855,0.630642055766657,0.422096031950787,0.599752757698298,0
0.519328859995399,0.590737175612524,0.512696596658789,0.589160325769428,0.421961846450157,0.699401438934729,0.235026693437248,0.331956158392131,0.797510823234916,0.488326095044613,0
0.796431592316553,0.998566070111468,0.814656776199862,0.0229988884773105,0.135737344384938,0.6483014957048,0.228124391753227,0.245294866384938,0.0305828663986176,0.902888419805095,0
0.729732173394505,0.772759937294852,0.813011543069221,0.237794815430325,0.266405414699204,0.495267289457843,0.0404416050296277,0.172906235791743,0.465215298347175,0.732113118981943,0
