"1","2","3","4","5","6","7","8","9","10","class"
0.973682180279866,0.154085302958265,0.203627180773765,0.719983626389876,0.982703106477857,0.656663798959926,0.854382582940161,0.6803979719989,0.262999017955735,0.506300138542429,0
0.318559793522581,0.227443859213963,0.206399048212916,0.16749651893042,0.478927863063291,0.927354561863467,0.426565495552495,0.0392069590743631,0.122153071220964,0.555045927409083,0
0.279547934420407,0.245406605768949,0.0671170190908015,0.700617402559146,0.662123219808564,0.923057293519378,0.278119455324486,0.580629984615371,0.0476938737556338,0.665054976707324,0
0.0762599920853972,0.997510992456228,0.98376399721019,0.75782056292519,0.971935114823282,0.455227664671838,0.521354045253247,0.180852600606158,0.153096383903176,0.0937042105942965,0
0.30598704284057,0.320722642820328,0.848887163912877,0.642425152938813,0.303318425547332,0.768975218525156,0.770322928670794,0.250588934402913,0.0461935137864202,0.808263045502827,0
0.800570520805195,0.925483802333474,0.409888676134869,0.425776223884895,0.396445333957672,0.915803685551509,0.35095231491141,0.53255719342269,0.581437065033242,0.341340504586697,0
0.643619138980284,0.552908923942596,0.479595094453543,0.308555520838127,0.438983344705775,0.647316312184557,0.761631222441792,0.209816946415231,0.91542194224894,0.738579975441098,0
0.363397001056001,0.155091753927991,0.659810134442523,0.593983801081777,0.486990822479129,0.138943345751613,0.961987250251696,0.56468506064266,0.968880618922412,0.722117270575836,0
0.775252838153392,0.986510669579729,0.524850431131199,0.0178428154904395,0.583083279198036,0.0204646401107311,0.755240286933258,0.0908957140054554,0.0835139821283519,0.164068165002391,0
0.215332299238071,0.0572038821410388,0.43198168091476,0.53128854255192,0.0685546991880983,0.928445931058377,0.76710896124132,0.971082909265533,0.748141510412097,0.654232719447464,0
0.818090829066932,0.344948888057843,0.119756311411038,0.679674686165527,0.113440686371177,0.798983881715685,0.190308121731505,0.958103732438758,0.180578953819349,0.480859997449443,0
0.494027820648625,0.212931921938434,0.997448218986392,0.906977710081264,0.598586124833673,0.929931542603299,0.208248618291691,0.672431812155992,0.623251088894904,0.198235095245764,0
0.405573348049074,0.966522156493738,0.263958785682917,0.999662034446374,0.773644817294553,0.442322753602639,0.354710197541863,0.457128104520962,0.203573040664196,0.109619185561314,0
0.945145796518773,0.642921881983057,0.0695847640745342,0.288561024703085,0.0489171457011253,0.99902238859795,0.45057425298728,0.934978682780638,0.0877767661586404,0.781348236603662,0
0.957414135988429,0.197354037137702,0.258556525145471,0.3922839897044,0.108581492117047,0.61310453643091,0.632242901483551,0.493050037417561,0.827709886943921,0.929106196155772,0
0.564558923244476,0.57441633194685,0.865572264185175,0.657251612748951,0.215589870465919,0.110365657601506,0.211521511664614,0.483509101206437,0.796018498716876,0.542528803227469,0
0.496352136843279,0.151208282740228,0.0922705066116527,0.50106315213982,0.265303851964325,0.960949651664123,0.769596270518377,0.4977016444318,0.519134548259899,0.82963213743642,0
0.261665451573208,0.822922026738524,0.78834892064333,0.944066563621163,0.688800698611885,0.612583096371964,0.622322706738487,0.35423174710013,0.149980582296848,0.0139627910684794,0
0.796338986838236,0.275289691053331,0.227424196433276,0.900889929383993,0.53174494439736,0.947036428144202,0.78427687799558,0.876368312630802,0.528096697060391,0.840358324581757,0
0.492285397602245,0.0197792539838701,0.882103549782187,0.498841346940026,0.641772374510765,0.495042367372662,0.909963570535183,0.942611739505082,0.69499240280129,0.708252734271809,0
0.94183594873175,0.715298051945865,0.705728653119877,0.167849144432694,0.11692763119936,0.929573210189119,0.69733102619648,0.775013970443979,0.969018641626462,0.553079704055563,0
0.390471383230761,0.998599705984816,0.188768611988053,0.0870000403374434,0.648708479246125,0.459287064848468,0.267288609640673,0.17777398834005,0.307592137251049,0.323142193490639,0
0.31623419560492,0.06598632899113,0.945468326797709,0.234892005566508,0.440533752553165,0.724789277883247,0.109285570448264,0.961588015779853,0.324695052579045,0.0774029318708926,0
0.790694571100175,0.609209976624697,0.969100567512214,0.0413016527891159,0.508176715578884,0.0837934208102524,0.493788180407137,0.0366653008386493,0.962407916784286,0.92272001854144,0
0.308046175166965,0.0418582668062299,0.578010529978201,0.163736634887755,0.748843286884949,0.74964615679346,0.841482103103772,0.493791649583727,0.479816181352362,0.0593774765729904,0
0.0632320970762521,0.130619655363262,0.0305076038930565,0.181441554101184,0.161892854142934,0.43793972232379,0.155038963304833,0.358916704542935,0.37026006472297,0.53875426761806,0
0.782380792312324,0.248092586407438,0.825246781110764,0.544089790666476,0.718274683458731,0.230742144165561,0.593870023265481,0.668791092233732,0.876943192444742,0.785732842283323,0
0.970161921810359,0.709733583033085,0.234718122752383,0.27360811131075,0.922840834828094,0.481458476744592,0.946754730306566,0.0526273518335074,0.837842182954773,0.952878274256364,0
0.581994555951282,0.814962303084321,0.842735723248869,0.736188417048007,0.11177703292761,0.21232418413274,0.163566773291677,0.805867064045742,0.475103631149977,0.330747834406793,0
0.678991840467509,0.795682514479663,0.598043635247927,0.654932222689222,0.330564949666057,0.459798519732431,0.32867649034597,0.569485102780163,0.871777879307047,0.548011510632932,0
0.298198545351624,0.546271382365376,0.901943756034598,0.755161712877452,0.096537422388792,0.859054868109524,0.786217798478901,0.254944271408021,0.031946585746482,0.572955445386469,0
0.599031059492566,0.863955502265133,0.906850326027349,0.0207613969384693,0.838162412037514,0.505907090846449,0.1179744459223,0.157395685324445,0.396914137294516,0.51340392860584,0
0.528486174996942,0.669464924605563,0.071729093324393,0.910458266036585,0.0950196399353445,0.850247190101072,0.827278066193685,0.747752484399825,0.360818124376237,0.522734365658835,0
0.914175665471703,0.408096110215411,0.749202220700681,0.979635406984016,0.0496728394646198,0.899633062072098,0.747275068191811,0.549015215365216,0.313830332830548,0.15890141390264,0
0.227683990960941,0.901839596452191,0.0497703759465367,0.86391710001044,0.137000277638435,0.457587545737624,0.290339109487832,0.774629788473248,0.607796096475795,0.212014110758901,0
0.914619642775506,0.903973304666579,0.683503647102043,0.0766393032390624,0.965738107217476,0.818813311867416,0.41372425830923,0.126827042549849,0.644864951027557,0.258318567881361,0
0.0283460379578173,0.931603352539241,0.880551169859245,0.942015900975093,0.739740643650293,0.683484187116846,0.706444600131363,0.888278886443004,0.966758938273415,0.436015394283459,0
0.313497034600005,0.562589413486421,0.928262983448803,0.0375805678777397,0.146052587777376,0.497243669815361,0.242537338053808,0.0342683210037649,0.531249078689143,0.380978958681226,0
0.821237035095692,0.896645410917699,0.93286649370566,0.179398623295128,0.643149085342884,0.421506850747392,0.97909361612983,0.0484304737765342,0.57086887373589,0.154584693489596,0
0.262616127263755,0.116309610195458,0.574234360130504,0.310615319758654,0.487376723438501,0.938655999023467,0.758890834404156,0.297185471747071,0.659798666602001,0.521251885220408,0
0.296846638200805,0.184806988807395,0.975529885618016,0.567147577414289,0.702612168621272,0.853863579919562,0.581506147282198,0.208429714431986,0.666496047051623,0.969987966353074,0
0.1718804333359,0.0994316001888365,0.0783104908186942,0.960520584369078,0.67290783347562,0.200010658008978,0.496594789205119,0.484503389336169,0.57956756837666,0.398119074292481,0
0.343491496983916,0.598072315333411,0.718458385905251,0.787864370737225,0.433433709433302,0.453579895431176,0.368045391980559,0.928826374234632,0.65968498098664,0.652792395791039,0
0.84475211394066,0.182306522478163,0.118669851190597,0.448621920674108,0.601594676072337,0.577525045722723,0.425511714769527,0.979345979634672,0.050591659033671,0.820623666979373,0
0.170264726970345,0.855817069299519,0.304807412670925,0.805850366363302,0.810799810336903,0.968925073044375,0.0240728631615639,0.353832349646837,0.707305440446362,0.563232148298994,0
0.944219701224938,0.11944758775644,0.709550238214433,0.956262793391943,0.216228875797242,0.468046405585483,0.786058039171621,0.674722155090421,0.664468283066526,0.514364738250151,0
0.634536621773243,0.0297185379382223,0.224073452975601,0.200244380910322,0.00107932876236735,0.614846520125866,0.340438880724832,0.72402863111347,0.61428305064328,0.0972872760612518,0
0.447541178204119,0.701116206357256,0.36423273012042,0.380261932266876,0.842326429206878,0.996407362632453,0.939050019951537,0.391530656022951,0.220626727677882,0.548422041814774,0
0.308351863408461,0.4399912240915,0.20000818814151,0.607490865513682,0.788708301028237,0.493353665340692,0.603947143768892,0.711900711758062,0.963848196901381,0.305525365751237,0
0.490401973382011,0.825690988752432,0.13635531500103,0.159765756044351,0.628227609917242,0.921312138205394,0.770722263259813,0.988444591639563,0.889653558610007,0.350518065970391,0
0.146482464708388,0.806580979153514,0.856516053974628,0.836296897903085,0.196565734259784,0.953247739002109,0.353029578225687,0.816578476224095,0.427093166857958,0.436921339249238,0
0.509978474350646,0.566052934620529,0.210439007962123,0.292046214686707,0.354307304136455,0.650906850583851,0.492662137607113,0.427039405331016,0.546944565372542,0.436350219650194,0
0.586899305926636,0.599053064361215,0.169511412736028,0.0193551897536963,0.654640624765307,0.693836342310533,0.438244357006624,0.0292392980773002,0.0213441713713109,0.477728882804513,0
0.436813061897364,0.523132139527611,0.958904596224707,0.803376196428016,0.220141470716242,0.472955134464428,0.249914384214208,0.810000226134434,0.917544338619336,0.336643778253347,0
0.980660209989548,0.0696804779626429,0.174643124823645,0.138536304155365,0.989807607271895,0.509419476613402,0.926256730919704,0.325556667754427,0.281589047051966,0.335046450374648,0
0.939935325877741,0.246771032456309,0.644697241485119,0.20512401079759,0.264323057839647,0.355476996628568,0.67694629332982,0.803212440572679,0.169653384014964,0.620838151313365,0
0.691723693395033,0.686107635265216,0.557691844878718,0.925829909043387,0.153986508026719,0.994533471064642,0.558132835198194,0.17674214206636,0.528690059203655,0.281062778783962,0
0.177090377081186,0.0117453131824732,0.707402920583263,0.408314924687147,0.633797554299235,0.966715751215816,0.360082330880687,0.326797031564638,0.38643435225822,0.666018263204023,0
0.443005257053301,0.936670070514083,0.680383449885994,0.467685463838279,0.521526997676119,0.769975923933089,0.428624686552212,0.276199056766927,0.148297233041376,0.735772789688781,0
0.852226555347443,0.0345792674925178,0.0302130524069071,0.383276511216536,0.619621822144836,0.414820031030104,0.443672513123602,0.483040364226326,0.0764737005811185,0.832860639784485,0
0.155402889242396,0.905897692311555,0.146561744622886,0.0987229815218598,0.256308058975264,0.0072027922142297,0.823179854312912,0.611599285621196,0.482256323564798,0.256554532330483,0
0.172793394420296,0.11861989623867,0.099148846231401,0.161503721494228,0.342800256796181,0.505717225139961,0.943107535596937,0.980773378629237,0.976379867875949,0.0824436526745558,0
0.694312330102548,0.0404449675697833,0.563762995647267,0.461467103334144,0.991573582170531,0.973893418442458,0.433686061762273,0.828718381933868,0.513405638514087,0.0441869059577584,0
0.0631333228666335,0.129742188379169,0.905701554147527,0.150044437265024,0.852714572800323,0.777361122425646,0.432121487567201,0.340833165915683,0.665947741130367,0.926298446953297,0
0.0710235901642591,0.322787310462445,0.642259160289541,0.69836365734227,0.938475033501163,0.235644739121199,0.0764784214552492,0.482486960012466,0.119351429166272,0.501781123690307,0
0.666473579127342,0.566768163349479,0.173222844721749,0.700458638835698,0.0260230009444058,0.74655679659918,0.264078400097787,0.196691986639053,0.538140599150211,0.686253789812326,0
0.644712259760126,0.0432759351097047,0.728550108149648,0.112744454527274,0.574170077452436,0.473323059268296,0.0531711222138256,0.498433706816286,0.58686420484446,0.513994519365951,0
0.272740286309272,0.53239008737728,0.0272873095236719,0.976271628867835,0.0103432841133326,0.279957700055093,0.393116711638868,0.967493676347658,0.0210051909089088,0.20212755841203,0
0.5647823959589,0.162589747924358,0.381468334468082,0.0263387211598456,0.396858694730327,0.390390214044601,0.0441116997972131,0.554599610855803,0.837341664591804,0.920421721180901,0
0.240684528830741,0.752491517177597,0.747311498556659,0.155175700345356,0.848927582286671,0.852141240611672,0.717678289860487,0.51011728704907,0.736985466210172,0.521305379923433,0
0.433652109932154,0.0591189134865999,0.733120029093698,0.514294025255367,0.903520537773147,0.087731572566554,0.798328276490793,0.822772773448378,0.688564163632691,0.446327708894387,0
0.38994016660545,0.204476093658619,0.474294259245414,0.0540238499217667,0.870453132776916,0.0941426323261112,0.5259771165438,0.848736427724361,0.340683239046484,0.747386426664889,0
0.376211336813867,0.290903569897637,0.999470008071512,0.949801220092922,0.121197723317891,0.00687575899064541,0.811390658607706,0.68640034715645,0.8044491361361,0.68682952108793,0
0.714709830186702,0.749308158094622,0.941653879255801,0.687223340654001,0.0638756449897774,0.833312358241528,0.0237436557654291,0.575629997998476,0.442141530802473,0.664481408428401,0
0.342402987144887,0.381342693147063,0.0736229804724455,0.638475993626565,0.800190821585804,0.724279399961233,0.380413244944066,0.91734870406799,0.193514858372509,0.0642617996782064,0
0.356812465470284,0.383094683056697,0.985979162622243,0.285089167533442,0.249938821652904,0.512395162368193,0.991155092138797,0.0136137581430376,0.649557892698795,0.0199260008521378,0
0.0239922611678019,0.0624618145665154,0.200859961221181,0.783618680071831,0.809704052977823,0.737909784540534,0.235806158743799,0.704787999857217,0.173139883903787,0.88544959994033,0
0.299120357260108,0.48056626599282,0.342392620164901,0.749198358971626,0.0193946338258684,0.282498126849532,0.0421371636912227,0.463324163109064,0.577087460551411,0.0869424743577838,0
0.329375166678801,0.756682302104309,0.0104539126623422,0.773298106854782,0.46837596851401,0.606702462770045,0.0388336330652237,0.586475905729458,0.101066682953387,0.105666009709239,0
0.211703903274611,0.13842456554994,0.046362446853891,0.715739738661796,0.879031979246065,0.992004525382072,0.318048706045374,0.692702139029279,0.577302408171818,0.90883622970432,0
0.725205251947045,0.751707068877295,0.966724158031866,0.874906269600615,0.586342007387429,0.0763685142155737,0.314775913953781,0.906346213305369,0.772867174819112,0.474267294397578,0
0.955208489438519,0.300199423683807,0.877181248972192,0.0892457235604525,0.0709405429661274,0.853594329208136,0.0780453539919108,0.360060842940584,0.97491644276306,0.807126857573166,0
0.740934527944773,0.716995416209102,0.0577421805355698,0.826795164728537,0.852585070300847,0.617215296952054,0.630916287424043,0.150796229485422,0.837112210225314,0.470972954295576,0
0.740872494177893,0.813341845292598,0.991263745119795,0.84627019870095,0.997840801021084,0.00105682923458517,0.0105397710576653,0.239827480865642,0.66114139277488,0.596220612293109,0
0.916580208547413,0.148819006565027,0.784440381470881,0.850636999187991,0.818775922653452,0.390619022771716,0.281632524682209,0.997344496659935,0.551118635572493,0.229650591732934,0
0.565044203074649,0.898668788839132,0.902233732864261,0.599157149903476,0.134685984114185,0.680958906421438,0.408945173956454,0.053975549293682,0.508723474107683,0.56254420359619,0
0.14855280937627,0.189123682444915,0.0834376160055399,0.654723790474236,0.702875782269984,0.991471388144419,0.858323077205569,0.0828984833788127,0.145053249085322,0.4961507844273,0
0.0694857017554343,0.0319855349684134,0.815127570891567,0.00116926543712617,0.052028767523542,0.233891040319577,0.812911584274843,0.945002977736294,0.474766609724611,0.920694051077589,0
0.650530935821496,0.151890517171472,0.8254230743194,0.586694602821209,0.814308601462282,0.891170438146219,0.279394841287285,0.699562763329595,0.593387962086126,0.536026522982866,0
0.731828498421237,0.645069163991138,0.350681631825864,0.757581113371998,0.206532915821299,0.866072974400595,0.162303846562281,0.636433510808274,0.287932629231364,0.227733358973637,0
0.0214479970671237,0.697711011238396,0.968483722284436,0.00327934411168099,0.174951274067163,0.00776970339938998,0.481600829167292,0.312729793135077,0.750308968592435,0.689267315203324,0
0.250782096292824,0.272300579585135,0.576799326576293,0.632889661006629,0.643106445902959,0.596112813102081,0.142475715139881,0.326510493177921,0.110430826433003,0.913597972597927,0
0.678700155759603,0.41224316248484,0.203541931122914,0.77916547656022,0.578655453004502,0.582047604257241,0.259502137312666,0.832710950169712,0.536061411490664,0.320725854719058,0
0.444826448579784,0.196046521126665,0.401587861006428,0.568366728869174,0.767840589034092,0.399780209874734,0.231239164946601,0.0558886888902634,0.0909000379033387,0.0573909806553274,0
0.649011912290007,0.303713988512754,0.0876421174034476,0.271263698115945,0.293626250699162,0.170292801223695,0.913395489333197,0.893622190924361,0.909846214344725,0.248015782097355,0
0.0620766220712103,0.110978913819417,0.983354679092765,0.831408379964996,0.113361021060962,0.148698813980445,0.0155919881071895,0.622772892471403,0.243342649424449,0.587902541272342,0
0.688038842752576,0.0386931872926652,0.771222055656835,0.767370267771184,0.837923757499084,0.634322176454589,0.140402980381623,0.661454371409491,0.961946511408314,0.0251708617433906,0
0.120991106544994,0.620409171448555,0.544110871873703,0.967790109844133,0.180294690730609,0.611481627682224,0.899364907993004,0.0458612125366926,0.708331307163462,0.419465369544923,0
0.545539231738076,0.558114174287766,0.563638523453847,0.411574802128598,0.718879502499476,0.266863301862031,0.416687116958201,0.566340639488772,0.27928846818395,0.61465285718441,0
0.343030250410736,0.392743147085793,0.653097444748692,0.688368100831471,0.663537515366171,0.59266031999141,0.714544255053625,0.213330335216597,0.907942837802693,0.948831702116877,0
