"1","2","3","4","5","6","7","8","9","10","class"
0.537074979627505,0.978584311436862,0.155301360879093,0.673005468444899,0.126112296944484,0.935624055564404,0.655873573385179,0.224448519991711,0.340012037428096,0.244690100196749,0
0.151431626174599,0.759187697432935,0.441056641051546,0.178561163134873,0.679382812231779,0.183894680580124,0.997212597634643,0.876712606288493,0.287400283385068,0.489759080577642,0
0.377993458183482,0.845573781989515,0.732047854457051,0.966492658248171,0.381515324348584,0.0243049166165292,0.145906784571707,0.611847774125636,0.954682505456731,0.219463053625077,0
0.723990861792117,0.405035863630474,0.92263543442823,0.203859682893381,0.801161725306883,0.781440561637282,0.941420718329027,0.494246740126982,0.63603500649333,0.208695435430855,0
0.869858694961295,0.56620555720292,0.272092752158642,0.817308914614841,0.939014234347269,0.252638241043314,0.255208480171859,0.126218251418322,0.014965646667406,0.903656237758696,0
0.513936038129032,0.0599383374210447,0.779673961689696,0.461458401521668,0.15074240998365,0.84579700534232,0.282581616193056,0.830356837250292,0.633242713985965,0.883092709351331,0
0.576789488550276,0.575659757480025,0.775959079619497,0.118538273964077,0.713089998112991,0.924447656376287,0.267412524903193,0.0191411636769772,0.216121112229303,0.760512743843719,0
0.871354760136455,0.802776781376451,0.483648385619745,0.823779220227152,0.0457751643843949,0.575502295978367,0.0926865921355784,0.330461206613109,0.737290925113484,0.75060550426133,0
0.898939672624692,0.708200124325231,0.429030996281654,0.0451658428646624,0.259767435491085,0.839868050068617,0.346495881909505,0.705120331142098,0.724524308927357,0.0206440624315292,0
0.967455769656226,0.1257921368815,0.060203273082152,0.631641417276114,0.157699046190828,0.306589911459014,0.0599572453647852,0.353529083309695,0.790097729768604,0.0841369424015284,0
0.303381841862574,0.160008183913305,0.677923118229955,0.111152386758476,0.835968104191124,0.21769468835555,0.206342046381906,0.849897049367428,0.430296235950664,0.537724970839918,0
0.590906393481418,0.101019705412909,0.89337178808637,0.532119747716933,0.644764706958085,0.528340248391032,0.279645111644641,0.50900698127225,0.0354179814457893,0.663617027457803,0
0.0874108059797436,0.709098302293569,0.270822007441893,0.713618078501895,0.267732938518748,0.669252731604502,0.729360250756145,0.498497683554888,0.248510278994218,0.380893248831853,0
0.136752048507333,0.621433743042871,0.748015634017065,0.148218870628625,0.489314402919263,0.681382106384262,0.386553235352039,0.452611773973331,0.589246593648568,0.973252995172516,0
0.373066529631615,0.988132504746318,0.504762884462252,0.904875793494284,0.636961626354605,0.527295392472297,0.170696320710704,0.200784884160385,0.695267645409331,0.381511608604342,0
0.178511643782258,0.70582802942954,0.433958625420928,0.601080049062148,0.0174185340292752,0.00160261243581772,0.256626268150285,0.456674877787009,0.0871553265023977,0.963412308134139,0
0.281165140448138,0.566322402562946,0.949715753318742,0.0228853458538651,0.782984154066071,0.302463649772108,0.232194654177874,0.14639691542834,0.680962165817618,0.282714173430577,0
0.642407370731235,0.521101653110236,0.953945924295112,0.234781273873523,0.0937600242905319,0.305582548258826,0.845184124307707,0.246360605116934,0.739269846118987,0.25585728767328,0
0.20749720861204,0.911983389174566,0.471445040311664,0.907157649751753,0.181833298876882,0.917171008884907,0.135116784833372,0.970615164376795,0.692561717005447,0.192334576044232,0
0.810662110336125,0.507247975794598,0.770151860546321,0.551816174760461,0.566428936319426,0.841163934674114,0.518340333132073,0.731478424044326,0.890771243721247,0.511942179873586,0
0.342983876587823,0.0445454113651067,0.27422328479588,0.151682250201702,0.619072044966742,0.412437013583258,0.263591542141512,0.810806150315329,0.0909898963291198,0.743145226268098,0
0.486994169652462,0.670367053942755,0.758510972838849,0.178197469562292,0.847032332327217,0.135346150957048,0.989192330045626,0.705822316464037,0.60672459169291,0.62290412816219,0
0.14017929835245,0.771417867392302,0.182152206078172,0.412788461428136,0.867333192145452,0.72529209847562,0.656031255377457,0.127344956621528,0.729795292718336,0.852091125911102,0
0.448331329505891,0.971334492787719,0.699447716353461,0.701552906539291,0.518683000700548,0.946048494428396,0.0123709533363581,0.586896256078035,0.973037418909371,0.0133276560809463,0
0.52153827669099,0.00748111377470195,0.751158117549494,0.622298578731716,0.439811552874744,0.730892441235483,0.900560298468918,0.683958177221939,0.12698862538673,0.156072916928679,0
0.402301929891109,0.850352627923712,0.407709930557758,0.532103616045788,0.116358890198171,0.997211612761021,0.608997242758051,0.359050216618925,0.264059738721699,0.471031160559505,0
0.25147091713734,0.617645222693682,0.341885681496933,0.776140110800043,0.661519967950881,0.205113620962948,0.512161878868937,0.194575507193804,0.56483688717708,0.0610111088026315,0
0.918811472132802,0.986010051565245,0.855014759115875,0.769186067162082,0.485337738646194,0.876451432472095,0.964447905542329,0.691669285064563,0.207891810452566,0.941994073335081,0
0.150479808682576,0.428372347727418,0.817444429267198,0.670167860807851,0.615421415772289,0.908017294947058,0.80223588552326,0.619750063866377,0.067702985368669,0.63866095081903,0
0.319212176138535,0.525270203128457,0.701043433276936,0.139151916606352,0.0356114248279482,0.592800763202831,0.178268833085895,0.994048752589151,0.669906731462106,0.470447083003819,0
0.112621679436415,0.850281695602462,0.205197817413136,0.646667139604688,0.878034338355064,0.551499645225704,0.624961217166856,0.595399841433391,0.483070794260129,0.926258087856695,0
0.775200369302183,0.89487722935155,0.127928182249889,0.847059050807729,0.0665437544230372,0.179578507551923,0.890392399625853,0.962330571375787,0.184192284243181,0.473578730830923,0
0.408562394068204,0.773517160581984,0.00194180066511035,0.641567970816419,0.259595454805344,0.523697197437286,0.349643416702747,0.223734557395801,0.456889202585444,0.955679544480518,0
0.208236397709697,0.998358088312671,0.483916651923209,0.0171754641924053,0.763364781392738,0.715774660231546,0.63658790057525,0.096434741280973,0.131345747038722,0.383113169576973,0
0.476238558767363,0.263236020691693,0.390217892359942,0.197013734607026,0.68936266656965,0.230887278681621,0.40698224841617,0.71104165748693,0.843598454492167,0.0470125635620207,0
0.236880058888346,0.183072216808796,0.46055392571725,0.428374421782792,0.510266144527122,0.500516996486112,0.805972851114348,0.00837555294856429,0.294487528502941,0.635069524869323,0
0.288352068979293,0.784240003675222,0.0687064391095191,0.62089511170052,0.167471196269616,0.137400927487761,0.891279355157167,0.0147694023326039,0.92923486744985,0.686002074973658,0
0.409723090240732,0.19044503592886,0.934503111988306,0.660008052596822,0.481883788714185,0.950078441994265,0.923788446234539,0.114861699519679,0.121166036697105,0.908399163745344,0
0.250077460892498,0.527668044436723,0.839245431125164,0.670967092737556,0.880387396784499,0.900400417624041,0.0828059900086373,0.915561153320596,0.860078747849911,0.947613436961547,0
0.172005212400109,0.741811974206939,0.0839359476231039,0.0490109208039939,0.406193388160318,0.763791183941066,0.689044217579067,0.620942910667509,0.466138880699873,0.852150690509006,0
0.338537219911814,0.486405880888924,0.508750678505749,0.540576515952125,0.745497265830636,0.601283943746239,0.530345185194165,0.422002666629851,0.292843766743317,0.765250345924869,0
0.675726677058265,0.294319784268737,0.131718344287947,0.830406646011397,0.881757870083675,0.241084247361869,0.146939744241536,0.698930750833824,0.144163919379935,0.211551618762314,0
0.903496431186795,0.970035712467507,0.637010708916932,0.21986509533599,0.600201534805819,0.107067046454176,0.506612317636609,0.55399290798232,0.68288555322215,0.611228249501437,0
0.43255184404552,0.653612526366487,0.109751327196136,0.825311619788408,0.00859895651228726,0.82545944978483,0.557929640170187,0.774784940294921,0.941872525494546,0.15428076707758,0
0.352064595324919,0.840845210244879,0.113793429685757,0.486406981945038,0.717938511865214,0.0483242301270366,0.554257958661765,0.764051097910851,0.741179074626416,0.80577232921496,0
0.97601668862626,0.587400627089664,0.0774225562345237,0.498347677756101,0.10579542722553,0.682627039263025,0.328267242060974,0.887189843691885,0.594531383132562,0.319353506434709,0
0.0805027468595654,0.13634706591256,0.556150572607294,0.537495991680771,0.160067075164989,0.208749004872516,0.394096584524959,0.605831366032362,0.365013029891998,0.045874210074544,0
0.114982879487798,0.152370994212106,0.655203640228137,0.800297705456614,0.80500441393815,0.122713378630579,0.144747647922486,0.591066849417984,0.420804294291884,0.630100677255541,0
0.146882940083742,0.922160347923636,0.492334694834426,0.495094222947955,0.710822688881308,0.088446302106604,0.150099787162617,0.890572620322928,0.0280537218786776,0.508458084892482,0
0.537534535396844,0.26719509693794,0.236840583384037,0.364677401958033,0.453679938102141,0.00994567782618105,0.961741785285994,0.930861306143925,0.507004762068391,0.320729000261053,0
0.0208730532322079,0.847506709396839,0.118247793754563,0.556920962408185,0.147256917087361,0.00181972864083946,0.901815576013178,0.955262042116374,0.906749183312058,0.70836097560823,0
0.917738049756736,0.361186365829781,0.792222367366776,0.389289119979367,0.539942764211446,0.807030808413401,0.81300760130398,0.768026672769338,0.180236558197066,0.575413176557049,0
0.876577390823513,0.50909049087204,0.423036272171885,0.168837823206559,0.325511370319873,0.989229468163103,0.769084563944489,0.963623314164579,0.114809687482193,0.88931172573939,0
0.366706439293921,0.996319507015869,0.949276961851865,0.470771763008088,0.896810983773321,0.398422735510394,0.498785470379516,0.967535886447877,0.29898423794657,0.220534770283848,0
0.7723294547759,0.259745489573106,0.798585034441203,0.631224875571206,0.524957743706182,0.914935971843079,0.0467187801841646,0.210558094549924,0.233287742827088,0.5222162976861,0
0.129121244885027,0.867479522712529,0.558408364886418,0.798923367401585,0.501943506766111,0.726362409535795,0.638229773845524,0.530440365895629,0.557926065754145,0.193574464414269,0
0.759404809679836,0.447749959304929,0.926210953155532,0.68412607582286,0.844837280921638,0.106144587043673,0.42383150360547,0.706582097103819,0.905262177810073,0.872307067504153,0
0.00360519415698946,0.149976412765682,0.800201293313876,0.602036753902212,0.207977456273511,0.918522971915081,0.366282473318279,0.107132999692112,0.696501622209325,0.834225362632424,0
0.189872903283685,0.941806710325181,0.93895225180313,0.982900028349832,0.369242221815512,0.788121786899865,0.978907198179513,0.163540553301573,0.850373616209254,0.135774375172332,0
0.593047382077202,0.787825379986316,0.784605126827955,0.968691607471555,0.924261483363807,0.339796404819936,0.266554397298023,0.561569042503834,0.375121887540445,0.471821754006669,0
0.75429556122981,0.538979973644018,0.418430783553049,0.440017014974728,0.298158399760723,0.100964460289106,0.335796668194234,0.0648126765154302,0.359988034004346,0.510642466600984,0
0.161568992072716,0.012390531366691,0.185295375762507,0.131198009941727,0.339944418752566,0.652929689036682,0.574387962464243,0.741819609887898,0.527311617042869,0.998719816794619,0
0.172570437658578,0.625276074977592,0.834404593333602,0.0600763561669737,0.360737344017252,0.596322332043201,0.810331734828651,0.146578319836408,0.128884213045239,0.641231965040788,0
0.209988127695397,0.974198617506772,0.445945492712781,0.334001530893147,0.751324950484559,0.272554540541023,0.308843213599175,0.0295996724162251,0.776498231803998,0.821741945110261,0
0.896343236789107,0.191201515495777,0.96763894171454,0.243421129649505,0.437616204144433,0.694732602452859,0.526499405968934,0.995802285149693,0.271516745211557,0.261988236568868,0
0.480642152484506,0.913173015462235,0.200828921515495,0.0470812919083983,0.680897906888276,0.490040218224749,0.106391385663301,0.286041066981852,0.955493327928707,0.544759246520698,0
0.791153791593388,0.292752812383696,0.58722217916511,0.0938291070051491,0.00297492858953774,0.0796085323672742,0.14127014647238,0.944841615157202,0.743744753533974,0.465280751232058,0
0.219224946573377,0.0710614691488445,0.149738540872931,0.439654590561986,0.33246655901894,0.949697572737932,0.940272403648123,0.0152661669999361,0.577294907299802,0.230407705763355,0
0.764389094430953,0.611775658559054,0.680008932715282,0.243635575752705,0.440619307104498,0.174621469574049,0.142705087317154,0.811571267666295,0.499191674403846,0.830467346357182,0
0.710501560010016,0.513164532370865,0.687861398560926,0.23747973702848,0.0792675991542637,0.252105867257342,0.268611183157191,0.817091444740072,0.737416468793526,0.570968887535855,0
0.790484005352482,0.873693917645141,0.314842618769035,0.514432019786909,0.871722193434834,0.379747140221298,0.124921315116808,0.540182937867939,0.624660975299776,0.165169661398977,0
0.990565076703206,0.849722326966003,0.218642471591011,0.162129475967959,0.374081479152665,0.82434417703189,0.151746649993584,0.423501309007406,0.803422677330673,0.0809714999049902,0
0.142159656621516,0.965720417676494,0.485626398585737,0.928368049673736,0.534259744687006,0.68110164324753,0.220931540010497,0.78659543255344,0.335609863512218,0.640561263775453,0
0.839320862665772,0.548337063519284,0.361602419987321,0.0326937765348703,0.07254488626495,0.412833814742044,0.388154726009816,0.513926823856309,0.264562420314178,0.0773540700320154,0
0.257425526855513,0.340279924683273,0.0733108315616846,0.62265152996406,0.86203067121096,0.600035545416176,0.0742658034432679,0.773573996964842,0.209634825587273,0.151330810040236,0
0.572277948725969,0.734551817877218,0.725156555650756,0.0434175243135542,0.417253950843588,0.772318538278341,0.454408816527575,0.0348329895641655,0.885617604944855,0.962225864175707,0
0.851468555163592,0.626868998864666,0.157192896585912,0.879423240898177,0.224192718975246,0.294438196346164,0.107961139641702,0.253808539360762,0.122897992376238,0.839697748189792,0
0.0969717896077782,0.287878474919125,0.48178133321926,0.844626952428371,0.9038080223836,0.540318744955584,0.612131816335022,0.333711985265836,0.729787961114198,0.97285434207879,0
0.189369739498943,0.915871969191357,0.468899009749293,0.758060826454312,0.755611384985968,0.517565171932802,0.179280347423628,0.357916784472764,0.381464075995609,0.789949496509507,0
0.332502434030175,0.914042006013915,0.544409413589165,0.468490514904261,0.969082424417138,0.803252036683261,0.111766081303358,0.715685171540827,0.567386241164058,0.716244840063155,0
0.641593412961811,0.89756294596009,0.426294283708557,0.480236890492961,0.938352191122249,0.764241575961933,0.328405219595879,0.180399999022484,0.576791782397777,0.545250203227624,0
0.0496893336530775,0.597531380597502,0.163043013308197,0.301555793499574,0.936026281444356,0.166223014472052,0.276891492540017,0.767020193859935,0.186053701443598,0.200287272455171,0
0.968236505519599,0.635830672690645,0.409576799953356,0.712972758570686,0.106358304154128,0.884363924153149,0.734149420168251,0.90177607559599,0.285642899572849,0.718678263947368,0
0.582833530846983,0.354099418967962,0.624979166314006,0.533089185366407,0.00678858114406466,0.262993066804484,0.141159193124622,0.564181831665337,0.637112633790821,0.181945730932057,0
0.568381806835532,0.777647154871374,0.44301152578555,0.345906089292839,0.740973968291655,0.797979778843001,0.664493690012023,0.331196825485677,0.505637758178636,0.323516798438504,0
0.489214136032388,0.0510643590241671,0.505435966653749,0.446248573251069,0.163797374116257,0.654228453058749,0.906832456588745,0.384243542095646,0.618595281383023,0.552780006313697,0
0.814748823177069,0.854189901612699,0.703558624023572,0.267478431575,0.802692380268127,0.835852284450084,0.483508500503376,0.120007636258379,0.542989304754883,0.599047648021951,0
0.235351269133389,0.686121742706746,0.319084831513464,0.352706877980381,0.729192864149809,0.28516616136767,0.00605569407343864,0.253263369668275,0.576599525287747,0.842630323953927,0
0.822623500833288,0.854872052324936,0.0473451137077063,0.315809318330139,0.89856280409731,0.0428833686746657,0.561158359516412,0.406826743623242,0.790003005648032,0.457395703997463,0
0.848960987525061,0.199403426842764,0.736956463428214,0.37991405185312,0.290300523163751,0.564933368237689,0.0150433303788304,0.400087792193517,0.342872428009287,0.951634671771899,0
0.757096528308466,0.154879385838285,0.60327970306389,0.408875997876748,0.159571207128465,0.223374427529052,0.081816918682307,0.872122476110235,0.938154782634228,0.309212320717052,0
0.020356209250167,0.772377141751349,0.957722287392244,0.469038348179311,0.715011402033269,0.512695328565314,0.878553573740646,0.24483226891607,0.873153942171484,0.266187831759453,0
0.633481083670631,0.768975752638653,0.16723309434019,0.252468832535669,0.0204214206896722,0.266393761849031,0.76622107764706,0.772434748476371,0.939560201019049,0.094960676273331,0
0.980214449344203,0.72874932968989,0.839411128312349,0.537239650264382,0.162105449708179,0.0904999175108969,0.53114757896401,0.352223490132019,0.94275767263025,0.0900215588044375,0
0.352853124029934,0.466574095888063,0.387056877603754,0.193962336750701,0.462399079930037,0.283643188420683,0.25688208010979,0.067570558283478,0.797396148787811,0.0237928184214979,0
0.494014763273299,0.386762466048822,0.35888221883215,0.896675169700757,0.952993096550927,0.276482718763873,0.351127302506939,0.638029368361458,0.63560828845948,0.535679713124409,0
0.411920332349837,0.627087575150654,0.794749994296581,0.056927471421659,0.502843572059646,0.666450413875282,0.843711675144732,0.297266927780584,0.529338441323489,0.868880870752037,0
0.0308143149595708,0.245803837897256,0.0262195488903672,0.610247850883752,0.637470382964239,0.718163533136249,0.103666714159772,0.0355391092598438,0.567431327886879,0.685724147828296,0
0.555941031081602,0.100692417472601,0.0205454125534743,0.800256505375728,0.812552827643231,0.214455939363688,0.148241128306836,0.904900456778705,0.247825664002448,0.109576154267415,0
0.860616293968633,0.661361370468512,0.848740098299459,0.600730759790167,0.991203157464042,0.551004326669499,0.973147466778755,0.184209199622273,0.41320533817634,0.887555677210912,0
