"1","2","3","4","5","6","7","8","9","10","class"
0.672204598551616,0.682030565105379,0.85398154752329,0.471660945564508,0.96115862368606,0.818760626483709,0.156619081040844,0.0268236147239804,0.802845269907266,0.702091738348827,0
0.562197557417676,0.648463458521292,0.390312891453505,0.77852985705249,0.57359341531992,0.911863918881863,0.634434447390959,0.151053706649691,0.93552563758567,0.424193600658327,0
0.788815499981865,0.648941552499309,0.374239481054246,0.570781155955046,0.151616525370628,0.91557892691344,0.448298485716805,0.672740910667926,0.799199711997062,0.721970453625545,0
0.111500395694748,0.26627497584559,0.51473332173191,0.510210189502686,0.0296968098264188,0.826239911373705,0.232496496522799,0.47856637253426,0.508303652750328,0.71943093300797,0
0.193505866220221,0.903365826001391,0.147178817307577,0.813208253588527,0.546792363282293,0.336254584603012,0.294945011846721,0.39942315663211,0.593555592000484,0.0434259145986289,0
0.750043637153692,0.142592302560341,0.653042971231509,0.755138377777766,0.618896605103277,0.469218584708869,0.832330065080896,0.120176904136315,0.411207485245541,0.173173098359257,0
0.968990434892476,0.109203597297892,0.683816948439926,0.128467870177701,0.939059446332976,0.517646845662966,0.37938441708684,0.311824757605791,0.38222238747403,0.404305764008313,0
0.13722427864559,0.54917529807426,0.456171969184652,0.514491787878796,0.0629674475640059,0.980580311035737,0.434442825848237,0.439956636633724,0.560766604030505,0.890082317171618,0
0.681428816635162,0.664527177810669,0.549585472093895,0.827940593939275,0.629211428109556,0.368272007908672,0.486507208785042,0.380539177916944,0.051413363777101,0.791194068966433,0
0.371336181182414,0.30447875871323,0.340245729777962,0.128508378053084,0.377557563595474,0.0912512498907745,0.363858114462346,0.0851558027788997,0.199482418596745,0.321817350573838,0
0.887334826635197,0.739106474909931,0.167459519347176,0.465135169448331,0.654136462137103,0.910337358480319,0.936820128466934,0.750864035682753,0.364427347667515,0.15683469735086,0
0.136516867671162,0.0327458921819925,0.339617454446852,0.0821968945674598,0.809564105467871,0.419199679745361,0.842840617056936,0.963725165231153,0.502546839183196,0.358455904293805,0
0.790950865717605,0.235514797270298,0.378837913740426,0.0681767293717712,0.380350351100788,0.420483422698453,0.424586029723287,0.421522004529834,0.576212693704292,0.561352860648185,0
0.620766497217119,0.433382986113429,0.556257563177496,0.398318213410676,0.599820986157283,0.782657835632563,0.00856728595681489,0.499973286874592,0.82383298757486,0.153839481528848,0
0.569944770308211,0.542116932803765,0.399735972750932,0.380576652474701,0.154396974714473,0.248615595279261,0.109523731051013,0.0996853820979595,0.467083127703518,0.569365238770843,0
0.158079671906307,0.943949459819123,0.103770051850006,0.443826549686491,0.658561390126124,0.356752150692046,0.766614336753264,0.124367685522884,0.654993014642969,0.581330540357158,0
0.945640281308442,0.64739826717414,0.547646773979068,0.201118515571579,0.16131596150808,0.923913270933554,0.488908203551546,0.103241222677752,0.978805561317131,0.567385241389275,0
0.997907645534724,0.000307146226987243,0.143345198128372,0.746339749079198,0.287158477120101,0.0997610841877759,0.276731068268418,0.18811119440943,0.616288156248629,0.182050643488765,0
0.509595883188769,0.890917398009822,0.292546878879145,0.0722582716807723,0.00453056840635835,0.576082255458459,0.456807316979393,0.864855219610035,0.044075982645154,0.789158830652013,0
0.542022689944133,0.754955852637067,0.211634659906849,0.364937160164118,0.223966920049861,0.187518849503249,0.22393993800506,0.994093426968902,0.374292424181476,0.308359517715871,0
0.933628381695598,0.891879918985069,0.236053819302469,0.715588244609535,0.470487029990181,0.849751662928611,0.597348569892347,0.853335115825757,0.705504722427577,0.719073519576341,0
0.436306053306907,0.903104574885219,0.586513153277338,0.738307842751965,0.629025135189295,0.39968892140314,0.443984281271696,0.892766137840226,0.764503814978525,0.330652392469347,0
0.0584096792154014,0.359834317117929,0.236662911484018,0.182427315041423,0.226772131631151,0.212081638164818,0.235428914427757,0.806944686220959,0.892790325917304,0.578124260297045,0
0.662594420835376,0.384663682430983,0.111302318051457,0.732359976740554,0.370816803304479,0.134354975773022,0.00178131368011236,0.78116960125044,0.0652813876513392,0.544776738854125,0
0.0964761527720839,0.90849635982886,0.815250702667981,0.765182827599347,0.365385578246787,0.397837934549898,0.561790135223418,0.0720363459549844,0.0151852143462747,0.497253437992185,0
0.768913404783234,0.328982034930959,0.483541803900152,0.0232849027961493,0.202361393719912,0.147230428643525,0.76365808583796,0.747302546398714,0.0269938597921282,0.00134985637851059,0
0.84673506137915,0.593484485056251,0.0604902156628668,0.794693640898913,0.843714242102578,0.145129602402449,0.922264380613342,0.29338490916416,0.118726465851068,0.703940890030935,0
0.838413458317518,0.647612596629187,0.800321220653132,0.143631644546986,0.891441762913018,0.123399503529072,0.458737333072349,0.530675834743306,0.710419527254999,0.730630557285622,0
0.613506161840633,0.138574487064034,0.46858305297792,0.169047821778804,0.257246734341606,0.929653160506859,0.554862946271896,0.654789311578497,0.858056514523923,0.267626841785386,0
0.920112594263628,0.00146640138700604,0.638404876226559,0.246429125545546,0.836771813919768,0.356244395021349,0.303130169166252,0.698553602444008,0.501118988031521,0.484617445152253,0
0.376578572904691,0.753946566721424,0.836065931478515,0.635764361359179,0.177859745919704,0.41580170718953,0.874850180232897,0.713178130798042,0.341982587473467,0.168851017951965,0
0.528756992775202,0.13263074420616,0.743426203349791,0.448065705751162,0.0143592543900013,0.76740039489232,0.404641257831827,0.746679458534345,0.345223160460591,0.162145377369598,0
0.91936567495577,0.252402506303042,0.39614518918097,0.955843928735703,0.178471802966669,0.971623455407098,0.910210740054026,0.797887953696772,0.508030500495806,0.486480839783326,0
0.0677644787356257,0.539401312591508,0.201565291266888,0.163823212031275,0.306426921160892,0.683464055182412,0.748803070513532,0.658103975933045,0.991910533281043,0.386231343029067,0
0.871235650964081,0.457349820528179,0.612761392025277,0.137021709000692,0.893044649623334,0.41338788671419,0.353263227036223,0.706673975335434,0.504092777147889,0.0112755275331438,0
0.411217520013452,0.57942602224648,0.398679392877966,0.778749102493748,0.283837266964838,0.607446408830583,0.100241686683148,0.70648365560919,0.28903929120861,0.371551628923044,0
0.734955115709454,0.271807234035805,0.0972600535023957,0.139338279375806,0.241898403037339,0.743106598034501,0.900004916358739,0.699966736603528,0.47517337044701,0.191977604525164,0
0.855785631109029,0.909352882299572,0.0171795000787824,0.198411277728155,0.00657510082237422,0.713277974165976,0.187760339351371,0.0584249845705926,0.771139678545296,0.914048519684002,0
0.381757083116099,0.150986209744588,0.0169982726220042,0.406013436848298,0.491608769167215,0.449550277786329,0.596902195364237,0.523916566278785,0.525985249551013,0.396575456950814,0
0.170605605933815,0.524663324002177,0.489787857513875,0.341657138429582,0.118169953115284,0.193427608348429,0.661883528809994,0.0847361085470766,0.6263245169539,0.208882287843153,0
0.670993800740689,0.942811099812388,0.671147441957146,0.735352783463895,0.8786862839479,0.11049334006384,0.458341017598286,0.644319057231769,0.00556261697784066,0.750434452900663,0
0.187376082409173,0.549198218388483,0.431765050394461,0.283568127546459,0.241319198627025,0.0982109238393605,0.720715371659026,0.888842265354469,0.949082521721721,0.263590652029961,0
0.392078038072214,0.429675994673744,0.910156595520675,0.163465010467917,0.856978235766292,0.0536047408822924,0.970050757518038,0.864797763992101,0.925836903508753,0.678297834470868,0
0.802225934574381,0.368327839067206,0.678903747117147,0.586581265786663,0.244779448024929,0.963956957915798,0.165200293064117,0.890950181055814,0.585851913550869,0.319837264716625,0
0.0563595297280699,0.852980073774233,0.91942008654587,0.88642783369869,0.0185355779249221,0.839277640217915,0.874042422510684,0.86711826059036,0.916837555356324,0.485344101209193,0
0.108070868998766,0.907095309579745,0.272747064707801,0.711201654747128,0.843964238185436,0.874549402855337,0.696433316916227,0.877326564397663,0.519114870810881,0.642976189265028,0
0.40731908691749,0.317765998839587,0.116226814108342,0.903213147640973,0.911972691577673,0.869095756672323,0.60167254274711,0.784744064323604,0.0555578509811312,0.999392688507214,0
0.9114210230764,0.428187428275123,0.137539996998385,0.337439891183749,0.85459168558009,0.981801989721134,0.0555527030956,0.524226506939158,0.853031866485253,0.357619328424335,0
0.286693657049909,0.778411276638508,0.991396771976724,0.194257513154298,0.437194698955864,0.38407582626678,0.881586581934243,0.612780532566831,0.456391169922426,0.294354219222441,0
0.530312190530822,0.731517942156643,0.690140017308295,0.642239720793441,0.0262628518976271,0.802611756604165,0.902780951233581,0.210103470133618,0.210375540656969,0.543892533052713,0
0.395230162655935,0.333687379257753,0.735013731755316,0.480215158546343,0.865634933812544,0.543985165888444,0.420641479548067,0.245913553284481,0.359702050453052,0.132777633843943,0
0.0904814421664923,0.502933628391474,0.943181010894477,0.973025728249922,0.45699113397859,0.303724091732875,0.259130331454799,0.137392191682011,0.0882284969557077,0.858102903701365,0
0.197664188221097,0.54300020984374,0.994655138812959,0.809177788207307,0.771103623323143,0.14212013524957,0.0703737395815551,0.657986276317388,0.698288823477924,0.531558235641569,0
0.38922725780867,0.0178072438575327,0.206550101749599,0.279059498105198,0.130672654369846,0.731282056309283,0.916862627025694,0.735599220730364,0.881136131472886,0.101409064373001,0
0.246878268197179,0.0871393852867186,0.679992611287162,0.593202706193551,0.498345068888739,0.868788991356269,0.426704418845475,0.803056424716488,0.716875120997429,0.0175437198486179,0
0.975850836373866,0.445444678189233,0.34835023409687,0.0470001206267625,0.656776797259226,0.621381102595478,0.534670516848564,0.598097857553512,0.383239089278504,0.87672415189445,0
0.656797629548237,0.809621817665175,0.0922365016303957,0.767211562022567,0.0171467198524624,0.548791018081829,0.538508993340656,0.274756202939898,0.68937026662752,0.554328924044967,0
0.454526616028137,0.0555080435416661,0.480432439872436,0.533875931304786,0.174922664582077,0.4019959368743,0.882775814505294,0.334389669355005,0.556647992227226,0.0456793648190796,0
0.143842758378014,0.818681159522384,0.161243309965357,0.37538634845987,0.758276691194624,0.992961658863351,0.152864293893799,0.902159356046468,0.459988726070151,0.975650194566697,0
0.762474786723033,0.00010058144107461,0.370098860934377,0.588332233019173,0.409959024749696,0.849736879812554,0.185466748895124,0.691766847390682,0.0307066915556788,0.101312184007838,0
0.530885052401572,0.438947213580832,0.861869046464562,0.281398535938933,0.324055838398635,0.146189305465668,0.104640915524215,0.114455368602648,0.411254052072763,0.225398537470028,0
0.122773090144619,0.516964949434623,0.314032684313133,0.223260830622166,0.412542058853433,0.536367579596117,0.962565061403438,0.39207457122393,0.265076355775818,0.705572557402775,0
0.322917025769129,0.301926579093561,0.497222179546952,0.472832465777174,0.206433769781142,0.476144017186016,0.0252054389566183,0.782686076359823,0.187248289817944,0.102281968807802,0
0.426995084388182,0.718666728353128,0.485933102434501,0.323502551298589,0.107903502648696,0.865592220332474,0.302967022638768,0.610380937112495,0.861250536749139,0.0549344473984092,0
0.0611887008417398,0.923603331437334,0.819924875628203,0.96482496871613,0.368486692197621,0.647476577898487,0.740413541439921,0.606022445019335,0.34998439764604,0.115654287394136,0
0.784173390362412,0.0862583885900676,0.422140692360699,0.612620681291446,0.329869535053149,0.43556472635828,0.0244693097192794,0.233112257672474,0.239634144352749,0.127758705988526,0
0.848937203641981,0.195414824178442,0.387324198614806,0.677497502183542,0.358331595780328,0.0442505967803299,0.42561092087999,0.172771796118468,0.812593354843557,0.996755818836391,0
0.70022426568903,0.049468504730612,0.079450671793893,0.95642932667397,0.145219673402607,0.698878780240193,0.925630963873118,0.891158462269232,0.102359708864242,0.231975741917267,0
0.789339074864984,0.239311267854646,0.758393053198233,0.368608424207196,0.739283651812002,0.178726746467873,0.833486259216443,0.876145253190771,0.0543835998978466,0.480022699572146,0
0.166571964276955,0.661637914599851,0.870775093557313,0.858247915515676,0.907081078505144,0.211486964020878,0.011878403602168,0.830578338121995,0.416114231338724,0.951527917990461,0
0.737761263735592,0.70889552985318,0.297869799425825,0.612384726759046,0.292059907689691,0.0577394536230713,0.330145948333666,0.210909819928929,0.745422907406464,0.126067660516128,0
0.523655568715185,0.575877866940573,0.318897900637239,0.785010065650567,0.922458258224651,0.121845937799662,0.426670500310138,0.821412889286876,0.314532270422205,0.51157331187278,0
0.856342726852745,0.498679916374385,0.960807547904551,0.410663913236931,0.273264271207154,0.783840345684439,0.414368129801005,0.321133661549538,0.386502036824822,0.993217833340168,0
0.76731210318394,0.989644467364997,0.156197003088892,0.0231321454048157,0.913562300847843,0.96363882557489,0.635353290010244,0.339016044978052,0.949763424927369,0.849129759240896,0
0.320964035810903,0.250706450548023,0.50947992503643,0.521609070012346,0.938586892792955,0.831636952469125,0.985261335270479,0.504406326683238,0.249467069748789,0.676672332687303,0
0.221219497732818,0.342730754986405,0.967291318112984,0.729037913959473,0.00647638156078756,0.386706919874996,0.727209130767733,0.29817165620625,0.412989851320162,0.126670852303505,0
0.442459880141541,0.0226580945309252,0.26832809811458,0.279725153930485,0.266343758441508,0.279105070512742,0.9862755832728,0.0404244503006339,0.972104905638844,0.0851622675545514,0
0.480261195683852,0.758351893397048,0.156231719302014,0.481892053736374,0.816323647042736,0.639979912200943,0.65511051681824,0.853739601559937,0.549897585529834,0.814771491568536,0
0.453116642776877,0.66348816268146,0.2013445913326,0.508992151124403,0.233518118970096,0.181751402793452,0.214512372389436,0.839329230366275,0.362151798559353,0.19236894021742,0
0.672482921276242,0.389003955991939,0.240184714784846,0.866575751919299,0.747543240897357,0.372222437988967,0.0492046780418605,0.0259295420255512,0.408762258011848,0.30641132267192,0
0.073088692734018,0.898753721499816,0.868748633889481,0.389260422671214,0.919288246659562,0.0941229648888111,0.299837104976177,0.523523989599198,0.605514033231884,0.471474441932514,0
0.986098730703816,0.768019010080025,0.31580695300363,0.654554019682109,0.540885764406994,0.856062855804339,0.0108096348121762,0.626349889207631,0.80497342091985,0.606859616236761,0
0.117704920703545,0.951148717897013,0.713135755388066,0.767975216498598,0.540079806465656,0.114098810590804,0.191231949953362,0.200046235928312,0.225245891138911,0.914025070145726,0
0.563068090705201,0.485208963043988,0.748903863364831,0.370024989359081,0.0343913461547345,0.842609475599602,0.763807907933369,0.753115637693554,0.189510046504438,0.501916987588629,0
0.795413524378091,0.541299659758806,0.24820613861084,0.219723217887804,0.840777829056606,0.0104178381152451,0.803734282962978,0.364711442729458,0.0540029415860772,0.430050941416994,0
0.318775866413489,0.579029646702111,0.543445490766317,0.608734135283157,0.250281942309812,0.492698578629643,0.757744277594611,0.10895482590422,0.608199727954343,0.742083495249972,0
0.741322273621336,0.530713050626218,0.0625643685925752,0.109270762186497,0.859752440825105,0.466940135229379,0.495441666571423,0.446865216828883,0.789169585565105,0.187611789209768,0
0.711822485085577,0.325531831709668,0.121789654484019,0.638245391426608,0.517182229785249,0.395519909216091,0.236362902447581,0.280443299096078,0.127970852889121,0.568328295368701,0
0.542151398491114,0.287804536754265,0.878137783613056,0.984946037409827,0.351093485252932,0.0303509789519012,0.50335163786076,0.840691109653562,0.488056143047288,0.995974101824686,0
0.870141655672342,0.177433258621022,0.949065893189982,0.293402314186096,0.555382958613336,0.68466724618338,0.630367386853322,0.892402299679816,0.217156616970897,0.479609847068787,0
0.190662210341543,0.264579264447093,0.765280802967027,0.831088675418869,0.784357622032985,0.915664857253432,0.104475257685408,0.654439680278301,0.421057495987043,0.645370229845867,0
0.963015416404232,0.291068012360483,0.807825721800327,0.219461268745363,0.0916009084321558,0.987606126815081,0.0766663290560246,0.0519592948257923,0.699195061577484,0.599916357081383,0
0.975078583229333,0.0327963954769075,0.529346829280257,0.963058739434928,0.0893335447181016,0.905093970010057,0.328771145781502,0.448272005887702,0.829560931073502,0.65645203506574,0
0.232664194423705,0.638945578364655,0.961885569617152,0.178142294287682,0.690911264624447,0.403487663716078,0.724587901029736,0.632235003169626,0.794850361999124,0.85629079840146,0
0.134738119784743,0.694238644093275,0.900778646580875,0.677075980696827,0.512578953756019,0.0167313157580793,0.255552199436352,0.820123519049957,0.822972594061866,0.91256621805951,0
0.487696451833472,0.225332111353055,0.264468344859779,0.548117062542588,0.472247883677483,0.426619746722281,0.568854372715577,0.405638090334833,0.530953148612753,0.262328116456047,0
0.789644194534048,0.968861827859655,0.795294243143871,0.212621740298346,0.500988394021988,0.839895876357332,0.462809320772067,0.235881416359916,0.559977120952681,0.0433880945201963,0
0.324038768885657,0.661023841472343,0.791822208557278,0.827998369233683,0.328640133142471,0.797883949242532,0.138763218186796,0.845487758051604,0.67011009529233,0.786778832552955,0
0.516735539305955,0.108463601907715,0.269231878686696,0.66999543691054,0.115842649247497,0.753554118098691,0.659195296932012,0.105194851988927,0.868978090351447,0.380970028229058,0
0.722511563450098,0.193670488195494,0.911377023905516,0.398532298626378,0.0381526225246489,0.391820569755509,0.00131577369756997,0.472191746346653,0.169044385431334,0.882111815968528,0
