"1","2","3","4","5","6","7","8","9","10","class"
0.154882127642632,0.100266737239435,0.0232920096907765,0.185766900908202,0.818591538676992,0.731330545153469,0.814685659250244,0.0673394752666354,0.477557212579995,0.0287335622124374,0
0.411502501268988,0.598877620505472,0.97012054139832,0.957034817853407,0.448401981946966,0.58076465385966,0.316854806616902,0.775399135192856,0.999901467002928,0.805755875306204,0
0.348806035054568,0.326254776955722,0.176156536437292,0.555252747197496,0.975517013980076,0.271063572494313,0.26438374328427,0.991918847197667,0.877447571139783,0.659511992940679,0
0.690717444755137,0.28324935818091,0.956526996800676,0.690874763065949,0.970417845994234,0.899630232481286,0.362009244970977,0.782986189937219,0.234953772975132,0.842991000274196,0
0.860689926055633,0.86442552933069,0.0812857235632837,0.898888778905198,0.918924475957733,0.132714352337644,0.459865493234247,0.538661264581606,0.289561287965626,0.0259763454087079,0
0.595630647683982,0.937878939700429,0.876605027504498,0.692933584632003,0.0753528486246942,0.950081887189299,0.676605313783512,0.648689102614298,0.209878094494343,0.256341294851154,0
0.668559664627537,0.940628216136247,0.473164172377437,0.379003207897767,0.363836956676096,0.844859914388508,0.00420307484455407,0.433464073110372,0.221592559246346,0.054614465450868,0
0.3239262100511,0.741840692617465,0.110626408259128,0.933910966865788,0.363379496699106,0.489122830796987,0.167290888959542,0.975231557851657,0.769453201908618,0.342690273886546,0
0.320963720326312,0.316580319590494,0.885109637705795,0.701767694796622,0.619827348715998,0.546494450420141,0.67298434022814,0.998819448519498,0.61597903049551,0.324239177629352,0
0.972635024991655,0.106847624988924,0.933766757417843,0.988694030198967,0.279164883635333,0.292443352285773,0.293341796146706,0.220682293642312,0.0976462771650404,0.463721330510452,0
0.465589599095052,0.993134617776843,0.918585146978265,0.661257618735312,0.0606160640071612,0.727591146714985,0.934310106560588,0.136267598718405,0.290078969439492,0.543822343926877,0
0.000551679400028662,0.160963943744753,0.873963456624257,0.835649828213616,0.124840949733928,0.445058062905446,0.307836313033476,0.16617766302079,0.113341502845287,0.175562862772495,0
0.162539958079159,0.929459462932125,0.915606835521944,0.914635959551483,0.985956473236717,0.110288624186069,0.368730844464153,0.356869440758601,0.66655968525447,0.727531336713582,0
0.732278999495902,0.69008563562436,0.695557814772939,0.297574186845007,0.731560608250927,0.671194549649954,0.529274283442646,0.897919534007087,0.492865771753713,0.312325876671821,0
0.363754021565057,0.928195695172297,0.060379137629969,0.954122373320069,0.444976198037155,0.00403081066906452,0.572634933516383,0.401926425751299,0.643034890061244,0.974356673657894,0
0.532772835997865,0.128937708450831,0.943546664669877,0.934628346633748,0.939595649848809,0.115557988872752,0.899652441032231,0.368914191843942,0.496885035885498,0.741170092253014,0
0.65973542904295,0.0829247614711523,0.00133915686309338,0.425267090236768,0.361821721589193,0.400103597901762,0.856652131769806,0.841826528776437,0.186870883218944,0.00123788951896131,0
0.313937245402485,0.547725969692692,0.314369089435786,0.938158313278109,0.975361870834604,0.743831742787734,0.728672321187332,0.252012815093622,0.938845376484096,0.571570060914382,0
0.469488183251908,0.901181566921249,0.567196469877055,0.0220176471057814,0.33238272040314,0.458697000751272,0.621176551328972,0.324655920965597,0.140212230850011,0.92976386891678,0
0.236197347744135,0.565073558275076,0.357749043486058,0.975607212408842,0.930323249494913,0.616326038958505,0.279055777238682,0.836958552710712,0.117890094872564,0.489833277883008,0
0.998395730575081,0.996289926514495,0.120159297116101,0.893783169548493,0.96867022143444,0.870548592880368,0.343930799514055,0.364616822451353,0.0711058105807751,0.0872212953399867,0
0.887992511762143,0.0406421824978665,0.0362501175034093,0.904512135433988,0.742839193982072,0.0897283353842795,0.891760222613811,0.148890208220109,0.546002684626728,0.451718148076907,0
0.432361543810181,0.507601631173165,0.91028124794811,0.110130453019543,0.572900924579473,0.654540807008743,0.901441191788763,0.612898528343067,0.56960909254849,0.953741798643023,0
0.182899020560971,0.214785172388074,0.779723595736548,0.0678354280036176,0.892953554757545,0.429208964575082,0.446905212942511,0.750042408704758,0.488447638228536,0.851345202885568,0
0.263772372356802,0.093187165858224,0.992959489866346,0.627922311198339,0.140340442796238,0.738051710883155,0.489079986698925,0.397994492668658,0.967212535673752,0.81315882364288,0
0.208914623587043,0.29376453724748,0.117382108243182,0.0914963101386092,0.884215026524616,0.990201068809256,0.297095372341573,0.73881577141583,0.115485517773777,0.192082860972732,0
0.2009093888273,0.886872111971723,0.0386974332914688,0.806776164401881,0.757090357048297,0.208229709649459,0.46998346876353,0.252154419198632,0.00417446647770703,0.362799967173487,0
0.311123555234983,0.230105371893244,0.154153872563061,0.144205310547282,0.0683851047570118,0.4499369522091,0.82390993880108,0.818465140881017,0.497581939678639,0.165713125606999,0
0.343329458509013,0.50417328190105,0.98246836727839,0.322987912705354,0.0980677896876819,0.803975847549736,0.827484977897257,0.0704936115071177,0.365063495701179,0.740200545173138,0
0.847907268941146,0.953234280556673,0.225251940486371,0.0592510565197794,0.978204332103021,0.609715343685821,0.611623571254313,0.538352460833266,0.493775471346453,0.025452840840444,0
0.0365841990071349,0.950239314552164,0.880077803471126,0.859008899690816,0.962172771343728,0.490049729589373,0.456220398424193,0.647324642864987,0.918998528271914,0.409748529084027,0
0.178399487330276,0.97519305084066,0.0509626572649227,0.102607262724778,0.875932144270022,0.956316228955984,0.813399516278878,0.333382812561467,0.262089758412912,0.509072320302948,0
0.566986074883863,0.25997178267166,0.898928509588912,0.703145752836019,0.107090206475928,0.36760101118125,0.508905044291168,0.607534607406706,0.61139277392067,0.47837315313518,0
0.911507703082892,0.082731224469305,0.878327444903273,0.106633176509291,0.903926494625025,0.413105587242171,0.0848700038623065,0.739415586693212,0.482302198186517,0.550619496265426,0
0.423006612799363,0.346717675611144,0.501652992154611,0.922749212886207,0.0950807063329033,0.375757752452046,0.105830919928849,0.813639790285379,0.249575817259029,0.46823152480647,0
0.51995897857903,0.386903927324922,0.559082939556218,0.884050453607459,0.646153031967231,0.450342596508563,0.180223849369213,0.481072196736932,0.324789403239265,0.222872009733692,0
0.864891981625557,0.883535625447892,0.805129642385337,0.707779580618814,0.877302030013874,0.546649312600493,0.940899218432605,0.0826068143360317,0.495906823547557,0.648822736926377,0
0.441751028705924,0.984269240476494,0.0533603658645879,0.989410474826489,0.45912023737235,0.0485289329662919,0.451196990907192,0.0320924108382314,0.272474311525002,0.206702751806006,0
0.821340208062902,0.930354054730386,0.105790363302734,0.00802455349056981,0.0284919452800881,0.322465571574867,0.362440046621487,0.995410013245419,0.321234677452594,0.36478826450184,0
0.203502959923772,0.954857520886255,0.231018456372665,0.933212609518296,0.778208903858345,0.130177318118513,0.780688629718497,0.60038057831116,0.0825465940870345,0.227378375129774,0
0.389376726835035,0.59299239932932,0.5518340073172,0.979271921047941,0.397356259603053,0.0487261330708861,0.824818242108449,0.842103284318,0.679739583050832,0.498541162582114,0
0.140310649633943,0.912133614044497,0.918687200555136,0.0993778873515781,0.969692131075566,0.572284736903384,0.733193073188886,0.747290550265461,0.0951970012392849,0.817439028061926,0
0.623211297466699,0.326883546275971,0.462116940523824,0.437549610433076,0.623194394597551,0.574888234725222,0.746604373911396,0.412432375596836,0.904210505774245,0.146391688613221,0
0.667364533212688,0.363448068657704,0.221689200056228,0.921667876173277,0.60317618287059,0.777545536868274,0.356355554657057,0.450720133725554,0.654273066669703,0.970114717725664,0
0.493415317453537,0.00238354228222742,0.424098840726912,0.546644930195063,0.101912285722606,0.570050401380286,0.276623965008184,0.062465799273923,0.685800516512245,0.222841983893886,0
0.196276159258559,0.246357071679085,0.249517904594541,0.838150597177446,0.262725733453408,0.0453327239956707,0.164668311132118,0.521976726129651,0.742376494687051,0.317623852053657,0
0.754951115194615,0.924638409238215,0.22401200631368,0.111980193907302,0.184223492257297,0.832346902228892,0.19710641936399,0.794064192567021,0.261169527890161,0.105861405376345,0
0.660282958450797,0.653861180064455,0.0762461959900334,0.240434664618108,0.736850399831031,0.901768217328936,0.420987524557859,0.437279997393489,0.526369318366051,0.652673246571794,0
0.36204356178306,0.732584287228063,0.0400474966287613,0.408388254055008,0.0527716360613704,0.587003130931407,0.64640533993952,0.483499479480088,0.453258972847834,0.85308369086124,0
0.690855281785922,0.74143217608151,0.300079789478891,0.934127717945888,0.868234425094398,0.895520362071693,0.995537168346345,0.648747839266434,0.433723571943119,0.0954650132916868,0
0.445718815992586,0.968836993125733,0.509426489303587,0.599613302705111,0.0786685295810457,0.228860927978531,0.802601168397814,0.073292184388265,0.074383978266269,0.0375661789439619,0
0.130737134148716,0.982888271597191,0.00294953785666731,0.872360462429561,0.908613937366754,0.88249527849257,0.813030607067049,0.28222142579034,0.239739205688238,0.493501990800723,0
0.49177191292597,0.930347055491246,0.0655417758373543,0.579569625605363,0.417575490655657,0.42121566249989,0.624664169969037,0.746415487723425,0.212750245351344,0.0299690708052367,0
0.828370898326137,0.0995218721083132,0.0288369812777964,0.0604792339565698,0.0604089824401308,0.41317018866539,0.0965214453171939,0.644696983275935,0.934755153488368,0.369080413831398,0
0.746030723210378,0.109229532063939,0.0719922751430888,0.753783866992639,0.0568773512635846,0.315196189796552,0.0762010796461254,0.247406735084951,0.981284678447992,0.995252783643082,0
0.947499111228273,0.886005039659445,0.0909777663270943,0.0697837300514803,0.978466975821764,0.319512254791334,0.642560113221407,0.740743944654241,0.153048946056515,0.304231317713857,0
0.585310753654689,0.898553642865829,0.544907083662413,0.106057174271345,0.380434520704299,0.28374531539157,0.50111504457891,0.391433983808383,0.812535060569644,0.0516898750793189,0
0.0292100251308409,0.122401353009394,0.945398454231489,0.127994480348495,0.0931705163951963,0.0844189564231783,0.900166595121846,0.37885547010228,0.073794410796836,0.827784216962755,0
0.309120692944806,0.933912143937731,0.891813262995007,0.999846785804164,0.542382512173057,0.640697434078902,0.580272197024897,0.99240661947988,0.0369595754891634,0.101563242962584,0
0.486803060338949,0.947167247302039,0.0321355599715607,0.516994889035192,0.412744675160269,0.466429520165548,0.392206642311066,0.734472865005955,0.250539702596143,0.955481562996283,0
0.966635409231298,0.910990836658981,0.816443759804591,0.0643308984842151,0.0103892656117678,0.0326180572155863,0.498785038711503,0.400090283714235,0.927148988470435,0.898954936536029,0
0.711917985830992,0.720604059201456,0.802097997556254,0.995698451054352,0.12973279605906,0.568000057479367,0.532929465407506,0.609418161446229,0.833199298940599,0.576900534564629,0
0.865484077483416,0.221881462261081,0.801825470291078,0.213017764734104,0.9046042393893,0.180184529861435,0.879571405472234,0.735082936938852,0.0669863929506391,0.622858208836988,0
0.752966623922554,0.0482874373801751,0.988468115399964,0.0406360444959951,0.998421999827353,0.325730894692242,0.0900100467260927,0.280731946928427,0.131201443262398,0.281934736296535,0
0.0629028652362526,0.79979361772947,0.0459197743028403,0.152083310136572,0.74569145383276,0.28988361498341,0.363219464430586,0.402104459935799,0.37315343413502,0.574900747276843,0
0.517900601529167,0.687542184849852,0.939459926664713,0.661228748103138,0.420401944881538,0.715556038776413,0.232633720850572,0.0337607737164944,0.293911172775552,0.866096842801198,0
0.532564745475445,0.533522559036221,0.0647447389273904,0.894517561682453,0.659105244421028,0.939823317574337,0.387495883740485,0.67923502298072,0.108162377495319,0.701235671294853,0
0.627744784228294,0.922551237846329,0.930673494929564,0.0326595210768049,0.07286164391872,0.886254132958129,0.407095484668389,0.273183571174741,0.891741731436923,0.607606121338904,0
0.46555023422325,0.058303543570172,0.910485700879525,0.528033698544372,0.095082929847762,0.776512971613556,0.312532095005736,0.229362602578476,0.471450856421143,0.0727051470894367,0
0.583014640213223,0.105626916037197,0.562958627824043,0.54309068076252,0.958587754307943,0.759686608798802,0.750585279194638,0.444082946283743,0.602936168666929,0.129326910711825,0
0.442191194277257,0.990929530467838,0.652210691943765,0.539065913530067,0.989069154951721,0.365142052294686,0.257418733788654,0.0760013032704592,0.208583460422233,0.198034949367866,0
0.697046488059871,0.726935610497417,0.0327393846001476,0.924544442383735,0.199659083895665,0.885981175350025,0.069152346579358,0.230755086056888,0.623950164066628,0.510046623414382,0
0.755882209338434,0.34207447270602,0.0978025413529947,0.984862393159047,0.202342153760791,0.172462270595133,0.08036939939484,0.167437287745997,0.186714571900666,0.421574983280152,0
0.718901776556717,0.0812110258516856,0.937456126492494,0.0330680965500884,0.910254636941105,0.891462656902149,0.0524941137991846,0.969634079141542,0.137927665375173,0.576463962672278,0
0.241832830049237,0.166704932031501,0.132459055007994,0.187660759639181,0.832885168164456,0.6154901527334,0.554415429010987,0.576665577711537,0.957166526000947,0.455016191815957,0
0.567924599855905,0.0182413878123043,0.442981062296894,0.952063224778976,0.979931799304904,0.593704639934003,0.364395346492529,0.331876137526706,0.798357057152316,0.237743992824107,0
0.545707005257904,0.461947930348385,0.0807641287396662,0.0502313603902236,0.948479044305719,0.288869404466823,0.0268814857117832,0.219505543354899,0.12439996143803,0.0911875334568322,0
0.244644239322818,0.43619791507516,0.279166572361952,0.682194405867741,0.942492939193011,0.64481057994999,0.760885632829741,0.976964080706239,0.478358804015443,0.189995216671377,0
0.158238117815927,0.853958019753918,0.219081428833306,0.115754023892805,0.0421370842959732,0.26311198528856,0.456958176800981,0.799013756681234,0.494295342592523,0.436043575871736,0
0.19294099971829,0.808552377928258,0.998231334366463,0.126709321265086,0.0984641342101153,0.318935786839575,0.499745075590909,0.0565494899637997,0.0435210086870939,0.97603517677635,0
0.101415339676663,0.113378736155108,0.14757225371711,0.991193832296878,0.936879166651517,0.630623485893011,0.879230267135426,0.422199175460264,0.0421506266575307,0.620180372148752,0
0.286370013420656,0.974563965236116,0.992009882000135,0.04261005223135,0.717982811359502,0.0539823032449931,0.308309735264629,0.0960073813330382,0.77733865310438,0.242600469617173,0
0.649147134828428,0.439275447301241,0.48690142623703,0.0846114395976998,0.977037410676246,0.736588654806837,0.286937267752364,0.408455496886745,0.307343212189153,0.0880251862108707,0
0.279101139570447,0.854757702043629,0.214866913359915,0.204201151219243,0.021366608191398,0.386388758197427,0.717365273041651,0.0310379799921066,0.224010331789032,0.910606631310657,0
0.351120213578176,0.0493724504901096,0.688353469296265,0.0786069901379757,0.288688562402595,0.269288615789264,0.970837748376653,0.279182116268203,0.202399387490004,0.574219231493771,0
0.0550981710703345,0.0475402616607025,0.0857013943463098,0.987997707078932,0.127478428917471,0.558074977947399,0.424781126203015,0.416043723002076,0.289924531709403,0.707740145036951,0
0.854810460999794,0.084170243062824,0.256570286928397,0.0646117563338485,0.911485748532787,0.156767878681421,0.660835860064253,0.0357108863536268,0.426720031537116,0.878595497226343,0
0.202757278340496,0.917577304055798,0.831861110584135,0.658886292140884,0.0563486627970123,0.565122734755278,0.292164125945419,0.342306609265506,0.470912789460272,0.00999279832467437,0
0.414119925205782,0.529321419853345,0.905238834294304,0.482608164345101,0.929405481203645,0.750499487156048,0.217214023927227,0.217223203973845,0.0988964918069541,0.754964524647221,0
0.174871009396436,0.993746597365895,0.116338423087378,0.136741334198066,0.194207099142321,0.956718214554712,0.0559619455598295,0.540442276047543,0.843026677146554,0.524755335878581,0
0.197256928956369,0.179761024636682,0.0975084225810133,0.911337683263933,0.082228466529632,0.702448095660657,0.494335824623704,0.226377424085513,0.4023191484157,0.171060532098636,0
0.934802988858335,0.0284223135181703,0.981937422359269,0.0242747393089347,0.0811947082463885,0.00394991133362055,0.660074623301625,0.579425405478105,0.892371539259329,0.0941251087933779,0
0.510188938733656,0.964396991223656,0.522731192390993,0.653650495887175,0.331215801785607,0.0359765156172216,0.670719664078206,0.850064862286672,0.487204587785527,0.504135552560911,0
0.112545930425636,0.0829417845250107,0.928205018016137,0.963502964571538,0.0800042309214594,0.625683203805238,0.983493237290531,0.368115829769522,0.422325205756351,0.878461314365268,0
0.533779728245921,0.992615558304917,0.498303111306066,0.516460712755145,0.065255715795001,0.954322370467708,0.0984534174203873,0.428353612311184,0.692637516884133,0.770426576258615,0
0.854356522061396,0.113590456026024,0.0468581932007801,0.147837587648188,0.0381875525232172,0.856781976763159,0.405435332097113,0.656755111180246,0.283356172032654,0.162915401859209,0
0.112402807822824,0.920706232862174,0.86274634562619,0.822765420451015,0.875797587515041,0.837174989515916,0.142867616610602,0.912033424712718,0.0382255169097334,0.955533977365121,0
0.814102022327809,0.0131109112539329,0.955539633142785,0.913073378981487,0.993313908212259,0.516732451505959,0.669095115968958,0.308541740756482,0.75795804313384,0.454388751182705,0
0.536590686494671,0.0292014636417385,0.936754877875,0.0428034404447768,0.951569431147398,0.743567310040817,0.101873100502416,0.489061634289101,0.117108373204246,0.756809942191467,0
0.64667879069068,0.0725174888987327,0.173754660052364,0.915918078533281,0.945296195025812,0.749705381924286,0.2817360998597,0.658090662909672,0.579925179947168,0.550973598845303,0
