"1","2","3","4","5","6","7","8","9","10","class"
0.908146678027697,0.930390174919739,0.931020918465219,0.0762254500994459,0.699849442462437,0.337388745276257,0.463446534471586,0.476955500198528,0.357393982820213,0.12645972892642,0
0.351657643220481,0.944382459466532,0.0931617741355672,0.0232539824245498,0.937820579997543,0.937424173345789,0.434730528388172,0.357804851140827,0.476392595795915,0.328316220548004,0
0.0689131076954305,0.848185352160037,0.185369098485634,0.880362665297464,0.956610499323159,0.231580083724111,0.00971264159306884,0.655193816171959,0.0577038621995598,0.904217877425253,0
0.635105177508667,0.138661304124165,0.0149771645469591,0.539647938969545,0.492674971758388,0.805802079150453,0.268385956529528,0.0457666967995465,0.288531734375283,0.179605988319963,0
0.725389123485424,0.773100138371997,0.408963871115632,0.853889602517337,0.835716451871395,0.34023449732922,0.894812174607068,0.98752526124008,0.625335675897077,0.78574783494696,0
0.525307271163911,0.39418102777563,0.161247337935492,0.732021012110636,0.335130938794464,0.671634447528049,0.607520231744274,0.181217565434054,0.474605547264218,0.990391585277393,1
0.719693444755673,0.00776456174701451,0.0552966251336038,0.102941113232821,0.670647731759399,0.0643663315568119,0.854082603007555,0.6381053221412,0.676014684140682,0.865937206661329,0
0.82159095332548,0.261557796073053,0.673170508055389,0.0155929326252081,0.986201855925843,0.601815180853009,0.0602782119531184,0.694841932272539,0.753670781850815,0.973402474541217,0
0.0573881023092195,0.0140723785666749,0.108187963564694,0.0739897054750472,0.85835578042455,0.423723133048043,0.65614894288592,0.959519175346941,0.37482701940462,0.082432504510507,0
0.340313278604299,0.945223705144599,0.344343443168327,0.948681563138962,0.0297306848224252,0.574634484946728,0.542384123662487,0.440546617843211,0.313494360307232,0.523411094676703,0
0.966963822381571,0.886469483692199,0.0284186253976077,0.137185142630711,0.00626818501017987,0.783463807078078,0.502353680320084,0.685813380638137,0.697885722154751,0.528297308599576,0
0.148453961812612,0.89594144113455,0.931476095492765,0.136618605375662,0.162711008890532,0.48111659148708,0.738609054125845,0.247996006859466,0.118109074654058,0.725768619216979,0
0.14803813070897,0.0840300191799179,0.968617577870749,0.943830527014099,0.044433387129195,0.530805830843747,0.816592330578715,0.158473821356893,0.257428028155118,0.0160849196836352,0
0.132961763460282,0.173392263429426,0.965016992774513,0.230126865652949,0.133937498779222,0.94302161806263,0.153537483885884,0.0793119235895574,0.575131610268727,0.410416319034994,0
0.855700495581701,0.0204007794957608,0.201365255902335,0.848915048830584,0.184700883377716,0.389628777513281,0.384797070873901,0.540535680018365,0.411814842838794,0.708598552737385,0
0.292341378184035,0.827827219270635,0.942101393428631,0.942564626292791,0.0699602138679475,0.36993372393772,0.212492648744956,0.92605731706135,0.966384137282148,0.201722780941054,0
0.967247230352089,0.915933496465534,0.876176629343256,0.182085419172794,0.991999696384743,0.529576818691567,0.0441350755281746,0.972040369873866,0.0673247880768031,0.918819952988997,0
0.817563969586324,0.866991614222247,0.0621961637818255,0.132406581198145,0.348677603395842,0.432849400909618,0.875569941243157,0.265617340570316,0.410869211424142,0.502586183371022,0
0.596763551136106,0.110577105366066,0.993181828212365,0.378614650754631,0.742044103652984,0.102677355986089,0.7674174325075,0.544789747567847,0.955544371856377,0.78796507534571,0
0.0803575104295276,0.889787464070041,0.125959965062421,0.874187339486275,0.984079900646955,0.489347911672667,0.293629911262542,0.710323528619483,0.318726318655536,0.640353666618466,0
0.608072317581624,0.587852536121383,0.0580726339481771,0.0893743838518858,0.102644907736219,0.0968931710813195,0.877450465923175,0.707641693763435,0.552826200146228,0.334739555139095,0
0.198519943264127,0.912449342222419,0.11495502697872,0.957354446980078,0.0453203801983036,0.060219214996323,0.591535544255748,0.163892823969945,0.388757492182776,0.945913871750236,0
0.70566967718713,0.0449154829084873,0.0973716179452837,0.129169257615879,0.292436110087112,0.466035104822367,0.74794984376058,0.756865444593132,0.89142407127656,0.666579362470657,0
0.905329922576994,0.0358664521145634,0.170119035087991,0.195422950894013,0.0574882973132655,0.178549258969724,0.0177154366392642,0.131719109835103,0.0837062823120505,0.612470841733739,0
0.848297916119918,0.765351588604972,0.864847427234054,0.298609905177727,0.958180646179244,0.568014174234122,0.667837347835302,0.67009323858656,0.517292988719419,0.631999482167885,0
0.884362860112451,0.940348864372354,0.165761991019826,0.943379273202736,0.969321094211191,0.57237218064256,0.437348382081836,0.464915290242061,0.867302749305964,0.791838983772323,0
0.809175427410752,0.207576618956774,0.00122399195395409,0.0903802465550601,0.944345640191436,0.240799777442589,0.0953574692830443,0.0801701135933399,0.770053349202499,0.454486059956253,0
0.655428505724203,0.0117404377159663,0.909134635277558,0.572155339967459,0.0627711542121135,0.891369265969843,0.5608455396723,0.683443335583434,0.896220335736871,0.407575631979853,0
0.122272188578732,0.863448081011139,0.18292304572612,0.984859667312354,0.947302792078629,0.327941783005372,0.769707892322913,0.79294708953239,0.031415120465681,0.873604275053367,0
0.729484018618148,0.989226091007702,0.205566628451645,0.0287575285483152,0.909641286918148,0.119071188382804,0.253260160330683,0.507490277290344,0.491564681986347,0.75430590310134,0
0.608175127301365,0.638903927290812,0.608297447441146,0.933876945404336,0.253244876861572,0.589958516182378,0.93040797370486,0.180297031765804,0.79302603402175,0.115621927427128,0
0.577665520035569,0.0327241995315067,0.00900995192108675,0.274592548904661,0.962319032303616,0.242988924495876,0.949233382940292,0.518814153037965,0.738855126081035,0.753183922730386,0
0.0862660889156163,0.0569773339139298,0.113375177467801,0.0906388767927885,0.0101894490581006,0.11545023904182,0.570404852973297,0.894901650026441,0.518652654252946,0.401544719235972,0
0.502583448267542,0.0236826755728573,0.859513512203842,0.955627396121155,0.973615938463807,0.0859419014304876,0.0958949155174196,0.341952250804752,0.526509277056903,0.672459356952459,0
0.695002688043937,0.75678404856734,0.107402999654412,0.0249661896891892,0.810622056209296,0.0477000067476183,0.953120296820998,0.788889334071428,0.706484258174896,0.176293407566845,0
0.910945320366416,0.146061052550096,0.0745739632677287,0.987147789814509,0.932395347197074,0.0537168623413891,0.306952445302159,0.8778084164951,0.372327263932675,0.247266465099528,0
0.948529340777919,0.87940349864997,0.873704862366058,0.892825361944549,0.0896999343266711,0.897697192849591,0.717778666876256,0.270868820371106,0.0831641722470522,0.136664573801681,0
0.394559240738303,0.727994124453794,0.682489722003601,0.510373546617944,0.683346620992385,0.888496189611033,0.52854555635713,0.610213592182845,0.240836436394602,0.606749215628952,0
0.640608462655917,0.789612004764006,0.043890199765563,0.0741321089461446,0.104519069097936,0.608266712864861,0.53211373463273,0.0812881521414965,0.0179923607502133,0.896061639068648,0
0.468227181383222,0.0534874259504489,0.422644623963349,0.931605927949306,0.427275467414781,0.422586903674528,0.250954076647758,0.333448814693838,0.733109766384587,0.339933312730864,0
0.7242790479213,0.969123400980607,0.10301178554073,0.194216820411384,0.00394848361611366,0.0907763284631073,0.741954882396385,0.320469752186909,0.570996763417497,0.587650317233056,0
0.602532004026603,0.049834161278978,0.623090432989132,0.405335109972488,0.0573507756281644,0.521703309146687,0.0704293544404209,0.203962075989693,0.297707560705021,0.26121091330424,0
0.763624936641753,0.769359173617139,0.965955306015536,0.776529481384531,0.978364966830984,0.0728848651051521,0.202182896668091,0.603938137879595,0.63767224852927,0.445054231444374,0
0.588262897710502,0.0639351196482777,0.593307020194735,0.134755146610644,0.94820571019724,0.207815073430538,0.941924145445228,0.92232813546434,0.605214869603515,0.894139700336382,0
0.642418282163702,0.917502204228938,0.936466685704887,0.300964902851172,0.639621882089227,0.0275543984025717,0.37349777854979,0.641654050210491,0.730692719109356,0.631258205510676,0
0.466922724836506,0.0690693476255983,0.900479928405955,0.96545978266187,0.512481850291137,0.234081736765802,0.672367940889671,0.75352509599179,0.65588437137194,0.890687626088038,0
0.983189492031559,0.919331179869175,0.0459803179383278,0.0369480927500874,0.220471496209875,0.487031510099769,0.859135345788673,0.0949069694615901,0.28358833421953,0.766101873246953,0
0.57876656530425,0.47806136473082,0.053451678249985,0.0729339618701488,0.583181365625933,0.866616972489282,0.818008306901902,0.774413469946012,0.988089531892911,0.889007214922458,0
0.293942120980471,0.894781584952772,0.89496159197893,0.32726828249786,0.889377803607471,0.285579471848905,0.768068850273266,0.117815531091765,0.365563375409693,0.691767191980034,0
0.340919291682541,0.00427500599008054,0.267767984569911,0.675713077009283,0.00472644245959819,0.592308381805196,0.379125598585233,0.545645341509953,0.835230253171176,0.7339828168042,0
0.380559724373743,0.192969982838258,0.260458539016545,0.0847831868380308,0.963870376609266,0.64530465239659,0.309986163163558,0.459873726824299,0.875447081169114,0.523148222593591,0
0.68505108494265,0.0714689744247124,0.0902258576420136,0.0792560585116036,0.940194792632945,0.332063168985769,0.187018529279158,0.410547678591684,0.977884203195572,0.259152586804703,0
0.531425001870096,0.080143503001146,0.861815861738473,0.876364691494405,0.767674807536043,0.335089980158955,0.207732933340594,0.78123577660881,0.145600660238415,0.674724406097084,0
0.840294047679007,0.956155426836852,0.884098913463019,0.0984345608097501,0.193761581457872,0.191121663199738,0.519598081707954,0.225205916678533,0.800723019288853,0.866256044711918,0
0.52975063409172,0.922141559244692,0.423956589076296,0.13062845389545,0.249594569673762,0.715048858663067,0.290930944727734,0.993937220191583,0.211556962924078,0.861748736584559,0
0.38928064796282,0.0737401713305153,0.606215441619512,0.884514610469807,0.261761230958626,0.0225110515020788,0.77128076273948,0.870817641261965,0.848892197012901,0.431567098479718,0
0.349851678023487,0.322567203308828,0.929942371063121,0.583940702204779,0.684046260247007,0.398322963854298,0.886465143412352,0.0983930169604719,0.487154030008242,0.427527232095599,0
0.71879290315276,0.807108036175929,0.0556384956339374,0.814054992916249,0.26432986196531,0.365117462351918,0.249602981377393,0.117460746318102,0.160372398560867,0.949435170507059,0
0.690639288527891,0.179810572776571,0.962193617446721,0.346433241948858,0.953750009863079,0.91482402314432,0.269180840812624,0.38488449412398,0.195855538826436,0.0848326683044434,0
0.44882043237919,0.456260746312328,0.0605456766331568,0.88431656363532,0.396045990570541,0.585344159509987,0.194816279923543,0.153170440346003,0.139945561764762,0.638101888587698,0
0.809686964805238,0.896754038213752,0.0859737331103534,0.125300885296427,0.964458286842331,0.108592238044366,0.724343003472313,0.962436026195064,0.415731579065323,0.281336348736659,0
0.77666928789299,0.11317795165088,0.970059287958965,0.0917388285985217,0.893212487788685,0.5849395156838,0.763131137937307,0.57590722059831,0.137213897192851,0.273678365861997,0
0.927323544166237,0.213200378333777,0.863474051113427,0.0771304523944855,0.0937704263180494,0.95179017400369,0.895644294563681,0.230885511962697,0.439694450236857,0.938416783232242,0
0.585886385397893,0.00249001285498962,0.115717922511231,0.194773449524026,0.920448667821847,0.813827086472884,0.889953437726945,0.0868936392944306,0.409577639074996,0.767374138347805,0
0.424702411254495,0.282013543257117,0.0560169319212437,0.649259244700894,0.948774097829498,0.5935811214149,0.35352467908524,0.256989346817136,0.979319219244644,0.708397417329252,0
0.708743425357156,0.895764535551425,0.0182622180040926,0.109478987957817,0.875521705938037,0.612350073177367,0.571122280322015,0.207512487191707,0.365975534776226,0.945702521596104,0
0.132583630080149,0.0484071027394384,0.255033925807476,0.169892824916914,0.73890312018767,0.0909923296421766,0.762993801385164,0.285446531139314,0.776718800421804,0.704050375148654,0
0.36094486133894,0.501128097386192,0.996820043681748,0.13056940661408,0.283375987729523,0.956238806480542,0.57595568546094,0.0125525039620697,0.00415568659082055,0.476233027176932,0
0.250473712865636,0.0911752660717815,0.92332335583549,0.640306209066696,0.987989713689685,0.341634155251086,0.390398479066789,0.475575636606663,0.293431787984446,0.984833785332739,0
0.0672982336931862,0.958533840274811,0.162095826962125,0.932378697080258,0.917284499916062,0.862763734068722,0.866995735093951,0.0555872628465295,0.906589953927323,0.482845218852162,0
0.661468539584428,0.918070490028709,0.107095680024475,0.820530686222017,0.897828577455133,0.217020620824769,0.879034414188936,0.241261296207085,0.744417170528322,0.849213563837111,0
0.393271671279427,0.0818087867421098,0.0846970831288025,0.204953366913553,0.208853939764295,0.472042836016044,0.842136377468705,0.579238460864872,0.864411659305915,0.617369381943718,0
0.237742577405646,0.0246878639470786,0.956793076268025,0.822064812454209,0.883999243528955,0.479356800671667,0.0808682714123279,0.965560741489753,0.54579541971907,0.810999135719612,0
0.739635022926144,0.28939100378016,0.285665074715298,0.898213964698371,0.102124631761387,0.64551838580519,0.852540636900812,0.132293063448742,0.199925748631358,0.69139288761653,0
0.375503841737285,0.977140769941732,0.0181231423396617,0.441335699672624,0.434382080176473,0.476087738992646,0.0800111307762563,0.0742550613358617,0.471165348310024,0.459777483716607,0
0.209629774582572,0.0870411486597732,0.915196093379054,0.0737127369968221,0.765437883345876,0.0847756329458207,0.349615452811122,0.986439371947199,0.929752269759774,0.0927603414747864,0
0.33489106525667,0.918864412931725,0.283777196425945,0.338413775898516,0.333425257122144,0.310689376201481,0.541936669964343,0.168306552805007,0.437244379427284,0.153379975119606,0
0.309343793857005,0.225501277000923,0.865575958545227,0.0918354634243995,0.0143924035941251,0.664956926833838,0.962939026532695,0.356346354819834,0.811058095423505,0.358290034579113,0
0.247136022197083,0.965935123153031,0.791024018544704,0.163019297877327,0.989537006709725,0.73144121421501,0.320262082153931,0.995773090748116,0.593981069047004,0.462368741631508,0
0.745658737390675,0.879820520932879,0.94230623098677,0.988173484361079,0.955837418998685,0.14667094592005,0.117813997203484,0.943404481513426,0.433249978348613,0.323613334214315,0
0.732619385614991,0.091225895085372,0.300587903367355,0.950813286771066,0.0446853971285746,0.202049716375768,0.701084997272119,0.159939917270094,0.262649999931455,0.0975408591330051,0
0.0835621492005885,0.10694546205923,0.149989161873236,0.825321367941797,0.199163724202663,0.635868826881051,0.858554254053161,0.608676334144548,0.716832665260881,0.278096699621528,0
0.54220220233947,0.130969017967209,0.893303877640143,0.774825933754817,0.319051916921511,0.504211043007672,0.984480679966509,0.295845348155126,0.899788830662146,0.423576867207885,0
0.073964733441174,0.916732111604605,0.91160087846797,0.0527825796335004,0.00744958917517216,0.101419503102079,0.743958216393366,0.456744766794145,0.11955550336279,0.0952602874021977,0
0.231979335269518,0.0453198630273342,0.293117071123235,0.833881693353131,0.890801507380791,0.101021913113073,0.0454230094328523,0.513066640123725,0.982106964569539,0.354068056447431,0
0.273813149121124,0.901037619363051,0.0234403988579288,0.391637262444943,0.57319827911118,0.764247222105041,0.121584522770718,0.109291258035228,0.105915087275207,0.900091599440202,0
0.532463892182708,0.407688661279529,0.596681078601629,0.447004665927589,0.480470133572072,0.608228113735095,0.480193201219663,0.38193215476349,0.700067481026053,0.406878079753369,0
0.917633292089123,0.769526617949177,0.00366878744680435,0.0669694770273753,0.217884314250015,0.70067446725443,0.940002553863451,0.652267798781395,0.412801635684446,0.504411010770127,0
0.0917424021989107,0.111265274672396,0.20219978688173,0.0633773360326886,0.166948758795299,0.39307824196294,0.242376308422536,0.178253746125847,0.332759480923414,0.246895046904683,0
0.891940008501988,0.745545630804543,0.0605268806835637,0.061170207164064,0.0691047085185535,0.336774554802105,0.551591816125438,0.90189991123043,0.209634453058243,0.649230960058048,0
0.426118500942364,0.282958423133939,0.405464664546773,0.0818998400196433,0.691521126369014,0.876547564985231,0.41312750428915,0.785509893205017,0.161444381577894,0.203677419340238,0
0.851693728071265,0.917982911793143,0.0331903450066224,0.963004902917147,0.971648228610121,0.717600900446996,0.395268130581826,0.160351983271539,0.522216667886823,0.116447732783854,0
0.0339832880882546,0.966797645671293,0.875817173177749,0.887173490852676,0.872090938082524,0.137876900611445,0.343431045301259,0.0430074061732739,0.0128972311504185,0.751016234513372,0
0.202485471345298,0.889226353302132,0.886714417921938,0.68949486556733,0.989924703980051,0.283972285455093,0.277064226567745,0.211335891624913,0.0376831444445997,0.187690943712369,0
0.687345720721036,0.669007606916875,0.300018121547252,0.924597576021403,0.725340858300775,0.283624654635787,0.960203534225002,0.115260469960049,0.166561172809452,0.582943056477234,0
0.948881681017578,0.858636416234076,0.984107312975917,0.979986270054243,0.00950867412704975,0.0721862728241831,0.630951265571639,0.513742293696851,0.346101368311793,0.120544238481671,0
0.552538579482399,0.083387034794502,0.493040970241837,0.128737098176032,0.44585185266491,0.75933945691213,0.263801846420392,0.000126335769891739,0.0124730744864792,0.63807807280682,0
0.202758487007115,0.839539392258879,0.114854955460504,0.0340448538328521,0.993544397040456,0.909927503671497,0.110648861154914,0.487556373234838,0.0783493747003376,0.11367543367669,0
0.361546143656597,0.332453434588388,0.290005006594583,0.231698066461831,0.320999042363837,0.734314360190183,0.027554246596992,0.949730081483722,0.750311220530421,0.0335778121370822,0
0.378218496685475,0.545735411446169,0.382391660301946,0.318013459615316,0.79048034435343,0.721096177352592,0.801873930962756,0.574727240717039,0.773206343175843,0.980275905225426,0
