"1","2","3","4","5","6","7","8","9","10","class"
0.782531736632809,0.210075243471781,0.617063195582385,0.312252295226698,0.910927515330408,0.790380393853411,0.244721368420869,0.136247932212427,0.629854808794335,0.982948177261278,0
0.251952263115067,0.475537580898671,0.451992575256218,0.68884769694069,0.547583767057346,0.971332100220025,0.930449047125876,0.513203616486862,0.126349831232801,0.930359472520649,0
0.100520001863688,0.695276145249965,0.431425585109479,0.367610718428186,0.551239405375413,0.457882401067764,0.746005821740255,0.170539073180407,0.378212921554223,0.938336852937937,0
0.349365777388122,0.89935585661993,0.712289771630858,0.460105588083481,0.237839003683681,0.262777595315129,0.746853058459237,0.556961374124512,0.61138878762722,0.633792458334938,0
0.441491587115638,0.401924087435638,0.688682624285799,0.11552607472891,0.239803717132409,0.598568168003112,0.999435951001942,0.955548940226436,0.869272899115458,0.861810078844428,0
0.671812098562252,0.366064618894608,0.430191962583167,0.0399533125188661,0.49339621110036,0.724345457041636,0.490282361628488,0.320129508618265,0.481622069841251,0.827746991766617,0
0.527362232562155,0.380489546107128,0.496315451571718,0.176018235972151,0.631065031513572,0.309623552719131,0.43666123971343,0.784628085093573,0.46908126748167,0.585829090094194,0
0.990284375147894,0.853985800174996,0.543781972955912,0.748463544296101,0.949387563159689,0.644548540469259,0.200789552880451,0.223799260566011,0.477061180630699,0.412653499515727,1
0.818562709283084,0.497885097486826,0.252860890584937,0.707067125248377,0.177888253284834,0.727497227489948,0.476139230187982,0.949199780123308,0.276363938814029,0.855303566902876,0
0.0210195671443827,0.710380371067071,0.290770340371485,0.31608078917838,0.170159160658262,0.939171522390097,0.869311164598912,0.00234781508333981,0.302647809265181,0.0653198333457112,0
0.92361085980013,0.276580861472822,0.357549675462241,0.76619000683262,0.349822393379275,0.834600167814642,0.834624337730929,0.616233235690743,0.667052617529407,0.195962355937809,0
0.781285878464486,0.522701552571519,0.693857588994315,0.538044722120963,0.718015763064062,0.748046306893229,0.636010037502274,0.829729313729331,0.387862764764577,0.519646318163723,0
0.56663385569118,0.0532766866963357,0.534261320251971,0.438952119089663,0.920700524700806,0.780289041344076,0.469906409736723,0.0376187374349684,0.301680457778275,0.585504965856671,0
0.655370237490069,0.342706367384208,0.216927223301605,0.600886325100449,0.858488589082792,0.60898412251845,0.152646757429466,0.660037858877331,0.638771149329841,0.407437319401652,0
0.470385787732154,0.536829615589204,0.0882506455748858,0.371893159087274,0.746604284085697,0.306940945331007,0.89520211564377,0.22617776831612,0.881791233317927,0.477837129496038,0
0.127727201082278,0.946349939555411,0.525176817641512,0.721285870418172,0.185291697534214,0.661057801451534,0.365943672368303,0.418409296777099,0.0146043424028903,0.849207448540255,0
0.997639510063641,0.196913250012787,0.588472793235428,0.76866905501725,0.493406881875793,0.794066942064092,0.89085175585933,0.0458884327672422,0.835300730308518,0.120380899403244,0
0.0166907976381481,0.661857487400994,0.158130212686956,0.809190719621256,0.329421515809372,0.373134656343609,0.938980453414842,0.880243603605777,0.58796371682547,0.876510836882517,0
0.238205440513417,0.668879306427435,0.767893256009149,0.24874698422013,0.387234528886782,0.708479553926736,0.121667484752834,0.0384604108985513,0.516536728944629,0.927566736936569,0
0.038681161079742,0.622884828575052,0.541196147190417,0.815078456883527,0.808131416483113,0.858911913819611,0.766433905810118,0.573433683020994,0.843433502363041,0.969262969214469,0
0.638915182976052,0.402932380729277,0.585228111869229,0.561840062823127,0.68339756638098,0.275949351023883,0.530267904512584,0.568225617753342,0.407559539191425,0.175082804169506,0
0.8668972761143,0.23687450358994,0.900098061595376,0.481808820994597,0.974735588029303,0.272871577413753,0.699631827883422,0.608437870396301,0.893371135694906,0.65863351081498,0
0.975203297714889,0.0687452800884925,0.324441911119153,0.370727128794834,0.431662267603421,0.53028828673996,0.339654263341799,0.461771154776216,0.452195941004902,0.869787642033771,0
0.433439771746192,0.106827848320732,0.540898477073886,0.735778144488732,0.628452808006406,0.701131263049319,0.257217492209747,0.164219996193424,0.802245260681957,0.429538734257221,0
0.82064448298458,0.0612507245609041,0.818254733045853,0.537605374112509,0.380917942438113,0.70602123462595,0.0725081651471555,0.939184228191152,0.991694742813706,0.622675137361512,0
0.595181541692,0.687153094569448,0.741138652551904,0.162107692106894,0.698394218807164,0.0432262532413006,0.766644599614665,0.438774875132367,0.718455902300775,0.000643865438178182,0
0.240569415929914,0.784719959523511,0.626167870235132,0.8931872700251,0.818097583851352,0.6121935127303,0.896648772992194,0.13569338619709,0.167122303741053,0.559033030178398,0
0.376965761060175,0.77571262006729,0.453195178671154,0.628409786616919,0.270330120599571,0.533336322754622,0.708203148562461,0.944507557200268,0.700024622259662,0.560675263870507,0
0.524003443184123,0.66248859972485,0.209854676483918,0.76934971368838,0.239297485854898,0.333843113156036,0.658943947171792,0.453748253174126,0.810633872402832,0.281868364894763,0
0.375331075519137,0.602124429371918,0.327096934953954,0.558410017886861,0.0814254441617003,0.592476808931679,0.429062624461949,0.101424824213609,0.848915672628209,0.562249095411971,0
0.390579573327675,0.960943375873296,0.60843178970539,0.34055912191355,0.445995240131664,0.61541516543366,0.975544164422899,0.346190401120111,0.226529468083754,0.752328795846552,0
0.686649900552537,0.258237560537973,0.52665242033064,0.678081111724625,0.232143739391552,0.828272920334712,0.353526069317013,0.505231160437688,0.168182417983189,0.943190740188584,0
0.550614284197241,0.139820458513084,0.697496278326696,0.219454826122511,0.813051542839833,0.854812615783885,0.933130998397246,0.822715063113719,0.998135093366727,0.358975638169795,0
0.0291420831345022,0.519307016860694,0.225667376769707,0.787399943452328,0.616913179634139,0.627144584897906,0.423447727691382,0.578479814110324,0.793054017005488,0.810061647091061,0
0.256391527616605,0.567646858766392,0.380279452253898,0.758013779520123,0.643023782941171,0.438251235289499,0.539019823074341,0.770858046133071,0.519309585448354,0.473532716277987,0
0.187796400859952,0.5099023275543,0.51764775859192,0.425895070191473,0.257948650978506,0.978405935456976,0.270785650704056,0.107094763312489,0.365614989539608,0.106932550901547,0
0.419753869571909,0.46821992226513,0.289709202782589,0.642691562608251,0.196294785009196,0.874306083889678,0.380539734615013,0.0685866693966091,0.251446787267923,0.443247125949711,0
0.403753784378059,0.952469121266666,0.318626635112646,0.531715800162729,0.379729164599852,0.0398512650281191,0.772786781890318,0.744350058259442,0.765579276252538,0.492502259556204,0
0.713931945040077,0.26294804325875,0.58299650321151,0.159734824358383,0.517574336886987,0.630340814124793,0.0609405899886042,0.117418912705034,0.00261075561866164,0.786189705366269,0
0.347698553191591,0.465302966981697,0.233241333288873,0.838801124753514,0.615885838941707,0.170471273129806,0.511233232682571,0.525771791581064,0.884292609989643,0.962778080021963,0
0.800448934589513,0.204240727218927,0.914830211559101,0.258015375598662,0.409753150553015,0.110550392884761,0.162410844583064,0.960471333004534,0.282414106884971,0.390231565339491,0
0.693336699623615,0.0963821429759264,0.624699815409258,0.617952522588894,0.786598205100745,0.946648774435744,0.716962359147146,0.903024575440213,0.331022873753682,0.387525627622381,0
0.61899366328381,0.561656616901652,0.624952618958769,0.611325851842458,0.368980420204539,0.957898803055286,0.73952092952095,0.971964912489057,0.560313027817756,0.956250808434561,0
0.653920898554474,0.547708330601652,0.599660546310774,0.140826231616301,0.362820257131149,0.667231923434883,0.689366181148216,0.285889842081815,0.375528029864654,0.238571127876639,0
0.744653118260764,0.131577397495016,0.958307326444688,0.0103405115915358,0.884180651030485,0.583529508672655,0.0857207006774843,0.28189492970705,0.824315723031759,0.935735279228538,0
0.98971989164874,0.267981782462143,0.693972445761002,0.364800037857711,0.472240713115772,0.216096367919818,0.286455411463976,0.0453598527237773,0.825946732889861,0.280599420424551,0
0.579489084194601,0.771323982999185,0.230744933296095,0.833479387465851,0.402474079597371,0.0262896858621389,0.467352693900466,0.176175995962694,0.372385519556701,0.913331834366545,0
0.723592762241047,0.19420805368725,0.422897772023311,0.430839271108231,0.553235104555039,0.682897028978914,0.693090066313744,0.218902978114784,0.113498948980123,0.519754712237045,0
0.658467102899775,0.770849007952326,0.549614283266868,0.858641499077213,0.774025003106637,0.927769197849557,0.390881929080933,0.575488086557016,0.432422507088631,0.206473759142682,0
0.478349045617506,0.204002780839801,0.834275762550533,0.450427927542478,0.912619045004249,0.465925006894395,0.368059794185683,0.220379581209272,0.101821292657405,0.293394105043262,0
0.576665105689317,0.268549598855639,0.253548756556456,0.110240851643668,0.647051631038347,0.88969738362357,0.0267237469088286,0.41261584404856,0.995332731632516,0.491764545673504,0
0.597380097024143,0.355290869018063,0.759596640476957,0.296072371304035,0.974222576478496,0.610897176666185,0.305309600429609,0.508385702501982,0.391491241985932,0.130806195084006,0
0.730143547592871,0.69112589877975,0.192507297970727,0.979270331887096,0.348142981400302,0.143607794540003,0.5839209232945,0.0329613774083555,0.572401609271765,0.02307591564022,0
0.637312720064074,0.852687927428633,0.0370571506209671,0.539012751309201,0.4170434740372,0.687331681838259,0.534543043002486,0.4001265601255,0.272847533691674,0.786166018340737,0
0.303179953287169,0.671891763452168,0.495570199346496,0.595432992766306,0.588926587721681,0.925798276439309,0.0551877445541322,0.841322412481532,0.974467482650653,0.435549499699846,0
0.857300576442853,0.492392372570902,0.808949824504009,0.674025733055685,0.775997766045868,0.961745984386653,0.886728468351066,0.137139004189521,0.257070607272908,0.824493155814707,0
0.835277111281827,0.53743465264693,0.946992506371657,0.521205284614587,0.923670822985687,0.934605945833027,0.0405973431188613,0.387218885589391,0.69228584994562,0.0973343439400196,0
0.663674437291454,0.942106256901672,0.214482144633359,0.4649584321241,0.0312695202836559,0.00532961031422019,0.229866118635982,0.110451028449461,0.186373264528811,0.277480531251058,0
0.926832813071087,0.0260081305168569,0.83069276297465,0.322803582763299,0.715881379554048,0.0243482065852731,0.327590896049514,0.503211817704141,0.261561242630705,0.792357518570498,0
0.663153323705029,0.567698340035102,0.654151596517811,0.804477376279314,0.255117918214337,0.656263172626495,0.932515611173585,0.799148922786117,0.836098507745191,0.0765802098903805,0
0.971339292176068,0.494578274643029,0.733332252893995,0.790673143802944,0.424520427899787,0.0625215312466025,0.885481922421604,0.835162326227874,0.956421747338027,0.418633127585053,0
0.579578974223044,0.374952784867382,0.57171518987842,0.123013739238332,0.759770486682524,0.446280294330791,0.112362548010424,0.700658837566152,0.0469528555404395,0.31457070633769,0
0.780570265157893,0.598370335614589,0.674472666958156,0.389863368567028,0.621022079938903,0.273620172170922,0.878647698322311,0.896257229615003,0.792134752497077,0.513595345430076,0
0.499374187498633,0.0384482525264543,0.830885601371367,0.179506077255154,0.897340907286647,0.656638645334169,0.823535250965506,0.85522951069288,0.890688240062445,0.251814569812268,0
0.369580355475284,0.716281622727374,0.816356127641397,0.246833383962888,0.714129901168819,0.102446980541572,0.155645240563899,0.775171297835186,0.156620775582269,0.828703606268391,0
0.645116915460676,0.256194249494001,0.646323080407456,0.278139452449977,0.719728453317657,0.0682348287664354,0.290877433260903,0.413111611502245,0.891145730391145,0.728421762818471,0
0.384445476412028,0.9486490521051,0.00999947184241184,0.576816380962118,0.518236401557817,0.631991737289354,0.699825370917097,0.701740171760321,0.748484527692199,0.526968672638759,0
0.420406841113698,0.0017218654047888,0.417241081734205,0.101101136442068,0.731840688668342,0.724821287672967,0.805071665905416,0.860094462754205,0.0910397523548454,0.572700681397691,0
0.139382879279554,0.649444642485494,0.484502730381529,0.78218282590856,0.255670362452904,0.886324062244967,0.518163964617997,0.902341904118657,0.996074371738359,0.588390927296132,0
0.356961805606261,0.462766043841839,0.112530075246468,0.695536916144192,0.073424082249403,0.0381269825156778,0.0846972179133445,0.167961014201865,0.774116227170452,0.618723053252324,0
0.0813241771031171,0.645268031334479,0.403123124239122,0.618935093142193,0.154393349021393,0.826994807692245,0.743649890413508,0.75092123192735,0.110677825985476,0.581805332330987,0
0.981411541443598,0.42209971003636,0.728625526269785,0.419871271172518,0.504621213353571,0.529031878570095,0.119437912711874,0.441514611942694,0.267213077051565,0.584200869547203,0
0.518315954852104,0.034067817115548,0.749100070615512,0.138839083435672,0.724920173500474,0.499249185668305,0.76018894976005,0.171093706507236,0.674741661874577,0.364094241056591,0
0.47192500605695,0.057695745096556,0.313303814887536,0.00409878961351601,0.517644688709436,0.942876502871513,0.840948428027332,0.135649729752913,0.940192206995562,0.0646183853968978,0
0.639781778610125,0.191743435780835,0.455528801144372,0.312046602991338,0.285881361462139,0.224077278049663,0.206637918716297,0.379269278375432,0.412948199314997,0.236822908045724,0
0.238399290859234,0.363561053838714,0.368891962903295,0.896900867557514,0.0873677110637,0.00235465238802135,0.996008715126663,0.228345257230103,0.747798806522042,0.945152082946151,0
0.652716569486074,0.586605842019682,0.884299081004727,0.713561953411129,0.828424840035339,0.652956751640886,0.466894860379398,0.381434389855713,0.954385199118406,0.247352723497897,0
0.450695004775934,0.909811704924871,0.716715444954469,0.513073990462609,0.559505036781715,0.626012108987197,0.160215542884544,0.416937839472666,0.00392518914304674,0.461825614795089,0
0.323114084362984,0.284047010428745,0.265701606418968,0.209835705666931,0.870446436043815,0.162487067049369,0.866136068711057,0.526955469977111,0.966959102312103,0.718069000635296,0
0.311272904154565,0.122709752444036,0.496679821535753,0.471543703241088,0.967372597205287,0.962028397014365,0.15793527266942,0.658167339628562,0.0469560150522739,0.360240314155817,0
0.174729243532754,0.521031248149535,0.471357020954138,0.912994804235053,0.485607850289224,0.509556375211105,0.584529207320884,0.177496465621516,0.465683994349092,0.757767975330353,0
0.747547911579069,0.422467669928433,0.75665981734493,0.698981779180609,0.442613417321015,0.705857238033786,0.463417374063283,0.841028100345284,0.498730511870235,0.268659170717001,0
0.631367346080765,0.229683215458532,0.48249482952769,0.261233735156191,0.795996610441613,0.288194042397663,0.280168761499226,0.82681202236563,0.140365528175607,0.73895259690471,0
0.128225824702904,0.70756748272552,0.357308715263419,0.668013500091969,0.237605865367799,0.407666688552126,0.922565422719344,0.926831039832905,0.621296134078875,0.491601217538118,0
0.679466425733082,0.816124468960347,0.397417491583798,0.409840623530276,0.31562675519604,0.840331802610308,0.212656465126202,0.38001213176176,0.687549177091569,0.0779420668259263,0
0.591186286059208,0.517577156723606,0.830609483053026,0.245659314020133,0.696354121200159,0.502850498072803,0.483653260860592,0.0993237907532603,0.702976584201679,0.0514499796554446,0
0.796845489875972,0.343974705490342,0.469309475712374,0.304758986614842,0.818190897208344,0.160188062582165,0.328029727563262,0.923711244482547,0.557646618690342,0.98510664794594,0
0.210100924253464,0.782135320481461,0.398696164523617,0.504169866194752,0.568773517570743,0.932203174801543,0.386096250498667,0.139574564993382,0.629552308702841,0.855594792868942,0
0.664514814140275,0.0632987942064975,0.848574065422351,0.637409671513986,0.19663431105385,0.363830029265955,0.753212264738977,0.457355413585901,0.93625625432469,0.0271417396143079,0
0.395824699105974,0.31574162885684,0.547094160722815,0.312375904527889,0.931158845133961,0.737470145802945,0.983976474031806,0.732529322849587,0.542770878178999,0.197769060730934,0
0.0580849023535848,0.517748163547367,0.411710639251396,0.972123317653313,0.0825927334371954,0.882189297815785,0.857633395818993,0.817534199915826,0.00548342522233725,0.501924849348143,0
0.912578648934234,0.371380762679566,0.905709945879972,0.460778693411801,0.363578682293093,0.687554496340454,0.627252584556118,0.798792687943205,0.10576658998616,0.896697560325265,0
0.626013233644515,0.348388841552158,0.728737688063759,0.123515345637002,0.327150617208354,0.930480153532699,0.115058759925887,0.978851868538186,0.316385882208124,0.362730541499332,0
0.208307679213956,0.828905065525694,0.547238274834292,0.937036373157146,0.407818506376047,0.686437221942469,0.319790524197742,0.0565562325064093,0.264072297373787,0.349375787656754,0
0.491691460971907,0.349863088855115,0.886752729169275,0.327460814643721,0.541142588642813,0.587361181853339,0.967170482268557,0.262026105774567,0.166382542578503,0.0521978049073368,0
0.4859903720906,0.0912620492485277,0.495048251644773,0.430609423704899,0.916660203189573,0.241613861173391,0.560015678871423,0.518159202998504,0.759342036210001,0.287236667471007,0
0.554902328411117,0.716512617189437,0.622456123586744,0.767527337186038,0.768085896736011,0.582688186783344,0.996819397434592,0.407588880741969,0.285085936076939,0.184817508794367,1
0.853080629795045,0.730406599582548,0.580192176881721,0.371943633704726,0.959348283949697,0.992673026397824,0.8088625643868,0.420688425889239,0.80985924997367,0.304557421244681,0
0.49677749257423,0.88457119129343,0.47797836282373,0.799185151563592,0.473063624229128,0.341154410038143,0.662783361272886,0.12625010102056,0.387391097843647,0.131896950304508,0
0.330015384359285,0.990817701211199,0.0462550849188119,0.994917759206146,0.197797951987013,0.285352514823899,0.372497338568792,0.919331687968224,0.252706764964387,0.287419136846438,0
