"1","2","3","4","5","6","7","8","9","10","class"
0.50276752314996,0.825457375274338,0.227982119825725,0.772510583584887,0.0789811651758882,0.608790556201711,0.00279988907277584,0.750701039331034,0.553221394075081,0.106554508442059,0
0.237840963973873,0.792626749790448,0.126076775004929,0.601820763829639,0.124921853637542,0.864759582560509,0.686533500207588,0.201501299394295,0.586797283962369,0.538200203794986,0
0.140437354433164,0.405092731406106,0.0158349990299865,0.82135509300808,0.129090367678519,0.153476712061092,0.225143206305802,0.11658287839964,0.215917767491192,0.396303581539541,0
0.272056873819139,0.82133508481374,0.646223035348665,0.76327398564992,0.356277876134624,0.0119248009286821,0.606123049044982,0.58427719748579,0.693037885474041,0.334641073131934,0
0.181750095915049,0.764471301110461,0.199819822562858,0.2621854247991,0.153722818940878,0.426000466803089,0.0608941395767033,0.130086025688797,0.0844840072095394,0.627338090213016,1
0.332298370044446,0.759873581080365,0.320847157976336,0.943518626466483,0.51287229170486,0.60842004371807,0.264885638607666,0.763681984506547,0.69092967431061,0.354879250517115,0
0.185657938651834,0.885392839920705,0.52904189308163,0.676880059086283,0.478945519432918,0.472074977355078,0.30432684533298,0.869213699828833,0.698995600221679,0.29252440854907,0
0.305117617230117,0.655488129047304,0.475868069453542,0.747756167580911,0.184582677696615,0.413587288931012,0.816558323334903,0.957856062799692,0.379766548518091,0.266563921933994,0
0.300874982505664,0.953337108973489,0.137555882177613,0.762979564040109,0.220682956053948,0.866125997854397,0.577951044077054,0.496771053643897,0.900402320316061,0.52666707825847,0
0.473033932217909,0.254870206086522,0.954624096769398,0.236383473766068,0.969508935977916,0.443508357042447,0.975100608775392,0.497100827051327,0.0918226605281234,0.873543379362673,0
0.397811519993702,0.936498227037695,0.592891135709684,0.745290999815254,0.628238855899198,0.453068232163787,0.768498740391806,0.329150723293424,0.6905260856729,0.318803206784651,0
0.254362606297503,0.860338560945835,0.69097727953254,0.481534425892603,0.262259498892778,0.432611079188064,0.312335728434846,0.236041923984885,0.0550963734276593,0.579290453577414,0
0.62706090343874,0.247209131778181,0.685214604978952,0.188278794931158,0.42232887081851,0.227970543550327,0.629765357356519,0.255564773920923,0.732535848161206,0.291070766746998,0
0.315459676527441,0.96320211001788,0.104927117184653,0.883094926604115,0.622235585457891,0.571519704302773,0.195032438728958,0.17508385097608,0.787942810216919,0.775371538242325,0
0.671590973401396,0.282169756504009,0.497083582632443,0.00870924445176999,0.621648508363486,0.938785704784095,0.168554124655202,0.259609704371542,0.780748174525797,0.0795683653559536,0
0.0816842448863899,0.817474838172192,0.455872493270409,0.44101436157673,0.0805588999159403,0.103436509147286,0.432802692288533,0.327440863940865,0.167390948161483,0.118253292050213,0
0.382705698953941,0.817324815550819,0.21922713611275,0.898659334750846,0.488502554828301,0.992149658733979,0.550207329448313,0.382770521566272,0.134736647363752,0.534695817856118,0
0.304587217704905,0.799811033992641,0.387616322286298,0.840626796353504,0.13034740109346,0.698460879269987,0.725510040530935,0.323033516528085,0.118531705113128,0.657932511065155,0
0.790498490062077,0.182201805796782,0.68852057577975,0.333758619683937,0.875026890747093,0.67040819581598,0.476455596042797,0.683056896785274,0.828017017338425,0.855676583014429,0
0.320709770729952,0.821134865297191,0.287210789111422,0.709290163533521,0.255230087361618,0.721619044197723,0.485771915176883,0.914326479192823,0.561907758470625,0.212756590219215,0
0.994531697649043,0.380026078959885,0.778766728594973,0.152340360366976,0.9466655131875,0.140718216076493,0.222670038696378,0.817612430546433,0.51636918541044,0.149027302861214,0
0.829215036074631,0.335399411791129,0.961058790565084,0.315242960057563,0.795924049611112,0.636781107168645,0.240205651149154,0.501735334284604,0.109708635834977,0.200445892987773,0
0.703507082796143,0.240678813483367,0.544429378527014,0.0240510004823019,0.62087144619899,0.570632697315887,0.426143475342542,0.720101484330371,0.230917977169156,0.859479711158201,0
0.237892054627091,0.927150785019752,0.479255873938633,0.870111431169948,0.182612896293821,0.704762845532969,0.66529355943203,0.0304791636299342,0.753998839762062,0.225076061207801,0
0.26573478134498,0.915456084628511,0.456244588139615,0.746527637919307,0.0588232018181074,0.369645958999172,0.13444850104861,0.132653499720618,0.509735898813233,0.921284085605294,0
0.530168751618476,0.254965032462394,0.638777390745408,0.120414673496591,0.610906574751212,0.578422495396808,0.889694848796353,0.600898837903515,0.193294022930786,0.291202088119462,0
0.752843652678234,0.127904149074561,0.749320540419038,0.217455473217394,0.731751286471606,0.331651575630531,0.539877131581306,0.401579331606627,0.865545119391754,0.616981241852045,0
0.790704189665662,0.388714164983429,0.82596019463839,0.122419913483424,0.85481519737186,0.160581008065492,0.852653472218663,0.764312057523057,0.412456599297002,0.475996042136103,0
0.350739424936287,0.35981104039793,0.739561341004968,0.369406657486593,0.902050134080588,0.540056261233985,0.552729053655639,0.0396307159680873,0.643995359074324,0.927474769530818,0
0.703198609824432,0.188006071626235,0.775654979706846,0.271575847221864,0.991349034277737,0.00686287670396268,0.0133827151730657,0.0415340256877244,0.912075052503496,0.920762296998873,0
0.570058432584396,0.552426854356559,0.231512039253294,0.741084035515279,0.196782335738331,0.459376673214138,0.648304483853281,0.0210899570956826,0.388165877899155,0.749921034788713,0
0.0876822432163637,0.352583283658637,0.383805679162331,0.611693012639705,0.0867321862389981,0.937181754270568,0.35017262911424,0.3203887026757,0.994705721037462,0.288122751750052,0
0.20119502856452,0.983054473022633,0.283764247031192,0.767929853759899,0.441022252000559,0.888240600936115,0.933961684349924,0.77624263195321,0.158821624470875,0.222509601153433,0
0.11089853450954,0.828646102156837,0.327137167433146,0.650986090298175,0.0747872061902289,0.33955690334551,0.979577451245859,0.95333881652914,0.301732450025156,0.479582956526428,0
0.973052877877886,0.15215868858305,0.396435575963151,0.623013288368376,0.635403511580508,0.668889263179153,0.107168522663414,0.916048646206036,0.821066808886826,0.475407185964286,0
0.415690382709727,0.397674890235066,0.22652906505391,0.962096412666142,0.531826339894906,0.478740538004786,0.907999354880303,0.11452377634123,0.501079033128917,0.0188362677581608,0
0.688282634801604,0.148905985766735,0.739245451406114,0.0504442039985996,0.776327347420237,0.156046442454681,0.775422733509913,0.394265808165073,0.0575481436681002,0.0516051554586738,0
0.536061197038973,0.00108492722718306,0.768698076818487,0.0683287697064766,0.942188127119224,0.00837998487986624,0.922227553324774,0.117181614274159,0.368608116637915,0.729560948908329,0
0.954057228751481,0.168509801849723,0.815640854416415,0.0479448419064283,0.808178279781714,0.702019907999784,0.0942893649917096,0.194299711380154,0.104766866657883,0.680724833160639,0
0.66471220572649,0.144334159525701,0.784534871228392,0.129240398110496,0.616476292810715,0.219361753901467,0.942888152087107,0.0205033137463033,0.0260826167650521,0.946593571919948,0
0.219440301125869,0.848565578895809,0.152224476709847,0.745118975902286,0.526044398135346,0.774764864938334,0.359807372326031,0.0911094213370234,0.28995154122822,0.706450500525534,0
0.486153109149472,0.817330083046681,0.0819622653552958,0.554790376792138,0.59766636954516,0.902380652725697,0.178018141305074,0.704570679692551,0.881830431288108,0.752943788887933,0
0.541589595546061,0.730638492510026,0.0365614821184293,0.57288501366542,0.114377085104377,0.681347527774051,0.948232103139162,0.129100827034563,0.806239605881274,0.237872554920614,0
0.771137873107195,0.100728783851082,0.985317260512417,0.556060606426979,0.758108570740248,0.918789477786049,0.0694736333098263,0.174838990205899,0.59232865087688,0.790585547452793,0
0.737257148210518,0.092818421462555,0.379810445735673,0.415978295184158,0.391290964840322,0.802971948403865,0.473156555555761,0.403355470392853,0.19681372307241,0.859164639841765,0
0.41894297891052,0.926159045046559,0.522252583578008,0.524621383720787,0.134080621423224,0.918843688210472,0.967832079855725,0.659822151297703,0.191884873202071,0.927436413476244,0
0.790258668293944,0.356129797434755,0.748399354445627,0.461863568262867,0.960548402670862,0.785277630668133,0.641896814573556,0.309660193277523,0.794156328309327,0.45978285279125,0
0.0174430041308049,0.604205949731473,0.419353732211425,0.398367333483546,0.337389912530761,0.488043343648314,0.593841740163043,0.208106975769624,0.394323522457853,0.677091776626185,0
0.920626167083718,0.0764007380825636,0.54598088541416,0.410503558565319,0.629924071988416,0.255173468030989,0.319374626036733,0.237243088427931,0.867701773066074,0.922180616762489,0
0.177042195014749,0.773978832550634,0.197910418287735,0.840324872202969,0.36613013926836,0.0881832065060735,0.814122838666663,0.983584304107353,0.26336881914176,0.31618966604583,0
0.897993811871856,0.00267970026470721,0.370351773686707,0.446182850981131,0.63377619208768,0.0887415965553373,0.268153848126531,0.0483811858575791,0.181706314207986,0.767143570818007,0
0.659401720883255,0.0999105672707095,0.32111201023042,0.296077384332719,0.431218750263959,0.797342132544145,0.490100164664909,0.202541892649606,0.686733478913084,0.876722871791571,0
0.036552629799489,0.785213638782575,0.118408339088946,0.533085670656514,0.391537287331689,0.00575625686906278,0.881271879654378,0.398323730565608,0.338304057251662,0.227467356016859,0
0.586186583069805,0.460414721321018,0.367098343196147,0.778079216651356,0.178904420658442,0.463920389302075,0.834827001672238,0.215954429470003,0.879083796404302,0.758394952863455,0
0.711048841257347,0.0643009744922998,0.478759172250547,0.297464383061575,0.511811359259908,0.132396238623187,0.431885269004852,0.946358569664881,0.220159378834069,0.937365144491196,0
0.482361266710446,0.303006824805511,0.822246827827878,0.660795923452699,0.321998420558595,0.0318251363933086,0.279074804158881,0.52039688359946,0.792574280174449,0.823406805749983,0
0.173349337581545,0.767939208599367,0.222195093386507,0.823094568414519,0.173062185340346,0.806145313195884,0.294137374032289,0.31739632668905,0.941828168928623,0.381190054817125,0
0.888162967981631,0.188827980955472,0.480712596160647,0.328899965378183,0.565191261913728,0.668936223024502,0.912955930456519,0.0139773301780224,0.157132745254785,0.179136093240231,0
0.209319459972903,0.85694493399933,0.345786513760686,0.913597063627094,0.418129935860634,0.829473277786747,0.309152927482501,0.976472190348431,0.598910173866898,0.972388547379524,0
0.274758921153261,0.827765500931164,0.0245489784766398,0.724824567611537,0.484371799476061,0.98119264934212,0.936829235870391,0.184314036741853,0.0951743004843593,0.382239154772833,0
0.43326878353348,0.271333762823007,0.668536348174893,0.075911772776432,0.773473049338574,0.896770967869088,0.358097738586366,0.202251207781956,0.157873853342608,0.654816822847351,0
0.323611485614651,0.475839661020691,0.278576067354137,0.946918298980027,0.0691424159839699,0.810659911483526,0.368884721305221,0.340848283609375,0.536332438699901,0.677036383654922,0
0.71088533503497,0.389647337550463,0.915178717306158,0.200897981491224,0.733276510501405,0.713219068944454,0.14602486975491,0.744605236686766,0.378391131293029,0.741981277707964,0
0.624609810627461,0.277631796722062,0.723867513257936,0.175669645260783,0.626082771089095,0.54709124751389,0.21799730649218,0.355612254934385,0.803727638907731,0.814324714476243,0
0.448629391917214,0.808279233540166,0.343006050929457,0.456848662626026,0.169458234277144,0.0686611821874976,0.700756031088531,0.562020767247304,0.970707541564479,0.356805321527645,0
0.0843033434667159,0.861986352637116,0.311892939787769,0.540288059546308,0.383269603865332,0.582399988546968,0.586032169638202,0.291218022815883,0.468528598314151,0.287478122860193,0
0.325155073753232,0.519932590287566,0.556374400876221,0.12517988405374,0.630035415099903,0.632791819982231,0.43971533421427,0.489295180421323,0.613686320139095,0.557473100954667,0
0.274292413710128,0.990441929776376,0.0249500120991582,0.989128234966725,0.266659767571627,0.974536338821054,0.934009402757511,0.394434802001342,0.695122584933415,0.0345852070022374,0
0.842121166245453,0.521475912453744,0.706367737791331,0.16141713660682,0.686530005859862,0.914388735545799,0.355453241616488,0.562956804409623,0.689313279930502,0.0857508804183453,0
0.196487045406131,0.774036289929202,0.236256395473941,0.933010603128926,0.542591456933752,0.942610413301736,0.429566486272961,0.173116335878149,0.756477402290329,0.509383531985804,0
0.828396426085383,0.327083272248353,0.907237051374821,0.195790181022978,0.992330974170133,0.203263849485666,0.194542885292321,0.687913830857724,0.568586300127208,0.753182786284015,0
0.607916861505853,0.0722184980204491,0.930956233699085,0.334936372385553,0.695496397505864,0.268080737208948,0.351327382959425,0.759820421691984,0.224555161315948,0.44205744122155,0
0.957187172218412,0.474510031057876,0.809022087427359,0.366623299696485,0.786350844022156,0.770378783112392,0.656641866546124,0.718630692688748,0.346050842897967,0.716041705571115,0
0.749883366308967,0.367907152648515,0.991346416916914,0.645781521695062,0.400891056718227,0.118418728234246,0.0282541965134442,0.750146164791659,0.410547434119508,0.809039176208898,0
0.383288403942669,0.96851462325357,0.496822856280447,0.780630685357209,0.132416412058884,0.921559956623241,0.898669468704611,0.357211709022522,0.0900361544918269,0.846205732319504,0
0.422863098969101,0.892066266825117,0.403550720884726,0.74756528057401,0.16197574043618,0.371108700986952,0.629559453576803,0.120614164043218,0.300713275792077,0.110660545527935,0
0.751110246465076,0.0439561006582226,0.833873858866172,0.528878217162076,0.672976100074478,0.485421649180353,0.117276100208983,0.505856086267158,0.135238294256851,0.967234343057498,0
0.551309506487777,0.301629751031849,0.940795260462375,0.591386509614317,0.525951430856672,0.546088519738987,0.0555606393609196,0.551905434578657,0.695495149120688,0.287118638167158,0
0.890318065918982,0.146721236116049,0.704945439857567,0.387738049182022,0.806013284881377,0.920888550579548,0.327825404470786,0.564079522155225,0.287831605179235,0.442674403311685,0
0.189750727014686,0.592686458270177,0.475682640922951,0.457033910182948,0.225639564890968,0.832298575667664,0.385270716389641,0.855958168860525,0.662553045433015,0.0993861828465015,0
0.0376642667399719,0.690568304144763,0.0731098672449331,0.680997649460305,0.178614027844376,0.151084265904501,0.0681587243452668,0.915421451674774,0.873124460456893,0.493271396495402,0
0.472611765703349,0.4989131894225,0.264787304375407,0.607175477772773,0.0252523495734489,0.0841641835868359,0.179814331466332,0.621853163465858,0.175416036741808,0.454971517203376,0
0.676727316946117,0.0380575154914457,0.434231580499198,0.239047094322353,0.908929525857914,0.896228492725641,0.428416981827468,0.623295464552939,0.78268727613613,0.768503324827179,0
0.810361950919917,0.59215137421544,0.904810000703321,0.130342702759653,0.685001893783391,0.16988067375496,0.925263209501281,0.881012592930347,0.506810192717239,0.0231367412488908,0
0.0623006917973049,0.655707462617109,0.144970037182611,0.683923438217256,0.100976215119668,0.300315366126597,0.174533139914274,0.114949125330895,0.550689651630819,0.154347758274525,0
0.491376542317914,0.965098360466158,0.407710301564715,0.834926598398019,0.0549597597815413,0.958448500838131,0.19329504435882,0.587107027415186,0.187779997242615,0.725849972339347,0
0.888405004122481,0.300358783205049,0.763429513812319,0.199320765934024,0.871562886600287,0.562714169034734,0.0536447942722589,0.16683433833532,0.572592851240188,0.539509118301794,0
0.21401398170013,0.871175785310258,0.491957850749406,0.376656757041669,0.494455900380093,0.185910532949492,0.254180225543678,0.160419055493549,0.384930552449077,0.180288036586717,0
0.710856710356846,0.261507926901883,0.807120876463338,0.0707945130989807,0.875350599677576,0.71142490929924,0.91246676677838,0.475272223819047,0.952289295615628,0.515363117447123,0
0.0720367353362497,0.975341829630056,0.300496399389492,0.711002577588828,0.286099722133818,0.702412764308974,0.355005281744525,0.612838404485956,0.543924536090344,0.0462238918989897,0
0.316364200504497,0.926732407523279,0.34463791780639,0.396097953313677,0.531602345773873,0.321748740505427,0.226154841482639,0.409320196136832,0.486546041443944,0.759965862846002,0
0.616836409672489,0.500607415479868,0.623575407943927,0.631389247447102,0.327180800881487,0.587808077922091,0.644947261549532,0.309335004771128,0.922205007635057,0.125831451499835,0
0.765409455851465,0.0590970221929802,0.960813557459219,0.506122368722056,0.832933119581704,0.594471716089174,0.640006798552349,0.300896740984172,0.330302219139412,0.249191743088886,0
0.834539924097247,0.483830814060062,0.698639880948301,0.033519786924174,0.493635573487187,0.871005965396762,0.963040940230712,0.343708990607411,0.911594616714865,0.762203035876155,0
0.759753615415609,0.433407793037229,0.928038131879516,0.643939777569791,0.549597242352528,0.686463084537536,0.763493177248165,0.858005703194067,0.479071211535484,0.570881793042645,0
0.174832738896017,0.930333791383122,0.248697939271703,0.935474208968251,0.680718770701416,0.301697581773624,0.0183104448951781,0.98365868977271,0.341739668278024,0.565357031300664,0
0.425897901323065,0.633548630311816,0.0877916558011129,0.654271688411754,0.162175605113728,0.931292835390195,0.615893289446831,0.0330319257918745,0.395658122375607,0.759372759144753,0
0.148253217118303,0.840757100008197,0.606104475396155,0.379480527908142,0.342517883270386,0.767823910573497,0.766866815276444,0.766484372317791,0.990835338132456,0.789623129647225,0
0.252049374390813,0.624204893342884,0.0533061215785538,0.347547446847574,0.576105949350128,0.355553804896772,0.61982010351494,0.263411968480796,0.204637862276286,0.695263087516651,0
0.396445163697191,0.566480899051251,0.423614274759655,0.738865199351048,0.0853034636193836,0.922667879611254,0.162065059412271,0.737107048043981,0.179518810706213,0.864403897663578,0
