"1","2","3","4","5","6","7","8","9","10","class"
0.533584987861104,0.335801894647278,0.935451025918988,0.409835481393313,0.768932273453495,0.891528173582628,0.199514529900625,0.176310137379915,0.751712010242045,0.868851712904871,0
0.0310474491716363,0.601292673587616,0.222190924246148,0.984499136493905,0.482224015394927,0.534247522940859,0.627050604438409,0.00281890132464468,0.0698894273955375,0.841167491395026,0
0.575121234541386,0.379340532003718,0.904865242187508,0.303122967345388,0.982709096846076,0.371924893464893,0.509510303149,0.17245958186686,0.125831276644021,0.645681341644377,0
0.301907124407124,0.95140852365693,0.424788499492154,0.75177115385391,0.0066496791562517,0.587524981005117,0.543084291275591,0.909162862924859,0.386810186319053,0.11443647951819,0
0.719248293966614,0.0462635737904076,0.544256042073189,0.263735436663569,0.953043189644815,0.947454656707123,0.866157634649426,0.838726945919916,0.681983261601999,0.273196519352496,0
0.720175460615661,0.0491743627892889,0.562964347449769,0.403801716677491,0.691496521381559,0.454609585925937,0.736019679810852,0.54835532233119,0.00383063219487667,0.794952932512388,0
0.724381694832444,0.00980474219140819,0.520170276381621,0.441711409324591,0.479292946404346,0.802058587549254,0.366525705438107,0.460506750736386,0.0457082728389651,0.859177410369739,0
0.177043461924884,0.900106353409772,0.214896143410688,0.978980526635415,0.398262743742162,0.194707714719698,0.441342854173854,0.173310295213014,0.31341813900508,0.788927133660764,0
0.336808324580453,0.967967127198781,0.254484194075063,0.956524325861496,0.530944388208833,0.551453937543556,0.808612185763195,0.474690241739154,0.662163734668866,0.772623785072938,0
0.392855915045086,0.800280757229385,0.0451859049634398,0.792508700337669,0.0253778872259537,0.449039225233719,0.280393605818972,0.411601170431823,0.465866229962558,0.063645115820691,0
0.332099750313908,0.939571223034142,0.488678497763421,0.593767935403513,0.210459088780715,0.3483019573614,0.870367655064911,0.805652559036389,0.46186279412359,0.120271190768108,0
0.742513271997124,0.0335361896011308,0.523698680694506,0.389221351288183,0.863735498189401,0.0739123728126287,0.760785242076963,0.853172154864296,0.920027892105281,0.1371061836835,0
0.578547869073041,0.369950566297828,0.939627889630243,0.318812492345617,0.950915253622661,0.439355143345892,0.704511731397361,0.0212586494162679,0.919899018714204,0.809144006343558,0
0.794762493575178,0.0573855976665018,0.532376395940059,0.352370010876021,0.913182201162948,0.381481711287051,0.0571386115625501,0.985393284354359,0.0835906395222992,0.0698969771619886,0
0.593632150950283,0.2752907537718,0.934005801403992,0.466438250256031,0.67672104019957,0.374962812056765,0.138316640630364,0.433230194728822,0.692589498125017,0.363374671665952,0
0.867029396872967,0.0802568023037128,0.775746584817321,0.0528479179828976,0.542065844051809,0.681581984041259,0.457286811200902,0.733321400126442,0.400418483652174,0.524516354547814,0
0.422867306734249,0.617379775474749,0.272339160499968,0.948165303996192,0.45978467533305,0.879893663572147,0.882119246060029,0.0415474311448634,0.84591505350545,0.807502089068294,0
0.285917758015636,0.961112159022493,0.487684211025212,0.515701646396331,0.275453804265181,0.409149726154283,0.956725459080189,0.625762819778174,0.849257430993021,0.155116720125079,0
0.81056939974837,0.042039965194794,0.513921496319444,0.392209141732197,0.692063666339861,0.777313416823745,0.825937541434541,0.844219710910693,0.961421595420688,0.606043828418478,0
0.259935297101829,0.977582363905964,0.462245211866133,0.499211229523528,0.390357654047938,0.0298388637602329,0.0886518533807248,0.270836144220084,0.845086705638096,0.920733256964013,0
0.540832209356129,0.404850528809926,0.90632005287644,0.181341986012355,0.924665035949458,0.701818031258881,0.037679222645238,0.662609172752127,0.494132016086951,0.687718763248995,0
0.898365492949169,0.317577409547032,0.957181782060049,0.343600197445325,0.977787522494535,0.652088020229712,0.542808329686522,0.319915607804433,0.728060876019299,0.611771998461336,0
0.0507661975618452,0.612019083488329,0.0599358730366321,0.738007091961347,0.00715050592442344,0.841870184056461,0.467946818796918,0.713871157728136,0.559924263972789,0.813906179741025,0
0.304661564350501,0.951449786897138,0.472466688637446,0.486553507707399,0.433189722476907,0.560211927397177,0.317868585232645,0.644361282465979,0.028635973809287,0.967161485459656,0
0.59671257229913,0.167081676382043,0.859045729943842,0.234249307276516,0.950827461960473,0.18346632970497,0.490363910095766,0.536684285849333,0.460879904450849,0.829357453389093,0
0.0563580752443522,0.684636983588268,0.0110507687281061,0.740102335555838,0.0812473722699013,0.00802938011474907,0.639222728554159,0.368581644492224,0.632689546560869,0.732632016064599,0
0.515752145202085,0.416988456636242,0.695589708981145,0.0362628483427346,0.604811398131353,0.785751591203734,0.846841298509389,0.878335038200021,0.991592399310321,0.212098471587524,0
0.783259922573343,0.0660410406610463,0.503411546748189,0.368622293104211,0.965355149966429,0.0726550361141562,0.270347421057522,0.134356329683214,0.246887972811237,0.164748887997121,0
0.0257329941974953,0.674446563799039,0.181720150547739,0.895798147443587,0.109498141067395,0.961852824548259,0.0212770614307374,0.308722374495119,0.45793275302276,0.359896836336702,0
0.0401523434531875,0.612353247022197,0.238991101264945,0.96052010718241,0.440346384730995,0.725122321164235,0.269309574970976,0.594622968230397,0.584068164927885,0.912445174064487,0
0.939170719368383,0.493801452856973,0.669975942404001,0.107003616396126,0.833129461931211,0.187672867672518,0.981994054280221,0.621315829223022,0.0167928971350193,0.675036752363667,0
0.493530693916697,0.616359108367066,0.0500874191037848,0.752080747311655,0.0421346651809653,0.938991287956014,0.0531779509037733,0.883721508318558,0.416650999803096,0.375603352906182,0
0.647605699069425,0.0750755409884538,0.751056238112634,0.0157218743975994,0.525019818544775,0.184437067247927,0.857347343349829,0.986972835613415,0.0654285913333297,0.512468207161874,0
0.0861733329325914,0.720184528956488,0.0455741353356058,0.540267701065261,0.551953538831627,0.206817772006616,0.0931504066102207,0.330372856231406,0.936398494290188,0.260101331863552,0
0.465025761505589,0.575214071527865,0.254675194659134,0.966031763086918,0.500648059467971,0.569725877139717,0.466833898797631,0.33680055802688,0.381111454917118,0.577606720617041,0
0.706890420165844,0.0534959299632775,0.458347733548776,0.487630602922545,0.517052514050238,0.561020541004837,0.960578820900992,0.39773251186125,0.333678508643061,0.196680716006085,0
0.378942689899914,0.95202381104064,0.294186577527907,0.974902348333107,0.428023874741624,0.412588825449347,0.00684693129733205,0.769654684932902,0.529976493446156,0.00385173782706261,0
0.689123088744842,0.105317089105173,0.722869727419373,0.022816144861432,0.550981998028589,0.40404283022508,0.288668771274388,0.707207732368261,0.908207423053682,0.876593211200088,0
0.96500321181044,0.209990876116283,0.960190133094549,0.492650800937041,0.536219821019881,0.226775376359001,0.766278090653941,0.939804959343746,0.853257248643786,0.855561683652923,0
0.448137847574987,0.459247160203653,0.440891322182871,0.541298801597104,0.340138293402338,0.815687777241692,0.459771102759987,0.602423817384988,0.422445926815271,0.118171178037301,0
0.284694680444896,0.970587850038549,0.453318361924157,0.525745244133165,0.501245120571762,0.937998423352838,0.512932684738189,0.689500409644097,0.322260847780854,0.718790060607716,0
0.247128307353705,0.182319222018123,0.260077855549753,0.595558538334444,0.661175226792693,0.655253599165007,0.821901005459949,0.621622504666448,0.211364308604971,0.164894830901176,1
0.368974112998322,0.76263991776313,0.0614394384678207,0.533459901124755,0.32361520219262,0.90247591258958,0.988357009133324,0.366042816312984,0.68656005943194,0.871515009785071,0
0.176237169197295,0.974757664959665,0.456396338604013,0.656552060842781,0.205576902682363,0.084698184626177,0.349705123575404,0.0282686594873667,0.83254884602502,0.0615965826436877,0
0.470945317908749,0.499481479141699,0.415130689192175,0.645401318981668,0.0314564883468626,0.12105316342786,0.994403759948909,0.476322002708912,0.641567372018471,0.765174522530288,0
0.854145367027726,0.158714846874381,0.999585641748561,0.31844922974547,0.919153592447203,0.151956145884469,0.107496925629675,0.404026063391939,0.248337262310088,0.379870155127719,0
0.836143144978955,0.0354915273498915,0.535029358955965,0.410153107678362,0.719331591869585,0.972312674857676,0.431006442289799,0.805818329798058,0.251341846305877,0.927422203822061,0
0.9844501343254,0.491181774099422,0.682675083543531,0.139062034279235,0.781722622057819,0.324772105785087,0.397335342364386,0.297862000763416,0.546567822340876,0.253414223669097,0
0.904957090565935,0.259163859655203,0.977136285486532,0.522449936144876,0.518254317637978,0.855799172073603,0.0428449807222933,0.827042331919074,0.391848635859787,0.784834103425965,0
0.0615528823602944,0.535754670574707,0.22856306101673,0.955983172100311,0.500415578534928,0.767189265694469,0.618627999676391,0.725604267558083,0.121910062385723,0.0841304210480303,0
0.827899103891104,0.124172558743453,0.858304325352511,0.100923040616095,0.842144227715784,0.589446479687467,0.154269016114995,0.889037858927622,0.0561083229258657,0.635665663285181,0
0.959604467829969,0.322230774180162,0.942269575994111,0.386645823970356,0.838207942859946,0.216367461020127,0.923080619657412,0.325406894320622,0.0472752882633358,0.286491693463176,0
0.376979056859575,0.678422584954316,0.0500349897811571,0.551474743263343,0.456689288972678,0.457691119983792,0.805312845855951,0.264961719978601,0.530884297797456,0.419755497481674,0
0.364855563187506,0.834910377347684,0.0574506759488688,0.85827999869744,0.0147169446324727,0.0107537140138447,0.826706625288352,0.241534786997363,0.16170310950838,0.753240074263886,0
0.232311909982562,0.970435783961238,0.517335193612076,0.509690226311799,0.461718572478574,0.849786162842065,0.241586808580905,0.0412442374508828,0.95806918758899,0.807414820184931,0
0.741714060661849,0.00523155501231942,0.519552064919054,0.3189473662472,0.942344819624436,0.310936945024878,0.304203873267397,0.293934624176472,0.568044559564441,0.94418135448359,0
0.883765689185262,0.0706902579115528,0.642580102054325,0.0512914857529045,0.64798760652873,0.430687260814011,0.340391276637092,0.640142847551033,0.362128893379122,0.612472330918536,0
0.0818258457531221,0.908008659980378,0.176715676017567,0.965055692911843,0.177599436381453,0.98156286473386,0.0118178278207779,0.189035789575428,0.701744896825403,0.339035705197603,0
0.130564466138184,0.936565250667538,0.255991196461734,0.998823457852157,0.484375009795332,0.613687196047977,0.531859311508015,0.222854601917788,0.591842105844989,0.736390779726207,0
0.0779984754061326,0.572721550490786,0.148394151060793,0.929952831629785,0.438247182267095,0.920483951224014,0.0337269476149231,0.690031596226618,0.970424994593486,0.439535357290879,0
0.0546541869444773,0.765044465315356,0.0479048207142151,0.505788093012251,0.504989839101501,0.962633802322671,0.692091609118506,0.482259996933863,0.401623509591445,0.377503101248294,0
0.135868303412572,0.919077605045394,0.342394350006163,0.753389826657433,0.0294812497183648,0.393083839211613,0.734921447234228,0.190860477974638,0.517718666698784,0.210974357556552,0
0.571161123681441,0.228374901140268,0.981786495484018,0.327498555342745,0.895617382448552,0.185672412859276,0.102614102652296,0.755160995293409,0.905743123264983,0.873234258033335,0
0.089791218265146,0.953935967282208,0.156420003923292,0.946264606691315,0.342547543125783,0.762636425672099,0.840682677458972,0.491536194691435,0.492983512813225,0.109691740944982,0
0.850767381938361,0.297624219350265,0.961431427500438,0.431501943094382,0.53870927641206,0.183569153537974,0.822896821424365,0.212757705710828,0.7234337257687,0.78607197268866,0
0.0350713031352498,0.454172335568889,0.436553956992906,0.60424888397321,0.352644409968059,0.246145363431424,0.802568268496543,0.514248712919652,0.938744346611202,0.900153484893963,0
0.887898783024028,0.0421680637387467,0.679494476708699,0.0561497175077681,0.633616092539353,0.584294099360704,0.850452253362164,0.011703125666827,0.145883673103526,0.54966030176729,0
0.846634186245967,0.0785654771978732,0.64305200745933,0.1828668658691,0.946183325478795,0.377536270301789,0.429648512974381,0.203675413504243,0.411377902375534,0.860187953570858,0
0.541064953809604,0.359042233106836,0.985882438772559,0.349914514161926,0.918870853820295,0.38263768190518,0.209795768838376,0.939193926984444,0.155414853710681,0.84621175727807,0
0.308530278271064,0.941138996975496,0.312613791087642,0.446093286620453,0.212789581390098,0.527609186712652,0.982979427091777,0.931584595702589,0.207161252154037,0.814944722456858,1
0.596382880585268,0.134287871618024,0.904770913094223,0.401321669644433,0.853919231591056,0.0691856679040939,0.915535422973335,0.234757574973628,0.724439775571227,0.754329113289714,0
0.417889011630136,0.810011242812586,0.0813980412742452,0.907056115026205,0.101553410349781,0.399154734564945,0.917735283030197,0.790711757726967,0.0573069148231298,0.96700259228237,0
0.848321263086051,0.00654879584635329,0.667744205523075,0.154514211663385,0.943899820232668,0.953523759264499,0.0773102783132344,0.617738173576072,0.174790110439062,0.525543046416715,0
0.472678524299804,0.532185590465618,0.301095168658516,0.876998759907139,0.331248738420329,0.295491744764149,0.18793344241567,0.266212900867686,0.919885843526572,0.466099725104868,0
0.835912645125762,0.200066322925311,0.919294918746417,0.276909625380196,0.928382054408443,0.27192903473042,0.123856378020719,0.697987998137251,0.278095465153456,0.549165841424838,0
0.747283569949213,0.0884279009163778,0.613161910030976,0.163285631362969,0.910721716539305,0.832239882554859,0.236621272517368,0.129557743901387,0.0768553479574621,0.793888537213206,0
0.402346260282584,0.701825676475668,0.0145765892834451,0.642929018950081,0.250956558650267,0.247115878853947,0.855589006561786,0.735829633660614,0.424139317125082,0.971802328713238,0
0.590772930669039,0.382567310678809,0.802477491808315,0.00488996119605088,0.570160890470276,0.47796688019298,0.0959867099300027,0.544897097395733,0.583069280022755,0.791630777530372,0
0.412498621749505,0.737746772726507,0.0451974107032312,0.494489014953161,0.37746971933795,0.262892405269668,0.199512119870633,0.780723934061825,0.684263730654493,0.943449891172349,0
0.409105700157955,0.8654182428485,0.129730481721719,0.979921882693627,0.272747372058438,0.75146939791739,0.675314327236265,0.697857334278524,0.544567413628101,0.275769852334633,0
0.502275956749916,0.567817396614498,0.270899160377051,0.9295027669749,0.483407113279143,0.809700034093112,0.386614296818152,0.303496300010011,0.549290779512376,0.691723529016599,0
0.774593230761867,0.0493444626825714,0.599117585596224,0.301976103020717,0.97928734670229,0.206993592903018,0.286399220349267,0.870302438735962,0.766629667486995,0.987570375436917,0
0.435913019606099,0.829799952142798,0.0841556004766628,0.688360311541657,0.183666728395768,0.231545428745449,0.562703929375857,0.537822919664904,0.902682340936735,0.887499840697274,0
0.254418232841045,0.909082024763134,0.395977297226162,0.767665214518231,0.0492919157045774,0.684144327184185,0.395867418497801,0.296028385171667,0.841255329549313,0.0142280445434153,0
0.249762122563273,0.973017998902036,0.509589289928002,0.527514323270424,0.418892833747284,0.433510382659733,0.689488915493712,0.179931963793933,0.118395092897117,0.671592315891758,0
0.972182654513977,0.306132434977902,0.953348937448949,0.144576867566946,0.899376402951639,0.561178809963167,0.0812303910497576,0.0588313869666308,0.089729025028646,0.805231255246326,0
0.495477837013826,0.753458911412237,0.0493512904160238,0.616781688250374,0.30764992392295,0.896876181941479,0.597401703707874,0.303604883607477,0.257672620704398,0.333034410141408,0
0.94642499549035,0.258409081088633,0.969923961701343,0.463397410941575,0.599711151130432,0.875080157304183,0.550399868516251,0.626969831762835,0.463030424900353,0.947243334259838,0
0.921444594662823,0.215773708570031,0.941693607155038,0.508904212875898,0.613292982483259,0.631456846604124,0.158167820889503,0.0872657122090459,0.256749121006578,0.951733784750104,0
0.872966154694092,0.189027714870789,0.978804433732004,0.536333301851633,0.63571539865343,0.7934991188813,0.707794798770919,0.550548652885482,0.139915751526132,0.00428887945599854,0
0.673589179081842,0.0800733709978366,0.590613356976319,0.336346072845283,0.916105012192083,0.733661085600033,0.972119391430169,0.930139232194051,0.218283731956035,0.909093311522156,0
0.505925592273939,0.43418841083053,0.702498500655092,0.0740013427777494,0.453031635066431,0.294303981820121,0.475011600414291,0.118950347881764,0.780536128208041,0.130285414168611,0
0.955771545176022,0.449177476032708,0.493576628981912,0.31185953795933,0.828095297663987,0.354393777903169,0.651939384872094,0.556093360763043,0.158087611198425,0.689645899226889,0
0.343578567262739,0.968411660076663,0.329324588661513,0.942916177519037,0.246750554123597,0.763721341034397,0.616283186944202,0.488105110824108,0.403519582003355,0.487948190188035,0
0.712338873252273,0.00404226478844853,0.553222936181886,0.432309325242111,0.616600012040432,0.0488189831376076,0.729261025553569,0.630226875888184,0.892723688157275,0.14661121671088,0
0.723714735494927,0.0609883818946332,0.566978362574174,0.438400547092874,0.508401907892054,0.901068251114339,0.804970047203824,0.504816750995815,0.822251374600455,0.273431876208633,0
0.824709172006324,0.07393997187594,0.62507686646148,0.275674119086871,0.942494367090221,0.464553024386987,0.390891845338047,0.375170581741259,0.71988336276263,0.319321244489402,0
0.947091361329146,0.420881288944029,0.590740032271227,0.357509620395342,0.997813175580434,0.166472907178104,0.604307012166828,0.404956222278997,0.515087227337062,0.109005059115589,0
0.953002284896746,0.262457204616953,0.985321395776794,0.53513183004938,0.523952609544444,0.768756598699838,0.812029159395024,0.199401926947758,0.711959388339892,0.0596967632882297,0
0.26128113246765,0.965377571500065,0.380474044179515,0.777702350238289,0.095362309100623,0.51502597052604,0.255768450442702,0.0605359841138124,0.505243782652542,0.781456642318517,0
