"1","2","3","4","5","6","7","8","9","10","class"
0.219943972304463,0.760365567402914,0.137494145194069,0.444565411191434,0.571409128140658,0.788069345057011,0.312585373409092,0.690701812272891,0.794584541814402,0.180373444687575,0
0.538628234760836,0.695745734963566,0.185703832423314,0.980513434624299,0.597219529328868,0.18391157919541,0.0857179712038487,0.976872726576403,0.271574731450528,0.585782535606995,0
0.134122942574322,0.433817299082875,0.096894187387079,0.941544614499435,0.212582781212404,0.781695659505203,0.360817363485694,0.516795648029074,0.444377321982756,0.240853294264525,0
0.400131574133411,0.334185054991394,0.179691018071026,0.705550382612273,0.411601739004254,0.824147020932287,0.907986962003633,0.470935363089666,0.847932477947325,0.754934922326356,0
0.715544390943833,0.538578887787367,0.342384428105603,0.397053842569641,0.226033903985625,0.632980342488736,0.435526397544891,0.542079831240699,0.928062826860696,0.492476754123345,0
0.04842018500017,0.768229504055875,0.607718613589213,0.559021967089713,0.201696355407208,0.0789072236511856,0.168275128351524,0.295064385049045,0.32628397597,0.138052263762802,0
0.559612868120894,0.930387190543115,0.294463091297075,0.381657838122919,0.525754554895684,0.854673825670034,0.9234651804436,0.323619675124064,0.0511128862854093,0.968821848277003,0
0.0351425149876624,0.721222327317274,0.421096964495645,0.655214125398528,0.0535964783681064,0.32399857765995,0.457780673867092,0.174165549688041,0.269228767836466,0.840986524475738,0
0.115877296548896,0.156680065264919,0.894014751943303,0.320391624221904,0.322437482240036,0.800611986313015,0.527716455282643,0.713760990416631,0.841536693973467,0.780149192083627,0
0.386091561539564,0.310273618921414,0.774835391488414,0.199840749699243,0.362932367949742,0.0542830410413444,0.941855835495517,0.971505436813459,0.807048463728279,0.864760284079239,0
0.665234765736386,0.0438652909360826,0.234131201868877,0.529714741976932,0.171332796337083,0.809065814130008,0.250066098524258,0.0158772368449718,0.569661854766309,0.476846917066723,0
0.762838052680995,0.166084461201576,0.418462149018167,0.315741721844093,0.512500950477879,0.75795062747784,0.506580583984032,0.662766919704154,0.0500376750715077,0.975882477127016,0
0.14387190336138,0.958516047391815,0.638767172350865,0.621079796751846,0.570766876279294,0.367854967713356,0.761951577849686,0.344628663733602,0.18746757437475,0.253671335289255,0
0.784816717496142,0.518155674217269,0.723057971335948,0.219721042085439,0.710668101208284,0.895435619167984,0.408972328063101,0.7782373924274,0.993951926939189,0.294361065141857,0
0.335959738756344,0.252419891252337,0.650095350530034,0.644000723534044,0.113870392240796,0.978724946966395,0.357082849135622,0.703761103795841,0.955576409585774,0.589519165223464,0
0.659311537048314,0.1242369757743,0.976085491195124,0.191295071773528,0.162909975573803,0.392896194942296,0.0924083578865975,0.300598510773852,0.00996528030373156,0.938880709698424,0
0.673125522444025,0.680193275911734,0.322463958291337,0.86378781334497,0.423968845745549,0.681392580037937,0.681255622301251,0.454467805335298,0.0195801346562803,0.255052386317402,0
0.547252970422711,0.407133625075606,0.463072345355528,0.114384069926898,0.809807677397446,0.879027279559523,0.17860226589255,0.367113251471892,0.141933843493462,0.307588258758187,0
0.89885241096355,0.112874566517996,0.699554118472706,0.747749965713706,0.274545137337967,0.617249293951318,0.434590404620394,0.322470262646675,0.274412016617134,0.0653628513682634,0
0.287505031647254,0.335536238970781,0.246338897629519,0.597143095435536,0.229599462280726,0.939262593863532,0.564044812228531,0.433415957260877,0.710106695303693,0.463517421158031,0
0.451723176504485,0.766105055772216,0.323620935153368,0.622799661446237,0.250300695367093,0.789205768378451,0.659340895246714,0.053661965765059,0.171809384832159,0.517506337258965,0
0.733515626651142,0.151111382660818,0.976275561220731,0.525581473315414,0.578328924460552,0.459337958134711,0.431545738363639,0.707764551974833,0.375700521981344,0.911315826000646,0
0.316763041075319,0.944278795737773,0.510727988788858,0.158378429943696,0.186642716173083,0.768517842749134,0.988992796977982,0.519599760416895,0.601708633825183,0.453612678451464,0
0.620630383983254,0.0272385975472559,0.217426565355915,0.0623030744239463,0.783141036731573,0.95033617829904,0.525405760155991,0.791333491215482,0.260503822239116,0.182718351017684,0
0.384621374642104,0.547498662716425,0.608935239242012,0.0138566481105216,0.693531539376478,0.899642048869282,0.66152763995342,0.271338333608583,0.168460039421916,0.741486304672435,0
0.17583102802746,0.695050580427051,0.364968590438366,0.452816868433729,0.22802439914085,0.797736022854224,0.902897963998839,0.391300201183185,0.807364979526028,0.495504996040836,0
0.445561538847536,0.294392944031608,0.769214709342887,0.452327726721996,0.727113180659161,0.408181438222528,0.826967667555436,0.385017544962466,0.929852561559528,0.291190470336005,0
0.847115224288497,0.546624360984227,0.616279820753843,0.212854754000564,0.733435095237819,0.117951574502513,0.330031500430778,0.0575762279331684,0.532313850708306,0.880160995293409,0
0.294117181794718,0.798772321082652,0.623479631263763,0.362113096984103,0.571920560672879,0.949963725171983,0.0567998837213963,0.871516530402005,0.820720337564126,0.273664633743465,0
0.24395290046921,0.355074639327262,0.450743986080825,0.2448850648203,0.511986572393289,0.752172793261707,0.749862898606807,0.506746727507561,0.772143999114633,0.705386716406792,0
0.478547484612092,0.142625634636791,0.474637839961068,0.460992665215726,0.687317023476416,0.187265305314213,0.338826725725085,0.562504849862307,0.453867207746953,0.13374166097492,0
0.339491199236363,0.909372504102066,0.490414612460881,0.51842259359546,0.025983203900978,0.60717715206556,0.966227174736559,0.828519507078454,0.131952937459573,0.231653530616313,0
0.709589681261592,0.839386598071003,0.602567183820931,0.68373960305813,0.468581138213845,0.85286825010553,0.66379282088019,0.454911065753549,0.375329236732796,0.312407667981461,0
0.169270487351529,0.199294058594744,0.772770810773071,0.647929960538497,0.56540492338482,0.700996443862095,0.801078859018162,0.993993514450267,0.884584275539964,0.959855194669217,0
0.844336392311752,0.409485860453624,0.870652215961766,0.196759982266178,0.897795475350002,0.892461421433836,0.552067371783778,0.0775781769771129,0.910077200736851,0.899618078256026,0
0.139777266202029,0.677895413833786,0.112656660129736,0.516706027503978,0.749267091685958,0.255680989474058,0.174527355236933,0.751189912203699,0.47966001322493,0.8150804634206,0
0.271044218687899,0.245106916619061,0.990718447670224,0.647112643660647,0.60517201584199,0.242389139253646,0.0740085437428206,0.226594277657568,0.473542908672243,0.261543618515134,0
0.179365311164502,0.479309626285363,0.581729919813264,0.619326615865716,0.377305503306854,0.466569695621729,0.577850883128121,0.575877027586102,0.922206686809659,0.967394593870267,0
0.768818211413175,0.367706589575157,0.441811292359936,0.106935006237936,0.817464589595319,0.0330641036853194,0.71939197438769,0.913378484779969,0.869374324800447,0.503756257006899,0
0.486108131310157,0.498094111460651,0.44893456922967,0.898701326275884,0.269861474821789,0.495466436026618,0.71447799471207,0.227765089366585,0.970751913962886,0.333378592506051,0
0.63697596996557,0.576311538804447,0.864801296823422,0.11902042518048,0.835072831807288,0.33690456696786,0.0384861312340945,0.715825014514849,0.97478666738607,0.980253034736961,0
0.86275596751729,0.648188026330458,0.552720777764702,0.361831930778092,0.845543343559948,0.254672972019762,0.258066133828834,0.797086102422327,0.896260558161885,0.921847835881636,0
0.637335438514128,0.472939215134829,0.209063068730757,0.89304117183201,0.378335034940392,0.0543261154089123,0.149607309140265,0.745432301890105,0.740085259778425,0.645352128660306,0
0.625768148345314,0.242640477058305,0.869458581981545,0.88267380361734,0.881684421836409,0.817978634964675,0.13878858811222,0.645110651385039,0.759506905451417,0.0137768164277077,0
0.152337283119373,0.748839301079178,0.61438258283802,0.77288100235647,0.542509155170278,0.800786889158189,0.116090794559568,0.928817491745576,0.79973204433918,0.658086844487116,0
0.657681730324402,0.313196341050394,0.737471953182637,0.265728396722162,0.710418269923927,0.145386509364471,0.974341577850282,0.628277701325715,0.638521179556847,0.103916052030399,0
0.179436137739569,0.249459517070041,0.152374250558912,0.377720783792755,0.448534293469711,0.03905023727566,0.939518937841058,0.711132056778297,0.135147453052923,0.288430987624452,0
0.941916047323216,0.362427942209654,0.358445749598263,0.290757184831146,0.416167654847619,0.491735117509961,0.535476036835462,0.161745324032381,0.0501495751086622,0.724998616380617,0
0.843045868445188,0.0853234494570643,0.989242697600275,0.334134281380102,0.82208290300332,0.588120026513934,0.41700240294449,0.607406186871231,0.269517369568348,0.972372747957706,0
0.837646216143202,0.209555274540026,0.672864529499953,0.578085962381006,0.870273754172348,0.723832914605737,0.757212668191642,0.88333066413179,0.788320583291352,0.363536685239524,0
0.388855591490865,0.1284654593459,0.501834615237683,0.309426668824882,0.272606029496495,0.151191760553047,0.594196157297119,0.121668161358684,0.125863155117258,0.567872859304771,0
0.551723473853804,0.876291824532555,0.916053499117242,0.780939881953244,0.132228495003093,0.913551100995392,0.717760640196502,0.169425968779251,0.11168119776994,0.673879052279517,0
0.166441164695099,0.547224916526508,0.607111872094739,0.832976894343339,0.430052434463742,0.546122182393447,0.987434277310967,0.29432788444683,0.64467722014524,0.764678474282846,0
0.249213527130242,0.0142108086525365,0.929231677505852,0.205364070192973,0.637031446563887,0.400427731219679,0.73739019734785,0.152184195350856,0.0120050418190658,0.362463766476139,0
0.798578526857868,0.0703651803558587,0.536907052938863,0.0476504162559191,0.934145851123344,0.126309034880251,0.0444323266856372,0.230037794448435,0.522874335991219,0.544361791806296,0
0.537819907069206,0.972322661196813,0.223496454535052,0.867056219605729,0.433565124170855,0.529838881921023,0.369380327407271,0.117983837611973,0.329620371572673,0.525404082145542,0
0.622183241182938,0.176657141186297,0.473796983715147,0.509952201042324,0.791168422903866,0.125526442192495,0.585576449753717,0.554713586578146,0.68797921622172,0.626845712773502,0
0.721929459780175,0.305134491899778,0.554217368167389,0.401275376521372,0.836635882056716,0.0340686119161546,0.700690997764468,0.8237466274295,0.488074265653268,0.344502137741074,0
0.637648458340019,0.593414200201777,0.917509200527077,0.183432298936982,0.378357004722025,0.898822392569855,0.197605041088536,0.0641017139423639,0.856496635824442,0.818559781182557,0
0.424805699691083,0.174858253259771,0.337791157647695,0.89646541605811,0.578454923063868,0.917126789921895,0.794327195035294,0.251920447219163,0.0465312150772661,0.861607270082459,0
0.420388401996344,0.485148126513812,0.51130683322812,0.932687972578004,0.911635804372135,0.576478544389829,0.743197187315673,0.493100807070732,0.62333430768922,0.45290963514708,0
0.757784934481606,0.221589416498318,0.341394301736727,0.196222997037694,0.414152419194579,0.638757857028395,0.398174983682111,0.827423886395991,0.920359395211563,0.21713463938795,0
0.302897092496604,0.486132639356188,0.187987612069685,0.839032642547332,0.860013184185554,0.924293590476736,0.556198292877525,0.424703990807757,0.680793036939576,0.185724850511178,0
0.922232176941261,0.104165050191496,0.472166904312447,0.316937513818977,0.684346617230939,0.296453506685793,0.858335799304768,0.576921929139644,0.868643108522519,0.627123565180227,0
0.661141174665652,0.698406951379718,0.466673990898763,0.405478707454473,0.207324866969835,0.308910278603435,0.976917892228812,0.685544854262844,0.199568902375177,0.280314087867737,0
0.195861020221841,0.980666120946001,0.676903564513242,0.611354535692436,0.304572019761515,0.503741475054994,0.669154607225209,0.0588882924057543,0.733126236824319,0.180785161675885,0
0.534999342906475,0.510309532519746,0.659149986942043,0.403614145651208,0.869023664581859,0.376168816583231,0.761151194106787,0.184007474221289,0.0177735057659447,0.980401046108454,0
0.579924740569759,0.560154083878024,0.480094453211816,0.769463277034077,0.182958238062434,0.317976460559294,0.671658819308504,0.146887432318181,0.15119071980007,0.0227171794977039,0
0.658754553645849,0.392137522809207,0.216449159197509,0.909402185352519,0.653680643066764,0.310226922621951,0.0554605515208095,0.686443387763575,0.346708276309073,0.0292412682902068,0
0.0641238364680671,0.684310216697839,0.36767377861607,0.640949105815463,0.43121042351321,0.945583035936579,0.164243358653039,0.482800114434212,0.874526855070144,0.888200315879658,0
0.187932629026473,0.584599881197104,0.597688438403426,0.821868820185546,0.194117755591019,0.774571047630161,0.753182906191796,0.0709143972489983,0.88940297299996,0.968652774114162,0
0.813344414113089,0.0300883951131254,0.731755960965529,0.279478478711098,0.871976373717189,0.408828182844445,0.559677317505702,0.63993406901136,0.086764031322673,0.613446680596098,0
0.869905795732699,0.276957032097752,0.651563295014414,0.328922456661238,0.579779382134787,0.175655762897804,0.123060483019799,0.0618573401588947,0.452202130341902,0.765245575923473,0
0.350796738700476,0.47632841130938,0.244599465599869,0.377245100119814,0.468198403828914,0.112480660900474,0.169101367238909,0.425882767420262,0.730264337034896,0.902813041582704,0
0.149135598465428,0.759975075058322,0.590961611496629,0.906447403557365,0.273186381113957,0.568490182748064,0.687863623956218,0.327073206426576,0.079498317791149,0.0281160392332822,0
0.530057467985898,0.736997556872666,0.608154124114662,0.81685129692778,0.789550772635266,0.210653791436926,0.54633899545297,0.112548586679623,0.56621305202134,0.500244545051828,1
0.448149311238527,0.391936075689743,0.344229357022352,0.65404313041864,0.782559883464056,0.626639640657231,0.372056589461863,0.613672666251659,0.174697198439389,0.107451051706448,0
0.333953273080103,0.182026063162454,0.493810216581904,0.678713372427264,0.74566971135492,0.0347815440036356,0.894325701519847,0.997642256086692,0.633049397030845,0.216426551807672,0
0.530457560303435,0.651292991422161,0.5359577531994,0.533801291968764,0.347085445470276,0.512925913091749,0.394618840189651,0.322828838601708,0.971546758664772,0.129680189536884,0
0.654846641335171,0.801261843576945,0.435510693972428,0.209758745903817,0.704628117221714,0.99675901629962,0.420253061689436,0.501865969737992,0.948953243438154,0.0431424074340612,0
0.965301629487425,0.127370055360089,0.779515748984459,0.0619346121405137,0.667003745191451,0.0926416509319097,0.30843328894116,0.279182038269937,0.25643524993211,0.400698764948174,0
0.770392832878791,0.884736566905323,0.806548592270849,0.396155576475206,0.349168276549241,0.854720779927447,0.249089497374371,0.484073270810768,0.430564659414813,0.528751491103321,0
0.731836086531728,0.501940334007949,0.750033520189013,0.268974452504555,0.836337509621808,0.887520922580734,0.233361586462706,0.980794284958392,0.397107920842245,0.294798131799325,0
0.0297584164211526,0.880928985535147,0.299475273582172,0.662947413700883,0.0903390645939517,0.0698290299624205,0.897752308286726,0.752213607775047,0.363262533675879,0.801480137975886,0
0.372267890498973,0.0629748738884839,0.230332379099253,0.397598112158025,0.58469678519258,0.735728351864964,0.191172691993415,0.447505412623286,0.79435760458,0.671038085827604,0
0.736343502542935,0.622643102516774,0.315826778257806,0.322190511458393,0.863433641527064,0.1836654455401,0.512355983490124,0.107984020374715,0.168965941527858,0.111788684502244,0
0.100098884334415,0.992878589381168,0.794494335791805,0.940971361124369,0.685627925395371,0.873590320115909,0.898578422144055,0.136921880766749,0.618518934585154,0.677831831853837,0
0.309114991431497,0.785321928994911,0.839041925012226,0.805448807030934,0.222532185243265,0.0688294693827629,0.697361510712653,0.58726638648659,0.0139426002278924,0.631798303918913,0
0.636183283968642,0.297024252808541,0.590995853651998,0.612844820106542,0.577606978741054,0.711283085402101,0.598312112968415,0.710677131079137,0.0514698843471706,0.614691171096638,0
0.408391405504663,0.431550850770242,0.541064972627673,0.248024836940812,0.656780445909283,0.397653165273368,0.799856450874358,0.0324454754590988,0.929595073452219,0.787300030933693,0
0.623745276762173,0.599203762332562,0.641546040904925,0.821678635448141,0.883797226516028,0.522662815405056,0.180881638545543,0.747258998919278,0.594735968159512,0.331547058420256,0
0.89806201600004,0.184286479049538,0.969558044008007,0.160491151894607,0.966011906052788,0.296864256029949,0.799555212259293,0.814721259055659,0.0878258496522903,0.445614424766973,0
0.371987465249375,0.321615604541212,0.303099130412438,0.511527615841427,0.745498692872621,0.108028280548751,0.85698354523629,0.530843170359731,0.499079174594954,0.884012905182317,0
0.750417461200524,0.576668261514229,0.295346090514379,0.00120323161060959,0.50328118257084,0.0641678140964359,0.767936683958396,0.145413527265191,0.50791083695367,0.141318896785378,0
0.45001937921755,0.849227974648695,0.276617615963318,0.977393048081996,0.387399049618019,0.646971273235977,0.628221575170755,0.79308736580424,0.249519432662055,0.16495528514497,0
0.807521076471545,0.316568199472129,0.869185304687312,0.924452004942459,0.577865951714336,0.0839464045129716,0.41780702304095,0.922197548439726,0.282511388650164,0.322599988430738,0
0.340779684396461,0.402356656104607,0.0414503501950558,0.697005110118462,0.714991640058562,0.0836202972568572,0.073836317518726,0.380265492713079,0.631864943541586,0.244278815807775,0
0.648657252843212,0.226236789075611,0.484638823167993,0.220221054474754,0.55947920088743,0.153036103118211,0.515654926421121,0.13895572652109,0.743451653048396,0.993673398159444,0
0.00690238624326883,0.363180539760111,0.513859878500928,0.573134026561901,0.324464546067051,0.0625090112444013,0.478100173175335,0.778850846458226,0.869834787212312,0.759199009742588,0
0.423319764276966,0.524049937866542,0.299489174576938,0.852447083279778,0.14582895323133,0.335782337933779,0.133461754769087,0.699607762508094,0.116814155364409,0.0814112548250705,0
