"1","2","3","4","5","6","7","8","9","10","class"
0.383590040076524,0.111287745277457,0.441839412572512,0.499024355094798,0.838048103943242,0.75806722138077,0.795735642081127,0.406233061803505,0.721817256649956,0.54340717731975,0
0.456137755976897,0.996380327268909,0.558719217352896,0.866114664548751,0.679994464052164,0.825694355880842,0.0718406648375094,0.897652261890471,0.230004118056968,0.442572721745819,0
0.623006708934903,0.282233890611364,0.718343116718662,0.196493012975027,0.549067175766603,0.705430472968146,0.562005708692595,0.0950974973384291,0.266677119070664,0.719229229493067,0
0.189162587353867,0.783058046143287,0.752035453127498,0.774578722939136,0.22202419516013,0.313896341482177,0.538734240690246,0.61067878571339,0.0830258438363671,0.144028116483241,0
0.68698050658498,0.7776357935801,0.58291843620317,0.296757497617806,0.184595396250186,0.217202593106776,0.627248831558973,0.203030116390437,0.469292099121958,0.880138038191944,0
0.458012767328415,0.514516473695676,0.380043869529416,0.617400066997238,0.670832941644323,0.423358614556491,0.0153957123402506,0.363663941156119,0.698179703671485,0.880327813094482,0
0.594307741548494,0.818879558077244,0.343835818353754,0.46721245874868,0.140764884770634,0.485807140357792,0.732226421125233,0.975168456789106,0.504883313318714,0.565633416641504,0
0.476009074433241,0.744906340857317,0.554954826070374,0.314825756984375,0.0781469008405135,0.628962569171563,0.580674662953243,0.256740164244547,0.714074505958706,0.540091619128361,0
0.525066842790693,0.998365788254887,0.234787499066442,0.497170839458704,0.247155773919076,0.792757204500958,0.374510642839596,0.905525043839589,0.879858900327235,0.950818726792932,1
0.514427602894604,0.359096940505337,0.626850286966404,0.371454460794751,0.181472330420951,0.937056708848104,0.313652323558927,0.987452359404415,0.312206027796492,0.437835327582434,0
0.115048827137798,0.331127133453265,0.198196093784645,0.938540917355567,0.483624153304845,0.925493762129918,0.642703441437334,0.254502082709223,0.0928612621501088,0.779099820181727,0
0.263352332901862,0.369197283689374,0.507435608871022,0.380081503302705,0.265840280777526,0.762742121005431,0.243133073905483,0.266906849108636,0.121469859499484,0.0509108069818467,0
0.593488332800195,0.455963219529797,0.698076527046645,0.577471242558394,0.456667551927749,0.000997801776975393,0.293588877422735,0.413649058900774,0.937047288753092,0.166491709416732,0
0.389878823771607,0.931949293517568,0.113387458733952,0.31353485349797,0.38315728634563,0.981843604240566,0.664236517623067,0.735186463687569,0.992349398322403,0.816858002683148,0
0.543310709324479,0.838620375412859,0.337376830335635,0.345232614035084,0.186829986080274,0.902216501301154,0.0655719295609742,0.535616670968011,0.34646701393649,0.832219591131434,0
0.255611587708816,0.524756363216127,0.575868622021735,0.0573929591123611,0.611022426089113,0.322575358208269,0.589010926894844,0.830183989368379,0.872455884935334,0.429616784676909,0
0.33283451531902,0.996304503070398,0.42092792612184,0.875461343444529,0.432941051266465,0.625143455108628,0.781797747826204,0.254153224406764,0.137312738457695,0.509333442663774,0
0.678757124160975,0.147496405455399,0.641156380170355,0.4891958830454,0.300965957765841,0.599666947266087,0.470689825713634,0.487323181005195,0.622417218750343,0.197103954851627,0
0.699075640189648,0.129766545032148,0.427718199453914,0.166132271565611,0.718361910875637,0.050430296221748,0.601686878595501,0.423192664748058,0.41294760373421,0.19176763901487,0
0.515834842450172,0.674030393160742,0.907255290263185,0.463249125138031,0.934632475639596,0.323862468125299,0.503392061684281,0.842508892063051,0.710452863946557,0.321871914668009,0
0.583270259201527,0.30840339534916,0.480991210555658,0.323618220165372,0.635782460216433,0.798155323136598,0.477874113479629,0.189162641763687,0.436686130007729,0.173760187346488,0
0.866689630990569,0.324618792981245,0.679760495933783,0.622658533592186,0.982667506718023,0.992416326655075,0.881100761238486,0.0573690051678568,0.749467964516953,0.804995577316731,0
0.736696061552316,0.790522030748432,0.0666618258565749,0.723626199720206,0.313228617400402,0.692846650490537,0.820473003201187,0.681360370013863,0.159314043587074,0.841625240864232,0
0.739632294054609,0.0188487504604252,0.61741887904517,0.491481489472214,0.577973015260537,0.0414588013663888,0.253442120738328,0.275364149594679,0.623457218753174,0.418343677883968,0
0.527642321965471,0.899577733885359,0.242644475053061,0.543483088212437,0.0658167424081463,0.764930935576558,0.68040436739102,0.264847839483991,0.432925313478336,0.814369586063549,0
0.549497763889376,0.0645426452769262,0.348155964075876,0.623214322638983,0.614542403834154,0.02376763895154,0.391038010595366,0.787852498702705,0.190052051795647,0.987684674561024,0
0.10876772877872,0.64941678431014,0.516432936579579,0.420134729268699,0.18573995773914,0.604043489322066,0.793112406739965,0.305994970723987,0.4961270801723,0.0935132778249681,0
0.418159910012037,0.44124218984507,0.921892571495846,0.0925988478120416,0.7655998847913,0.641662128968164,0.26771894376725,0.968091010581702,0.777321779401973,0.797926543978974,0
0.120253531814739,0.605122494754667,0.292381008922378,0.580982588840056,0.131618028842221,0.496520868502557,0.91783856949769,0.14197955862619,0.620041041867808,0.949788578087464,0
0.142247325011343,0.806537860499719,0.548425796380954,0.521280096231407,0.668051450082906,0.900492158485577,0.331276670331135,0.802738472819328,0.358489777659997,0.487552214181051,0
0.475896252086386,0.00131963519379497,0.307506756391376,0.496831939788535,0.596115740947425,0.658290365245193,0.769944677595049,0.498168350430205,0.712027058703825,0.109931104118004,0
0.733688028529286,0.0086753536015749,0.522829533787444,0.506152068264782,0.545364435762167,0.0695252551231533,0.565206072991714,0.843057180987671,0.15437494404614,0.0421358474995941,0
0.828539716545492,0.259985061362386,0.867990252561867,0.0900644897483289,0.690943973371759,0.586457143770531,0.13080944865942,0.98580385860987,0.894202873110771,0.288065696367994,0
0.150920799865015,0.76259217304258,0.206602327252153,0.732865246289136,0.730269400758688,0.479092134395614,0.470101995393634,0.930775712244213,0.541982904076576,0.78965690289624,0
0.36046957215704,0.114874109468712,0.389473266679921,0.0484813984914684,0.440782902409254,0.856599740684032,0.249886560952291,0.986528288107365,0.141569988336414,0.174690148793161,0
0.0809441762976348,0.532512326957658,0.304076418280602,0.803194858133793,0.598507355665788,0.394098385004327,0.242381272604689,0.573864027392119,0.77755530574359,0.159892331110314,0
0.794401769500226,0.324070939068739,0.518535304984686,0.296201339799397,0.961339193114108,0.551828976953402,0.69665597891435,0.766580786090344,0.868598043220118,0.0177492920774966,0
0.256495500895567,0.738498448351626,0.203053000029725,0.338383330650682,0.120871191098483,0.607826790539548,0.335707042831928,0.637858072994277,0.884288479341194,0.793235761579126,0
0.426672955531999,0.368178620990419,0.257045073448181,0.685173512177563,0.199336043719948,0.737521560396999,0.942602795083076,0.665618549799547,0.0941153485327959,0.63478829851374,0
0.346499472758546,0.331212612565042,0.806419550093701,0.55101522152962,0.481541806099966,0.980217587668449,0.180002549430355,0.264552698470652,0.582576504908502,0.566555105149746,0
0.752369855064899,0.368831153260544,0.985285145696253,0.339448683895171,0.698899418581277,0.576604331145063,0.221159811830148,0.0999915727879852,0.920728800119832,0.199798865243793,0
0.0472064537725411,0.791621658482722,0.387606452167476,0.908661598160235,0.303646109380418,0.263216572115198,0.789386658696458,0.448512084083632,0.71539817773737,0.788348777918145,0
0.13127323529236,0.539666521045226,0.186796520687166,0.914256079597198,0.437149330705817,0.859823113540187,0.426137859001756,0.577612317632884,0.492114694556221,0.0868239353876561,0
0.956076878516935,0.344917434233273,0.66618561300223,0.501990420739494,0.970084400747329,0.576378697296605,0.817441052524373,0.872360869310796,0.346614753594622,0.122288953745738,0
0.590166292329505,0.349766453026594,0.968882994339039,0.52600005160065,0.764482044833278,0.314465129282326,0.225630662404001,0.62719141645357,0.590306834317744,0.451371115399525,0
0.963293271510862,0.286736496922805,0.388051179839478,0.798763307086657,0.204148030586818,0.281038204906508,0.850429294630885,0.20441489177756,0.340501537080854,0.367770173819736,0
0.892159705796093,0.397113832246697,0.596082275874818,0.518069568058765,0.579836328125767,0.642617675242946,0.123214041115716,0.385992257623002,0.019256204366684,0.438326990464702,0
0.830216872717719,0.075066003240611,0.858971422206011,0.186777759260751,0.566520448052346,0.0765546716284007,0.587687731487677,0.560629648389295,0.784324237611145,0.320149256614968,0
0.445912531809881,0.871518934844062,0.689276507589966,0.308164845220745,0.466210400918499,0.287902722368017,0.642211708705872,0.688880355795845,0.161621832288802,0.437508361414075,0
0.772492556079011,0.364170825735515,0.764993706294463,0.351550834523724,0.659636661133745,0.765359697630629,0.50946195027791,0.345085531240329,0.453800739720464,0.865358137758449,0
0.51186295254156,0.710441729891663,0.593826374516749,0.449097794174908,0.239788796686208,0.785486101638526,0.936598682776093,0.376355990767479,0.802288202801719,0.906498928787187,0
0.368267871378828,0.995595356418941,0.329512724203514,0.844682416706804,0.0220466178763504,0.319795239949599,0.851933464873582,0.470773960696533,0.881704909028485,0.580893080215901,0
0.861820896854624,0.175202495418489,0.282378652598709,0.257538489997387,0.502826388692483,0.0654062768444419,0.213251052889973,0.91617791261524,0.594602541066706,0.301545432535931,0
0.661726779383794,0.285052124260752,0.913728470138624,0.261144579477507,0.212448079886766,0.453056850237772,0.60651611443609,0.230454263510182,0.609060193412006,0.827557156793773,0
0.372220202349126,0.392232328886166,0.429986282018945,0.756228569662198,0.302206790773198,0.719858798664063,0.75703476765193,0.291532763047144,0.133152698166668,0.470872793579474,0
0.610781060632318,0.467782033300378,0.480852568849647,0.335289128393254,0.617024575904779,0.541634568711743,0.172816056292504,0.0564687529113144,0.185345311416313,0.711745016276836,0
0.553108387221768,0.8779755554375,0.297395458662133,0.286214139726399,0.417108069711304,0.554506800835952,0.0356188914738595,0.753278123680502,0.990157982334495,0.0651402743533254,0
0.495802537080925,0.641631004441027,0.145946040636333,0.296883000446687,0.374297345312757,0.264690074604005,0.797706508776173,0.49120208225213,0.421331009827554,0.0256405079271644,0
0.47577834180221,0.237992554388671,0.440714157489979,0.138478615873315,0.892720191554192,0.195951451314613,0.450420836219564,0.454107238911092,0.215397700900212,0.459451460512355,0
0.358539877692237,0.266479681245983,0.990312646375969,0.224598354427144,0.667865262366831,0.598574810195714,0.260080208303407,0.649126746458933,0.110455457586795,0.456204505171627,0
0.0680325468759984,0.812570043367828,0.428168595003432,0.691939335438211,0.602103431932579,0.150659537874162,0.0695452387444675,0.92619208083488,0.145240277051926,0.00533501897007227,0
0.301103176316246,0.58453653822653,0.651490201009437,0.350796043174341,0.714991046115756,0.390426532365382,0.847966537810862,0.00524107157252729,0.0437509035691619,0.548832188127562,0
0.432238038396463,0.219784683082253,0.607970363227651,0.0383688136935234,0.435273350216448,0.479878277750686,0.956493842881173,0.271509537706152,0.680719160009176,0.194869054714218,0
0.423013609050959,0.068000752649592,0.341336943885496,0.163846683579653,0.623590503346653,0.132001984631643,0.774310481967404,0.566039112163708,0.622016288572922,0.698437905404717,0
0.775936738654226,0.107084322561862,0.650953993620198,0.240460806839203,0.268033295119068,0.24760980065912,0.502839357592165,0.432574665173888,0.774063574383035,0.927030192920938,0
0.485370203684084,0.414122811607491,0.574937358703835,0.21820013867635,0.639023350054108,0.325436436571181,0.452694958774373,0.935508894734085,0.621254226425663,0.894827250856906,0
0.917342467626929,0.391960485811246,0.630754781981777,0.192309941948167,0.874785154385382,0.159495133673772,0.497559076175094,0.983637625817209,0.0230633052997291,0.48835880565457,0
0.23309463356277,0.278304936741299,0.574010871699878,0.558011034275524,0.650409884470602,0.633047662908211,0.60156877967529,0.212385427439585,0.129818023880944,0.538769719190896,0
0.374762470465153,0.262344841067051,0.416940418685828,0.456616756076352,0.6888602945476,0.227889728499576,0.0635295186657459,0.0842566234059632,0.2466075043194,0.363728803349659,0
0.634051158532593,0.482714352054241,0.399632934466834,0.00241976717804199,0.105495827832517,0.116092924727127,0.770049137063324,0.471261880127713,0.267206640215591,0.637433666968718,0
0.0597927774768323,0.647668703685099,0.484248345348705,0.561099429419568,0.00897078021590469,0.254631678108126,0.671475255629048,0.739193349145353,0.849911551224068,0.595621794462204,0
0.911768498596363,0.232567592916446,0.94250808376163,0.457927846298229,0.931954129362753,0.719906543148682,0.357322772499174,0.0196993271820247,0.140842482214794,0.949556010076776,0
0.407302062992938,0.979251136823246,0.435046888391307,0.648639605150724,0.109335816526897,0.597059256397188,0.488742417655885,0.937585407169536,0.274854152230546,0.319172078277916,0
0.394079899649136,0.276362714889941,0.482222041334759,0.23438583738479,0.777349227374623,0.202067203586921,0.88599741179496,0.151796518359333,0.804141746135429,0.240076638525352,0
0.0231850529685616,0.949408784926883,0.291432691223428,0.622932520117341,0.833503982128513,0.646475659450516,0.542488735169172,0.548143327701837,0.517849990399554,0.271199648501351,0
0.473826976360288,0.991369649594864,0.0318251071377632,0.163352146259409,0.281822188275745,0.904278355883434,0.375479504931718,0.846823573345318,0.677407706389204,0.490001833997667,0
0.972137175113335,0.24168545746742,0.239834410352562,0.0723801998394156,0.779445304949837,0.601218895288184,0.0656936396844685,0.0117297831457108,0.437100799987093,0.331864932319149,0
0.0455370034129359,0.709079481320087,0.34160925695833,0.854088694624367,0.451912537228015,0.577526515582576,0.0929954044986516,0.00499433139339089,0.66128403134644,0.448938438436016,0
0.775046442551538,0.400208257313959,0.0541477375024721,0.31305765165294,0.304782816397082,0.281672046752647,0.989205465652049,0.714345063082874,0.240710895275697,0.974101689876989,0
0.693142788722459,0.404215686216163,0.445984341209897,0.40144862872191,0.44786044734056,0.200627048267052,0.692397274076939,0.0329173218924552,0.15064497385174,0.17681165295653,0
0.239951076598838,0.974353033772445,0.19567964531332,0.784076452462348,0.789252055933891,0.395132238510996,0.821705948328599,0.592838465003297,0.526327012572438,0.473518443759531,0
0.113779139758274,0.762634163238791,0.606190624417798,0.787061320991256,0.387792601138975,0.724634792422876,0.833628746913746,0.802956573665142,0.710595754673705,0.024182200897485,0
0.0629896559644491,0.555972961167816,0.540110156323218,0.650627010888687,0.3709145060679,0.194715078454465,0.646135414019227,0.637414529686794,0.650964993750677,0.772447867784649,0
0.708274877164513,0.298284030985087,0.91831513075158,0.641772141447291,0.329737203428522,0.289433490717784,0.607089580502361,0.417170546250418,0.226474804338068,0.0705279360990971,0
0.868204734381661,0.499111194257247,0.667694885137185,0.407406205370255,0.769595973000702,0.414675898617133,0.10196681576781,0.469933978281915,0.910947757540271,0.418056230759248,0
0.368834775154013,0.672905247460668,0.360836881958322,0.609411273454386,0.659475741494679,0.484458337770775,0.524099093396217,0.545732177561149,0.25773514341563,0.666865500388667,0
0.434548005385697,0.615534266359376,0.318448060001016,0.849796690492534,0.205352441755133,0.728398935170844,0.470791592262685,0.556651846971363,0.400991013273597,0.568692202214152,0
0.643218443721719,0.776661858354081,0.144856302056112,0.485537657937749,0.754208508614029,0.746038700919598,0.656891485676169,0.974634964717552,0.431617112830281,0.715167882386595,0
0.0599951152937487,0.625298691364089,0.322597590752556,0.551576967209503,0.33230240549639,0.876748208189383,0.12216047057882,0.0901888406369835,0.839084322797135,0.704054768430069,0
0.711183099954203,0.802658545024851,0.144571958417582,0.605498425505724,0.785087679853452,0.832743701757863,0.196408430114388,0.250139384996146,0.434719346929342,0.800974956713617,0
0.35469775923714,0.483719263296223,0.287127516160157,0.737991782083979,0.545771780076502,0.174765037372708,0.298887570621446,0.769512028200552,0.438728591660038,0.491161090321839,0
0.108370044501498,0.750914851436391,0.186790825100616,0.647951351013035,0.716437420342118,0.835762108676136,0.930557044688612,0.170439241221175,0.432415984338149,0.0252514583989978,0
0.0130765389185399,0.627646134234965,0.303457854315639,0.485581093700603,0.22827449045144,0.0166951532009989,0.203127770218998,0.514151129405946,0.943369233282283,0.0159442056901753,0
0.952631754335016,0.915937802521512,0.638809935422614,0.210357581265271,0.987343543441966,0.456300563877448,0.844242040533572,0.461713456083089,0.581134698819369,0.442623930284753,1
0.429605749455839,0.188441258491882,0.744676462510256,0.370390859365091,0.209458083064103,0.0451759919524193,0.784777701832354,0.154603811912239,0.759805612033233,0.696976003469899,0
0.729838558983523,0.0939224380508105,0.545220529252876,0.573235108326159,0.845272589767218,0.393651788355783,0.497615369036794,0.144854145590216,0.464360237354413,0.244887208100408,0
0.244276348734275,0.941896556178108,0.199159162817523,0.603269434068352,0.566528423922136,0.266701787244529,0.746372675057501,0.044191651744768,0.016408063005656,0.308264173101634,0
0.69287922570752,0.170492705559677,0.697556232964781,0.402817551950186,0.527641012184559,0.825249266810715,0.0789786155801266,0.379885306349024,0.760134120238945,0.882080234121531,0
0.140419314538687,0.651947985406587,0.28152476826323,0.61914365544348,0.427309604164469,0.827963187592104,0.849506245460361,0.902573727536947,0.373976457165554,0.998308328678831,0
0.593313390753046,0.0744461057152582,0.156192057495808,0.5560115626101,0.466919350986967,0.596741415560246,0.181013311492279,0.527856834465638,0.778728347504511,0.409904761239886,0
