"1","2","3","4","5","6","7","8","9","10","class"
0.552146624303423,0.702782203269938,0.652614984031945,0.314178110495436,0.473747246993004,0.999343588482589,0.0343538140878081,0.797102905809879,0.353729728376493,0.686056660255417,0
0.535621173986513,0.084589156652935,0.795421117578906,0.137379380644603,0.961816307851556,0.70261740218848,0.019592696102336,0.967002797638997,0.180497258435935,0.676614463562146,0
0.287978045427799,0.742479215275727,0.437359339551628,0.933644800058248,0.322463686935736,0.872757478384301,0.616291298530996,0.750785273266956,0.253458981635049,0.293050828156993,0
0.757056186522823,0.21282194170401,0.852972916343937,0.168439270876397,0.762382104065954,0.445705744205043,0.29720577574335,0.527007035212591,0.567556881578639,0.0361939317081124,0
0.476124729009904,0.89495423205315,0.656998844575829,0.861879880589827,0.428456984749315,0.926867722067982,0.452444073045626,0.483168318867683,0.742440885631368,0.103893500287086,0
0.640706334015354,0.242502213255173,0.932275210839094,0.290017537703857,0.774933961811733,0.236752616707236,0.881658568512648,0.898772133281454,0.211123391054571,0.179460636572912,0
0.406212450129539,0.851916448120956,0.842879958527678,0.539027182603402,0.321283308710351,0.257007938809693,0.905146087519825,0.0531986516434699,0.0144915080163628,0.0474764152895659,0
0.223299014379922,0.945347131228717,0.120107458778112,0.275425849130437,0.0356202708514937,0.695763861760497,0.321833948139101,0.00565739045850933,0.831184263341129,0.744542144471779,0
0.189092674259841,0.815361130723857,0.0823233283772297,0.754150557061535,0.306641037355226,0.837179132504389,0.60945370583795,0.491282074246556,0.239593255333602,0.679061715723947,0
0.383529370931909,0.494943004423088,0.996414637419872,0.404162057437977,0.797349518361205,0.508205697173253,0.992794924648479,0.0329355096910149,0.162674306193367,0.215212065726519,0
0.909400499502197,0.633252908514646,0.591436986408774,0.202797046884629,0.812556576517399,0.62487526726909,0.849538640584797,0.177754439180717,0.495940244756639,0.493964186636731,0
0.816866879575048,0.551993416425255,0.857939351753205,0.162210769244174,0.625306312277306,0.464548802934587,0.741269837366417,0.794763771351427,0.744242748711258,0.874693627469242,0
0.595850005290471,0.619242242828115,0.111027881985107,0.98665382548334,0.0366085263893179,0.298346161376685,0.66200972115621,0.0835756391752511,0.82356323231943,0.542840675916523,0
0.418728942167852,0.678711738694348,0.540436601060872,0.850683363781401,0.360371838753866,0.384173954837024,0.0291155048180372,0.568940276047215,0.847691418370232,0.992308606393635,0
0.611367832470313,0.134902657080434,0.490756585652187,0.354969481262827,0.280443856636325,0.846187520539388,0.424153072061017,0.501062747556716,0.683995278319344,0.305409662891179,0
0.811823702276684,0.349432444399756,0.835382523148424,0.139787870291002,0.676257319237634,0.363535055657849,0.919870393816382,0.407554926583543,0.821817205753177,0.122989774681628,0
0.344512241226807,0.230469736262171,0.0223956286347545,0.674232798313441,0.450375500726631,0.292747552739456,0.901518951170146,0.308925553457811,0.614713195012882,0.431214597309008,0
0.174685379257426,0.749681991292164,0.114217154448852,0.45633813762106,0.0439363985788077,0.0132468566298485,0.293519448954612,0.625380917917937,0.140032308408991,0.320156940259039,0
0.478206296796724,0.82826405382227,0.222991690842104,0.749068453909883,0.449762470205679,0.57034515705891,0.671394849894568,0.0375208794139326,0.625542687252164,0.472699389560148,0
0.699647910489608,0.391629792930493,0.696403696592558,0.136926766732468,0.641553741394271,0.512054797960445,0.510236799018458,0.59407685091719,0.809772791108117,0.693922288715839,0
0.271512906176969,0.379866875075554,0.824175148438584,0.335780991222481,0.670647396675013,0.50566202797927,0.532013811403885,0.815092504490167,0.565199349541217,0.249338162830099,0
0.473887457828782,0.659364323224713,0.493126093267119,0.623836688653624,0.471669706492687,0.643164234003052,0.164416982093826,0.763581628678367,0.180779416346923,0.852677199756727,0
0.65995167391561,0.383003396339906,0.524324533552538,0.089044642150693,0.18834636999002,0.480348816607147,0.768952231155708,0.710928799817339,0.111010686261579,0.660789649002254,0
0.295202464104444,0.202705859679631,0.568487601179979,0.339534718789295,0.897511579309173,0.638628205750138,0.385415599681437,0.618609254946932,0.594010146567598,0.132267266046256,0
0.88216250622645,0.91349223582074,0.375474601751193,0.599022520473227,0.0304173906333745,0.943855931749567,0.427165651926771,0.479057610966265,0.0456061288714409,0.490606690058485,1
0.233868377050385,0.754513317486271,0.38640375691466,0.962265093810856,0.389290293911472,0.584789478685707,0.269864035071805,0.838669508695602,0.764837990282103,0.785337065346539,0
0.40426221094951,0.742778498768908,0.425270236232621,0.236772866508283,0.598020122063101,0.979770194971934,0.813390758819878,0.148684178013355,0.704023199388757,0.953354261582717,0
0.274781578597799,0.692020097781208,0.541529565802189,0.323356458940638,0.181243583984491,0.841259344713762,0.369190938770771,0.853148814756423,0.799301485996693,0.291258254088461,0
0.163887815236673,0.415842240400505,0.210359342622856,0.842041909457137,0.286683578128926,0.994295206153765,0.880535968346521,0.747496506664902,0.763250418007374,0.494685610057786,0
0.468065184724051,0.90601604506336,0.122822831570062,0.43753595117394,0.50724966737606,0.761715807020664,0.489892808021978,0.133176294853911,0.718861480709165,0.703688966343179,0
0.256290878228843,0.894954925369539,0.362698978074414,0.199877816142921,0.174786572674072,0.243770767468959,0.991598587715998,0.427590126404539,0.282705779653043,0.260966188972816,0
0.641000438614935,0.0739849508109029,0.972485211795317,0.584493921840106,0.669312445207876,0.664902790915221,0.04814612143673,0.383960127364844,0.0685688597150147,0.214411907363683,0
0.364783519851789,0.590334852397996,0.428599664327982,0.866697927797513,0.339979065408714,0.545585665851831,0.99454670608975,0.309817197499797,0.455310854129493,0.192155426833779,0
0.363877369323745,0.400083166081458,0.481976137729362,0.80537073360756,0.433543809456751,0.48996645770967,0.888871503761038,0.935277060605586,0.221168652642518,0.815905114402995,0
0.746926077799872,0.471237511574513,0.487421081634496,0.71048510660266,0.485181798732017,0.840231289388612,0.495837041875347,0.858698200667277,0.278174260398373,0.714237448060885,0
0.376425011657178,0.371924596187191,0.424654457360986,0.303680038127673,0.677472409383067,0.850584190571681,0.120215674629435,0.512194309616461,0.938909015851095,0.18769619660452,0
0.207464077737927,0.529322023151697,0.016918058279883,0.58706520824411,0.00652219595756864,0.899327371735126,0.790964417392388,0.5717783998698,0.399574134731665,0.2628928294871,0
0.615313280928694,0.549441080373299,0.7590647443676,0.826560738195767,0.772419534954956,0.0918396883644164,0.950391520513222,0.7569241784513,0.609678875189275,0.321488650050014,0
0.358327086083591,0.562709621852264,0.530655866023153,0.573885696707293,0.154574125306681,0.160605816869065,0.692039099987596,0.901557182194665,0.377003566361964,0.144100243225694,0
0.54453513657311,0.410729870316465,0.316290391269712,0.504958060799217,0.33175050769437,0.837178260553628,0.605252107605338,0.478318219771609,0.683193696429953,0.0319492013659328,0
0.653288480565883,0.0726711391152355,0.805150316466991,0.524494268315776,0.527461335224715,0.649438782129437,0.601516988361254,0.718276171479374,0.393884462071583,0.233253796817735,0
0.636559770695865,0.318069631959274,0.50067026732213,0.81391579646467,0.798865738169539,0.092566566541791,0.915902263950557,0.589208105811849,0.391123811714351,0.778394117020071,0
0.562665292496607,0.943285483393855,0.17249497921678,0.595847666757336,0.115722462875596,0.427401722176,0.848695427412167,0.150403346400708,0.457269988255575,0.861442605732009,0
0.255926764403004,0.646540031121726,0.538888475730219,0.849319537338845,0.443663625350658,0.601282960735261,0.89278868958354,0.547805562615395,0.857016815338284,0.219834839226678,0
0.719443502351083,0.328894215536297,0.554053231682878,0.205676979499339,0.916558730108659,0.259606534382328,0.0066456024069339,0.445420150877908,0.360820546280593,0.0668384463060647,0
0.533861869699322,0.825671449849625,0.603357036290824,0.888558527397226,0.463093939854415,0.398821864975616,0.527726318221539,0.84127284353599,0.328617419116199,0.977031426038593,0
0.140467389627546,0.583370626872896,0.11815739424347,0.587578696352451,0.115048200594238,0.496472275583073,0.90460551972501,0.0762824004050344,0.548669947311282,0.418383112642914,0
0.159525879751611,0.39295551646986,0.352388115903584,0.622505578776691,0.483615289953533,0.239433362847194,0.821102212648839,0.562047720188275,0.263508348260075,0.236477313563228,0
0.599870709670335,0.325931351184716,0.423401571914863,0.502150707282986,0.726486566046967,0.24018801166676,0.40133819449693,0.895836423384026,0.800251237815246,0.462228165240958,0
0.41677536677625,0.470828628354139,0.76861597320033,0.592393316881041,0.718068802912802,0.989141291705891,0.525742367608473,0.628778877202421,0.132534045027569,0.347610249649733,0
0.320809153234586,0.659558935770157,0.308882373265494,0.399536375063308,0.331848724611417,0.88272768817842,0.694732280448079,0.786527639720589,0.293318217853084,0.455165590159595,0
0.147879842103645,0.805845558517543,0.426209086221466,0.891915551878677,0.515112118058207,0.590765762142837,0.803222937509418,0.24491514544934,0.806312231114134,0.286305903457105,0
0.278160680429451,0.556373646409534,0.0352680709090456,0.569381356354857,0.510822988507894,0.277525127399713,0.122962538152933,0.508718651719391,0.0783564494922757,0.466305802343413,0
0.869363477650192,0.618398203458842,0.901085342233126,0.606112992848878,0.622808373486754,0.759805540321395,0.687714663799852,0.310718915890902,0.150993438903242,0.471162538509816,0
0.80513886270225,0.0146711860270614,0.971990807805899,0.246655726319135,0.408404870086468,0.638971618842334,0.909180349903181,0.269103517290205,0.257135188905522,0.139687694841996,0
0.943807707633823,0.146591651020572,0.947628807043657,0.0622402902226895,0.754359095590189,0.956460412126034,0.697939404286444,0.234266413142905,0.881153566762805,0.502480937633663,0
0.40700829958003,0.78249729086938,0.0770015873937746,0.765571721311477,0.770579895516306,0.0148427104577422,0.900758471572772,0.592553711030632,0.167354792822152,0.747471053618938,0
0.813613526711799,0.215752484510246,0.340923120385762,0.448129813718203,0.682985889197269,0.0861720766406506,0.636164403753355,0.240056258160621,0.774636013898998,0.68907662644051,0
0.0534264482557774,0.871532585239038,0.671200629556552,0.561223168624565,0.42688037827611,0.479935919400305,0.567394278012216,0.492336817318574,0.0119818325620145,0.59121126960963,0
0.17111741736969,0.708576336972481,0.709242458305904,0.561437686377332,0.0759053134082858,0.963023133110255,0.108840022003278,0.93843112536706,0.734853004803881,0.151720566675067,0
0.221444919938222,0.641554505797103,0.507718407781795,0.651147537631914,0.141048683319241,0.618016982451081,0.747478092554957,0.518124676076695,0.665061743697152,0.641508466564119,0
0.622300345233642,0.775308456392947,0.430676731460399,0.649829141539661,0.77304707558136,0.913958003744483,0.570330699672922,0.21229862049222,0.896472993539646,0.0416420248802751,0
0.60800242736116,0.747717670575957,0.322620195678937,0.712556726609644,0.223841404345498,0.696716966573149,0.975001221057028,0.00168665545061231,0.643798295408487,0.252163748024032,0
0.95918317255564,0.66590868961066,0.569861842785031,0.448749053524807,0.687481872271746,0.496047042077407,0.930402012774721,0.0976744764484465,0.259616865543649,0.928838594350964,0
0.424518799369037,0.849662980022425,0.122223927046571,0.543134582790504,0.562200579070102,0.999465560307726,0.484690598910674,0.781105396104977,0.803477137116715,0.0726263513788581,0
0.732322784265969,0.161389701978593,0.857875238930456,0.816596584362049,0.338788679427081,0.78622161434032,0.60382855287753,0.304902465082705,0.495603372808546,0.303724361117929,0
0.917478888761252,0.100960596930236,0.930898421211168,0.0133886833209544,0.888104209443554,0.126118822023273,0.85404896712862,0.429495058953762,0.525415751384571,0.30689713335596,0
0.892242649383005,0.342000191681984,0.729843747471376,0.381918176795411,0.721741652850861,0.0594525507185608,0.248752207960933,0.244912419002503,0.75488308724016,0.56731872446835,0
0.161100465604477,0.774981402863533,0.723207731739401,0.65890374810705,0.1391364978699,0.0860742281656712,0.161249960074201,0.902994751930237,0.761286014690995,0.264290139544755,0
0.576296502321027,0.245076230637297,0.200420566618148,0.505271601655291,0.504704087978692,0.864278342109174,0.628990482306108,0.250146769220009,0.23063921649009,0.252310045994818,0
0.982218838296831,0.244585362263024,0.599922730587423,0.084537937771529,0.714930352754891,0.615844616666436,0.560724610229954,0.333133737556636,0.495116342324764,0.725143376970664,0
0.137823911145516,0.637062676519335,0.385789404724013,0.43921143243726,0.00724476415912267,0.226772987516597,0.753971630008891,0.340122330468148,0.0701320683583617,0.992209958843887,0
0.103196631418541,0.966858649859205,0.664524182677269,0.56693434366025,0.20337558304891,0.0869282332714647,0.41788346413523,0.992858056211844,0.396813225466758,0.99504824122414,0
0.499109098457638,0.186903333731394,0.996611258871442,0.127670334964947,0.797968314952972,0.331875468837097,0.591686582192779,0.992582890670747,0.683130923192948,0.270545323146507,0
0.631554652448371,0.528113887986058,0.690684362221235,0.420414394640817,0.650570188348957,0.698542473139241,0.682233614847064,0.42510275868699,0.916060999501497,0.063489232910797,0
0.268603596773464,0.437360486651987,0.547065028624448,0.606160874169298,0.237027577340695,0.450190950650722,0.489382438361645,0.139724655309692,0.121626366395503,0.243198252981529,0
0.7499220519986,0.234849224497093,0.306528226548805,0.182223504871828,0.939771940232357,0.930506042437628,0.100320124300197,0.811342204455286,0.82108578691259,0.453433920862153,0
0.309663710180484,0.681220878831602,0.293176782779926,0.908995659137293,0.235703497997493,0.118496343726292,0.178811194375157,0.773479678900912,0.597478707320988,0.300867517013103,0
0.765013035576046,0.162613715267186,0.866038795251121,0.317504635697456,0.525584057930417,0.341630794806406,0.863585700513795,0.694727528374642,0.332366958726197,0.117090048734099,0
0.452711409686971,0.738296190543096,0.549721486200142,0.722154491760547,0.455151462841384,0.360353873576969,0.98413664335385,0.73146945098415,0.256388423964381,0.107214538147673,0
0.5941859861454,0.683784425616701,0.339451523137986,0.413921219521424,0.3280440695451,0.224288349272683,0.39128714799881,0.572962287580594,0.7464653798379,0.39957160782069,0
0.91953290406717,0.147522382227844,0.536980234658555,0.580980043465045,0.525839255435661,0.98046953510493,0.144557821564376,0.311699550133198,0.254031158052385,0.242151859914884,0
0.0935138389468193,0.808871545596048,0.0237643213476986,0.305723257130012,0.318311563692987,0.67341865459457,0.608757555717602,0.488804005784914,0.510146835818887,0.114182749064639,0
0.603640462932177,0.810651154220597,0.202418687932448,0.769497030484092,0.610041632086506,0.704722908325493,0.939924947917461,0.593156051822007,0.33973497338593,0.123885622015223,0
0.0430419649615884,0.887863232696315,0.61684463007768,0.716372837504641,0.802217467775179,0.432380955899134,0.240346987731755,0.397206556983292,0.0881700397003442,0.887976135825738,0
0.499723231039476,0.355461952141783,0.625839195106027,0.258406184343938,0.578565800396695,0.232387705473229,0.493210915476084,0.946106921648607,0.970869624055922,0.975760532775894,0
0.0881811135981232,0.819623348398805,0.219452655403401,0.534449493726985,0.259126589147038,0.360212171450257,0.254182527307421,0.519957156386226,0.952603943413123,0.327057455433533,0
0.61987825552281,0.0704488084629271,0.561198016493175,0.0410540852258083,0.880883907484501,0.242251193616539,0.58656581537798,0.851422293111682,0.441819842904806,0.243704830296338,0
0.839769129408523,0.254985084291548,0.576040360378101,0.0961626635398716,0.566448635887355,0.606873497366905,0.00781825534068048,0.767166967038065,0.310319558950141,0.585448293481022,0
0.811067772330716,0.0432769567705691,0.64658017992042,0.261595375137404,0.693636732175946,0.823056736728176,0.640008912188932,0.310009959852323,0.963880211114883,0.925435509067029,0
0.772633678523824,0.424072400654343,0.951606686479914,0.0474168665240329,0.702912073774554,0.734186894260347,0.722302593756467,0.0676322760991752,0.898983307415619,0.667996359290555,0
0.63310145201683,0.392309127519116,0.360789697015825,0.505215775378328,0.342294788952217,0.335745729506016,0.444280875148252,0.225549488561228,0.949545099632815,0.298528959043324,0
0.582939391957782,0.49131081514581,0.71114777408855,0.697158984725235,0.712757935575148,0.660096082370728,0.359949490521103,0.613462085369974,0.262823791941628,0.768331529572606,0
0.748395997565333,0.831705357281491,0.698553934659716,0.554777129708646,0.590418738592731,0.3553100542631,0.102771758800372,0.840630796039477,0.252896295394748,0.97650838480331,0
0.181579896920547,0.498612127199078,0.0990833549694091,0.923438402067581,0.309815394430178,0.691700804512948,0.246375507907942,0.999505251878873,0.602793980389833,0.419027014635503,0
0.535406232345849,0.580571163445711,0.934371986426413,0.0298419962637126,0.645433128578588,0.882443531882018,0.81437753373757,0.479595956392586,0.0382416162174195,0.584408268798143,0
0.468692417298444,0.840038322149331,0.121895691096934,0.603947746258884,0.466167979667251,0.320746088167652,0.290048033930361,0.440381178399548,0.396191723644733,0.948281900724396,0
0.819024553045258,0.65307670351002,0.955052918933028,0.150802950576693,0.627895650177416,0.0741696113254875,0.0136508611030877,0.623355858260766,0.260235184570774,0.815318380016834,0
0.161362322978675,0.964638666948304,0.246632972499356,0.792581103043631,0.632309497566894,0.469786549452692,0.0226253045257181,0.523867851588875,0.117765166098252,0.363105058437213,0
0.547693703789264,0.911895338678733,0.165598300285637,0.660658309003338,0.205410426016897,0.0778814039658755,0.409835195634514,0.616652868688107,0.00575555441901088,0.0950469898525625,0
