"1","2","3","4","5","6","7","8","9","10","class"
0.733740483876318,0.842454546131194,0.110591248143464,0.0738276212941855,0.577905111946166,0.0221473788842559,0.866522738477215,0.284672526875511,0.323830398265272,0.256699975347146,0
0.701677529141307,0.323917412897572,0.554705688729882,0.389511618530378,0.576246462762356,0.303444429067895,0.777072471566498,0.917490210616961,0.943367438856512,0.577276583760977,0
0.312298330012709,0.840523616876453,0.376685487572104,0.240108461584896,0.257510373834521,0.847493985202163,0.601048829732463,0.287578275892884,0.269657743861899,0.481804019305855,0
0.481810743222013,0.59318362781778,0.25770608894527,0.549234925769269,0.976330562494695,0.929983492009342,0.445369144435972,0.103421626612544,0.498820024076849,0.348582804668695,0
0.620951472083107,0.179982421221212,0.23561488930136,0.163262946996838,0.408952211495489,0.744336055126041,0.191994586260989,0.937604093225673,0.595294907456264,0.886616804171354,0
0.834998896811157,0.594803084153682,0.930293234298006,0.688629425596446,0.370846969075501,0.00159832509234548,0.466684137703851,0.725298527628183,0.446950677316636,0.781021065311506,0
0.873523569665849,0.290019637672231,0.819930414436385,0.890909825917333,0.617607838707045,0.903706858865917,0.416239862795919,0.736028761602938,0.933596162358299,0.439813963370398,0
0.517121365992352,0.0281861338298768,0.821412891149521,0.345037160906941,0.162906110519543,0.927843873389065,0.543414769228548,0.575622465694323,0.892363888211548,0.937073592795059,0
0.869377925060689,0.419984881300479,0.14274278585799,0.624916067579761,0.221083167707548,0.841982554877177,0.80010341340676,0.059032044839114,0.780282147461548,0.0278671020641923,0
0.775763677898794,0.0915033516939729,0.0558786964975297,0.907227501273155,0.442167200613767,0.666650773724541,0.0535255067516118,0.839189574122429,0.863184741698205,0.675831840839237,0
0.127255118917674,0.684810193721205,0.138111713575199,0.430411301087588,0.655542885418981,0.530540621839464,0.751009614672512,0.802450167248026,0.514742740429938,0.203861565096304,0
0.889656903920695,0.623082772130147,0.155399937648326,0.993079284671694,0.229238378582522,0.98518615658395,0.730891676386818,0.400382765335962,0.599899320397526,0.480400806060061,0
0.898263456765562,0.370755536481738,0.926492073107511,0.770271526183933,0.606396860210225,0.658584306249395,0.669791525928304,0.188439714722335,0.825922186719254,0.582105522044003,0
0.250978028867394,0.205344829242676,0.643531143432483,0.620997191406786,0.37636766792275,0.364479918498546,0.265252696117386,0.0255389579106122,0.118330874945968,0.579970863647759,0
0.78018481307663,0.514726334484294,0.0442555986810476,0.0868534224573523,0.722329726442695,0.927142871543765,0.825748646166176,0.373668098822236,0.489962505409494,0.971013121074066,0
0.0758361157495528,0.839344029780477,0.00798683217726648,0.224527443060651,0.594929297920316,0.649432043777779,0.596590526867658,0.330272884340957,0.064846413442865,0.151988460682333,0
0.0188537340145558,0.717139441287145,0.877113911090419,0.607740656938404,0.486964625073597,0.232225124724209,0.829817431280389,0.00238132872618735,0.682968623470515,0.646635100245476,0
0.169508308637887,0.64429197460413,0.0693894366268069,0.456182302907109,0.0212219338864088,0.977592824492604,0.057408650405705,0.400165202561766,0.923757548909634,0.324886467307806,0
0.266692952020094,0.878469290444627,0.314583867555484,0.205160605721176,0.840730064315721,0.0683566243387759,0.691120736300945,0.214906353037804,0.821736960904673,0.0155811123549938,0
0.598432893166319,0.846576144453138,0.312484973343089,0.161531716119498,0.590299625415355,0.761890281457454,0.800587921170518,0.433669504476711,0.934549966594204,0.902704056119546,0
0.521430729655549,0.757439228938892,0.359205866931006,0.865376110654324,0.282927985535935,0.129380886210129,0.569028745638207,0.165090719237924,0.529477350180969,0.943451718892902,0
0.25251988414675,0.548215730581433,0.854999129893258,0.420091493055224,0.335714486427605,0.919005043338984,0.510765945073217,0.315330991987139,0.210911845322698,0.864564726362005,0
0.0691800755448639,0.724476038012654,0.201588766183704,0.924851471325383,0.850178755121306,0.964615219738334,0.878596652299166,0.125182513846084,0.085472444538027,0.151907093822956,0
0.716209191130474,0.0743854218162596,0.473944280296564,0.238082488998771,0.744109281338751,0.43624783330597,0.30846356251277,0.353055715328082,0.424580433871597,0.622906564967707,0
0.893273344263434,0.829850977985188,0.438196350121871,0.828758403658867,0.82899956102483,0.881720902398229,0.045113215688616,0.601170126115903,0.767295831814408,0.369747234508395,0
0.115104289958254,0.0472479164600372,0.907460710033774,0.157263574190438,0.750472385203466,0.890977339120582,0.609531556488946,0.557961293496192,0.103387068025768,0.981123697711155,0
0.0360042867250741,0.451174912741408,0.74063393403776,0.899149832548574,0.297062020283192,0.806657750625163,0.38757854513824,0.573275476228446,0.210065021179616,0.224046455463395,0
0.548430065624416,0.401581416139379,0.490540988277644,0.751366870012134,0.0482349060475826,0.616762864170596,0.917259964160621,0.24579847138375,0.778403471689671,0.813665373716503,0
0.493811151944101,0.419665277702734,0.696502579376101,0.626823490019888,0.0453916953410953,0.986763583961874,0.061505310703069,0.154649493284523,0.00880156783387065,0.829647352686152,0
0.185629978543147,0.763980745337903,0.46365578728728,0.0865602951962501,0.377007327508181,0.295377189991996,0.481451729312539,0.0612877232488245,0.0400326745584607,0.614677664358169,0
0.597256410168484,0.00863233301788568,0.447503799339756,0.456294168485329,0.553751891944557,0.676153569947928,0.191131447209045,0.527999565703794,0.176209068158641,0.498226964846253,0
0.525752815417945,0.793366544414312,0.286502625327557,0.112847179407254,0.349574653897434,0.653557367855683,0.293398374458775,0.721741625573486,0.257641439791769,0.568141269963235,0
0.539403952192515,0.259802558925003,0.382851955480874,0.725591429509223,0.374071369180456,0.648218617774546,0.805318590020761,0.187696248758584,0.424113379791379,0.999067813158035,0
0.274026952218264,0.852004766464233,0.213648852193728,0.285139432409778,0.756814548745751,0.0385552193038166,0.709390038391575,0.632191957905889,0.993777115829289,0.409401173936203,0
0.477879776852205,0.346839593024924,0.128256518160924,0.875670324079692,0.140733996639028,0.385261282324791,0.745084661524743,0.297978054033592,0.377459113253281,0.662880637217313,0
0.511599832680076,0.683385707437992,0.569202417973429,0.593256402295083,0.931549018016085,0.0225586048327386,0.110376607859507,0.369732767343521,0.397248974535614,0.444495861651376,0
0.247221442172304,0.497055258369073,0.770935449516401,0.445747761288658,0.292473811423406,0.768487856956199,0.378311547217891,0.503712814766914,0.29718225589022,0.306099719833583,0
0.0351102715358138,0.892749777529389,0.0430289728101343,0.373110249638557,0.36252323538065,0.260742295533419,0.435465446440503,0.634122890187427,0.233085338724777,0.79317688010633,0
0.0401016224641353,0.504094702191651,0.0871318175923079,0.0543143870308995,0.189592446899042,0.151129625504836,0.617275527212769,0.516619820380583,0.292313962010667,0.121265769936144,0
0.643752461532131,0.317381360335276,0.961891737300903,0.55677167698741,0.884889720007777,0.119470555800945,0.0882430830970407,0.96889250446111,0.37594870198518,0.47295122500509,0
0.697278670035303,0.600533674703911,0.0930161625146866,0.478613844141364,0.369126947131008,0.316035763826221,0.762443801155314,0.277070588665083,0.0973270626273006,0.378887469880283,0
0.672734763007611,0.736607772298157,0.755587921710685,0.722194060916081,0.191318356664851,0.292467191349715,0.242949730483815,0.72551357303746,0.150770942214876,0.539794262498617,0
0.49971477384679,0.154315106570721,0.217651840765029,0.379790680948645,0.592814829433337,0.864269206067547,0.776057479437441,0.301406210754067,0.931446102447808,0.839933655224741,0
0.0793411878403276,0.619036879390478,0.480373510159552,0.899325077421963,0.283939046319574,0.895992829930037,0.769447564380243,0.102259036619216,0.108775297645479,0.0754801032599062,0
0.852864445885643,0.286556135164574,0.631911291275173,0.485587346833199,0.165043690474704,0.0546427832450718,0.235567812807858,0.87590420502238,0.200563047779724,0.50093919201754,0
0.843026269227266,0.307295595295727,0.989597089122981,0.735549910459667,0.704549125395715,0.149871246423572,0.747264067176729,0.519265335053205,0.693583427695557,0.957671891199425,0
0.523289298405871,0.231648090295494,0.194367373129353,0.926179154310375,0.00706616626121104,0.750479504000396,0.49517153413035,0.134455513209105,0.989379491657019,0.726281147217378,0
0.0725650850217789,0.645077456720173,0.112334844656289,0.615346441743895,0.623889590147883,0.492119828937575,0.311291492078453,0.0665800347924232,0.697110703447834,0.573429842246696,0
0.965982334222645,0.230911482125521,0.183005374856293,0.770028632832691,0.299695435212925,0.382313096895814,0.503197767306119,0.295963597483933,0.990736268926412,0.398159158416092,0
0.330938729923218,0.362706557381898,0.507145032985136,0.648139561060816,0.180634730262682,0.694708212511614,0.657382812583819,0.956837424775586,0.168539722217247,0.72573813307099,0
0.626263368874788,0.671378327300772,0.902854983694851,0.76501664868556,0.230726163368672,0.754824767820537,0.345623265719041,0.114187218947336,0.0776822722982615,0.553228571778163,0
0.656556958332658,0.845262016169727,0.689101036638021,0.39931278466247,0.0872694035060704,0.354111001593992,0.689233489567414,0.047407052712515,0.487680095015094,0.40688794082962,0
0.885102961910889,0.461456615012139,0.274176950799301,0.587503806687891,0.987342299427837,0.931565311970189,0.0442481951322407,0.946152052143589,0.118149843066931,0.186930984724313,0
0.2049867475871,0.443204669514671,0.0141984866932034,0.500407246407121,0.00680390070192516,0.906665335875005,0.2234038033057,0.729424563935027,0.88229323993437,0.461569339269772,0
0.207749837078154,0.871239839121699,0.150629692245275,0.636473564896733,0.282640600809827,0.52255047368817,0.708755648229271,0.476834646891803,0.560587365878746,0.683313509449363,0
0.599511056672782,0.153101545292884,0.750181031646207,0.165195411071181,0.69643645407632,0.491339313099161,0.756635753903538,0.175050454214215,0.417574446415529,0.404554975917563,0
0.510118781821802,0.661674001952633,0.32809737813659,0.562466374365613,0.996957269264385,0.322883530752733,0.38075163285248,0.961331831756979,0.758023781934753,0.199228735640645,0
0.059964558808133,0.796476123621687,0.354439105140045,0.132466171402484,0.568846139125526,0.49309237790294,0.494427599711344,0.616249634884298,0.909720675088465,0.364680181024596,0
0.373524841852486,0.347016540821642,0.609890764812008,0.397562563885003,0.731205142103136,0.587105209706351,0.39953293884173,0.933202617336065,0.291213745251298,0.806608655722812,0
0.00529060629196465,0.478339528199285,0.955248322337866,0.0799669299740344,0.456805010093376,0.695967748062685,0.829156861873344,0.797656059730798,0.100674478337169,0.596206871327013,0
0.0418586800806224,0.263039682293311,0.598293671617284,0.808719716500491,0.0462135775014758,0.532710451632738,0.0690468871034682,0.66767936013639,0.972051850520074,0.319467579480261,0
0.298067030031234,0.692906171316281,0.786904496606439,0.776630904292688,0.869719348382205,0.731573271332309,0.515683832811192,0.646371381822973,0.264889247482643,0.637539382558316,0
0.487525913864374,0.624741591978818,0.403694526990876,0.502748861210421,0.154299018904567,0.99081269511953,0.108187694335356,0.84685945766978,0.764590335544199,0.458920017816126,0
0.185236962977797,0.872765500564128,0.606750258011743,0.663230726029724,0.944170692237094,0.454300050390884,0.362874707905576,0.769201389048249,0.378225165419281,0.935021297773346,0
0.404596252599731,0.604611856397241,0.359200491569936,0.711912520928308,0.334742732346058,0.133202501107007,0.917235682718456,0.164295085472986,0.455289136152714,0.520841314923018,0
0.628513956908137,0.282254303572699,0.934088474139571,0.713856990681961,0.741752115776762,0.527326625771821,0.42808506381698,0.479490690631792,0.810505229048431,0.563096551224589,0
0.358888661488891,0.567133563337848,0.66789222904481,0.215494851348922,0.32278678775765,0.149443864123896,0.930285410489887,0.11895038629882,0.850269714836031,0.348898120224476,0
0.173353001009673,0.836818197742105,0.0805496016982943,0.120525221573189,0.718479191418737,0.618993941927329,0.172672631684691,0.977635946590453,0.721509376307949,0.240634696558118,0
0.813866558251902,0.116424318868667,0.354363816790283,0.622390944743529,0.489850854501128,0.151147804455832,0.786667540436611,0.283847720362246,0.64087214670144,0.12728162878193,0
0.89970707311295,0.755544851534069,0.295943183125928,0.127151798922569,0.282187025528401,0.410729192430153,0.791819381993264,0.601029408862814,0.636271064868197,0.848898457363248,0
0.0310303058940917,0.519930354319513,0.431426419876516,0.256466081598774,0.157119370065629,0.507476577768102,0.626671813661233,0.549576678546146,0.291704436065629,0.0367062473669648,0
0.653183725429699,0.217942785471678,0.019242521841079,0.869338900549337,0.583789395866916,0.0198771201539785,0.695092788664624,0.10153915756382,0.887121255742386,0.593936649151146,0
0.459407481597736,0.818470728816465,0.534099081065506,0.528689272934571,0.851089153205976,0.851123274769634,0.786793375620618,0.950402404880151,0.896487972931936,0.220219330396503,0
0.779776043724269,0.438794990302995,0.897473088698462,0.813498785020784,0.00720186554826796,0.93821033090353,0.350489460397512,0.808043832657859,0.135056191589683,0.766957111423835,0
0.186089601134881,0.583435054402798,0.854571373667568,0.46860550227575,0.358306851936504,0.630160768516362,0.669774205423892,0.947552036726847,0.412366787903011,0.843740147538483,0
0.0494047170504928,0.2267964722123,0.331393611617386,0.834321959409863,0.982421943917871,0.151462891604751,0.236080973176286,0.672145244665444,0.0701788552105427,0.842624607961625,0
0.934098893543705,0.629516079789028,0.28267133468762,0.769604889443144,0.903779865242541,0.449103979161009,0.349459365243092,0.0450779935345054,0.165826847776771,0.0463716313242912,0
0.804627460893244,0.598028805106878,0.237823225324973,0.0556207818444818,0.329497908474877,0.60956030106172,0.715580656426027,0.0381427991669625,0.894717597169802,0.954254353884608,0
0.975991988088936,0.617121607065201,0.365124370669946,0.412902354262769,0.964617376448587,0.895189033821225,0.91019630478695,0.477941456018016,0.122720763320103,0.0751816956326365,0
0.292831361759454,0.234934562817216,0.129500273382291,0.926681836834177,0.511124073760584,0.37090590572916,0.705802900483832,0.223586429608986,0.508518975228071,0.17514579044655,0
0.48688784474507,0.691625643521547,0.159992840606719,0.604584999149665,0.50487237307243,0.339931076858193,0.244961719727144,0.261790859745815,0.372793932212517,0.541946163866669,0
0.781948596006259,0.476122413761914,0.830058889696375,0.282347289845347,0.152603546623141,0.770149336429313,0.524824781343341,0.686663958011195,0.269049522001296,0.211728438036516,0
0.629203110700473,0.178927103057504,0.168965187389404,0.743306419812143,0.440436098026112,0.089588176459074,0.977638574549928,0.116284055868164,0.235661684302613,0.516098828753456,0
0.588744114385918,0.168635250069201,0.389925519237295,0.42124242009595,0.457363706314936,0.466851151548326,0.553852124838158,0.465595178306103,0.121135651599616,0.325949349673465,0
0.317283145617694,0.859021796146408,0.00362039264291525,0.959813840454444,0.15319867641665,0.850226034875959,0.948044993914664,0.670502750435844,0.190699800848961,0.755382833303884,0
0.543457008665428,0.137402905616909,0.433193612610921,0.304643423762172,0.624214980285615,0.213633752893656,0.317084679845721,0.00407559028826654,0.0623968881554902,0.266215652460232,0
0.816484998678789,0.976966366637498,0.45819850335829,0.749872454907745,0.53561509703286,0.81084617623128,0.806869037216529,0.385534312343225,0.0540634114295244,0.248764531454071,0
0.367488269461319,0.913835974643007,0.550266957608983,0.54023278853856,0.245936756720766,0.509314086288214,0.0149832321330905,0.993430101079866,0.766962053021416,0.303958158707246,0
0.481845176778734,0.928759615402669,0.714837642386556,0.0929021977353841,0.79750022594817,0.933406631229445,0.796342415967956,0.983751804335043,0.886979832546785,0.551572343334556,0
0.28197227511555,0.115081784082577,0.636105126002803,0.468916108598933,0.062025158200413,0.709517932496965,0.342871897853911,0.457265695091337,0.63345844950527,0.516689327079803,0
0.772565599065274,0.0466505588497967,0.810089752078056,0.155762589536607,0.426964900456369,0.786468387348577,0.417179618263617,0.582471015397459,0.193400552263483,0.057796721579507,0
0.0469893489498645,0.297137678921316,0.937155979219824,0.533396833110601,0.489399870624766,0.91823337925598,0.0483209954109043,0.0935944898519665,0.937563839368522,0.348563427804038,0
0.272299078758806,0.703231864375994,0.779700161656365,0.301473464351147,0.389417698374018,0.0405770989600569,0.241145313950256,0.275337976403534,0.28885396127589,0.0963346383068711,0
0.242002019658685,0.270073387771845,0.978131923126057,0.770531557034701,0.976539149414748,0.994829613948241,0.852635466959327,0.989175785100088,0.945951403351501,0.483233181061223,0
0.15062086773105,0.355220342054963,0.686987689230591,0.506642577704042,0.851866073906422,0.843998782336712,0.600378997158259,0.467084778239951,0.332050803350285,0.55333331041038,0
0.458037418778986,0.657013906631619,0.151299906661734,0.0237182283308357,0.0902666323818266,0.400569864781573,0.0587471467442811,0.727095008129254,0.245329178171232,0.29519092105329,0
0.339493239298463,0.926756310509518,0.682325913570821,0.820660202996805,0.443404733669013,0.143777125049382,0.794664192944765,0.403135275002569,0.730135492514819,0.114056618884206,0
0.254702146397904,0.817953234538436,0.71837376919575,0.503219390055165,0.301507368916646,0.219218731857836,0.869450409896672,0.688297983026132,0.315860627684742,0.512976309517398,0
0.862860013265163,0.899161234498024,0.73921580798924,0.425667507341132,0.745726016815752,0.577723032794893,0.364941632375121,0.922610354376957,0.896137448726222,0.766008106293157,0
0.342363003641367,0.709155209828168,0.709433596581221,0.77950215828605,0.68298038514331,0.119164151372388,0.318405155092478,0.374552947934717,0.995484895538539,0.3597208452411,0
