"1","2","3","4","5","6","7","8","9","10","class"
0.691148400539532,0.592797292629257,0.976199086289853,0.822897346224636,0.0192214197013527,0.0900235055014491,0.807977286400273,0.589484808268026,0.268334187800065,0.8976645313669,0
0.612099561840296,0.792215457884595,0.585241385735571,0.900837561348453,0.464111973065883,0.525773069588467,0.604224459733814,0.103970712516457,0.355843891389668,0.209139014827088,0
0.138721154769883,0.157588365254924,0.923284188378602,0.84745768061839,0.657019745092839,0.776642055949196,0.935747525421903,0.817283767974004,0.577636370901018,0.154835463967174,0
0.173722112551332,0.483991199405864,0.54991478449665,0.105107591021806,0.16419088980183,0.705965783214197,0.240598932374269,0.420046721352264,0.97082481929101,0.557658146834001,0
0.643684793962166,0.765650969697163,0.0852878564037383,0.347677183104679,0.0996468299999833,0.326438043033704,0.443229945376515,0.655933151487261,0.984242481412366,0.180703330552205,0
0.532469203462824,0.228166519431397,0.359406294766814,0.149213507538661,0.157838674494997,0.944125307025388,0.955726841464639,0.504244593903422,0.174829639028758,0.83983123768121,0
0.0992337802890688,0.474208867875859,0.810019055614248,0.222821050323546,0.291247328510508,0.0359723924193531,0.488496780395508,0.300386982038617,0.893764019943774,0.200764610664919,0
0.49827892659232,0.905773338163272,0.753988418728113,0.878995090955868,0.793628665385768,0.184323406778276,0.748133713379502,0.614481064956635,0.0499757691286504,0.808947361307219,0
0.302571556298062,0.933414161438122,0.0195172778330743,0.597085794201121,0.134117314126343,0.0594045398756862,0.780200417386368,0.732241668971255,0.0998139102011919,0.591874126112089,0
0.307931371266022,0.137602226110175,0.70930160372518,0.199713061796501,0.871255751000717,0.35023069055751,0.297461964655668,0.507526288041845,0.00520098744891584,0.830948726972565,0
0.363948730519041,0.340659163193777,0.508931402349845,0.585582041880116,0.474116860190406,0.384228743147105,0.852020690683275,0.876953687286004,0.526173893362284,0.832485103746876,0
0.179325227858499,0.771488479338586,0.430388486245647,0.322670591296628,0.804750562179834,0.165013034828007,0.481502931099385,0.506875097984448,0.135860609356314,0.223341753706336,0
0.94812306156382,0.349585223011672,0.0737350741401315,0.518331455998123,0.883450998691842,0.582311860285699,0.131393551826477,0.261336878640577,0.468260850058869,0.163067393237725,0
0.178132109111175,0.37953554536216,0.783994312398136,0.55912502319552,0.537011541193351,0.137655132915825,0.764252719469368,0.486765931360424,0.206117888912559,0.0968833323568106,0
0.115024397382513,0.33035812783055,0.949675367679447,0.0939021112862974,0.186125454260036,0.647087282501161,0.840489207068458,0.491104784188792,0.943605055799708,0.375302724773064,0
0.460943355225027,0.280776739586145,0.911220456939191,0.843723185593262,0.248435407876968,0.588260223390535,0.544863785617054,0.389849562197924,0.820371888577938,0.0841601060237736,0
0.996301683597267,0.995948390336707,0.15626675169915,0.410401247441769,0.533085868693888,0.749734139069915,0.950032236520201,0.159681238932535,0.474806951358914,0.046832776395604,0
0.848202165449038,0.59131185663864,0.532678476069123,0.324080337304622,0.163915765471756,0.742015359457582,0.882962909759954,0.668920386582613,0.554783768719062,0.505592287518084,0
0.115344529272988,0.202638885006309,0.664738221559674,0.0359293036162853,0.475070498883724,0.92613003612496,0.777305357623845,0.348642999073491,0.699087633052841,0.51903288369067,0
0.867440489353612,0.307174193672836,0.451919005950913,0.634717162232846,0.544311085017398,0.689213443314657,0.603564213961363,0.0632765514310449,0.0367542961612344,0.395361312199384,0
0.856091756839305,0.034856931772083,0.106333064846694,0.74317743210122,0.265310237184167,0.537405302748084,0.132636563619599,0.924397676950321,0.832429605768993,0.669750123284757,0
0.453659653430805,0.731469431193545,0.53709157765843,0.579863597406074,0.138304304797202,0.210833756718785,0.476488461717963,0.704254812793806,0.163758878828958,0.846376236760989,0
0.694559461902827,0.00934923673048615,0.868533042958006,0.601231945678592,0.870480485260487,0.961960399989039,0.707788830157369,0.140474386280403,0.799458077875897,0.572696553077549,0
0.910059062764049,0.193610143614933,0.000572949647903442,0.839777721790597,0.541486818809062,0.566017436562106,0.0505946632474661,0.596918191760778,0.0640307539142668,0.371768547222018,0
0.2274167209398,0.122553974157199,0.945335101801902,0.424055379349738,0.15296172327362,0.443361836019903,0.967167392140254,0.624990164069459,0.291016187286004,0.781180734746158,0
0.268130601616576,0.640414387686178,0.851849890314043,0.0688060352113098,0.788079961435869,0.291990183759481,0.433093888685107,0.182063647545874,0.635525561636314,0.652957948390394,0
0.0778830833733082,0.793722950620577,0.622341815149412,0.523022619774565,0.218349501024932,0.752110392320901,0.729703434044495,0.0449384704697877,0.181784600717947,0.552948139375076,0
0.966458986746147,0.714482657378539,0.326919291168451,0.544369822600856,0.141976790269837,0.460939585231245,0.499591840896755,0.460874067619443,0.712652954971418,0.290995195042342,0
0.171873828396201,0.41302997735329,0.63207463780418,0.63596650864929,0.478223588084802,0.622522616293281,0.331225193105638,0.628102823859081,0.0966558060608804,0.338632672093809,0
0.192527507897466,0.983884674496949,0.0341613066848367,0.156081621767953,0.239365910645574,0.0487754035275429,0.655641640303656,0.275915593374521,0.630033523542807,0.0843450259417295,0
0.904022295493633,0.711163990898058,0.305119177559391,0.698970777913928,0.831061881966889,0.35509563004598,0.028725718613714,0.510963966837153,0.598754198290408,0.261826295405626,0
0.362246677279472,0.406304815784097,0.6914050381165,0.187283233972266,0.418058352544904,0.399630149826407,0.497947685187683,0.554294234607369,0.963300996692851,0.132553070317954,0
0.334407743532211,0.759887184482068,0.687316767405719,0.449582724133506,0.769519454333931,0.794957523001358,0.754621986765414,0.324887382099405,0.987632601056248,0.395664357347414,0
0.470977313583717,0.576180762145668,0.672645786777139,0.606733797118068,0.0547698978334665,0.110524813411757,0.851132239447907,0.679181457031518,0.47541057295166,0.438766652951017,0
0.393598449649289,0.0503413565456867,0.574224801035598,0.816191011341289,0.543904317077249,0.0148725719191134,0.439067978411913,0.257548524299636,0.0504212398082018,0.454904401442036,0
0.207307922653854,0.784702789736912,0.914493990130723,0.194823533529416,0.666632582899183,0.818616414442658,0.713878768030554,0.483889210270718,0.576304863905534,0.575962469913065,0
0.787823172518983,0.8491791987326,0.999049783684313,0.256249208468944,0.759683025069535,0.752744469325989,0.989920326508582,0.11293999501504,0.709961648099124,0.702809384325519,0
0.778802237007767,0.439105770085007,0.428784703370184,0.821455935947597,0.402751535642892,0.781012597493827,0.82805819879286,0.568605442764238,0.0559290761593729,0.868168861372396,0
0.0655795626807958,0.0564802354201674,0.268768281210214,0.205363967921585,0.325557873118669,0.57458402053453,0.434119007783011,0.71331100165844,0.512544269673526,0.5926638324745,0
0.354228323325515,0.252664770232514,0.187237941194326,0.95049195503816,0.0415324384812266,0.352704014861956,0.139064269838855,0.153808603994548,0.472485038917512,0.349264600081369,0
0.642906532157212,0.996911281952634,0.986670262180269,0.990024326369166,0.401272165123373,0.930972211062908,0.843287634896114,0.413642580853775,0.18775444291532,0.669112057657912,0
0.854411173146218,0.89331179833971,0.697469394886866,0.393655063351616,0.480429803021252,0.59735248843208,0.0554785947315395,0.230988305527717,0.472494503250346,0.959274929948151,0
0.16755900811404,0.336242603836581,0.0732548472005874,0.151175584411249,0.887533764587715,0.412281290860847,0.298645541537553,0.963189267320558,0.682988452492282,0.0172524503432214,0
0.335062008351088,0.936721774050966,0.0825922067742795,0.656238185474649,0.000172405270859599,0.385069396579638,0.0813909641001374,0.097450629575178,0.903607835061848,0.453120507765561,0
0.420647370861843,0.36895943316631,0.949335570912808,0.192637457046658,0.534148567356169,0.325226350221783,0.843776397872716,0.589760427130386,0.881370124174282,0.572726580547169,0
0.169098265003413,0.103964356472716,0.619411617517471,0.445107520790771,0.219015693292022,0.125031033298001,0.154962533852085,0.938386597437784,0.596854845061898,0.621142157819122,0
0.449379758210853,0.336840470554307,0.285504956496879,0.512742819963023,0.0747746042907238,0.512170513859019,0.718934097094461,0.443570337956771,0.57765352842398,0.742469522636384,0
0.851390335243195,0.296701196115464,0.531220328062773,0.869309984380379,0.151047105668113,0.778340065386146,0.822069803252816,0.978874117136002,0.0904491872061044,0.955567902885377,0
0.88791699660942,0.75572125450708,0.502772130072117,0.494975425070152,0.0633000964298844,0.642157277325168,0.737231942126527,0.38687421916984,0.725933731766418,0.561459300806746,0
0.718159516574815,0.942495410097763,0.766123488312587,0.218270106706768,0.994348129024729,0.049069044413045,0.359356688801199,0.282362865982577,0.517464220523834,0.947805938543752,0
0.528058194555342,0.978205204708502,0.129259364912286,0.330046206247061,0.645206310786307,0.766684915637597,0.127245617797598,0.933435679646209,0.436397464945912,0.8627921550069,0
0.0296897406224161,0.675674208905548,0.265364300692454,0.991061833919957,0.142546889837831,0.683233439456671,0.727809639880434,0.433773641241714,0.431145889451727,0.343150803586468,0
0.910887394100428,0.596012269379571,0.00353435450233519,0.350845913169906,0.805124584119767,0.507157719694078,0.529185514431447,0.397304772399366,0.930892537347972,0.111240771599114,0
0.75785018177703,0.775417142547667,0.58212947845459,0.83881484111771,0.692987503251061,0.704053948167711,0.418023608159274,0.408342740265653,0.235038431361318,0.283656496321782,0
0.810555897653103,0.388801909922063,0.16047416604124,0.354327890789136,0.349597739987075,0.445319099118933,0.90322364680469,0.528410980477929,0.475590274902061,0.0884226090274751,0
0.847268516430631,0.0608541099354625,0.755146637093276,0.508809819584712,0.0940070284996182,0.58380466978997,0.14971739333123,0.780419791117311,0.640335055533797,0.719500995939597,0
0.93800087668933,0.548536516027525,0.864218999631703,0.714080652687699,0.197623801650479,0.0232775178737938,0.0362508366815746,0.0703368382528424,0.424451444996521,0.380287031410262,0
0.0238073912914842,0.384296025382355,0.882513967808336,0.0821937287691981,0.141970248660073,0.43756388570182,0.111409065080807,0.818608578993008,0.174706406192854,0.10422440385446,0
0.015787499723956,0.493258215952665,0.999159203609452,0.0814217203296721,0.45440783421509,0.390711496351287,0.0896178174298257,0.652929230127484,0.369705915218219,0.254912285367027,0
0.910488139139488,0.162881018361077,0.175164266023785,0.765941715566441,0.589064836036414,0.951912165852264,0.245322697795928,0.634792978642508,0.812024543061852,0.991544971708208,0
0.291777827311307,0.529742576414719,0.975595314521343,0.146843091817573,0.959721749881282,0.952492653857917,0.876047076424584,0.680181144271046,0.505145835224539,0.610079041216522,0
0.740778360748664,0.937493647215888,0.381550511112437,0.565388946095482,0.529254466760904,0.231894796714187,0.600431148894131,0.707389554940164,0.524258938618004,0.387280055787414,0
0.604424694785848,0.13783672102727,0.132696832995862,0.503218546044081,0.783046049531549,0.458103450480849,0.645135380793363,0.799630598165095,0.558507920010015,0.277203074656427,0
0.636782279936597,0.589260927168652,0.458547323010862,0.553177464520559,0.965169245144352,0.159947274718434,0.162913569482043,0.714461582712829,0.671357599785551,0.282048002816737,0
0.0691200869623572,0.436260550515726,0.0632356416899711,0.486454600468278,0.692589230136946,0.918646503705531,0.994421931216493,0.450347919482738,0.511429375037551,0.494466236792505,0
0.955023993970826,0.896947425790131,0.441593531984836,0.15894944476895,0.895800094120204,0.387659763218835,0.9050327911973,0.416966872522607,0.315536688547581,0.399191478267312,0
0.492061039665714,0.993699498940259,0.512624907074496,0.781516105402261,0.440741351339966,0.273618805687875,0.029897595057264,0.319672325626016,0.968714097514749,0.52861531986855,0
0.404381717788056,0.425205620471388,0.723002709448338,0.691017753910273,0.245071421610191,0.424314414383844,0.498902054270729,0.657669429201633,0.571083555230871,0.241586270276457,0
0.152259574038908,0.337992135435343,0.32525179698132,0.535917976405472,0.821288149105385,0.630955398781225,0.683582570403814,0.338868260616437,0.743647352326661,0.80704705696553,0
0.0935584863182157,0.509955807356164,0.746195780579001,0.633644411573187,0.417297603329644,0.718190768035129,0.183702632552013,0.788457813905552,0.677487627137452,0.710586188128218,0
0.320955425035208,0.817929459037259,0.731072681955993,0.234538438729942,0.236367016099393,0.645635436289012,0.112494758795947,0.524828661000356,0.313977614277974,0.0451556446496397,0
0.0651717407163233,0.351938858861104,0.674980852752924,0.661501928465441,0.954435721039772,0.26857364596799,0.374457604251802,0.962551281321794,0.139462424907833,0.310217516729608,0
0.216186802368611,0.949100206140429,0.713765156455338,0.492116820299998,0.0910541515331715,0.455047769472003,0.393366933101788,0.0997178140096366,0.102550965966657,0.596732951235026,0
0.593564222101122,0.816705193603411,0.955813786247745,0.312060480937362,0.775143133010715,0.996734799584374,0.739132684655488,0.114302398636937,0.631213006097823,0.940099063096568,0
0.321033017709851,0.434305995237082,0.12554746423848,0.718565886607394,0.572917321464047,0.177073013503104,0.873232917394489,0.906329519115388,0.170369012281299,0.0681645995937288,0
0.985006857896224,0.107431186595932,0.753410663688555,0.404308932833374,0.150394276482984,0.434210805688053,0.549596101278439,0.236888981889933,0.180090132402256,0.851490845670924,0
0.411207019584253,0.156819972675294,0.231559839565307,0.581778415013105,0.600880801212043,0.449421260273084,0.445661406265572,0.415589650161564,0.363764654146507,0.430502307834104,0
0.806955192936584,0.83292636484839,0.819534339709207,0.28843961446546,0.671640714630485,0.417568268952891,0.721293663140386,0.231349073816091,0.721035467926413,0.710210087709129,0
0.582295657601207,0.419959509046748,0.836095525184646,0.366703280247748,0.549960044212639,0.562884734245017,0.12190116988495,0.223730352241546,0.91127708228305,0.684489751933143,0
0.863940629642457,0.184313945006579,0.322940476005897,0.861480857012793,0.370812930166721,0.473866689018905,0.216819758992642,0.180753629887477,0.323806605534628,0.819981308886781,0
0.361500746337697,0.917198545532301,0.894200313603505,0.247712527168915,0.598797173937783,0.352452620863914,0.506505500292405,0.210491240723059,0.851385093061253,0.579336827388033,0
0.358611060073599,0.267821115674451,0.12100728508085,0.19756566057913,0.575485177570954,0.851401112042367,0.122169136302546,0.169662344502285,0.915267197648063,0.449939750600606,0
0.65077013336122,0.66100544272922,0.0919397396501154,0.391953803598881,0.77683855430223,0.132041691336781,0.113911371212453,0.745025370968506,0.563611210789531,0.211895034415647,0
0.986019687261432,0.946530156768858,0.352775902021676,0.147226139204577,0.851570132188499,0.736222411738709,0.390223806491122,0.0519109058659524,0.187285533174872,0.324580792570487,0
0.137718292884529,0.498666780535132,0.942322009243071,0.313038842985407,0.0503293164074421,0.380517502082512,0.914847806096077,0.791520509170368,0.30002289195545,0.683819134021178,0
0.164199363905936,0.272872635163367,0.647441559936851,0.823001453187317,0.513262737542391,0.287438342347741,0.78026900999248,0.00860138284042478,0.457686377456412,0.824792633764446,0
0.994565847562626,0.135211203247309,0.45328071154654,0.292363374494016,0.0755970657337457,0.712408294901252,0.376577214803547,0.125125138321891,0.22308190818876,0.794021694222465,0
0.658353597158566,0.144996666815132,0.760052828583866,0.295294658048078,0.644065776839852,0.863108603050932,0.345034046564251,0.808720489498228,0.970348202623427,0.244341102661565,0
0.131815508473665,0.54193371697329,0.394889225717634,0.442651040386409,0.622637101914734,0.236408568918705,0.44249484105967,0.855824461672455,0.598082604585215,0.913456238107756,0
0.998486712574959,0.340895818779245,0.0293435186613351,0.828284684568644,0.658850773703307,0.719736328115687,0.210606937063858,0.322603241773322,0.217766193440184,0.0066303419880569,0
0.573575908318162,0.158208695007488,0.82273584860377,0.550710385665298,0.0918636973947287,0.0777752096764743,0.333332645474002,0.488127477699891,0.70458361459896,0.93426600121893,0
0.8495084696915,0.0317780431360006,0.946493088966236,0.330051974626258,0.107344703515992,0.0238192670512944,0.705194491660222,0.643950364552438,0.808185386937112,0.576310018077493,0
0.280795028200373,0.509353323839605,0.321318487171084,0.745167492888868,0.150166363455355,0.651695843087509,0.93700625305064,0.330834212712944,0.236594111425802,0.763011158676818,0
0.412475700490177,0.960241542197764,0.0818615562748164,0.361126290867105,0.753847481450066,0.911115814931691,0.362639851169661,0.0985970562323928,0.216896533500403,0.434854530030861,0
0.254443360492587,0.0836325115524232,0.749761146027595,0.227512027136981,0.266761700855568,0.304920242168009,0.0813211321365088,0.466123914346099,0.997837370727211,0.649393605533987,0
0.096827375004068,0.163402442121878,0.81139193684794,0.157783003291115,0.574388188309968,0.925024518743157,0.0548607665114105,0.928340226877481,0.101762837963179,0.247118815779686,0
0.555689292959869,0.217155390651897,0.195994998095557,0.830917521379888,0.454720458714291,0.239601267036051,0.947653040988371,0.023619043873623,0.784319152822718,0.838329907506704,0
0.24101178185083,0.346773472381756,0.722249234560877,0.345358276041225,0.612429829547182,0.840569664025679,0.909970607142895,0.790093946270645,0.54878272023052,0.373713791137561,0
0.544518150389194,0.0354600227437913,0.136215325677767,0.840225526830181,0.411894002230838,0.0261561123188585,0.290076223667711,0.741939350496978,0.252262000227347,0.947716898052022,0
0.131881850538775,0.382926014019176,0.705076980637386,0.00142253516241908,0.595700159668922,0.345519557362422,0.168833587551489,0.842226315522566,0.161169860279188,0.186699966434389,0
