"1","2","3","4","5","6","7","8","9","10","class"
0.255365180084482,0.59531837515533,0.790312888566405,0.413591848919168,0.468189600622281,0.705053926911205,0.230537263443694,0.0814427118748426,0.643492054659873,0.300147595815361,0
0.979881297564134,0.354369926499203,0.398656966164708,0.980230513960123,0.412508645560592,0.35901467083022,0.971640889067203,0.394309622468427,0.211475718067959,0.493518941802904,0
0.0456576612778008,0.664672441547737,0.342507087159902,0.962144811172038,0.223796345992014,0.980637830682099,0.244102649157867,0.821058647707105,0.128069184487686,0.691378320334479,0
0.768332472536713,0.165687223430723,0.99579661549069,0.307540162466466,0.465296555543318,0.143076996086165,0.414257464697585,0.58549370104447,0.896596595877782,0.572190313367173,0
0.219360885675997,0.18483490194194,0.767233919817954,0.0968547023367137,0.655755614163354,0.862359037157148,0.163128259126097,0.694342122646049,0.763010236201808,0.296732176095247,0
0.170189518947154,0.715739560313523,0.335768248653039,0.517375936498865,0.610184081131592,0.577256778720766,0.651501083979383,0.0171017050743103,0.756090349284932,0.345580908004194,0
0.164298528106883,0.224277831614017,0.293167440453544,0.24473305628635,0.403184474213049,0.828394094947726,0.0547052756883204,0.0255361082963645,0.981566686648875,0.49971662205644,0
0.401531015057117,0.845380847342312,0.774406829848886,0.69763343478553,0.667111608199775,0.627606522291899,0.939157920423895,0.672434582607821,0.789220042061061,0.431944504613057,0
0.428655460476875,0.758322141831741,0.978570471284911,0.115439554909244,0.509421018417925,0.177470743190497,0.256128925131634,0.632456866558641,0.532311023212969,0.390232481993735,0
0.911501812981442,0.797276506057195,0.878369005396962,0.80811204132624,0.918119856854901,0.260414128890261,0.896385308820754,0.278934838948771,0.121723976219073,0.160669941455126,0
0.0630432643387467,0.655536137521267,0.444431660231203,0.437407698482275,0.622373930877075,0.337867794791237,0.271181755233556,0.951566221192479,0.349271751241758,0.704979410627857,0
0.889487416250631,0.766233677743003,0.532633869210258,0.798986546928063,0.5805409909226,0.420726763550192,0.245798716787249,0.0772656928747892,0.20556338201277,0.140134532703087,0
0.945735863642767,0.340057213790715,0.917447073850781,0.864003825699911,0.649790272349492,0.15272000618279,0.971081517403945,0.560977831948549,0.777985917404294,0.924402440432459,0
0.101740163983777,0.129745735088363,0.322679083561525,0.216184299206361,0.623209834564477,0.802753568859771,0.880438660737127,0.177767018089071,0.459519238444045,0.672205349197611,0
0.172556684119627,0.524051048560068,0.930314022814855,0.0290025314316154,0.76460389746353,0.374361765570939,0.221239982638508,0.868162337224931,0.891719091450796,0.155752001330256,0
0.419132459675893,0.241547892801464,0.457479895558208,0.839525999268517,0.488664833828807,0.506583102745935,0.549832595977932,0.733158685266972,0.325498188147321,0.0368784070014954,0
0.797488584183156,0.521549806697294,0.999681478366256,0.172797843813896,0.956931438529864,0.180138995870948,0.111774041084573,0.818381202872843,0.0323774903081357,0.68047911208123,0
0.199873100500554,0.3229158828035,0.965422776993364,0.254630328621715,0.61748511204496,0.89985490613617,0.399207896785811,0.217848921893165,0.873926062136889,0.208415199304,0
0.501903717871755,0.737345648929477,0.0282213829923421,0.957330666249618,0.62722728215158,0.83213200350292,0.0514105434995145,0.0884285834617913,0.716895461082458,0.511577010620385,0
0.299686251906678,0.0244985779684037,0.284054255578667,0.563868572702631,0.715721232583746,0.526601278455928,0.160045777913183,0.584142879815772,0.622306289849803,0.424482269911095,0
0.552286246558651,0.932687817607075,0.098602473270148,0.767801989568397,0.0422160106245428,0.324281493900344,0.871928898617625,0.264683193759993,0.281415462261066,0.754733602516353,0
0.972929773619398,0.107029878068715,0.821521945297718,0.15522206411697,0.064666893100366,0.0978119466453791,0.643514232244343,0.99477500631474,0.166122644441202,0.628674688749015,0
0.609512935159728,0.233408147236332,0.903300667647272,0.547828508773819,0.131770875304937,0.525835292646661,0.255436331266537,0.675145593006164,0.471583934267983,0.440827436977997,0
0.755688365023024,0.863934180000797,0.723747314885259,0.704072824912146,0.747862677322701,0.507257314631715,0.977953476598486,0.76075865374878,0.402320669731125,0.100573856150731,0
0.533948382362723,0.925061793765053,0.137406518217176,0.767929065739736,0.7580285447184,0.154682512395084,0.695651189889759,0.962075809715316,0.462172733619809,0.725461763096973,0
0.211412897100672,0.46674281012034,0.00439878064207733,0.397686555515975,0.919411965413019,0.0314421982038766,0.0439938742201775,0.0179454365279526,0.504864875925705,0.376725448528305,0
0.145837052725255,0.162851471686736,0.357231460511684,0.341931806877255,0.317149277543649,0.845211804378778,0.397533997427672,0.618469282053411,0.368228867650032,0.0137409074231982,0
0.735428985906765,0.349507231730968,0.22000872856006,0.654939130414277,0.896649224450812,0.372090900549665,0.988433629041538,0.521713064284995,0.869363856501877,0.237696768017486,0
0.085617215372622,0.484516689321026,0.475284320767969,0.14235440408811,0.56602987786755,0.970512653002515,0.974097170634195,0.656394264195114,0.0807799452450126,0.0357581558637321,0
0.191448601894081,0.499399432912469,0.708762123715132,0.992495706770569,0.912789849797264,0.599963000509888,0.871550555806607,0.0409038008656353,0.942168631590903,0.53985499846749,0
0.398402998922393,0.782408163649961,0.978007889352739,0.093352940864861,0.327032225672156,0.950172591023147,0.094160582171753,0.864695039112121,0.530150890350342,0.823711540549994,0
0.574813199955597,0.667568762553856,0.738709686324,0.964859815081581,0.829672700492665,0.794367905706167,0.783525000093505,0.17728724796325,0.473885675193742,0.66722028539516,0
0.738887440413237,0.855497893178836,0.903567561414093,0.808261310216039,0.703955518081784,0.54036989947781,0.259696103399619,0.878524068277329,0.831376139307395,0.395684049464762,0
0.272809908492491,0.953929606825113,0.308521796017885,0.272479272680357,0.106034276308492,0.981492900289595,0.196512749651447,0.650908777257428,0.492476918967441,0.389337895438075,0
0.867140641435981,0.718748795101419,0.393625043798238,0.149707683594897,0.733599266270176,0.0409580348059535,0.583505350165069,0.796985629480332,0.779558088164777,0.667087361449376,0
0.0842316069174558,0.370411445619538,0.796504898928106,0.168264004634693,0.512445911997929,0.545158283784986,0.593547695316374,0.710794442798942,0.626355355605483,0.346922982251272,0
0.182485993951559,0.490186869399622,0.0267509901896119,0.614703276194632,0.832391718868166,0.139569996856153,0.436085189227015,0.420567650347948,0.522555307485163,0.361715514212847,0
0.561543340329081,0.144444091012701,0.361031858017668,0.617762404959649,0.0207106699235737,0.854563076980412,0.480344272451475,0.265989458654076,0.697501119924709,0.47993856924586,0
0.875655760755762,0.0848839625250548,0.944059077184647,0.681766708614305,0.0106214073020965,0.167805054923519,0.956997667439282,0.407633598195389,0.838052166858688,0.262896963628009,0
0.572353204945102,0.167617979226634,0.870686333626509,0.0806792706716806,0.79678057320416,0.875133153516799,0.774306604173034,0.479401702992618,0.889299136120826,0.785738224629313,0
0.272118852473795,0.81607421208173,0.652388968970627,0.0249542135279626,0.0758977893274277,0.622634422266856,0.316987450467423,0.107713460922241,0.850828351220116,0.623848650604486,0
0.558419834911637,0.45302989310585,0.994685219833627,0.896649926435202,0.527445482555777,0.889449249953032,0.267877605510876,0.200982324779034,0.717649550642818,0.163248559692875,0
0.117682677228004,0.522149228258058,0.130237675271928,0.463220008648932,0.743500165408477,0.0345093754585832,0.511157870525494,0.0545435179956257,0.24563010642305,0.478817732306197,0
0.459857359295711,0.0966438027098775,0.702155829640105,0.94340623030439,0.508349982555956,0.655954209389165,0.271156816976145,0.945078880526125,0.580403011059389,0.465434706537053,0
0.582852496998385,0.911510665202513,0.219834865769371,0.992933444213122,0.75055841053836,0.157257916405797,0.256737090181559,0.600561670493335,0.870087858755141,0.792390309972689,0
0.690551773644984,0.831891133449972,0.929037219611928,0.895178206497803,0.994949921732768,0.822538523701951,0.577215283410624,0.286292271921411,0.966185455676168,0.72614294057712,0
0.243414455791935,0.441843620035797,0.313212012406439,0.677129824412987,0.912962464382872,0.89685431891121,0.462065316736698,0.889570039929822,0.0162616150919348,0.212940021185204,0
0.680398492166959,0.484852996654809,0.314118067268282,0.410594159271568,0.620376675622538,0.159402599558234,0.775213156826794,0.923459351994097,0.167000014102086,0.308865771163255,0
0.841956322259642,0.790856720879674,0.770730418153107,0.13491264777258,0.740297103999183,0.507375279208645,0.441305882763118,0.501089777797461,0.0661807560827583,0.821920866845176,0
0.068705910583958,0.262609676225111,0.0954987003933638,0.719620679738,0.63632175931707,0.164680842543021,0.450311993947253,0.396347417263314,0.643346896162257,0.486698110355064,0
0.267165996367112,0.319172866642475,0.80584973609075,0.750903798500076,0.53658105363138,0.281635316554457,0.506723043043166,0.666965370299295,0.969423400936648,0.333790809148923,0
0.911641350015998,0.239157384261489,0.467421329580247,0.628885434241965,0.158472967799753,0.16910601966083,0.431616750312969,0.537852114764974,0.646966269006953,0.294251392362639,0
0.607170959934592,0.712417892180383,0.627470772247761,0.485826001968235,0.922247370006517,0.776145895477384,0.659521972062066,0.025430983863771,0.798747698543593,0.407593260053545,0
0.314709652068,0.469110438367352,0.997685017297044,0.743422129424289,0.555385190062225,0.983513501705602,0.77433063229546,0.0726122644264251,0.957719190046191,0.485234628198668,0
0.778646830702201,0.153237237595022,0.456772094126791,0.504194735782221,0.721237337216735,0.575745299924165,0.442586713703349,0.767601651372388,0.591205347562209,0.83552564564161,0
0.90581677434966,0.784156331093982,0.96423162939027,0.846809848677367,0.582734514027834,0.63133941218257,0.164557131705806,0.902392592746764,0.400340657448396,0.635982810519636,0
0.12458294373937,0.229066758416593,0.781981046544388,0.650350122712553,0.901562860235572,0.811550572048873,0.110944583080709,0.871654798509553,0.0543144596740603,0.267955296207219,0
0.707596334861591,0.871065180981532,0.671158941462636,0.112830506172031,0.564543650951236,0.49300079792738,0.523552326252684,0.0454750063363463,0.492189276497811,0.504859399516135,0
0.53204911085777,0.0597781261894852,0.944913353072479,0.435662988806143,0.681296223308891,0.491911350050941,0.0936855999752879,0.775040569249541,0.940560462884605,0.754563316935673,0
0.257418800378218,0.972920049913228,0.881531638093293,0.21214458765462,0.159594797762111,0.107479040743783,0.788305938243866,0.114031906239688,0.359546071616933,0.366194277070463,0
0.489219589857385,0.251373653765768,0.60610108054243,0.923401760635898,0.844476289581507,0.576692358823493,0.325810528127477,0.476014291169122,0.863626725040376,0.717256507603452,0
0.16718942602165,0.448734664591029,0.966406691353768,0.118251733481884,0.997901511611417,0.671732529532164,0.885360117303208,0.899453242542222,0.531325769610703,0.882437141146511,0
0.569648913806304,0.802416241727769,0.714012681739405,0.859709327341989,0.452829613815993,0.085583939217031,0.241798903793097,0.77332728356123,0.317931254627183,0.80484513239935,0
0.536758753005415,0.23013444035314,0.0665852592792362,0.570288240443915,0.576355496887118,0.617586501408368,0.527892858721316,0.731411228654906,0.454735291190445,0.599517669528723,0
0.386536405654624,0.888411154504865,0.513816290069371,0.767256590770558,0.0163395907729864,0.1310128509067,0.283120561391115,0.802134076599032,0.549185822950676,0.984386581229046,0
0.153122646501288,0.106437564594671,0.3517660794314,0.228181949583814,0.884380876552314,0.779507633764297,0.434215170796961,0.0626790549140424,0.50846373080276,0.128889453597367,0
0.426438074208424,0.796793559100479,0.616639135405421,0.603184167062864,0.973116651410237,0.092367953620851,0.194461501436308,0.449443332850933,0.514666098635644,0.188102882122621,0
0.856681208824739,0.0201127084437758,0.323250555898994,0.20477404887788,0.430614440236241,0.899547130102292,0.14273291779682,0.260392960393801,0.0504032403696328,0.200059440219775,0
0.606062929378822,0.838479830394872,0.880263321800157,0.887855549808592,0.262268143473193,0.962628281442448,0.63027382385917,0.772790817078203,0.172176264692098,0.104023950407282,0
0.267111009219661,0.606868992725201,0.783429255243391,0.174311976879835,0.0243491721339524,0.347807681420818,0.755155691178516,0.849231180967763,0.332821168703958,0.797048760810867,0
0.851214699679986,0.170386317884549,0.576969241257757,0.381167927989736,0.0826413843315095,0.661127655999735,0.933218007907271,0.955142866820097,0.499686725204811,0.121185743715614,0
0.451434618793428,0.811912175035104,0.121593621792272,0.404568736441433,0.874093906953931,0.488001739373431,0.584699894767255,0.838841453427449,0.433814610121772,0.827862402191386,0
0.094391630962491,0.614611968630925,0.757599749835208,0.45378967304714,0.590619230875745,0.10815979889594,0.174144647317007,0.738955718232319,0.0839925643522292,0.681159418309107,0
0.727579476544634,0.518975265789777,0.872951248195022,0.953245424199849,0.195817527594045,0.246385923121125,0.0820412947796285,0.734085105592385,0.733379412675276,0.579035650473088,0
0.365324487676844,0.258099969476461,0.76156857656315,0.883061675122008,0.223530684132129,0.232236234704033,0.333444566233084,0.95764301577583,0.847713026683778,0.0670426508877426,0
0.78902559960261,0.737788887694478,0.691430717241019,0.442904366878793,0.632184884976596,0.808075602399185,0.364177964627743,0.357677097897977,0.931643350748345,0.34880408947356,0
0.468407250475138,0.164297635201365,0.431742838351056,0.850949845742434,0.368070580763742,0.533262982731685,0.243858988396823,0.970248992322013,0.0132271971087903,0.346499618841335,0
0.972852194448933,0.379716719733551,0.402968553593382,0.239166410174221,0.460681314580142,0.723073205212131,0.615035372320563,0.0226865974254906,0.681415430735797,0.876897189067677,0
0.995028489036486,0.98208559374325,0.942049845587462,0.870980157982558,0.0736341138835996,0.315249798120931,0.731577613390982,0.345097911544144,0.335075220558792,0.750764171592891,0
0.79476704262197,0.0725292458664626,0.690006243763492,0.244562364416197,0.94088396569714,0.52622890053317,0.0805243118666112,0.0919394812081009,0.903819729108363,0.532576451776549,0
0.104463533964008,0.809084112988785,0.606687064748257,0.205816535511985,0.755153690697625,0.88561561377719,0.0167795452289283,0.628101374488324,0.133762170560658,0.308185565518215,0
0.0110827407334,0.323902593692765,0.348263084888458,0.279575608670712,0.440207527484745,0.401417243061587,0.012338450178504,0.891354290535673,0.520574444904923,0.765410637017339,0
0.99201977183111,0.91411243006587,0.0300384035799652,0.751942696049809,0.45966300717555,0.654853845015168,0.840511442162097,0.823302522767335,0.414654171094298,0.0710677062161267,0
0.340154503871128,0.797050502384081,0.773223636206239,0.843085200758651,0.376243996666744,0.386817919323221,0.0806036512367427,0.477252259384841,0.975283408537507,0.489121600287035,0
0.275119716534391,0.332444451050833,0.549220569198951,0.105038249632344,0.662400049623102,0.849174955161288,0.657633099704981,0.71914782631211,0.356834129663184,0.761573689989746,0
0.0439023014623672,0.738793585915118,0.828574582468718,0.461847217287868,0.993157630553469,0.549253257922828,0.924549547489733,0.545765997143462,0.3374656974338,0.215172166470438,0
0.841873987810686,0.367097172886133,0.3347983204294,0.304683685069904,0.29223235626705,0.7681498543825,0.421539197675884,0.24350586370565,0.378798866411671,0.0951067013666034,0
0.746361395576969,0.636576029472053,0.197331499075517,0.579907994484529,0.268748531583697,0.733443381963298,0.784564048983157,0.168762524379417,0.257037858478725,0.417746626073495,0
0.874675565864891,0.0383889102376997,0.747275812318549,0.646906631067395,0.908485003281385,0.908170580863953,0.04164395830594,0.528045622864738,0.609347466845065,0.011765924282372,0
0.0615922557505779,0.427346798824146,0.299235158832744,0.556157848564908,0.383181777317077,0.817705925321206,0.080378589918837,0.796201425138861,0.349951924290508,0.0240762624889612,0
0.978987032547593,0.9827423049137,0.282348038861528,0.869098060298711,0.408891711616889,0.50764157762751,0.124838163144886,0.293437418527901,0.358819228131324,0.0146286762319505,0
0.0341292575467378,0.431285155471414,0.173481261124834,0.0527199155185372,0.800320317270234,0.918429158627987,0.495170082896948,0.240470809163526,0.0835072055924684,0.437588296364993,0
0.579481477150694,0.255992211168632,0.0629684573505074,0.307807310251519,0.297092490829527,0.218779009766877,0.826697519281879,0.66014929744415,0.0625960077159107,0.670765657676384,0
0.605483093066141,0.079537567216903,0.857029261533171,0.69500966812484,0.138309858506545,0.49619894544594,0.421541466610506,0.866767694009468,0.35699423099868,0.118204444414005,0
0.893250494496897,0.479503097711131,0.363404620438814,0.0660162162967026,0.352540524676442,0.661457367241383,0.307475064415485,0.989619842730463,0.162387219956145,0.593069451162592,0
0.507025855127722,0.693498150032014,0.932933336123824,0.651986425509676,0.807026313850656,0.212798837572336,0.478941755369306,0.0829129205085337,0.920580201549456,0.750610041432083,0
0.112134635840543,0.0778375007212162,0.593255856772885,0.128523572115228,0.0167875560000539,0.803232388338074,0.361602205317467,0.0331767320167273,0.819592319428921,0.148263839073479,0
0.381363907130435,0.131027272436768,0.679197821998969,0.131516836583614,0.659808853641152,0.204760292544961,0.453514415305108,0.502204076154158,0.576122598722577,0.977305194828659,0
0.536861832486466,0.13297894760035,0.302959381137043,0.0355725565459579,0.408916405867785,0.273474962683395,0.604495549108833,0.930322817992419,0.37337163137272,0.377502483781427,0
0.112806944642216,0.341992453671992,0.901925245998427,0.286915560485795,0.882541548926383,0.265200814697891,0.919807960512117,0.610059070400894,0.192933269310743,0.487936340738088,0
