"1","2","3","4","5","6","7","8","9","10","class"
0.19165087910369,0.507292643422261,0.0616893139667809,0.393606387311593,0.156109735369682,0.794327237410471,0.827422572765499,0.730433158809319,0.010353255784139,0.740443086717278,0
0.503161881817505,0.311608547111973,0.611578989075497,0.653015290154144,0.605509276967496,0.78050102177076,0.39034943911247,0.295485876500607,0.162744329776615,0.514291024534032,0
0.0258876630105078,0.913899025181308,0.90563554642722,0.795706539181992,0.266841856064275,0.811683228937909,0.152864011237398,0.602305087493733,0.533820101991296,0.231494190869853,0
0.375511149642989,0.805756557267159,0.0552238223608583,0.0504247359931469,0.158646687632427,0.561797512462363,0.989314308622852,0.727953793713823,0.0162319964729249,0.361882761353627,0
0.248308554291725,0.566051786066964,0.654362037079409,0.505078111542389,0.382107849232852,0.129565273644403,0.214769052574411,0.993180243996903,0.710473627317697,0.436549995560199,0
0.748526542447507,0.223548895213753,0.763340466655791,0.665655027376488,0.81954151741229,0.418776069302112,0.5701682085637,0.915343031752855,0.693041009595618,0.0873292966280133,0
0.500883762497455,0.426574185024947,0.0224215367343277,0.283384607639164,0.0774959733244032,0.873450848506764,0.159194142790511,0.739969543647021,0.247907539596781,0.874380838358775,0
0.972819651011378,0.804600825766101,0.752323073102161,0.413314412813634,0.599102474283427,0.201406587613747,0.314764440525323,0.864088959060609,0.517655558884144,0.886489016236737,0
0.470347789349034,0.344634195556864,0.971043544821441,0.471412539016455,0.236236179014668,0.502321157371625,0.943237114464864,0.558137066429481,0.270221719983965,0.712996538262814,0
0.102229367010295,0.220528679667041,0.608292457414791,0.0201951460912824,0.630106883123517,0.423596437321976,0.465699903666973,0.705075167585164,0.56649373518303,0.698322798591107,0
0.889772258931771,0.870258020702749,0.0112735242582858,0.0924613371025771,0.350559878628701,0.74600090039894,0.367409575730562,0.748838141793385,0.405114274704829,0.134163179434836,0
0.066184300230816,0.866233873879537,0.931587440893054,0.36898377048783,0.615067424718291,0.797189733246341,0.332043695496395,0.684331761440262,0.154460835037753,0.311491068918258,0
0.780497831758112,0.699746490223333,0.442773793125525,0.590814901283011,0.0125580849125981,0.0894880630075932,0.630047678947449,0.348799881525338,0.261516063008457,0.0801720172166824,0
0.451667051995173,0.035851800814271,0.803790881764144,0.434933063574135,0.371214626822621,0.250789905199781,0.299989863764495,0.0617154173087329,0.841744541190565,0.570411009714007,0
0.0476104440167546,0.988254421157762,0.820717118913308,0.674686275888234,0.238757051760331,0.915979855693877,0.704352649860084,0.812906910665333,0.147995336446911,0.39370815968141,0
0.756051267730072,0.182279959786683,0.0123536325991154,0.841440788237378,0.734383976785466,0.145684947725385,0.73954850086011,0.0441360163968056,0.149833905044943,0.000666808802634478,0
0.133807167876512,0.237253826344386,0.410304532153532,0.363647076534107,0.796295728068799,0.218019877793267,0.417378761339933,0.967362070921808,0.0494652283377945,0.183600479504094,0
0.526249100919813,0.688487815670669,0.662030386738479,0.814077526098117,0.608302307780832,0.939578666817397,0.193742760457098,0.482062460156158,0.127854748163372,0.374958425527439,0
0.703661545878276,0.912340148119256,0.843232727842405,0.398552631726488,0.916223515989259,0.439253159565851,0.670762388268486,0.286110923625529,0.304584827041253,0.480332023231313,0
0.0249254654627293,0.71743515599519,0.125500038964674,0.888516676379368,0.452677754219621,0.884167111478746,0.366241357056424,0.31184268835932,0.965218222467229,0.488036877010018,0
0.0331092486158013,0.420933007495478,0.248348068911582,0.811579528963193,0.888405561679974,0.0961726754903793,0.181272801710293,0.522197626531124,0.115497638704255,0.465420401422307,0
0.699944910593331,0.124878622824326,0.823008231353015,0.839226381387562,0.230221424018964,0.490345123922452,0.485362617531791,0.54770709737204,0.0205801706761122,0.368974381126463,0
0.739260316593572,0.354150681756437,0.182936002966017,0.949982408666983,0.716046687681228,0.129408433567733,0.329286477062851,0.459262264426798,0.74567292118445,0.316467878641561,0
0.199168448103592,0.105169406160712,0.473664136137813,0.544691522372887,0.182307262672111,0.748689291533083,0.379985419334844,0.549479703884572,0.780841470928863,0.440360653214157,0
0.13151072547771,0.00776152987964451,0.692057478707284,0.549000285565853,0.0850887359119952,0.287861564662308,0.125593121862039,0.814029940869659,0.541179621592164,0.374534459086135,0
0.178633906180039,0.731613148702309,0.903889468638226,0.692251380765811,0.271741164149716,0.76692060357891,0.512345262803137,0.56503688194789,0.132073684828356,0.886388101847842,0
0.323439867468551,0.314864555606619,0.704743255861104,0.429605353623629,0.644815511303023,0.934041060740128,0.761843721847981,0.274375701555982,0.618070085765794,0.648765071295202,0
0.794295772444457,0.00633440725505352,0.589307085843757,0.795585539424792,0.455524367978796,0.806297379778698,0.993166790343821,0.150921893771738,0.886949240695685,0.684893165016547,0
0.671299926005304,0.545178150292486,0.48295259824954,0.098842496983707,0.910309798549861,0.871597118442878,0.732320440933108,0.590067465556785,0.184571199119091,0.36081303213723,0
0.026466894429177,0.942545518511906,0.49649754841812,0.184654355980456,0.131896393606439,0.755565381143242,0.435642217751592,0.650777520146221,0.338768980000168,0.304319139104337,0
0.254817018052563,0.179293020395562,0.603880712995306,0.295167830074206,0.202684892108664,0.0564024352934211,0.104272312950343,0.507987932069227,0.497304919641465,0.28815476060845,0
0.537647362565622,0.176543056499213,0.189692674903199,0.265255678445101,0.0501874280162156,0.508847566321492,0.215729295508936,0.0939289301168174,0.438480440992862,0.456613634014502,0
0.704283572267741,0.0757615924812853,0.09764305036515,0.908753892173991,0.492431471589953,0.15477708959952,0.956793354358524,0.614696344360709,0.390335856471211,0.969217125559226,0
0.80431507807225,0.145074323983863,0.995923266047612,0.491930000251159,0.215649790829048,0.380343642085791,0.82665131171234,0.516257556388155,0.545382871758193,0.154035084182397,0
0.957255396526307,0.831126727163792,0.404422019375488,0.606626353226602,0.156564973760396,0.894977319287136,0.459542328957468,0.623937817523256,0.898686092114076,0.996544256340712,0
0.681690899888054,0.977003352949396,0.953867234522477,0.78793140174821,0.410181347513571,0.133488377789035,0.395856487797573,0.398259009001777,0.259708281606436,0.460369702428579,0
0.549369908869267,0.156153920572251,0.877067766850814,0.0365858383011073,0.530821828404441,0.885792253306136,0.513028547633439,0.222953721415251,0.790879948530346,0.55454227142036,0
0.508806757396087,0.974709106813837,0.049916644115001,0.980273789726198,0.455049868440256,0.0123010943643749,0.107942843111232,0.669608216267079,0.0168395596556365,0.620328007964417,0
0.309934089425951,0.445320794824511,0.977921045850962,0.118423956912011,0.592400192050263,0.74278985359706,0.929349574493244,0.216575952246785,0.181049885693938,0.538070485228673,0
0.66673988266848,0.92288163700141,0.445657535921782,0.955782956443727,0.0389757324010134,0.218798364512622,0.853990986943245,0.441116696922109,0.36231780750677,0.451248400611803,0
0.402963880915195,0.282282921019942,0.221574552590027,0.68377974559553,0.200420067412779,0.0257173113059253,0.100541775114834,0.352842102758586,0.507349390303716,0.23365044943057,0
0.523817819543183,0.969017199007794,0.0473038491327316,0.277407924178988,0.479744205484167,0.741084590787068,0.0563232426065952,0.705533690052107,0.87592722568661,0.993933765450493,0
0.230189928784966,0.319918693276122,0.640374434180558,0.0250927587039769,0.0674604838714004,0.663436813047156,0.627679840894416,0.558223859639838,0.761147812241688,0.353298546280712,0
0.102652187924832,0.28514089807868,0.474097468191758,0.571954038692638,0.703546573640779,0.102656872244552,0.293132703518495,0.494830618612468,0.548478903714567,0.179211436538026,0
0.51481147762388,0.0773301708977669,0.704350090352818,0.257667831610888,0.0984366103075445,0.327865145169199,0.320636732969433,0.764306070748717,0.742431329330429,0.243484430247918,0
0.10553525108844,0.62358909775503,0.201084012631327,0.312733175465837,0.842440641252324,0.795877123484388,0.881178211653605,0.843985564541072,0.263429661979899,0.608802022412419,0
0.184099685744941,0.177929889876395,0.97784394514747,0.582592245424166,0.345149502158165,0.126788003602996,0.887082448462024,0.43401273037307,0.994045866886154,0.0380813807714731,0
0.152124823071063,0.163647109409794,0.73274156358093,0.124700184445828,0.921471117995679,0.971446800976992,0.821703704539686,0.704391822917387,0.649945964105427,0.815631960052997,0
0.820165663259104,0.675560379400849,0.990859053563327,0.254769012797624,0.349058792227879,0.989461624994874,0.375992640387267,0.320331315277144,0.453347008209676,0.35606023366563,0
0.968717603944242,0.447826627416722,0.78920956980437,0.11581558524631,0.0385785629041493,0.559364337008446,0.533669677563012,0.783324162708595,0.0849706111475825,0.0245227180421352,0
0.042179377283901,0.871376082766801,0.739846508484334,0.752414570655674,0.159360019955784,0.200648726662621,0.904009253252298,0.235037500038743,0.365323327947408,0.980997400358319,0
0.132851678645238,0.150410499889404,0.961418902734295,0.768766161054373,0.696864482713863,0.574470249470323,0.285336426692083,0.752239891095087,0.639834966277704,0.0142138265073299,0
0.960368109401315,0.10139132803306,0.385173385497183,0.668955071596429,0.6637650039047,0.899349019164219,0.959196125622839,0.829434214392677,0.399889317341149,0.725845482433215,0
0.188609399599954,0.742081455187872,0.460901870392263,0.398520175833255,0.891304441960528,0.687915008980781,0.318121148040518,0.926531897159293,0.185976374894381,0.682615694589913,0
0.715771249961108,0.188096132129431,0.209609135286883,0.791070006089285,0.795065739192069,0.440381375374272,0.997814307454973,0.954257283592597,0.211165386019275,0.551454751053825,0
0.740248932037503,0.342286185128614,0.74665270280093,0.7281585985329,0.465765370987356,0.862688053864986,0.389297836460173,0.0825148457661271,0.346346244215965,0.0519376476295292,0
0.285542456666008,0.337494798470289,0.356069959234446,0.463398656109348,0.980635331943631,0.274562944890931,0.35703512490727,0.860948970774189,0.671777450945228,0.143033965723589,0
0.0392044638283551,0.303396460367367,0.701700599398464,0.532644453225657,0.922641922486946,0.296247487422079,0.349436618387699,0.334064671769738,0.48175449250266,0.49080104357563,0
0.377380938269198,0.880522385472432,0.164471691241488,0.0786028129514307,0.935353081906214,0.654436670010909,0.354855468962342,0.850141688250005,0.612399853300303,0.117573165567592,0
0.986100969370455,0.0392297338694334,0.385964283719659,0.39555934839882,0.270541091682389,0.666443054564297,0.362319138133898,0.460824961774051,0.716173629276454,0.620113880839199,0
0.90137232048437,0.480358855100349,0.946088836528361,0.391069179400802,0.908373154466972,0.0849823120515794,0.479339739307761,0.93179477006197,0.437571378424764,0.20689522032626,0
0.871125835708715,0.560689782723784,0.352653240552172,0.61893733474426,0.0906423865817487,0.818500476889312,0.783081798581406,0.956886993953958,0.844301256584004,0.935331826098263,0
0.112653426360339,0.543268207240477,0.410457798978314,0.202065809629858,0.851914214435965,0.860064098611474,0.985037149395794,0.102444264804944,0.512151828501374,0.90419552847743,0
0.886706640711054,0.033263132367935,0.97567808511667,0.261417284142226,0.162373938132077,0.0507100180257112,0.63192119076848,0.457903264090419,0.291560964891687,0.343200947856531,0
0.193247318267822,0.259291018825024,0.447132687317207,0.705025412375107,0.257903791265562,0.104021035367623,0.35385048459284,0.0871364411432296,0.782294876175001,0.282439338508993,0
0.410685250535607,0.989909319439903,0.716814819024876,0.171945777954534,0.664335961220786,0.818544817622751,0.00618829624727368,0.0621587792411447,0.834648139309138,0.862765650032088,0
0.819153802236542,0.12266627070494,0.73364011128433,0.461486340500414,0.024489242117852,0.697573693469167,0.130548577057198,0.132634651614353,0.0708794207312167,0.757699697976932,0
0.0519533553160727,0.823361199814826,0.233174015302211,0.539771035313606,0.858401299221441,0.71093862154521,0.732257824856788,0.346678671427071,0.92333616502583,0.568987496662885,0
0.885199282085523,0.541948521332815,0.0638773529790342,0.269206783734262,0.18820973765105,0.705990543821827,0.24801076669246,0.320312275318429,0.0524619796779007,0.625772118801251,0
0.352929244749248,0.937636252259836,0.402085269568488,0.00739288446493447,0.936215731082484,0.813294380437583,0.69986887043342,0.881897890241817,0.539591864449903,0.51684000948444,0
0.194763753795996,0.0352002615109086,0.504853236721829,0.123277698177844,0.22076357062906,0.992497847415507,0.988483015215024,0.0784275601617992,0.059681567363441,0.375694751506671,0
0.0873077835422009,0.469764102017507,0.945490632206202,0.326009549666196,0.330626193201169,0.499053418869153,0.481912874383852,0.986590660642833,0.821450006216764,0.261808735551313,0
0.786703204503283,0.0674113056156784,0.307937232311815,0.457897491520271,0.158639874076471,0.511161071946844,0.504647598601878,0.899516968755051,0.394546032184735,0.1347098601982,0
0.466403223806992,0.710664370330051,0.912225297652185,0.0531793136615306,0.413697640877217,0.554393177386373,0.594244914129376,0.252410498447716,0.372977614402771,0.895895301830024,0
0.876293653156608,0.191805575042963,0.364333933452144,0.895663397153839,0.503731063334271,0.430749597260728,0.506449008826166,0.427667523734272,0.271293329773471,0.768584036268294,0
0.213765795575455,0.0739694500807673,0.474639931460842,0.663613873301074,0.0710089178755879,0.848710595164448,0.684365353081375,0.93073683604598,0.857062552357092,0.895761518971995,0
0.230513494694605,0.911865923088044,0.821684669470415,0.763676120201126,0.863359153037891,0.790450531989336,0.45344702154398,0.701652989024296,0.93420886201784,0.466173950582743,0
0.951996171846986,0.64194541121833,0.931602546246722,0.233977255877107,0.41241845744662,0.205218214541674,0.140722686890513,0.337808302138001,0.79208947205916,0.00393925979733467,0
0.318853931035846,0.301634287694469,0.980156211648136,0.928069301182404,0.218414163216949,0.202807557536289,0.00407900800928473,0.317925262730569,0.743230112129822,0.523408944485709,0
0.652751298621297,0.483037478523329,0.667648635571823,0.663959193509072,0.29053194867447,0.15922728786245,0.743766260100529,0.357102486537769,0.442099719075486,0.0240060752257705,0
0.567677855957299,0.834510639309883,0.219406954012811,0.696141357067972,0.973571641836315,0.0723926513455808,0.745459697209299,0.243931314675137,0.91301670181565,0.751098428387195,0
0.0647277685347944,0.945631833747029,0.430187044665217,0.941870708949864,0.982790637994185,0.477715100860223,0.392293655313551,0.824891218682751,0.726841133320704,0.676050485111773,0
0.129801059607416,0.818447889061645,0.195774829015136,0.454078035894781,0.245808938052505,0.962447081925347,0.398419803008437,0.0378293609246612,0.0444350303150713,0.610434014117345,0
0.437390313949436,0.290246428223327,0.857548132538795,0.848087295889854,0.107680271146819,0.519244421739131,0.861023358767852,0.463885339908302,0.503441676264629,0.809703331906348,0
0.788932369789109,0.866508327657357,0.0610870586242527,0.843342070002109,0.6607509420719,0.804393879603595,0.971772480057552,0.461627396056429,0.691869442583993,0.227228718111292,0
0.658262011827901,0.614223562413827,0.33717996510677,0.584668753435835,0.882468846393749,0.909527491079643,0.280449898680672,0.915349071379751,0.394535540603101,0.667819040361792,0
0.979203762020916,0.865137152373791,0.934645961970091,0.396940694190562,0.273652473697439,0.97802711231634,0.0698032816872001,0.437059232033789,0.174137427471578,0.277128682704642,0
0.89714734070003,0.619536316953599,0.845083015738055,0.344244001200423,0.709652973338962,0.472946150461212,0.677202319260687,0.0140603843610734,0.449783284915611,0.354218770284206,0
0.813100886298344,0.301989608909935,0.952624214580283,0.104822118999436,0.181214765878394,0.698722513858229,0.166782868793234,0.871982044773176,0.690784967737272,0.593550039455295,0
0.041418690001592,0.319636972155422,0.893723669694737,0.764921077061445,0.571851919405162,0.607291230000556,0.0251671753358096,0.924450832884759,0.874026759294793,0.782960950164124,0
0.110924651380628,0.484343231888488,0.440383337205276,0.316538642859086,0.132073240121827,0.142959689488634,0.754653370240703,0.166889889165759,0.119910890469328,0.323502518935129,0
0.964963709237054,0.148833636427298,0.476552217034623,0.298761040670797,0.520801487145945,0.384901038138196,0.697063790168613,0.318860641680658,0.88466688990593,0.970800190465525,0
0.444996792357415,0.274050791049376,0.628472765674815,0.512539074756205,0.957911399658769,0.993895573308691,0.690605015493929,0.407860078616068,0.846504084998742,0.53069390822202,0
0.983037819853052,0.959888432174921,0.566146329976618,0.090351598104462,0.44247301062569,0.528108544647694,0.801253901096061,0.585479799425229,0.967592953471467,0.352517945459113,0
0.858194371685386,0.192651973804459,0.120098547078669,0.506611038697883,0.907765217591077,0.793678340734914,0.424533616285771,0.0729482595343143,0.333484306698665,0.403185303322971,0
0.879897119244561,0.815404049353674,0.911925845546648,0.316312751499936,0.89877391513437,0.481535026803613,0.771850659279153,0.449508658843115,0.890646710293368,0.250194180291146,0
0.938850729027763,0.921891995240003,0.481010301271453,0.260056952247396,0.622511424124241,0.378196606878191,0.136213910533115,0.868815428344533,0.459196783369407,0.356650878908113,0
0.149753829231486,0.711064260918647,0.823894555447623,0.0109594548121095,0.570244466653094,0.999094349332154,0.231462013442069,0.625483421375975,0.486743449233472,0.943619650788605,0
0.0351206818595529,0.326776115689427,0.338753597810864,0.799453031737357,0.534145180368796,0.640577790560201,0.175272134132683,0.853670399170369,0.415042361011729,0.776794840814546,0
0.0865199521649629,0.0776494792662561,0.0958688859827816,0.0327368853613734,0.300201843492687,0.587144466349855,0.55147654376924,0.757649251725525,0.134344026912004,0.0587458380032331,0
