"1","2","3","4","5","6","7","8","9","10","class"
0.372677438892424,0.770284735132009,0.0874135561753064,0.204020336735994,0.276689195074141,0.48629315989092,0.0395728333387524,0.713063743431121,0.745259677991271,0.0305844114627689,0
0.319962558103725,0.896893870551139,0.417613438563421,0.444653534097597,0.63003001944162,0.387087111826986,0.58000174164772,0.508496504975483,0.998408023500815,0.218043869594112,0
0.710064621875063,0.585105997975916,0.332443408900872,0.029933902900666,0.50304703367874,0.705029646400362,0.214861915912479,0.582133250311017,0.620991866802797,0.103847433114424,0
0.440407856134698,0.0574733994435519,0.464461860945448,0.88076623622328,0.989135937066749,0.587490211473778,0.231624100822955,0.886523111257702,0.68752563232556,0.478141078026965,0
0.51999248075299,0.984164331108332,0.485947606619447,0.325365149416029,0.9185422770679,0.714399629738182,0.58633900154382,0.568632991751656,0.0669037362094969,0.304385497700423,0
0.2253124169074,0.602244182024151,0.100849218899384,0.885048849740997,0.379992279689759,0.512930349446833,0.678857844090089,0.952789024915546,0.686347987037152,0.135420713108033,0
0.106810604920611,0.425753471208736,0.9442636994645,0.530253953300416,0.786675835493952,0.848252916010097,0.630234798882157,0.87595113646239,0.0474809606093913,0.167799724265933,0
0.392968602012843,0.115748889744282,0.49447766202502,0.0474352333694696,0.404126258566976,0.961985921021551,0.213587522041053,0.864304874325171,0.265234003541991,0.981427005492151,0
0.208596586016938,0.632804857799783,0.269030849216506,0.523884116206318,0.700939088826999,0.510752754751593,0.404858159134164,0.732592341955751,0.530481957364827,0.534317115088925,0
0.43043966172263,0.262341895606369,0.662883053999394,0.849599871085957,0.864420203492045,0.683462857734412,0.279693461023271,0.616568363271654,0.222340403357521,0.127088537439704,0
0.113391048973426,0.279613677877933,0.990123844472691,0.0327203760389239,0.287388405064121,0.150163793936372,0.972984290681779,0.272672252263874,0.22454501921311,0.326287393458188,0
0.188290995778516,0.447894971817732,0.662069328362122,0.114885810529813,0.702760647051036,0.656337901949883,0.925742706051096,0.999339970992878,0.25241612852551,0.97069225856103,0
0.131385836750269,0.227091777604073,0.745257017202675,0.717726819450036,0.342964387498796,0.792638952145353,0.267380692763254,0.827805896289647,0.771659437799826,0.716282157460228,0
0.862093693343922,0.90710427146405,0.737128723645583,0.361967750824988,0.515639452962205,0.525873147649691,0.145826383959502,0.0629174523055553,0.823685116600245,0.109365497017279,0
0.967961373273283,0.965758659644052,0.747187415370718,0.333654891001061,0.314252209151164,0.243413742166013,0.51645337138325,0.641632338520139,0.173868519254029,0.75616809586063,0
0.601378571254201,0.453100841725245,0.0217271947767586,0.570217248983681,0.630772582953796,0.548701021354645,0.93369424296543,0.974136696895584,0.503411647165194,0.221004001330584,0
0.945665586506948,0.0661839472595602,0.948352827690542,0.0589269106276333,0.139991726959124,0.521421271609142,0.181432642973959,0.830671058269218,0.0877901853527874,0.0816645522136241,0
0.161319659324363,0.625575264682993,0.731493866303936,0.0784952335525304,0.984390863915905,0.39670447842218,0.930058467201889,0.579685103381053,0.989280885085464,0.738246079301462,0
0.739929970353842,0.176129214232787,0.345807960955426,0.0748986355029047,0.332471419125795,0.35341008217074,0.619089673738927,0.408554222434759,0.00820144359022379,0.273237201850861,0
0.247603026917204,0.104558439692482,0.783562727971002,0.756854153005406,0.0335756978020072,0.0505101955495775,0.223800671286881,0.540126908570528,0.195523045724258,0.536411679117009,0
0.285359157947823,0.567718350561336,0.0935827509965748,0.9792614527978,0.0197361274622381,0.351848599500954,0.911658052355051,0.32120701065287,0.326285138027743,0.939684765180573,0
0.574240697780624,0.74581215553917,0.896277490071952,0.0570187871344388,0.699135065544397,0.574101729784161,0.35265889740549,0.0491777693387121,0.667002769885585,0.897726166062057,0
0.965381869114935,0.0825221634004265,0.173190433532,0.996796548366547,0.55724081536755,0.751502036349848,0.039861649274826,0.504797200439498,0.701989800436422,0.401553259929642,0
0.0911728402134031,0.356178795685992,0.772868917090818,0.0667041181586683,0.950604109093547,0.782304332358763,0.81191203254275,0.250774939544499,0.538338935235515,0.82901288382709,0
0.849770211381838,0.35967821162194,0.643314357846975,0.684520902112126,0.172760349931195,0.233771868050098,0.350840791128576,0.519988010171801,0.164448104100302,0.663497977890074,0
0.889826900558546,0.41611823393032,0.400596749503165,0.0227619132492691,0.706498671555892,0.808499965816736,0.965183732798323,0.01480394275859,0.104201571084559,0.915501630632207,0
0.456161336274818,0.98089078720659,0.0813833272550255,0.530110859544948,0.82191763818264,0.962327125249431,0.854427271289751,0.124653496546671,0.484171186806634,0.919891718542203,0
0.803146344842389,0.266487034037709,0.960422317730263,0.198972227284685,0.722995626740158,0.953948237234727,0.788899737875909,0.037460383027792,0.308309119427577,0.634875204414129,0
0.508817634079605,0.892389315878972,0.897489696275443,0.361896822694689,0.716642500599846,0.721877301111817,0.688494263915345,0.294573046034202,0.189071366563439,0.178188082296401,0
0.936750156804919,0.177967874798924,0.675783953862265,0.73743661493063,0.984193329466507,0.784060723148286,0.362935322569683,0.341019467450678,0.651641154894605,0.132054444402456,0
0.31300949328579,0.38539400883019,0.659785266034305,0.198867728468031,0.0293193277902901,0.444959942484275,0.0383947808295488,0.408541591605172,0.480562819167972,0.681663528550416,0
0.532329425914213,0.0366919813677669,0.496665134094656,0.414303277153522,0.904597515938804,0.063979904865846,0.211160334292799,0.515244603622705,0.275484331650659,0.21198849985376,0
0.646091002970934,0.533519041258842,0.789052880369127,0.717130609089509,0.355976660270244,0.431526336818933,0.0332236285321414,0.309016934596002,0.0101629632990807,0.538786424323916,0
0.9889617090974,0.180784995201975,0.901776722399518,0.325680903857574,0.185678104870021,0.47928344248794,0.44602242205292,0.00692064594477415,0.717499704100192,0.600662810495123,0
0.0621499258559197,0.678798622451723,0.796487930696458,0.359114404534921,0.831920655677095,0.21536188502796,0.298972086282447,0.118531316984445,0.720924584660679,0.902968591079116,0
0.277297804830596,0.989340416155756,0.884077755967155,0.706652295542881,0.0235165134072304,0.00371103268116713,0.6704719546251,0.285951818106696,0.207151744747534,0.366049858741462,0
0.689337876625359,0.457877647830173,0.420305527746677,0.527492569293827,0.242082215147093,0.561549398815259,0.220431873574853,0.654512168606743,0.454992536455393,0.0966215806547552,0
0.928305424517021,0.366775640053675,0.235959607874975,0.185934354783967,0.408428702270612,0.295198349747807,0.235430718632415,0.339692370034754,0.209600805770606,0.807503480697051,0
0.773148496169597,0.328222023323178,0.903756416635588,0.838817097013816,0.108745353296399,0.305013055447489,0.23004610161297,0.373626813525334,0.911348693538457,0.996024074964225,0
0.190630109515041,0.134241811931133,0.6686560458038,0.214897052152082,0.145976264961064,0.217084418050945,0.241718750447035,0.796839551534504,0.867369532585144,0.347717433935031,0
0.0420703666750342,0.11633392283693,0.282447736943141,0.691118732560426,0.252037011785433,0.914907978381962,0.543401367263868,0.189582475926727,0.00877150311134756,0.715234448667616,0
0.475555516080931,0.768482281360775,0.880124816205353,0.161228301236406,0.372724580345675,0.68053260166198,0.891060831723735,0.176199869485572,0.0116600324399769,0.853853438282385,0
0.97158413217403,0.524932328611612,0.498963526450098,0.991181595949456,0.93435789598152,0.634416406275705,0.930947475833818,0.338692016666755,0.213660663226619,0.590434906538576,0
0.958604416577145,0.787846025079489,0.804298299131915,0.658061757218093,0.431194060016423,0.822079606819898,0.688707092311233,0.487352293450385,0.578748633852229,0.412337395828217,0
0.466198172653094,0.281677186256275,0.281810523476452,0.406781832920387,0.220432060072199,0.0445130388252437,0.802180634113029,0.922026627697051,0.197970732115209,0.42697809333913,0
0.75254026427865,0.865747878793627,0.87816625693813,0.466578779974952,0.938147544628009,0.0588200180791318,0.875282060587779,0.419459143886343,0.382891494082287,0.894265273353085,0
0.414274852383137,0.773876335239038,0.630392419639975,0.596684437943622,0.306563667953014,0.900527212303132,0.830091828713194,0.709760747617111,0.959188581211492,0.408766399370506,0
0.775482352124527,0.230228136992082,0.2085832497105,0.216363010928035,0.566025900654495,0.164629601640627,0.453145707026124,0.810380650917068,0.93309790128842,0.118319146567956,0
0.447762605967,0.65097784739919,0.694121755892411,0.22668144130148,0.454708814388141,0.6648146470543,0.072223546449095,0.644481474533677,0.650646359892562,0.978581263450906,0
0.0598847316578031,0.600055459653959,0.351317038526759,0.335599184036255,0.446638602763414,0.663847375661135,0.367519279243425,0.855188076384366,0.677785315550864,0.828679252415895,0
0.991596152540296,0.385256432695314,0.558166864095256,0.650334337959066,0.974376928992569,0.405139566864818,0.644988642539829,0.265646621352062,0.649373626103625,0.226084233261645,0
0.420399521011859,0.0173626996111125,0.663831134559587,0.0894334954209626,0.971892331494018,0.915363240521401,0.320458011701703,0.951149893924594,0.0552956347819418,0.0156739444937557,0
0.639732739888132,0.335327483946458,0.0331816780380905,0.493019398767501,0.0915805080439895,0.109503685031086,0.209828726947308,0.723129920195788,0.222293128725141,0.774359083268791,0
0.0101074408739805,0.086522702826187,0.554722270928323,0.245505752274767,0.67197665036656,0.845755133079365,0.649814849952236,0.046928103081882,0.555633500218391,0.588582966011018,0
0.959054704755545,0.96369814244099,0.282202444737777,0.189080445561558,0.858772538835183,0.419910977827385,0.696011116495356,0.511640932178125,0.351257237140089,0.806642854819074,0
0.105106611503288,0.408932660706341,0.846155003411695,0.425416131969541,0.766424200730398,0.766091434052214,0.882454010890797,0.645626614568755,0.88857181975618,0.324047191767022,0
0.955003904178739,0.501455580117181,0.99680131720379,0.655003513675183,0.154218962416053,0.536848828429356,0.0775103345513344,0.624791275244206,0.446912855142727,0.828280037501827,0
0.510389270493761,0.104383863508701,0.699287177063525,0.335806842660531,0.679142549168319,0.169851609738544,0.890072935493663,0.837809418095276,0.378406708594412,0.273783228360116,0
0.370298934401944,0.888002725783736,0.882911440683529,0.884941989090294,0.429660435533151,0.0962172660510987,0.655277823330835,0.566562094492838,0.43152735941112,0.939209167845547,0
0.491791705600917,0.95063400012441,0.794437405886129,0.481081071775407,0.41366911213845,0.73254290712066,0.716732564847916,0.773920711828396,0.792440564138815,0.95928369439207,0
0.611740522552282,0.24402403482236,0.194819817785174,0.396442113444209,0.249598072376102,0.0767977021168917,0.95179264806211,0.297732834005728,0.628130388213322,0.990439679473639,0
0.523376218508929,0.721978283021599,0.978123304899782,0.308328143088147,0.233490841463208,0.285272837150842,0.769773944746703,0.66137120174244,0.361054636305198,0.891328374156728,0
0.55706590347141,0.675722770392895,0.00844021607190371,0.969007082050666,0.597191537031904,0.579458483727649,0.215475670527667,0.0727729923091829,0.298381848726422,0.469250462017953,0
0.856030229479074,0.417902962071821,0.139419768471271,0.647726656403393,0.860880644759163,0.656977103790268,0.74518381501548,0.138540495419875,0.637602454517037,0.454371159430593,0
0.653114814544097,0.178908990230411,0.18035479192622,0.986518737394363,0.735831851372495,0.236910932930186,0.403791825287044,0.0334389626514167,0.203370883362368,0.744480309542269,0
0.945404902333394,0.432669684989378,0.904287154786289,0.399887530133128,0.0233092061243951,0.237924567656592,0.855176715180278,0.429540207376704,0.933159369742498,0.0609368470031768,0
0.959207764361054,0.903460073051974,0.178027269663289,0.133068893803284,0.919388643931597,0.914834741503,0.379225465701893,0.821258493699133,0.479300398379564,0.152721989899874,0
0.744738180655986,0.261491198791191,0.704846495995298,0.982215204043314,0.694043242372572,0.756222512340173,0.491618196945637,0.502444302663207,0.67622350808233,0.968497867230326,0
0.357527654385194,0.200919340131804,0.335512337973341,0.0459394324570894,0.0699592432938516,0.177397223887965,0.229393448680639,0.501246174564585,0.285567487822846,0.673831172287464,0
0.610191620886326,0.960406724363565,0.750800541602075,0.310331945307553,0.575940138893202,0.501523009734228,0.36166608100757,0.64395808801055,0.456384222023189,0.281440536957234,0
0.993050538003445,0.687874493654817,0.921508559724316,0.346082710893825,0.250505019910634,0.789694233797491,0.650108725531027,0.480914335465059,0.389232898829505,0.754107457119972,0
0.647880605887622,0.099310893099755,0.377901939209551,0.147831865120679,0.939454716164619,0.381815716391429,0.890343667939305,0.880368356127292,0.865996384527534,0.131639317143708,0
0.623167144263908,0.168885631719604,0.417610637610778,0.357420448213816,0.631398804020137,0.430562510620803,0.211698242463171,0.833929039072245,0.181721774628386,0.976857709698379,0
0.18333343626,0.249179871287197,0.310839538695291,0.910739216953516,0.425399453146383,0.685988840879872,0.702770579373464,0.815986654954031,0.769906589528546,0.911547580966726,0
0.692868326790631,0.809884815476835,0.338484254898503,0.759332063607872,0.423252005828544,0.104945802129805,0.607055009575561,0.27565310546197,0.125180292874575,0.604151683626696,0
0.73606425174512,0.052797332406044,0.421644411981106,0.345508050639182,0.156400656560436,0.392096170224249,0.00219407095573843,0.988406349672005,0.285206681117415,0.595452816458419,0
0.20798898441717,0.077535618795082,0.153569306014106,0.536338690435514,0.212235949002206,0.778421729337424,0.418126987293363,0.500087809981778,0.671039593871683,0.0513704204931855,0
0.0623088260181248,0.754475796595216,0.676845297915861,0.347439277451485,0.916508677182719,0.450804728083313,0.0525965308770537,0.777336374856532,0.788323195418343,0.638937827898189,0
0.125800892012194,0.247447599889711,0.675270931329578,0.643769316608086,0.605717210564762,0.038879239698872,0.520994877209887,0.626935621025041,0.853215462528169,0.671658702660352,0
0.605606399476528,0.881744264625013,0.883239790331572,0.708371398271993,0.533505057217553,0.879045323701575,0.797228208044544,0.710527531104162,0.000444180797785521,0.747281608171761,0
0.153240613173693,0.920995517168194,0.898425788385794,0.584148219088092,0.502230835147202,0.804024242796004,0.526079038856551,0.831072296248749,0.200793591793627,0.851661579217762,0
0.491781727876514,0.26028884248808,0.948081324342638,0.519820486195385,0.62562808021903,0.683186773676425,0.0350235351361334,0.0224970215931535,0.487641385057941,0.088467599125579,0
0.584754511946812,0.0736735130194575,0.568864332744852,0.0948504221159965,0.866127131972462,0.674383778590709,0.587054168106988,0.744814189150929,0.63827649015002,0.638361748307943,0
0.443433586508036,0.939692011335865,0.52390943467617,0.169840008486062,0.958716159453616,0.403660076437518,0.735183319775388,0.410451662261039,0.246185189811513,0.551965330494568,0
0.723268791800365,0.506146498490125,0.404496535891667,0.856137369759381,0.338944753166288,0.815081544686109,0.185456167440861,0.756476272828877,0.228807717096061,0.43672843487002,0
0.813040958251804,0.957785807782784,0.766784140141681,0.683075454551727,0.386088798753917,0.411715441849083,0.299404078628868,0.814779828768224,0.311539523303509,0.620095418998972,0
0.940312340157107,0.555330714443699,0.716043155873194,0.184829307720065,0.710106174694374,0.676432752516121,0.164575796574354,0.619570097420365,0.736999141518027,0.0653858762234449,0
0.559080083156005,0.654138443758711,0.703518643742427,0.90020385151729,0.808840872487053,0.707487556152046,0.68635058728978,0.989834842272103,0.161848374642432,0.570113128749654,0
0.719017004827037,0.541358724236488,0.48521116329357,0.318478028755635,0.135114827658981,0.622036082204431,0.616341039305553,0.223620825214311,0.490985764423385,0.611752377590165,0
0.112290281103924,0.526504227425903,0.615986947435886,0.312712062615901,0.334739946294576,0.0497911314014345,0.0108373742550611,0.506857999367639,0.303809558274224,0.983982535079122,0
0.748154078377411,0.315096461214125,0.760755577590317,0.894127979176119,0.960850544972345,0.746264290763065,0.270365616539493,0.896172339562327,0.791799146449193,0.373945901403204,0
0.0598574806936085,0.956875433912501,0.491028385236859,0.411579882493243,0.0767690548673272,0.14173210109584,0.903300322126597,0.565792814362794,0.838038269430399,0.273356712888926,0
0.724236708134413,0.404826476704329,0.492612636648118,0.468341767089441,0.703768103849143,0.496887208661065,0.159122982528061,0.571484700776637,0.461623624898493,0.857916935812682,0
0.376173661556095,0.646487456280738,0.648383707040921,0.0166279659606516,0.134980982868001,0.437105554621667,0.915875607170165,0.919478697702289,0.431615108624101,0.658751451643184,0
0.327142340829596,0.656769101507962,0.908592517022043,0.0690313470549881,0.9570741513744,0.42763348761946,0.603745600441471,0.702329633990303,0.107465491862968,0.600305281579494,0
0.00675365817733109,0.872492482187226,0.0232654241845012,0.973516313126311,0.224048970034346,0.0883978314232081,0.969478660961613,0.172414206434041,0.358744985191151,0.774419632274657,0
0.207576988497749,0.769599663792178,0.492110600927845,0.490937791997567,0.855298590613529,0.73689596587792,0.763067413354293,0.678743558935821,0.932615481084213,0.548086610622704,0
0.814543705899268,0.282431442523375,0.726403332315385,0.966047609923407,0.43652451201342,0.298844377277419,0.0897231847047806,0.794197734678164,0.170561984414235,0.823124216636643,0
0.560548038221896,0.255936774425209,0.137010210426524,0.865861848695204,0.991397188743576,0.896379954647273,0.101744175422937,0.214516361476853,0.987535557476804,0.796927015064284,0
0.864321266533807,0.350655041867867,0.816638646181673,0.302154252072796,0.0970992788206786,0.620005870936438,0.49188471538946,0.0201066569425166,0.474124689586461,0.928667567903176,0
