"1","2","3","4","5","6","7","8","9","10","class"
0.868550711544231,0.478842386510223,0.642579992534593,0.695912693627179,0.575339599978179,0.535063180373982,0.754204154480249,0.981369094224647,0.14304370386526,0.136575461830944,0
0.131586272269487,0.615856096614152,0.200582819292322,0.387324417708442,0.167885809903964,0.843460742617026,0.885205399710685,0.531806196784601,0.0541021896060556,0.953924051951617,0
0.759040812263265,0.0311418436467648,0.806732934899628,0.767768518999219,0.640276034828275,0.234583326848224,0.956053332425654,0.853359027765691,0.390954150818288,0.0301563509274274,0
0.887431760784239,0.976011290913448,0.786480807233602,0.0711904817726463,0.49823380028829,0.691248529823497,0.607130346819758,0.982844896614552,0.79169076657854,0.957308716373518,0
0.356728975797631,0.0689316531643271,0.863978785928339,0.765901870559901,0.759192977566272,0.926768890349194,0.116629933705553,0.739877996733412,0.62543623894453,0.595513676293194,0
0.152940845703706,0.627333996118978,0.541388000827283,0.00799524690955877,0.204841299913824,0.264275840250775,0.272732818964869,0.720755342394114,0.466425684047863,0.873350222129375,0
0.262774765957147,0.81243843655102,0.990359991788864,0.327473328681663,0.050513623515144,0.433141134912148,0.126987398369238,0.135165617801249,0.431043278193101,0.470902454108,0
0.349996193079278,0.0469606595579535,0.662503977306187,0.929023414151743,0.517847018782049,0.126872143242508,0.169240064220503,0.723298764554784,0.367771333549172,0.365286115324125,0
0.57205498800613,0.154477714961767,0.13489695941098,0.435495076235384,0.845098484773189,0.166813998948783,0.0736407896038145,0.994396589929238,0.431744519388303,0.300612550927326,0
0.951780918287113,0.766628396697342,0.875389172462747,0.339705504011363,0.604723937576637,0.51927889790386,0.493464802624658,0.0495265980716795,0.60653536953032,0.83907646429725,0
0.210536336526275,0.307606960879639,0.584966163383797,0.427011857042089,0.83220122079365,0.712516275467351,0.459585010772571,0.0193259967491031,0.224469786742702,0.233459837501869,0
0.445505308220163,0.985624455381185,0.332754970761016,0.548857379937544,0.308439514134079,0.0734735685400665,0.758838438661769,0.736272916896269,0.0549985675606877,0.909330905415118,0
0.153391372645274,0.484388192882761,0.793739563087001,0.0417202732060105,0.0673919257242233,0.471142033580691,0.587963732657954,0.119838011451066,0.127459500683472,0.692300629103556,0
0.523523492505774,0.139674639329314,0.634833242045715,0.838690135860816,0.341533645521849,0.794195201247931,0.901029835222289,0.563189453911036,0.541913238121197,0.401800968917087,0
0.149536955635995,0.437649973900989,0.126287002814934,0.659982206765562,0.258985289838165,0.0950004858896136,0.502305078785866,0.951918048318475,0.151011825539172,0.963208447676152,0
0.778522623004392,0.566370684187859,0.887021457310766,0.709925815463066,0.912417286774144,0.285879018250853,0.192927188705653,0.034585969755426,0.39301354973577,0.350988117745146,0
0.783153503434733,0.125848370885663,0.0169070025440305,0.00751600088551641,0.726509171072394,0.0193430210929364,0.803610740695149,0.391771098366007,0.0857250187546015,0.758033464662731,0
0.709827975542424,0.550980780040845,0.83398768864572,0.891553679481149,0.411781278438866,0.786148983053863,0.144224686315283,0.551657094154507,0.815544209210202,0.404072893084958,0
0.211677982239053,0.101690963609144,0.125050855334848,0.952755333855748,0.526078287977725,0.386254132026806,0.0228863114025444,0.537276718067005,0.665521960239857,0.483725996222347,0
0.596148353535682,0.871287887450308,0.935221884632483,0.417346361093223,0.892658450407907,0.841568001545966,0.635264169424772,0.538815795909613,0.35927647864446,0.667235979111865,0
0.315444654086605,0.880116577958688,0.777995802694932,0.896027421113104,0.917066496331245,0.83370547927916,0.0821264726109803,0.498887810157612,0.813072343822569,0.64152196329087,0
0.0222927401773632,0.88204447645694,0.45147295948118,0.733844224130735,0.0621093593072146,0.413324998924509,0.468013429781422,0.209769862471148,0.948326908517629,0.903916189214215,0
0.833722575567663,0.972947121830657,0.953568926546723,0.905455619562417,0.218665239401162,0.923620959976688,0.915255755418912,0.717999859480187,0.665227835299447,0.988476860802621,0
0.0720096293371171,0.895805962455971,0.167160151991993,0.354573196498677,0.743274909211323,0.158904580166563,0.174523497000337,0.178943358361721,0.130205061752349,0.378815163159743,0
0.889285973273218,0.704609522828832,0.235187349375337,0.195065488107502,0.262633488513529,0.524115742882714,0.716520016081631,0.267863686662167,0.560531741008162,0.541118473047391,0
0.367467226460576,0.795182702131569,0.542065115878358,0.115359860705212,0.0458583782892674,0.577466677874327,0.977027690969408,0.636136342538521,0.710440277587622,0.273358725244179,0
0.324737192130741,0.66749867098406,0.256911545293406,0.424076524795964,0.247554583940655,0.177158423233777,0.197984910337254,0.96886851079762,0.921178058721125,0.0794767579063773,0
0.860386770917103,0.441876842873171,0.168722710572183,0.705822125310078,0.450777046848089,0.741034478880465,0.650040446314961,0.588589810300618,0.622067274292931,0.578152156667784,0
0.404354328056797,0.356716407463979,0.0274979071691632,0.825200017075986,0.556745713576674,0.985507542034611,0.178956906544045,0.422610854031518,0.350086328107864,0.280154853127897,0
0.603178713703528,0.120064618298784,0.63806186337024,0.496716733789071,0.915681912330911,0.932936551747844,0.247337562963367,0.189897303469479,0.115467922529206,0.0587247596122324,0
0.10873997095041,0.621681316290051,0.146408187691122,0.694492978742346,0.512581885093823,0.851885400479659,0.836747956695035,0.877078639343381,0.0330248132813722,0.208017266355455,0
0.211494676535949,0.5822335164994,0.475074495188892,0.147674276260659,0.806145194685087,0.838215010706335,0.36941550578922,0.472107007866725,0.101690807612613,0.663205069955438,0
0.216558123007417,0.122433690107614,0.666745456168428,0.942205634200945,0.61924319062382,0.519502162002027,0.0690181266982108,0.242819404928014,0.811192192602903,0.496578354155645,0
0.0366626388859004,0.128462064810493,0.480618698056787,0.351670442149043,0.146453701891005,0.0825732469093055,0.847091534873471,0.0508357102517039,0.142950986512005,0.771699076052755,0
0.380090785678476,0.876688200049102,0.25619026995264,0.497104318579659,0.97559204720892,0.00599090592004359,0.37300402065739,0.717908466933295,0.673450767528266,0.248079187702388,0
0.67107366072014,0.115740572335199,0.120990151772276,0.774821088416502,0.470033574150875,0.478144784225151,0.870022685267031,0.537043893709779,0.89557223347947,0.204078187001869,0
0.722338497173041,0.881518380250782,0.116567074554041,0.153368056984618,0.277927923714742,0.59763459651731,0.545065618585795,0.224199653835967,0.278300929348916,0.614356722682714,0
0.0624668411910534,0.377202437310782,0.820051118731499,0.271524235606194,0.529167818604037,0.132336253300309,0.257882610196248,0.843433397356421,0.544252022402361,0.427559565054253,0
0.774207199458033,0.807889850344509,0.447427609935403,0.630190139403567,0.428928683279082,0.183266856474802,0.895814742427319,0.930442908778787,0.928263951092958,0.906557981856167,0
0.593831119127572,0.163476045245491,0.849550409941003,0.258590125013143,0.402010736754164,0.859399824868888,0.657831009477377,0.213672128273174,0.591860288986936,0.976376383565366,0
0.349457347067073,0.211349173216149,0.362269792007282,0.00378781859762967,0.953100048471242,0.063080637017265,0.789413573220372,0.360838595079258,0.339371239067987,0.122633994324133,0
0.636778710409999,0.0776742480229586,0.219660639762878,0.415527753299102,0.2074231186416,0.625328474445269,0.0468594783451408,0.136260327184573,0.0463713102508336,0.102474107174203,0
0.147139722714201,0.53693686844781,0.241942971944809,0.699118569260463,0.277976999059319,0.723510089097545,0.930211736354977,0.357161184074357,0.226977725978941,0.266259212512523,0
0.649881656514481,0.946509642629512,0.252831269055605,0.430031687021255,0.276959509821609,0.836773910094053,0.623091479996219,0.720508353086188,0.321251288056374,0.115846938686445,0
0.515490928431973,0.888812974905409,0.881194431101903,0.026141693117097,0.747917701257393,0.730265786405653,0.663108170032501,0.166035333881155,0.445664064027369,0.79642349970527,0
0.30858560372144,0.00581203424371779,0.899733476573601,0.138673252426088,0.767126703867689,0.111063972814009,0.864424145547673,0.966030183248222,0.174334183568135,0.995539439143613,0
0.42449192982167,0.221436965222191,0.040829996811226,0.370243441546336,0.83318305038847,0.215929802507162,0.939599830890074,0.2482989160344,0.949371869442984,0.265850188210607,0
0.289676045067608,0.127305678557605,0.402001047506928,0.566901115467772,0.961390957934782,0.961800225777552,0.0253832493908703,0.0445044748485088,0.854286746587604,0.535320584662259,0
0.0916706100106239,0.0270167835988104,0.798183946637437,0.0754473826382309,0.0564047647640109,0.465469448128715,0.66115463571623,0.873099667252973,0.331317121395841,0.643916276749223,0
0.491060648811981,0.122698809718713,0.44988500024192,0.0136937317438424,0.872870127204806,0.171528487466276,0.896932338830084,0.607411821605638,0.999940495239571,0.406335185514763,0
0.000624284846708179,0.299599678488448,0.00177454599179327,0.607110041193664,0.648580713197589,0.309821225469932,0.649085881188512,0.594845533603802,0.126390487654135,0.920406797202304,0
0.0512045586947352,0.254470703657717,0.271383496001363,0.429286248749122,0.837829621275887,0.438775819959119,0.138830571435392,0.816075595561415,0.575804522493854,0.340932572958991,0
0.210403322154935,0.447112408932298,0.707547889556736,0.03185078012757,0.155988703714684,0.951879650587216,0.414345174795017,0.391635037725791,0.111742980312556,0.455734445247799,0
0.237878295828938,0.959468508604914,0.0815497150178999,0.639575824839994,0.127048770431429,0.127370925853029,0.192797627532855,0.503312460379675,0.514732702868059,0.419444314204156,0
0.566547161666676,0.854499418055639,0.0815521695185453,0.833807941526175,0.668523983564228,0.417930874275044,0.592484672553837,0.744315925519913,0.0521942505147308,0.0809288038872182,0
0.699778678594157,0.996913849143311,0.483110787114128,0.50893168291077,0.903620132710785,0.96511775883846,0.556253906805068,0.953320492058992,0.282597397221252,0.556902495678514,0
0.4474982496351,0.399094799719751,0.108999689342454,0.0368476652074605,0.180251476587728,0.125520422589034,0.417575423140079,0.177745501510799,0.17788184992969,0.244840720202774,1
0.97720740060322,0.705236932495609,0.564416526816785,0.662381177069619,0.730907294899225,0.025590437464416,0.795756232691929,0.728086178656667,0.883257846580818,0.766270267777145,0
0.0919952085241675,0.638553414977994,0.118339014705271,0.499836617382243,0.909189864993095,0.563895765691996,0.390957607189193,0.852460253750905,0.37025926541537,0.179921411676332,0
0.995378461899236,0.658387663518963,0.495668095303699,0.597213280852884,0.525809538783506,0.438865701900795,0.109146080445498,0.533764274092391,0.968933801166713,0.117782214656472,0
0.660973952163942,0.380892123561352,0.379096201388165,0.166769999777898,0.315312085207552,0.600308714434505,0.61006965348497,0.940247759222984,0.402633730787784,0.41611376684159,0
0.814405033132061,0.0830511845838046,0.0559143014252186,0.316600074758753,0.374490277841687,0.229068320244551,0.491631835699081,0.599895749241114,0.457844930002466,0.7855742177926,0
0.509827869478613,0.17116484651342,0.0520171714015305,0.506313585909083,0.306273811031133,0.498975293012336,0.636613769689575,0.184538397938013,0.150515262736008,0.621396403294057,0
0.383235827321187,0.960623165825382,0.690427824389189,0.208179254317656,0.334072355180979,0.679884026292711,0.556235461728647,0.081664691446349,0.97829546732828,0.75568507402204,0
0.480787187116221,0.926807775285654,0.640205945121124,0.936282544163987,0.838249719236046,0.607512683607638,0.315445380285382,0.487092861440033,0.566390326246619,0.748564202338457,0
0.0212373996619135,0.948917242465541,0.134055779315531,0.617695675697178,0.540861630346626,0.622212645132095,0.272308698156849,0.248359261779115,0.486468653194606,0.441827191971242,0
0.929419508436695,0.836618589702994,0.64529442647472,0.665363983018324,0.189872695831582,0.378634595777839,0.122640809277073,0.639648665906861,0.820357024669647,0.157783751143143,0
0.352989211212844,0.695651213707565,0.721100475406274,0.848093691281974,0.239916424266994,0.447124927071854,0.761037149932235,0.90599130699411,0.857787875458598,0.423159410711378,0
0.587540578329936,0.928947752574459,0.0531470945570618,0.511623199796304,0.790809218073264,0.341316716978326,0.130683124065399,0.601513008587062,0.268546611769125,0.920088664628565,0
0.0987586954142898,0.0320764611824648,0.038853166392073,0.436865440569818,0.603876877110451,0.20722382562235,0.0889789962675422,0.585403527831659,0.468572091311216,0.772995266830549,0
0.483744229422882,0.101804098114371,0.119740846334025,0.32294129836373,0.862145392922685,0.198758355574682,0.413516896311194,0.884404424810782,0.947315101278946,0.916399857029319,0
0.150325925089419,0.164518521167338,0.124757908051834,0.401254662778229,0.0587647987995297,0.829663285752758,0.427986621856689,0.239353912649676,0.0695023988373578,0.555767988087609,0
0.455422770231962,0.311305720351636,0.048500788398087,0.0247274476569146,0.22217850247398,0.201052300399169,0.599798172945157,0.698594131506979,0.397030735621229,0.95629542064853,0
0.133090419074125,0.856074445182458,0.552219369681552,0.214891859097406,0.841981325298548,0.333407971542329,0.765272467629984,0.200342741794884,0.199211074970663,0.181918182875961,0
0.653373182751238,0.320189099270618,0.356483231997117,0.585262190783396,0.319696890888736,0.790681469254196,0.950529845198616,0.135855053318664,0.896585896611214,0.23429290112108,0
0.811073653408093,0.364524144446477,0.792145354440436,0.532712112413719,0.0962365125305951,0.348184159258381,0.201223654439673,0.796887709293514,0.121830800082535,0.121569683775306,0
0.751807569526136,0.00190381379798055,0.266225402941927,0.414681226946414,0.900727053638548,0.995892833219841,0.576357862912118,0.541314394213259,0.844781561288983,0.568915834883228,0
0.973683273419738,0.37567489175126,0.698645080439746,0.33403468830511,0.312500656582415,0.853298178408295,0.882497884798795,0.64314386062324,0.0541589949280024,0.787957194494084,0
0.848084434946254,0.992822238709778,0.322430840693414,0.479137531947345,0.986601632786915,0.184043113840744,0.290789463091642,0.412710901815444,0.170872704824433,0.510235048597679,0
0.865183849819005,0.157244739821181,0.90132196363993,0.848019871860743,0.743057095911354,0.431356115732342,0.966840336099267,0.592822145437822,0.867788493866101,0.0213635631371289,0
0.244196938117966,0.326784959706478,0.298401488689706,0.364980825921521,0.669045751448721,0.676919906167313,0.542963963001966,0.390503868460655,0.238297900883481,0.551080932375044,0
0.913866532492219,0.570537325227633,0.0505832962226123,0.848117138957605,0.955315791536123,0.641056166961789,0.643242822960019,0.133431063732132,0.379456351744011,0.538907655514777,0
0.131402147933841,0.666398040251806,0.777079608291388,0.585376813774928,0.950405614217743,0.116251103579998,0.630281394114718,0.951125257182866,0.588237291900441,0.0740982627030462,0
0.113698030356318,0.548605525167659,0.86251425021328,0.258728907210752,0.225628260988742,0.81675737304613,0.446706801652908,0.395863345358521,0.661827893694863,0.100241051521152,0
0.0242326769512147,0.150926082860678,0.0630235511343926,0.146256170934066,0.687379715731367,0.21568675735034,0.337328390451148,0.647515936987475,0.366170899476856,0.766704551177099,0
0.883028041804209,0.419697051635012,0.228857403388247,0.723440458765253,0.0856948113068938,0.138429200742394,0.736533504212275,0.417537212837487,0.520235623465851,0.971292770234868,0
0.572839491767809,0.886948812520131,0.3892384134233,0.0309599882457405,0.443289664108306,0.337761481991038,0.0486705042421818,0.678035737713799,0.49662810866721,0.950446561444551,0
0.721938468032889,0.985480522504076,0.0594754472840577,0.403043581172824,0.0221101201605052,0.550363389775157,0.51049578958191,0.483604114502668,0.835854804841802,0.184303638990968,0
0.869030660949647,0.000660906778648496,0.207651530625299,0.530392156215385,0.543609044048935,0.034035877790302,0.670676176669076,0.201569703174755,0.527053573867306,0.453537656692788,0
0.991476254304871,0.94131812984345,0.378756197635084,0.141964574810117,0.334599301917478,0.156560789095238,0.974112735828385,0.608729475177824,0.564731389516965,0.798446608008817,0
0.351202306798659,0.504921636311337,0.738902063807473,0.530846916837618,0.469659820431843,0.582110202871263,0.729661816265434,0.749558061361313,0.849188652820885,0.420636251335964,0
0.929764053493435,0.0230830046348274,0.769538745982572,0.956016116309911,0.772040197160095,0.0274398589972407,0.782061445061117,0.540932271629572,0.529322400223464,0.219907253282145,0
0.211378794163465,0.169739365577698,0.234245367115363,0.497357971733436,0.105964404763654,0.084755449090153,0.382103065494448,0.332086496986449,0.140496982494369,0.172130934661254,0
0.663754907436669,0.788120747053274,0.629895410733297,0.114362703170627,0.720261650858447,0.866477497620508,0.121526421047747,0.369565763277933,0.898403277155012,0.240368779515848,0
0.844281303463504,0.356401157332584,0.527632665354759,0.667718859389424,0.407259830506518,0.860740549163893,0.0657668593339622,0.487365454668179,0.220493112225085,0.509391765343025,0
0.287759936414659,0.921500366181135,0.820784830953926,0.808621632633731,0.557874376652762,0.101728626061231,0.027286798460409,0.535655573243275,0.709436184493825,0.568853763863444,0
0.0741529664956033,0.37026656488888,0.27095930557698,0.321537148440257,0.672605845844373,0.659297690261155,0.770459136459976,0.615531477844343,0.193206650670618,0.0905109120067209,0
0.879524790449068,0.909873356577009,0.794665840920061,0.727550346637145,0.102367019746453,0.0598587333224714,0.312474184436724,0.269387051695958,0.130674009444192,0.460207585245371,0
0.681826793588698,0.0782155070919544,0.163379951147363,0.940431182039902,0.958340358454734,0.258377098711208,0.54034166620113,0.491242589661852,0.23148235771805,0.0903902270365506,0
0.362953420728445,0.970969684915547,0.379965271102265,0.768036077963188,0.271565216826275,0.426759567344561,0.506641149753705,0.889605685602874,0.106447666883469,0.676396439084783,0
