"1","2","3","4","5","6","7","8","9","10","class"
0.665369425201789,0.544428549008444,0.631853731581941,0.812730554258451,0.918530259048566,0.503261175937951,0.312022924190387,0.303778153844178,0.269722069846466,0.19332257960923,0
0.850315262330696,0.647825560998172,0.917611018754542,0.412447209004313,0.466809737961739,0.770619928836823,0.0779525607358664,0.4140154782217,0.307817581808195,0.804826778825372,0
0.640732771949843,0.127695731120184,0.535111064556986,0.711884930264205,0.319160114973783,0.917506727157161,0.76472508488223,0.21209213254042,0.584909022552893,0.931224799249321,0
0.0536558888852596,0.293029660126194,0.420226134359837,0.91193692968227,0.987241270253435,0.272639498813078,0.225143818417564,0.644303224980831,0.289469063049182,0.786293893121183,0
0.953586932271719,0.529260519193485,0.0890682290773839,0.984530210029334,0.0483228338416666,0.782747647492215,0.11337790125981,0.0683273202739656,0.972946325317025,0.214172006584704,0
0.0268763352651149,0.693822752917185,0.369723302079365,0.681234040763229,0.681728263152763,0.122306316625327,0.712678203592077,0.641592051601037,0.807381813647225,0.288485864410177,0
0.812305260915309,0.844839830184355,0.853931878926232,0.793157968437299,0.381039377534762,0.86173899890855,0.679626227589324,0.0126106725074351,0.823333422420546,0.273762359982356,0
0.847921949345618,0.075107682030648,0.00561284692957997,0.687666397308931,0.546303350012749,0.327306428458542,0.965463700937107,0.260511617176235,0.947692931629717,0.301726149627939,0
0.0904722707346082,0.341205310774967,0.306507497327402,0.231356422416866,0.812797429040074,0.708424885058776,0.223773349542171,0.805842459434643,0.188270478975028,0.800251846201718,0
0.0600202658679336,0.0183092397637665,0.62831008573994,0.829267077147961,0.365969249978662,0.375578715233132,0.47358174296096,0.886614573653787,0.341415539383888,0.222374844131991,0
0.178369813133031,0.758619645377621,0.958520611515269,0.209892922546715,0.169537651585415,0.0685268065426499,0.953974438598379,0.969343424076214,0.559008365962654,0.0208435424137861,0
0.590155754936859,0.277121572522447,0.730464310618117,0.0821185007225722,0.871247039176524,0.0536012635566294,0.823075515916571,0.654346355702728,0.832424887456,0.860497323330492,0
0.463089213939384,0.928433298366144,0.655718756373972,0.212554648518562,0.94764914480038,0.0681420941837132,0.534778197295964,0.751261038007215,0.76564023992978,0.690923371352255,0
0.827377562178299,0.875473142368719,0.914266736712307,0.902536120731384,0.194192577851936,0.387149567948654,0.0210775309242308,0.00331331393681467,0.910172348376364,0.802901964634657,0
0.707730040419847,0.139739461010322,0.574587921146303,0.0937558512669057,0.902168482309207,0.467645058874041,0.769184702308849,0.0397687784861773,0.934470368782058,0.112785606179386,0
0.526060273405164,0.0405964718665928,0.224452073918656,0.241401392268017,0.952773604542017,0.0471330182626843,0.0898592304438353,0.548648132244125,0.273750673281029,0.255832153605297,0
0.325448259478435,0.198963329894468,0.721519703045487,0.32019576150924,0.567396926460788,0.114238203736022,0.403460088884458,0.029856065986678,0.807262556394562,0.275787631282583,0
0.344702436123043,0.88859665277414,0.0788292235229164,0.747073634993285,0.725370564730838,0.893275725422427,0.771218317793682,0.107138718478382,0.00300860055722296,0.935499871848151,0
0.0223263984080404,0.00457441993057728,0.477444857591763,0.701245910488069,0.866621438646689,0.73978830804117,0.851375198923051,0.549244510708377,0.579096802510321,0.265566184185445,0
0.0747480122372508,0.103466528002173,0.00789862521924078,0.276575517840683,0.505183107452467,0.396551691694185,0.270482807187364,0.340647397795692,0.9331672671251,0.495469910092652,0
0.66751044197008,0.766965990420431,0.201545814285055,0.354544790927321,0.0128168994560838,0.236347913974896,0.979967050952837,0.593144990270957,0.465969764394686,0.70983271044679,0
0.211590728256851,0.679992915131152,0.280487158335745,0.606510942336172,0.385252074105665,0.918993188068271,0.536238245200366,0.707485863938928,0.206704202108085,0.231577053666115,0
0.312568161869422,0.825447151204571,0.449147672392428,0.102599647128955,0.828958258032799,0.244592214701697,0.250885675195605,0.610596290323883,0.940026445779949,0.584759052842855,0
0.0474959148559719,0.247963713482022,0.871258315630257,0.857160387327895,0.227495107101277,0.256472323089838,0.613988834666088,0.574365149950609,0.606610377551988,0.993173125199974,0
0.597174692200497,0.959320703754202,0.210667740786448,0.780299938516691,0.34950159676373,0.311655182857066,0.24483781051822,0.493628008523956,0.194626171374694,0.254149807384238,0
0.646396335912868,0.311654970981181,0.899327004794031,0.145873313071206,0.659633791074157,0.913425359642133,0.572876043384895,0.761347717605531,0.704458531923592,0.456192801240832,0
0.634214691352099,0.58985429466702,0.915598831139505,0.179089599754661,0.123600386315957,0.161872943630442,0.0714098399039358,0.59995059738867,0.91228441032581,0.0850822210777551,0
0.948328716214746,0.598428528290242,0.828734997892752,0.672288945410401,0.793846847256646,0.158474274910986,0.229953323258087,0.189460520399734,0.155991886975244,0.831530281109735,0
0.803070076042786,0.0832093690987676,0.448977151885629,0.374354577856138,0.614156497176737,0.363324053585529,0.936093702446669,0.374922020826489,0.798223618185148,0.89618785912171,0
0.181234299670905,0.902727032080293,0.121535247890279,0.453988947207108,0.701605689479038,0.270260941702873,0.674154672538862,0.867835969431326,0.830039134481922,0.651093059917912,0
0.923726885346696,0.449046140071005,0.622175959870219,0.746826384682208,0.2313571148552,0.155992542859167,0.650065831374377,0.629977245815098,0.739620908396319,0.96568464813754,0
0.657289995113388,0.835558985825628,0.936335434671491,0.148932248586789,0.664677186403424,0.501598705071956,0.0790485753677785,0.155482710339129,0.299503064248711,0.0513275545090437,0
0.129887333372608,0.888354168273509,0.609920322429389,0.937546107219532,0.0948069232981652,0.722067503491417,0.732152931159362,0.843128620181233,0.44082201900892,0.846002834383398,0
0.639369795564562,0.835774630540982,0.425077658612281,0.628703961614519,0.962639464298263,0.402471783570945,0.502511175116524,0.368273098254576,0.961662175599486,0.404990856535733,0
0.586739465594292,0.186566964024678,0.145514302887022,0.940663324901834,0.225143811432645,0.692454758798704,0.752585724461824,0.953661108622327,0.315186425577849,0.852697124239057,0
0.572199893649668,0.329468289157376,0.977944461395964,0.875201331917197,0.668240438215435,0.530226519796997,0.622787665110081,0.15346926334314,0.298670896794647,0.478211294393986,0
0.307285438291728,0.51494747819379,0.586491886526346,0.39460824104026,0.67865573707968,0.809236297151074,0.811229210812598,0.434351990232244,0.384327449370176,0.988663911353797,0
0.20024286696054,0.556012492394075,0.989513422828168,0.714924530591816,0.415555114159361,0.425661392742768,0.948088678298518,0.728866653051227,0.534855554113165,0.844709322787821,0
0.466076425742358,0.717616286128759,0.726636477513239,0.0650397324934602,0.0476288467179984,0.0572304353117943,0.0142052180599421,0.0199929252266884,0.239100348437205,0.143776457058266,0
0.211392265744507,0.380371136125177,0.884140564361587,0.296510137617588,0.458498788997531,0.644957104930654,0.431142330402508,0.37792367557995,0.106661614729092,0.371214280836284,0
0.748329401016235,0.980783018050715,0.461137992097065,0.397266742540523,0.722431663889438,0.221231789328158,0.367758012842387,0.653576160781085,0.833737183827907,0.50715881632641,0
0.833310863934457,0.598081662785262,0.967580884462222,0.093002354260534,0.136535470373929,0.548817183589563,0.836962481727824,0.90319643355906,0.636269168928266,0.582741260761395,0
0.39091660361737,0.635453564114869,0.661731428932399,0.723348404280841,0.0802382638212293,0.081084156408906,0.393851867644116,0.0114320511929691,0.512219182215631,0.326693777460605,0
0.598856982309371,0.261205140035599,0.0445906943641603,0.840968862408772,0.688225618330762,0.191674357978627,0.290323279798031,0.634354635840282,0.382176705868915,0.549970547202975,0
0.894400705583394,0.213418978499249,0.313997412100434,0.894462306285277,0.769746427191421,0.13928096788004,0.793930270941928,0.0189515077508986,0.289417580235749,0.556779748760164,0
0.930993686197326,0.969091930193827,0.511690178187564,0.584807918872684,0.825922855874524,0.783484630286694,0.164608131162822,0.915944539010525,0.769406351726502,0.821362629998475,0
0.802976168692112,0.466992233181372,0.646139870863408,0.505164558067918,0.661157410824671,0.383603038266301,0.548003316158429,0.444566854042932,0.208183016395196,0.830120881553739,0
0.497261699056253,0.76104235672392,0.746695245150477,0.462731194682419,0.0287451369222254,0.563143696403131,0.832958158571273,0.812983811134472,0.699927411973476,0.707095283549279,0
0.801096811657771,0.153109765611589,0.862520366441458,0.597043616464362,0.901518703438342,0.611356331268325,0.019320206483826,0.374590853229165,0.734481892781332,0.913731931010261,0
0.749250338412821,0.971844720188528,0.0324469744227827,0.305134467314929,0.623278520768508,0.787135286955163,0.213671430246904,0.272872330388054,0.664512762567028,0.434807840269059,0
0.939341152552515,0.817725806962699,0.449333207216114,0.301119130337611,0.0946286055259407,0.343842189991847,0.729928570333868,0.237587271025404,0.389438297599554,0.622133597033098,0
0.548139698368963,0.891924008959904,0.140843847999349,0.217275993898511,0.411418296629563,0.857083327369764,0.655214592115954,0.738899722695351,0.548545469762757,0.956798031926155,0
0.664968355325982,0.375739955110475,0.45681320480071,0.677928980207071,0.254196402616799,0.000283514382317662,0.194942344911397,0.743967614136636,0.676319855032489,0.13461055397056,0
0.0643528320360929,0.537649482255802,0.90874246135354,0.32281784596853,0.160547940758988,0.957121175248176,0.0304166164714843,0.0330651581753045,0.540531824808568,0.0717399241402745,0
0.444470529444516,0.206395329209045,0.307752393884584,0.556570094777271,0.863840048201382,0.449027562281117,0.802738195518032,0.334810113999993,0.943409452913329,0.749935237690806,0
0.68216749234125,0.369818222709,0.213113287696615,0.714036377845332,0.468397566815838,0.120398421538994,0.163975996198133,0.487649592803791,0.300577238202095,0.217118297703564,0
0.253020436270162,0.935928710736334,0.847348785726354,0.758063489804044,0.659867099486291,0.0591795695945621,0.639719684142619,0.328463284298778,0.919150778558105,0.624544838443398,0
0.171628607669845,0.150698274606839,0.170902559766546,0.643198537640274,0.704685466596857,0.225640671560541,0.412977514090016,0.813894608290866,0.822914279298857,0.10468890843913,0
0.275743976933882,0.280050213160366,0.403715421678498,0.575979619286954,0.77791937883012,0.174009084003046,0.834767198655754,0.214602524647489,0.900802128948271,0.454414223087952,0
0.223936079069972,0.355252792593092,0.557521813549101,0.818579717539251,0.696193649200723,0.923413505777717,0.761293317889795,0.0423399363644421,0.212600326864049,0.407015348086134,0
0.976960582658648,0.427175024757162,0.897697444772348,0.917961806058884,0.758596425643191,0.497259985655546,0.925832135835662,0.944082595873624,0.394645222462714,0.644830031553283,0
0.766982290195301,0.707903138827533,0.757492214906961,0.312570838490501,0.293912142049521,0.514443789143115,0.963254504837096,0.883835531538352,0.3190641424153,0.466760468436405,0
0.922044956125319,0.587617428973317,0.0187685794662684,0.832268801284954,0.223663896787912,0.0414673325140029,0.422273400472477,0.515491041354835,0.0694666088093072,0.58440842712298,0
0.0639237195719033,0.768080836394802,0.0826746835373342,0.494041712256148,0.969851636793464,0.638084983918816,0.769745617639273,0.259710506303236,0.810767707182094,0.746969030704349,0
0.362481132615358,0.224345376715064,0.592986224917695,0.258574965642765,0.737284197006375,0.0871228445321321,0.171609143726528,0.792093843221664,0.693032003939152,0.276434552157298,0
0.040399418445304,0.766417236067355,0.232560510747135,0.68709276500158,0.682255479274318,0.410613620653749,0.212679669959471,0.916129450779408,0.575097523396835,0.606037041638047,0
0.9943601496052,0.459119424922392,0.873836771817878,0.0347308309283108,0.324344840832055,0.497698122169822,0.0143499544356018,0.117221358930692,0.716857573250309,0.824883040972054,0
0.517207110766321,0.267871009651572,0.584519490599632,0.197426192695275,0.997018419206142,0.403940525138751,0.330912531353533,0.535944374045357,0.228444334119558,0.340484461048618,0
0.783150618663058,0.248396373121068,0.188769067870453,0.835009485017508,0.0948529446031898,0.634680124931037,0.689343331381679,0.916666308650747,0.356005975045264,0.0322662249673158,0
0.370524587342516,0.521934499032795,0.846570890629664,0.441117800073698,0.0467149605974555,0.248821590328589,0.31096214405261,0.412711845245212,0.25452898000367,0.456033531576395,0
0.415606978582218,0.919645845657215,0.270092550199479,0.916578861651942,0.855517089134082,0.857852197950706,0.980854933382943,0.63135001831688,0.708960181334987,0.388878270750865,0
0.495728143723682,0.000104443402960896,0.865490172524005,0.366923713358119,0.725828246446326,0.852638398762792,0.819454747950658,0.124555003363639,0.121472148923203,0.411918791709468,0
0.608335276367143,0.869961798889562,0.565893508726731,0.37446431373246,0.511945837642998,0.423683783505112,0.67648375313729,0.47130484203808,0.344098179833964,0.224770808825269,0
0.390198002802208,0.80152081232518,0.869737484725192,0.323649487923831,0.132426583440974,0.527349524199963,0.815500226570293,0.146448727929965,0.064303113380447,0.584294881438836,0
0.605451472336426,0.793869273737073,0.876821751240641,0.717568717431277,0.889014773769304,0.163167088292539,0.493409548187628,0.531065365066752,0.113903635647148,0.307747873477638,0
0.586015712469816,0.9902005600743,0.0636574076488614,0.325759093509987,0.270181083586067,0.363787438021973,0.804122886853293,0.162002378609031,0.550366741372272,0.624774486757815,0
0.84480374539271,0.57499651517719,0.109755732584745,0.36161704105325,0.0620570960454643,0.720171736786142,0.576144645689055,0.85842076735571,0.482745336601511,0.989281860878691,0
0.917598245898262,0.635374618694186,0.648908635368571,0.501742586027831,0.447637215955183,0.0985332797281444,0.264273483073339,0.822544957511127,0.92662486131303,0.225726146483794,0
0.867353772977367,0.785801578778774,0.8779626339674,0.905767171876505,0.404582516290247,0.566301682265475,0.5147849698551,0.592098363209516,0.088640384376049,0.388724196469411,0
0.974969490198418,0.596032703528181,0.224205995677039,0.193389873020351,0.954110769554973,0.427666465984657,0.559402434853837,0.725605443585664,0.96956198872067,0.132540551247075,0
0.668733231956139,0.667318101041019,0.997470223810524,0.0886353433597833,0.45548456790857,0.197780110640451,0.748867139453068,0.89134363993071,0.956781572196633,0.527917054016143,0
0.821253500878811,0.495039250934497,0.670190044445917,0.0943492916412652,0.106265599373728,0.459570691222325,0.100079985102639,0.85497705033049,0.295070174848661,0.495263831224293,0
0.101867780322209,0.360780902672559,0.31978584616445,0.467283264035359,0.318194729974493,0.682971508475021,0.4110981982667,0.905677700182423,0.829390060156584,0.332208659499884,0
0.712716721463948,0.351448439527303,0.561461604433134,0.971748443786055,0.098796414444223,0.519702684367076,0.223834704374894,0.581947734579444,0.366744108963758,0.878709359792992,0
0.504244646057487,0.585550868695043,0.185064246179536,0.751745876390487,0.567968872142956,0.21439000335522,0.117573464289308,0.382800149032846,0.823247839929536,0.93826366472058,0
0.407263694098219,0.218041501706466,0.331340665463358,0.854985301150009,0.186513833235949,0.221776565769687,0.316923076286912,0.136119216913357,0.0818416283000261,0.915357355028391,0
0.760227671591565,0.613610051572323,0.577726610470563,0.973639245377854,0.0344250199850649,0.59506458346732,0.697964671300724,0.429519089171663,0.858770482707769,0.538288332056254,0
0.0692583301570266,0.235505268210545,0.52775545977056,0.889919936889783,0.321426315465942,0.173334157560021,0.74575254577212,0.943080430617556,0.079783079912886,0.121828774455935,0
0.57486877287738,0.146946828113869,0.306157967541367,0.303898044163361,0.762203361839056,0.519939961144701,0.217869895743206,0.330252394778654,0.222149944165722,0.239615576341748,0
0.651427236851305,0.709896316053346,0.657045059138909,0.280716618290171,0.0581496173981577,0.317705306224525,0.384872204856947,0.69144470221363,0.364068792201579,0.908481462858617,0
0.814570521470159,0.0820457702502608,0.800612229621038,0.616713881958276,0.0881980340927839,0.104608058463782,0.683433809550479,0.353871299652383,0.795480163767934,0.512855930021033,0
0.913797147572041,0.199781803181395,0.293353610206395,0.71098163514398,0.649499401682988,0.877766049699858,0.966613974887878,0.345242011360824,0.723113622283563,0.751400766195729,0
0.223644205136225,0.897892450913787,0.515718519920483,0.946972770150751,0.979186185169965,0.95035761827603,0.772686890792102,0.961368248797953,0.794768234947696,0.716339160921052,0
0.92589388624765,0.400671273004264,0.941579927690327,0.254902887623757,0.798405680805445,0.954829095397145,0.28975095693022,0.193107741652057,0.826465257443488,0.705018822336569,0
0.494003119179979,0.0153978406451643,0.778770905220881,0.38663877104409,0.803475732682273,0.761154362233356,0.399116178043187,0.890751345083117,0.662810146342963,0.568689425243065,0
0.586383017012849,0.233353621326387,0.59262606408447,0.283631060738117,0.653843199601397,0.727233149111271,0.806303553748876,0.89971382683143,0.240489362040535,0.244865621672943,0
0.216177863068879,0.368263375479728,0.493947807699442,0.249035274144262,0.028030131245032,0.0616902620531619,0.543100303038955,0.0749197297263891,0.561819067923352,0.172878540819511,0
0.268340772716329,0.909362262347713,0.255704172654077,0.48151449393481,0.314211062155664,0.0734206975903362,0.349649501033127,0.0379622313193977,0.73297850578092,0.755832408322021,0
0.674605239415541,0.688863245071843,0.993640213971958,0.159560047090054,0.520372264785692,0.104362485231832,0.245060379849747,0.281525638420135,0.732732801698148,0.961786752799526,0
0.313721949700266,0.82858001277782,0.566100387368351,0.524151956429705,0.683755692327395,0.871437575900927,0.826303257839754,0.928939375095069,0.437342496588826,0.418817782774568,0
