"1","2","3","4","5","6","7","8","9","10","class"
0.131316602695733,0.139841724652797,0.700942376861349,0.425475310534239,0.0234822568017989,0.697079266887158,0.939439112786204,0.0694791059941053,0.920848157256842,0.0597228426486254,0
0.175607927143574,0.93867259984836,0.811117297504097,0.624260038370267,0.153345704544336,0.643673180835322,0.146572509780526,0.0927445231936872,0.302012062398717,0.591683784034103,0
0.759008635766804,0.432194194756448,0.0222335595171899,0.541134244762361,0.52345890365541,0.408833266468719,0.869616042124107,0.580288529163226,0.339330048998818,0.275386376306415,0
0.889345649397001,0.679949799086899,0.77703439630568,0.633408366935328,0.831071135820821,0.565246620215476,0.904089880175889,0.479301003040746,0.965227243723348,0.386848599649966,0
0.968507127836347,0.963070205187798,0.148320973850787,0.77630193438381,0.727828088914976,0.604240690823644,0.357619898859411,0.0634479369036853,0.95515484851785,0.95077266334556,0
0.318635852851905,0.569162579020485,0.379223775584251,0.279718525474891,0.813948548398912,0.374062735354528,0.229901391547173,0.792136599542573,0.831424346892163,0.842915763845667,0
0.811170825501904,0.706315449438989,0.570543562294915,0.441340578021482,0.779082198394462,0.395812825066969,0.0203010977711529,0.0139090353623033,0.317960553336889,0.660163740860298,0
0.114355433732271,0.00321374973282218,0.120465464890003,0.311403978615999,0.125275372294709,0.643238005694002,0.592016638023779,0.540281246416271,0.197594678495079,0.582093606702983,0
0.761175860239193,0.825849576154724,0.0417993343435228,0.585472224745899,0.542322789784521,0.848529902053997,0.799126878846437,0.428380373166874,0.59091373346746,0.617802002467215,0
0.153680206974968,0.63056751084514,0.030739908805117,0.988165040500462,0.474082557950169,0.587381599238142,0.717953679384664,0.655074245529249,0.693365000188351,0.364581427769735,0
0.391451539238915,0.197272639255971,0.931183092296124,0.390689038671553,0.181543240090832,0.411457252223045,0.330272094579414,0.67217135312967,0.149243610678241,0.834741358878091,0
0.37557717342861,0.83632007194683,0.157384349964559,0.734031135914847,0.074370535556227,0.558663057396188,0.655768576310948,0.758423809893429,0.471873544622213,0.838228204520419,0
0.16393208433874,0.437758356515318,0.505916201043874,0.601378619903699,0.0883077504113317,0.496177124092355,0.591501137008891,0.539399889064953,0.61639275890775,0.568011689465493,0
0.212733575841412,0.609612708212808,0.462306720204651,0.186759845586494,0.813145502470434,0.990607793442905,0.63005918613635,0.154171029105783,0.695290229981765,0.305695933522657,0
0.761330822178721,0.404294739710167,0.0766026498749852,0.610888360999525,0.754820831352845,0.426701308228076,0.0470013590529561,0.350796921411529,0.809780916431919,0.788958783727139,0
0.212172229541466,0.278610962443054,0.248412536457181,0.0681136704515666,0.791626384481788,0.428480829112232,0.80162478541024,0.46750610996969,0.583253704942763,0.0168372807092965,0
0.617694683838636,0.926656370516866,0.847536010900512,0.310187615221366,0.533246111823246,0.196328565245494,0.691816743463278,0.981105250539258,0.380171626573429,0.42313866596669,0
0.344119839603081,0.0141126120406203,0.678824598435313,0.986217786092311,0.725623239995912,0.03633230808191,0.74207462114282,0.807533595943823,0.990501066669822,0.206646962556988,0
0.940464423503727,0.514442163752392,0.833994182292372,0.00955210579559207,0.364328136201948,0.0859007900580764,0.0644205820281059,0.116223986726254,0.532016788143665,0.974965004716069,0
0.245031062047929,0.504087543580681,0.233132304158062,0.492760988883674,0.358291959157214,0.666369275655597,0.502695978153497,0.293763332301751,0.90408350341022,0.611584183061495,0
0.685061904096976,0.242267180932686,0.0373385394923389,0.345801113173366,0.494619062403217,0.516332040075213,0.375885778805241,0.883893626974896,0.141549498541281,0.671089687151834,0
0.474213309353217,0.203523931326345,0.657680307282135,0.608852710109204,0.302141258725896,0.637478767428547,0.936008275020868,0.860952065326273,0.702746514230967,0.848715760977939,0
0.313319155015051,0.817629613447934,0.121893111849204,0.145108071854338,0.275998822413385,0.651765592396259,0.636275301454589,0.974699984537438,0.333197177853435,0.736982659669593,0
0.736231725662947,0.112142553552985,0.58666954189539,0.185734549770132,0.0700684355106205,0.900066142668948,0.141612189356238,0.801802031463012,0.732380911707878,0.447625062195584,0
0.267597578698769,0.933620903408155,0.923800388583913,0.11749824276194,0.0623620098922402,0.338606409495696,0.288740969495848,0.759113126667216,0.957069267285988,0.484192080562934,0
0.273403292987496,0.82143303193152,0.563152117887512,0.756806818768382,0.340816565789282,0.718644186854362,0.340403196169063,0.46462409873493,0.0110712479799986,0.745366773800924,0
0.870462947525084,0.965500779217109,0.788442317629233,0.412991869263351,0.692488357191905,0.644896988291293,0.045429919147864,0.432157753035426,0.537121897563338,0.0153451717924327,0
0.886563714127988,0.601956706726924,0.244876829674467,0.219107672804967,0.399645837023854,0.415802415460348,0.54858959140256,0.835599439917132,0.873557357117534,0.711821199394763,0
0.916533143127896,0.961403705878183,0.57958502904512,0.357470494462177,0.757158909458667,0.238358311587945,0.812559693353251,0.237566466443241,0.133101793704554,0.158518400043249,0
0.255256700096652,0.972903796937317,0.537574728019536,0.879788522375748,0.511905987048522,0.913325128844008,0.010409586597234,0.547990291845053,0.359605290694162,0.704927342478186,0
0.26933972700499,0.999026716686785,0.745808822335675,0.178315904689953,0.535557416966185,0.237118450691923,0.666942078154534,0.548127000452951,0.728064577328041,0.0446294625289738,0
0.31524395593442,0.861086099408567,0.368472722824663,0.350317597389221,0.789675927953795,0.695248373784125,0.0566272381693125,0.309332299279049,0.981025728397071,0.652774299727753,0
0.249742957996204,0.601215489669889,0.346868298016489,0.70284937787801,0.461160446284339,0.440782721154392,0.91841439739801,0.932098308578134,0.647324056364596,0.211824193131179,0
0.79012146871537,0.492364793317392,0.834573036059737,0.441235632169992,0.865925794700161,0.751826749881729,0.426109461113811,0.165322648594156,0.183854398783296,0.930660535348579,0
0.600645988248289,0.238701125374064,0.710519758751616,0.382928553270176,0.0892469950485975,0.0906109672505409,0.217729499330744,0.223556055687368,0.679161945357919,0.691818009363487,0
0.990933611756191,0.608091289876029,0.0379575055558234,0.808531089453027,0.0915152507368475,0.857642817078158,0.227526031900197,0.11766886501573,0.397076099645346,0.983518681721762,0
0.760008306242526,0.224737474927679,0.634839857695624,0.466416645562276,0.288128701038659,0.942103147273883,0.452423116192222,0.971407767385244,0.679333639331162,0.717039884533733,0
0.781628131633624,0.221674230650533,0.686848987592384,0.966796398395672,0.425571565749124,0.72457666695118,0.717229060595855,0.954572090879083,0.826427673455328,0.577296185540035,0
0.609474495751783,0.848574014380574,0.423948868177831,0.429837619420141,0.922459587454796,0.60500613367185,0.348325447179377,0.171990993665531,0.508082398911938,0.456735941115767,0
0.599463351303712,0.209057910135016,0.718274833401665,0.198635017266497,0.165627689100802,0.0841385123785585,0.712860688334331,0.615170584525913,0.129109429428354,0.887802238808945,0
0.643999457592145,0.797703794203699,0.638351551722735,0.749570866348222,0.473398249363527,0.724118458572775,0.243840413168073,0.415935985743999,0.835028663277626,0.846618738258258,0
0.912927595432848,0.823596946429461,0.282633910886943,0.593686735723168,0.761737255845219,0.472687943838537,0.297915042378008,0.89489917177707,0.934095797594637,0.581685971003026,0
0.728142339736223,0.257437565131113,0.0271076788194478,0.0631043533794582,0.38865432748571,0.412861785152927,0.596150370314717,0.824421230703592,0.881183819845319,0.749734641984105,0
0.501928927842528,0.924873641270213,0.656987885013223,0.956578385317698,0.346881511388347,0.988229643087834,0.425003146752715,0.142735979286954,0.553072572220117,0.313006065087393,0
0.304606142221019,0.25852579007633,0.795746842864901,0.742133031599224,0.274695842294022,0.334568197838962,0.178235160186887,0.923317146254703,0.110970537178218,0.329666883219033,0
0.758152914000675,0.88369010342285,0.0223370026797056,0.333719819784164,0.207441809587181,0.165997279342264,0.990473161451519,0.659007876878604,0.102708704071119,0.302998844534159,0
0.973138717934489,0.585091551532969,0.146136187482625,0.534100918564945,0.742547274800017,0.162771532312036,0.635767197236419,0.541717609157786,0.549806653754786,0.444035278866068,0
0.211077707819641,0.945704872254282,0.0650918730534613,0.602158511755988,0.718078119447455,0.28173803514801,0.0854615352582186,0.45045151701197,0.544486921979114,0.866736883064732,0
0.220072666648775,0.95522006531246,0.63125938992016,0.447331364965066,0.936860838439316,0.400899439584464,0.197676042327657,0.258091441588476,0.945095069240779,0.775467147352174,0
0.414987958502024,0.952350856969133,0.185415880056098,0.329651502426714,0.961385498987511,0.654762509744614,0.703168489970267,0.246367222629488,0.503735270816833,0.853963777888566,0
0.139882078859955,0.732829389628023,0.163994380738586,0.107198950834572,0.790140677941963,0.610795651562512,0.628698509652168,0.0187533744610846,0.942982602631673,0.760282388422638,0
0.00761736044660211,0.549164293799549,0.520606400212273,0.80733752832748,0.0614875117316842,0.167961498256773,0.868761209072545,0.892908966401592,0.348798356717452,0.242579550482333,0
0.538974452298135,0.913501003058627,0.148763246834278,0.504598800092936,0.491020007291809,0.829392204526812,0.361569929169491,0.365975606488064,0.587843167362735,0.704090412240475,0
0.0247588879428804,0.0430121731478721,0.063562196912244,0.99349793465808,0.57826358336024,0.0120241963304579,0.85753117245622,0.796464312355965,0.0988707579672337,0.0862015953753144,0
0.318161636125296,0.0486946376040578,0.834264329634607,0.105233614100143,0.511302110273391,0.830677229678258,0.415268054697663,0.402664486784488,0.119532230310142,0.694660692941397,0
0.771246823482215,0.85785680054687,0.316911548376083,0.534277985338122,0.314981510862708,0.954552624607459,0.0932697299867868,0.497202602215111,0.0378459508065134,0.00814151088707149,0
0.387764649232849,0.116407632267848,0.218411984154955,0.643142185173929,0.71930930018425,0.380648178281263,0.553927852306515,0.671458774013445,0.765009709866717,0.902707392349839,0
0.62447445304133,0.162689068587497,0.139336236054078,0.377404532860965,0.860506175318733,0.519893568940461,0.100124737713486,0.683318487834185,0.0527669196017087,0.352714349282905,0
0.868345793569461,0.322248512879014,0.241758707212284,0.734077484812587,0.316299858503044,0.0608482875395566,0.263643322512507,0.149343507131562,0.33417217200622,0.348234564298764,0
0.488836658187211,0.170307277236134,0.294469500426203,0.570111808599904,0.0884103693533689,0.435919158626348,0.4545258639846,0.34283197298646,0.328208844177425,0.901930673746392,0
0.185029731597751,0.282667719759047,0.743711800314486,0.162415178958327,0.729116377886385,0.691054801689461,0.164432471152395,0.285083849448711,0.186060392996296,0.15618734783493,0
0.909594227094203,0.0198237341828644,0.707111360272393,0.911346669774503,0.922494330909103,0.879112104652449,0.516378424596041,0.265624799765646,0.922777263214812,0.261706057237461,0
0.91756249871105,0.181475506629795,0.940380693180487,0.616709803463891,0.191851773764938,0.769134436268359,0.624153778655455,0.556775297271088,0.544178001582623,0.57249887031503,0
0.0428768626879901,0.760733011411503,0.0946944698225707,0.0941644101403654,0.646794277243316,0.662775102537125,0.393993577454239,0.187141746981069,0.584984494140372,0.342760568251833,0
0.818336890544742,0.124283355195075,0.546222917037085,0.396120429737493,0.296126654837281,0.470063310116529,0.21117469179444,0.866053114878014,0.923568693688139,0.397966046817601,0
0.146395180607215,0.866794745903462,0.430090357549489,0.516565120313317,0.521755840163678,0.679703353671357,0.163652887567878,0.808426292380318,0.202520089456812,0.900511455256492,0
0.110992644953728,0.360276747494936,0.353571401676163,0.437832156429067,0.214964864775538,0.730544187827036,0.911500124027953,0.398626866051927,0.11231867200695,0.398612516466528,0
0.898660678226873,0.0974444388411939,0.569023821735755,0.917659312020987,0.509061380056664,0.687143357470632,0.930310489377007,0.76342290523462,0.474326644092798,0.582264948636293,0
0.756166209777631,0.815383021486923,0.691165985772386,0.448662204435095,0.439999467227608,0.798127671936527,0.458223087480292,0.62201566202566,0.127525868825614,0.787491385592148,0
0.946246696868911,0.64190954877995,0.609735850943252,0.527117057936266,0.271617169491947,0.662773680640385,0.0585837096441537,0.724441205849871,0.488126907031983,0.843702679965645,0
0.853556277463213,0.269957191776484,0.468372831121087,0.547924956306815,0.538987153442577,0.656040648696944,0.623772049089894,0.964472503168508,0.131819761823863,0.501073156716302,0
0.318867427772004,0.662184365559369,0.569945517927408,0.220067098969594,0.2177517011296,0.673339508008212,0.878518431214616,0.952651017811149,0.847845095209777,0.989547627745196,0
0.701404578983784,0.952385718002915,0.489873168291524,0.256663606269285,0.147496567107737,0.814689683495089,0.269789993530139,0.851204092614353,0.197280334308743,0.0254475956317037,0
0.451763460645452,0.109530417015776,0.10247714095749,0.79796877456829,0.144312203396112,0.51724196667783,0.646704625571147,0.528214815305546,0.808856083778664,0.344557678326964,0
0.378030132036656,0.122905308147892,0.100898920325562,0.734612473519519,0.725411720108241,0.0178713251370937,0.114610245916992,0.862396373879164,0.810701749287546,0.797397154150531,0
0.0319020096212626,0.504351241514087,0.231116560986266,0.717401281930506,0.0816192058846354,0.855247059836984,0.66667606937699,0.985789650818333,0.0170432948507369,0.834631463745609,0
0.254453995963559,0.415657719830051,0.0687776131089777,0.712217622203752,0.438233549240977,0.489375211996958,0.199090611655265,0.681386766256765,0.544672388583422,0.959771059453487,0
0.688006902579218,0.952913821442053,0.0333182762842625,0.599281632574275,0.845082124229521,0.18177948682569,0.921906171832234,0.712872775038704,0.405564128886908,0.605050165904686,0
0.801039001904428,0.686845578951761,0.724042705260217,0.685982794035226,0.458522443193942,0.607480053324252,0.311111987801269,0.922486216295511,0.964936958160251,0.122718306723982,0
0.12693767552264,0.136780736269429,0.800597072346136,0.189285800093785,0.540826052194461,0.889061701018363,0.414737318409607,0.753367444733158,0.0297109538223594,0.736085488926619,0
0.208746677031741,0.00828445376828313,0.525566247524694,0.20094182738103,0.621917273383588,0.0520727087277919,0.232040328672156,0.54270151280798,0.516603420954198,0.213754333090037,0
0.0169001040048897,0.899883126607165,0.0996365919709206,0.771033426048234,0.297818827675655,0.758935716468841,0.821797822136432,0.165424948558211,0.589940447593108,0.340753061464056,0
0.19732806715183,0.653453574050218,0.553220279281959,0.721039199270308,0.0590141711290926,0.070261352462694,0.313116708537564,0.246600627666339,0.731282497989014,0.150795846246183,0
0.992098230170086,0.434919880703092,0.604864007327706,0.505181868560612,0.714632294606417,0.480713381897658,0.140494282590225,0.223758020903915,0.502351836999878,0.264895532978699,0
0.723027476342395,0.891590557992458,0.17396198771894,0.964869373710826,0.380301157245412,0.510196148650721,0.160457854624838,0.822347092907876,0.479335265932605,0.106004348956048,0
0.768811979331076,0.972077866317704,0.953930065268651,0.145052085630596,0.236155414488167,0.861632393440232,0.930302088148892,0.595369806978852,0.65502204769291,0.610417299205437,0
0.547417858848348,0.838919215835631,0.899297633441165,0.254161681979895,0.37512011709623,0.087801820365712,0.718011766672134,0.741762213176116,0.773964364780113,0.90559421107173,0
0.700112667167559,0.813580689020455,0.0681651651393622,0.0480921831913292,0.79730396810919,0.239459039177746,0.188874304061756,0.770683741429821,0.414228147594258,0.914545034524053,0
0.469587532337755,0.85738957580179,0.693756719352677,0.730227994499728,0.751674379454926,0.674970004009083,0.23036100785248,0.396026064176112,0.985338381957263,0.538277370855212,0
0.536790419602767,0.202164357760921,0.488729969831184,0.173228626605123,0.542706320760772,0.890684935264289,0.888504787581041,0.834051615791395,0.299112637992948,0.268416313454509,0
0.820576863829046,0.738880236865953,0.513529584975913,0.974742193007842,0.757462510606274,0.0556215276010334,0.166193990269676,0.366581208538264,0.240088949212804,0.704389397287741,0
0.801639763405547,0.925656337989494,0.486591949826106,0.2233247065451,0.0543483674991876,0.396849176380783,0.449429351137951,0.425826663384214,0.158358324551955,0.716911170631647,0
0.47382311472781,0.732841710792854,0.441981480689719,0.868892799364403,0.713944396702573,0.0225547507870942,0.161513821454719,0.354962801327929,0.293833693955094,0.288386932574213,0
0.22815480373688,0.151579241501167,0.136405897792429,0.015441466588527,0.0504056413192302,0.111128892051056,0.460136168636382,0.190690488088876,0.420331727713346,0.831887737382203,0
0.320493799867108,0.888543759938329,0.470174340065569,0.293010578257963,0.158707170048729,0.270022120326757,0.659160915296525,0.329516451340169,0.082658585626632,0.577975434949622,0
0.523760763928294,0.865546133602038,0.554781638551503,0.889072695979849,0.271077328361571,0.481098414165899,0.500599888619035,0.908407098613679,0.0683554809074849,0.841613519238308,0
0.987911234842613,0.305258013075218,0.398876623716205,0.145509668625891,0.837290678406134,0.84403939335607,0.96459524310194,0.0514952095691115,0.332383485743776,0.627685830462724,0
0.61105054221116,0.908124938374385,0.581862560007721,0.411823810543865,0.87518044305034,0.584551941137761,0.698990391567349,0.0404009378980845,0.0244041185360402,0.717102251946926,0
0.676804234040901,0.12862512934953,0.224957199301571,0.315517080947757,0.429262124933302,0.956262970808893,0.776500393403694,0.322960123652592,0.637831572676077,0.424422898096964,0
0.879968464840204,0.657931107621547,0.860382341081277,0.146306799724698,0.112269067438319,0.992568598128855,0.603761275298893,0.125964101403952,0.967097663553432,0.135295401792973,0
