"1","2","3","4","5","6","7","8","9","10","class"
0.73236600568518,0.278600113545544,0.73208891199436,0.867109693791717,0.272964505869895,0.265923701925203,0.283033054322004,0.868663534522057,0.594671924132854,0.772647190606222,0
0.735520496779215,0.330271801027376,0.323944588941522,0.592450346175302,0.700629428071436,0.563599634449929,0.954305912135169,0.546764798462391,0.534844145411626,0.32324360171333,0
0.267548730224371,0.155201429213956,0.823732512734458,0.769213112423569,0.788046370209008,0.51141753536649,0.644591925200075,0.480941889574751,0.55403907969594,0.7227578246966,0
0.833497490885016,0.240646654300671,0.736985246993042,0.726575198531896,0.739248177955952,0.861064847325906,0.0579395613167435,0.115362668409944,0.155372905777767,0.838596971705556,0
0.379141154626757,0.447788063659891,0.503181464071572,0.550050223802775,0.416499952666275,0.406015395419672,0.0224163774400949,0.319960059132427,0.228530278196558,0.501236291369423,0
0.747426085777581,0.17983989128843,0.80249658182729,0.810795532250311,0.663340510173235,0.648458932293579,0.728747515939176,0.877652903320268,0.0784741046372801,0.622028894955292,0
0.724199034180865,0.20027260636352,0.730809211250767,0.698874487734213,0.228383475444838,0.415326319634914,0.463441632688046,0.663180072326213,0.467874352587387,0.819732203846797,0
0.977908038153313,0.029696061240416,0.0371293942985125,0.883145252901968,0.896883674785774,0.319539446150884,0.268604379612952,0.159492773702368,0.453850913094357,0.511366851860657,0
0.419906928293593,0.60430401277449,0.555029223385081,0.650268207973801,0.567153204084747,0.569170893868431,0.240721461130306,0.212169473059475,0.400972923729569,0.357908178353682,0
0.0208151802565903,0.0735980246778578,0.993215342253074,0.881251671896968,0.0344580360020511,0.387240289710462,0.9282423381228,0.787555910414085,0.551259204046801,0.0477462296839803,0
0.776749534826726,0.3391154797934,0.267041914349422,0.678736829707399,0.626974085928872,0.816106451908126,0.244521939428523,0.610569039592519,0.524724110495299,0.61687943409197,0
0.969419784320798,0.111973237866536,0.144915022709128,0.915124498750269,0.859159443438612,0.35056691034697,0.510397870792076,0.323359741130844,0.977652970468625,0.967809309484437,0
0.161538955664448,0.159957391919009,0.272412980120629,0.247314796210453,0.244505619994923,0.747784208739176,0.450812632450834,0.240386022953317,0.365035225637257,0.937585774576291,0
0.103820373172872,0.0756732699732296,0.749828970774356,0.869478025765438,0.900417422139831,0.75299248797819,0.391116379993036,0.195646151900291,0.833229129202664,0.619213988538831,0
0.216404650973156,0.224178388819471,0.866661090617999,0.250959349774197,0.823765098677203,0.976469156099483,0.552084913710132,0.643030462320894,0.531441451981664,0.425214858492836,0
0.183663785423152,0.15585692091845,0.18573690654058,0.186619170068298,0.848928422832396,0.438745128922164,0.177830971078947,0.107471273979172,0.647118442924693,0.735981228994206,0
0.852859591912292,0.200494910678454,0.833683169666119,0.154807306913659,0.280400841696933,0.918029275722802,0.668406313983724,0.908892860636115,0.852131385589018,0.172488313633949,0
0.705809977587126,0.79234674741039,0.237031812953949,0.316635809497163,0.755564363773726,0.914093017810956,0.1778360796161,0.0165888022165745,0.998508133459836,0.759463038761169,0
0.489492137987912,0.547836986666918,0.492872251553088,0.636026939655095,0.472763967726007,0.0774723424110562,0.228197666350752,0.545993127394468,0.891867346130311,0.383123681182042,0
0.233777585210185,0.877237959687039,0.161419903594442,0.827705640791822,0.791779672535695,0.134524493478239,0.765158653492108,0.112592360703275,0.646691179834306,0.849519024137408,0
0.599582865056582,0.393219786626287,0.525300235284492,0.60946251331456,0.555157128738239,0.457311744103208,0.412500658771023,0.797929522348568,0.720273331506178,0.0909484513103962,0
0.457994683156442,0.541882276742905,0.542045495565981,0.544381419096701,0.408133337123506,0.714343012077734,0.329127799486741,0.387502231635153,0.395550669869408,0.133499921998009,0
0.296006243251637,0.714645163838938,0.230509533077106,0.190761099115387,0.198057378103212,0.494451030390337,0.494231621734798,0.722973991185427,0.439356089336798,0.248944707447663,0
0.960144187728781,0.169069480575807,0.146950486078952,0.102313632299379,0.919224869535025,0.559225607896224,0.492512915516272,0.136909979395568,0.25845486856997,0.51403988734819,0
0.265834414079785,0.245601078974642,0.21879931324888,0.890153597143292,0.870413938993402,0.809737356612459,0.974897033767775,0.919740964192897,0.33149256138131,0.308240824379027,0
0.788434760682285,0.628730896674097,0.813581860386766,0.689390681236982,0.322869099960662,0.380911103216931,0.875348306493834,0.91737453173846,0.594701285474002,0.412430121330544,0
0.834663966133818,0.940063860461488,0.905209452982992,0.844302014819905,0.969250979204476,0.227936912560835,0.516561472788453,0.338079897454008,0.660713205114007,0.720424144994467,0
0.942408919251151,0.94823767191954,0.0797912913092412,0.0989982796226628,0.927231129286159,0.224101270316169,0.368998465826735,0.934188492363319,0.80714605585672,0.51530212466605,0
0.413328201622516,0.525292989411764,0.551841043969244,0.668337680213712,0.546901307835802,0.533396743237972,0.423479410819709,0.819063647417352,0.943893526447937,0.20475519169122,0
0.0611192289979197,0.908084871127363,0.0395556964117102,0.00875981643320993,0.911027019040286,0.15873293671757,0.323905855650082,0.635421286104247,0.832201329292729,0.218124442966655,0
0.67525198591873,0.136095602665097,0.694483555626124,0.676595505889505,0.270181972447783,0.430479049915448,0.669421942904592,0.772655156208202,0.930425284430385,0.273472672794014,0
0.963875643584039,0.981855350797996,0.0919474940338172,0.902440069042612,0.899159031897411,0.190779152559116,0.183414618484676,0.40318161342293,0.565929774660617,0.34052112698555,0
0.797132134228759,0.218365332841128,0.736604684521817,0.895276000030153,0.135650625155494,0.835934923263267,0.383040139218792,0.0260397340171039,0.425697185564786,0.73263314506039,0
0.627570133615192,0.630788876331691,0.755876662930939,0.323343041495699,0.688480891820602,0.859062373638153,0.256356185069308,0.435954266926274,0.537928981939331,0.461827296996489,0
0.33067510914281,0.744008415678143,0.334222300955653,0.347919340701774,0.38721286601536,0.328659776365384,0.969635747838765,0.888493919745088,0.561317816842347,0.0136798480525613,0
0.0305614371281117,0.0994446916938759,0.0664533552466892,0.976344333677553,0.0368506403886713,0.827577492455021,0.274225627537817,0.442942726192996,0.529272589599714,0.971552876522765,0
0.0946201832516119,0.0613235571704805,0.0756036140538752,0.00724967162273824,0.0617045242350548,0.533225080231205,0.509119742549956,0.781411217292771,0.967611979460344,0.621775037609041,0
0.922607376139984,0.0990962309234776,0.0207406365467235,0.0923983923411928,0.973493077628687,0.136068214196712,0.55004030559212,0.998043171828613,0.777288052486256,0.574059654027224,0
0.280263408567011,0.633794105050713,0.423606465802342,0.414586320193857,0.700452861385047,0.62733032181859,0.506837635068223,0.732046786462888,0.464300972176716,0.750872866716236,0
0.897936510823295,0.916462466732971,0.965896239151526,0.989884707440902,0.919351668734569,0.7369212184567,0.215820058248937,0.804824063787237,0.0698235323652625,0.74419192946516,0
0.621437074722722,0.401095160786994,0.344072295174934,0.56995029586181,0.439915744785219,0.416956376982853,0.334884600481018,0.713812181958929,0.361613132059574,0.315049321157858,0
0.363367502510175,0.489971345607564,0.405404549106304,0.533744050330017,0.43385306757642,0.863995786057785,0.985180311370641,0.237360959406942,0.389632533770055,0.827081986470148,0
0.845404895203188,0.847815108722076,0.853726232346147,0.0919033148318529,0.903973212240264,0.942184956278652,0.61361206904985,0.112465880578384,0.614015174098313,0.214189979247749,0
0.506094792226423,0.558132444620319,0.463333265965153,0.522083858163748,0.457079782105144,0.026262563187629,0.891051202546805,0.656054713297635,0.237021296983585,0.518697212450206,0
0.240169387277775,0.336558885767125,0.806251310426742,0.300085493950732,0.645439243582077,0.434111826820299,0.135741938371211,0.0669369264505804,0.395658045075834,0.437621316639706,0
0.501631587405223,0.37015390264336,0.548926998741925,0.543891949805897,0.376375700238626,0.553729730658233,0.36404529470019,0.161205826792866,0.948166938498616,0.722194695845246,0
0.485793464594334,0.51696797535345,0.58726542411074,0.446193843037635,0.579632140254229,0.223977949470282,0.700684857089072,0.0951704951003194,0.950269731227309,0.737722313730046,0
0.611427469976526,0.278954378970712,0.621921796971653,0.743821970160864,0.648547779718321,0.274992031045258,0.671912454068661,0.922433578874916,0.00780313392169774,0.832445016829297,0
0.765086329433508,0.255765799321234,0.228598328620382,0.722804886479862,0.789079284180142,0.300653578946367,0.533458151854575,0.564884265186265,0.0367987367790192,0.492846592795104,0
0.370863498906232,0.679369399064593,0.415497962015867,0.276513806249667,0.277222209470999,0.565749396104366,0.358401855221018,0.279672478558496,0.154524697456509,0.904958933359012,0
0.230825388431549,0.176247567124665,0.261073566926643,0.271181575907394,0.233132084691897,0.0862309031654149,0.320539731532335,0.627852050820366,0.711955920793116,0.575328223640099,0
0.939232111524232,0.9463098634555,0.075796115787793,0.890533143741451,0.913637707644422,0.242789334151894,0.660794216440991,0.16655406774953,0.50345259020105,0.218667190987617,0
0.030601432563737,0.008772581666708,0.963248161816224,0.992536837015674,0.925780737953261,0.193272763397545,0.579694960732013,0.898196542868391,0.713443049229681,0.0844552877824754,0
0.0847705533684232,0.208156427637488,0.115497054093424,0.191531020904705,0.833639153308235,0.779007311910391,0.62729113176465,0.327408036682755,0.365870882524177,0.589609937509522,0
0.291957822395489,0.725390628445894,0.708322982070968,0.770315773552284,0.220970042515546,0.80788087984547,0.338472391711548,0.259261428611353,0.125288489274681,0.171696687117219,0
0.445337256099097,0.473348547287751,0.624374798371456,0.404636020409409,0.613306584625039,0.452784576453269,0.174156473018229,0.0452926829457283,0.172381049022079,0.233713617082685,0
0.91618513939362,0.167356049318053,0.163320423659123,0.0172038592180237,0.0516583146685734,0.620936919702217,0.466156063368544,0.108558208215982,0.311187932733446,0.483005019370466,0
0.559295683432557,0.730784051612206,0.689016697488446,0.422058559385873,0.264943378905021,0.265332926996052,0.50814039609395,0.227822180604562,0.510149419307709,0.815907082054764,0
0.9412209755335,0.825179777762666,0.149145162046701,0.171978497897089,0.891497938719019,0.582766979001462,0.48619014210999,0.591959971236065,0.43074747431092,0.349751977948472,0
0.333122427654546,0.592852797237877,0.375502573923208,0.223072528815828,0.310494006011356,0.415749587118626,0.725651444867253,0.161389281507581,0.653058659285307,0.331880388781428,0
0.781756551237777,0.605734097072855,0.569799291202798,0.0387032092548907,0.460654353955761,0.867454320425168,0.527021766407415,0.405808894662187,0.089713612338528,0.710829969961196,1
0.192706679095142,0.860104110438935,0.1323981686824,0.746819736366253,0.135816119111329,0.294585112482309,0.0517614176496863,0.0187176894396544,0.52405561087653,0.211413908516988,0
0.126034735469148,0.1224723784253,0.150980544509366,0.912880911957473,0.978894768515602,0.339268102776259,0.778248155955225,0.519988146610558,0.961164797889069,0.638778662541881,0
0.620779767504893,0.448192303571571,0.631011700575054,0.347340159741882,0.682078833876457,0.808869573986158,0.041998247615993,0.857710276730359,0.44036155520007,0.228550305124372,0
0.761310876767337,0.272394450920261,0.0958777735568583,0.15688247888647,0.173759849552065,0.468354635639116,0.296960543608293,0.370498698903248,0.617255004122853,0.788649593945593,0
0.651774026609026,0.336027454771567,0.290360888338182,0.19458161023492,0.177014175134711,0.18883831310086,0.249127976596355,0.190051703248173,0.928638147888705,0.765715300338343,0
0.627330466989428,0.732503809846565,0.666019737231359,0.37748394789584,0.292916460423172,0.698036726564169,0.152425497071818,0.688462639227509,0.131687603658065,0.0161478954833001,0
0.670205737983994,0.529927478885092,0.533800274893176,0.643438852218539,0.426002583419345,0.104255949147046,0.384645032230765,0.936659427825361,0.83336690813303,0.353526207851246,0
0.117713730944693,0.896168563364074,0.107964830668829,0.841537586732768,0.85582635197062,0.193066119682044,0.922907539410517,0.203736502211541,0.635852607199922,0.993495413567871,0
0.238105404126365,0.253331487616152,0.695328570986353,0.710926032919809,0.848885655605514,0.121896307449788,0.503295268630609,0.027276857290417,0.193484308663756,0.690938803367317,0
0.874664284784347,0.82847299798578,0.915822131279856,0.929500285744667,0.902878626544029,0.827934112865478,0.649351749336347,0.066002425737679,0.524687453638762,0.0270961700007319,0
0.231661142434645,0.204034446967486,0.297606145471614,0.303079103226494,0.36550240223119,0.000413755420595407,0.806549921631813,0.445852944394574,0.292291185818613,0.0836739358492196,0
0.0972754384856671,0.83658312400803,0.216836765175685,0.157018071506172,0.897566899191588,0.375488548306748,0.550217534182593,0.41386352898553,0.727935949573293,0.0692556258291006,0
0.226751506234426,0.214273880530708,0.224421995061077,0.669241098509077,0.686686946124211,0.90097756870091,0.395695743849501,0.215294199762866,0.629854735685512,0.274265584535897,0
0.523334952189773,0.548206867154688,0.427562803256884,0.523891056423262,0.520627985852957,0.867959467228502,0.767152457730845,0.427564335754141,0.733693242073059,0.150738813448697,0
0.452955349753611,0.336145995983388,0.494078769821208,0.69425186607521,0.42007530962117,0.108805553987622,0.566028949571773,0.313978723715991,0.664794810814783,0.615536306286231,0
0.225853551873192,0.649427017546259,0.78328902448453,0.742855293973908,0.338611752779223,0.140829258365557,0.894045264925808,0.968050384661183,0.40448779403232,0.434624938759953,0
0.630270180754457,0.255943769226782,0.674914881546237,0.218595505816117,0.189321833813377,0.564581028884277,0.935770027106628,0.754340493353084,0.510829596780241,0.205143532948568,0
0.24870924818553,0.367107356800511,0.593192034375295,0.77880785371922,0.406934596355632,0.507692203391343,0.267607084941119,0.247375200036913,0.577027113176882,0.0332730091176927,0
0.310732620152924,0.706089069291949,0.535537548302859,0.447396534037404,0.549537833894324,0.133031900739297,0.880727696698159,0.566688265651464,0.161367765627801,0.941489030374214,0
0.2508345477283,0.852695264646783,0.131527239027433,0.276133807457052,0.738428762308322,0.7646887418814,0.0733183163683861,0.491907340707257,0.675858437782153,0.74436890729703,0
0.156599724048749,0.804903503081854,0.194384012185503,0.860033296364546,0.119280264710728,0.766274712281302,0.946270302403718,0.522285863058642,0.465410021133721,0.0825178110972047,0
0.566136693191901,0.575777616547421,0.482677431343123,0.650411953382567,0.44252231622003,0.957290802616626,0.887697095284238,0.53779745916836,0.615703798364848,0.731180197093636,0
0.892755959904939,0.156230349866301,0.104152312215883,0.84782781948261,0.0798109353922307,0.803812995553017,0.916727598756552,0.911459827097133,0.604149423306808,0.141210803994909,0
0.473764116216637,0.518739834225923,0.479815015349165,0.399196252940223,0.422215122479945,0.692264750832692,0.470062512671575,0.781147463712841,0.658961542183533,0.989916720427573,0
0.684760972391814,0.739595482125878,0.748728343751281,0.229630547808483,0.7444445383735,0.98162793694064,0.68627355271019,0.234388331184164,0.0162106147035956,0.226146400207654,0
0.615639788135514,0.371199872655049,0.291064916751906,0.274603725634888,0.208439258980379,0.58549593295902,0.146960745565593,0.715877604205161,0.370898022549227,0.990624079480767,0
0.884173281166144,0.013331670572143,0.00186709678377957,0.0592404193039983,0.875117020655796,0.59107248368673,0.661502754781395,0.431113269180059,0.85564861446619,0.147602948825806,0
0.315203538822755,0.604151645240746,0.414021432521939,0.69848710275609,0.404661641648039,0.211822875542566,0.202238905709237,0.211199136916548,0.558565002400428,0.954859198536724,0
0.730428717186861,0.194183435752336,0.772117902809195,0.181011177051812,0.70288911095066,0.20340061513707,0.691092980792746,0.192282203352079,0.992525772424415,0.884939437964931,0
0.976355731956661,0.863385577663779,0.133433576785028,0.0965547374393791,0.164005623443052,0.842942697461694,0.586306042270735,0.0496121582109481,0.92393465153873,0.0786399692296982,0
0.897164741101582,0.0907105900311842,0.896660589351412,0.895992690983787,0.129388647599425,0.576756939524785,0.174533096374944,0.0616776337847114,0.396046005422249,0.57252058130689,0
0.318870796356909,0.235622321731038,0.740275277738087,0.317277041789889,0.681786219708249,0.877174348803237,0.985882336972281,0.681914214510471,0.17582394182682,0.312107591656968,0
0.888946887729224,0.0691477612620219,0.938919785710424,0.03182393991258,0.0573952680754475,0.660735542187467,0.557354284683242,0.067269763443619,0.622798146447167,0.472501350799575,0
0.375988053667173,0.202969106340036,0.302342636760697,0.288087214287743,0.200378171085939,0.17439692793414,0.968230348313227,0.612373342039064,0.618160246638581,0.377871514996514,0
0.850876831918955,0.817328277811408,0.915454775230493,0.239713879034389,0.19951695220964,0.212446028366685,0.8784060026519,0.234330686042085,0.0802253102883697,0.203743301564828,0
0.0514033977171406,0.904765792969987,0.998693711614795,0.985862399681285,0.0760542835332453,0.322757315356284,0.844178581843153,0.505327324848622,0.05559315928258,0.519376950804144,0
0.351680696311593,0.457524730166793,0.575186596867535,0.549424648499582,0.523909238990024,0.227721224538982,0.593796625500545,0.291686941869557,0.190558573231101,0.99918028130196,0
0.867322876254097,0.989042352194712,0.122904405614734,0.80173754475899,0.974129116940126,0.380175563972443,0.45396281266585,0.000205870950594544,0.554785626474768,0.873310272349045,0
0.535438806739915,0.564855054308474,0.670476744115446,0.695971108139399,0.729952885260154,0.947312457719818,0.0238120511639863,0.305194801418111,0.795541998930275,0.335982925491408,0
