"1","2","3","4","5","6","7","8","9","10","class"
0.577852868265472,0.671447681225836,0.642992991083302,0.350167908924632,0.294152046833187,0.729677092982456,0.45189951127395,0.859672673745081,0.912081082584336,0.6286768715363,0
0.465703632811271,0.465243351655174,0.43762113645738,0.468526600599568,0.461087324474286,0.569990214658901,0.186032705008984,0.975060759112239,0.548502943711355,0.5173524110578,0
0.43615474727191,0.598821762546524,0.370954741165414,0.362532990542427,0.650217442550883,0.894704720005393,0.616065440932289,0.475528672803193,0.161089170724154,0.0274702480528504,0
0.859996053375956,0.0352896996001713,0.862253996777255,0.851920744391903,0.172649992199615,0.941637494368479,0.0229875224176794,0.554193129995838,0.337481120601296,0.0348180262371898,0
0.274044061664492,0.193628845448606,0.75349151800666,0.845812953449786,0.218640102137998,0.112447124440223,0.817162425490096,0.135711269220337,0.0690501707140356,0.150459497235715,0
0.887261279471219,0.87441610674886,0.197360034727026,0.139279721715022,0.785077279081102,0.494888421613723,0.934381577419117,0.844788745278493,0.183370847022161,0.826577589614317,0
0.667218694158271,0.704592487453669,0.638034369980544,0.302699085469171,0.693233698625118,0.41966336639598,0.672163427341729,0.249637336237356,0.349890506826341,0.666945141507313,0
0.299098812456615,0.317480338318646,0.70517911043847,0.698083599537052,0.731039180580247,0.513766095042229,0.144148545572534,0.698372184298933,0.106821264605969,0.644060781458393,0
0.626668343262933,0.618052162075415,0.523906158468314,0.395954743473977,0.46965747951176,0.592553264461458,0.376030148938298,0.189692393410951,0.584254053188488,0.119382698554546,0
0.763759617123473,0.714305978340749,0.317202241734788,0.292029710059892,0.675240621331427,0.973070754902437,0.677056701621041,0.16998844477348,0.286356726195663,0.699957511853427,0
0.797383896701038,0.271601272236556,0.73789420992136,0.222443520195782,0.246081054192036,0.010140972211957,0.55142591195181,0.411342037608847,0.37242491194047,0.919525517616421,0
0.696505337973125,0.715927744648978,0.702649241183512,0.248255740698241,0.734729308866803,0.574013659032062,0.745587161276489,0.460107011720538,0.697764847660437,0.499258744297549,0
0.721360400337912,0.581746673832647,0.592556581005454,0.402362579278834,0.671548806553893,0.620253847911954,0.0239988206885755,0.768609825521708,0.0521950309630483,0.488578700693324,0
0.735232604667544,0.142037853132933,0.50223430711776,0.428307476453483,0.0747300658840686,0.165684677194804,0.0300526940263808,0.138050194596872,0.626733424142003,0.192917179083452,1
0.211630612435937,0.69566652883254,0.223384355565533,0.710477022417262,0.203510776589811,0.712071738904342,0.657722806790844,0.994842629414052,0.69410353130661,0.357847327599302,0
0.550504664480686,0.545618399553932,0.464290094829164,0.542702825373504,0.608279359484091,0.960213284241036,0.508014020510018,0.430503693176433,0.361452749464661,0.361392753431574,0
0.316648303395323,0.201970251962915,0.200484399439208,0.24100063842833,0.794314937041327,0.112413069000468,0.674553975695744,0.356999554671347,0.913356255507097,0.239183814497665,0
0.100533751205914,0.150851568330824,0.896970735987183,0.866791760072298,0.199418509783316,0.247917672386393,0.780134824337438,0.818600453436375,0.133152907248586,0.34513881104067,0
0.594056160315871,0.425480561389029,0.4232189142555,0.662542089824378,0.390618953044713,0.0621731451246887,0.920494600431994,0.611771143274382,0.679638459347188,0.734093616250902,0
0.787976555384975,0.799728432190698,0.812339093402401,0.111168720107153,0.170814271729067,0.482378885382786,0.0911666958127171,0.159191150451079,0.509675213834271,0.299351193243638,0
0.529200742414221,0.433166962097399,0.470085416413844,0.554666197957471,0.41210394281242,0.255462317494676,0.918226546375081,0.926312261493877,0.619504616828635,0.089551302138716,0
0.753097554632183,0.328576188317034,0.734926072911918,0.21574189094007,0.296410976344533,0.286188955651596,0.0158381613437086,0.795984633965418,0.88146632257849,0.0696182905230671,0
0.246216492713243,0.255811436098814,0.666120782476664,0.766063530567288,0.293196394833177,0.536546384450048,0.971240919083357,0.757904240163043,0.381645363988355,0.473148585995659,0
0.925484542204905,0.105331889668386,0.932915269470029,0.911768698045704,0.929799141248688,0.204117559827864,0.554083219962195,0.864352797158062,0.00991228502243757,0.705630842829123,0
0.0350652892189101,0.13629364498537,0.830197374372557,0.865408485462144,0.924100362606533,0.718027252005413,0.983830962097272,0.536312595708296,0.139716900885105,0.567081598797813,0
0.0409083577920683,0.119735238305293,0.00465520109282806,0.996166777506005,0.0615835443604738,0.938130770577118,0.516997820930555,0.824355975491926,0.664158822735772,0.190987809095532,0
0.530116931539774,0.426400389842689,0.51422164773196,0.457731149501354,0.508266347562522,0.701314935460687,0.394365940708667,0.427701185457408,0.00360739533789456,0.341995505616069,0
0.350763362832367,0.588982658926398,0.310678105335683,0.335806865477934,0.631722542922944,0.323381420690566,0.397083772113547,0.561602837173268,0.159705196740106,0.804815545678139,0
0.578185346570425,0.576802811014652,0.286140358097851,0.435060396007635,0.324018247144297,0.419455705909058,0.0987388072535396,0.748395133763552,0.800956243183464,0.811307283816859,0
0.206266971734166,0.798651409515366,0.283651455959864,0.796437915757671,0.240780288423784,0.00679778191260993,0.786677993135527,0.13206908851862,0.842003691708669,0.564258478814736,0
0.930056788150221,0.984246993210167,0.972161456283182,0.928751978328451,0.0330705241337419,0.759073604363948,0.803814419312403,0.0308376683387905,0.157804524991661,0.969112489838153,0
0.478155605508015,0.586950273953658,0.549286659773905,0.585460440624691,0.536807543658093,0.434007328934968,0.225340744480491,0.85779861942865,0.528404557844624,0.0132335347589105,0
0.219552272795886,0.846117058157735,0.166786559448577,0.759966581821628,0.161389718410559,0.281976993195713,0.632495541125536,0.875692405737936,0.133263592608273,0.159361219732091,0
0.811580112852901,0.144060165530536,0.868772323586326,0.805618657924514,0.231619989826158,0.265281441854313,0.711189040914178,0.160419356077909,0.938208408420905,0.153009644243866,0
0.700035953847319,0.667364839056879,0.686567554274946,0.617067101065069,0.653705488912016,0.603426342597231,0.888611021684483,0.789783196756616,0.994281662628055,0.253944541327655,0
0.0639372800705023,0.964847208223306,0.0194580379640683,0.14002077445155,0.913535915140994,0.633794606197625,0.936708399793133,0.173222423298284,0.535543914884329,0.415213169064373,0
0.597713063690811,0.66613347758092,0.301768838363141,0.6709010106856,0.296544031707197,0.727491844212636,0.982045116368681,0.740695545915514,0.0329603913705796,0.542800598777831,0
0.0546338120735251,0.796009448149987,0.0979169782421552,0.204605803638417,0.839267983594909,0.167312160599977,0.441879900405183,0.4745587867219,0.688901874236763,0.15827008523047,0
0.44745987078324,0.472030532396585,0.638301436876506,0.451513409069553,0.349772621810436,0.612599052488804,0.293465975439176,0.242948038736358,0.502026689006016,0.177639375440776,0
0.715571768687479,0.247749291283172,0.778689748847391,0.214876122560911,0.218114796166029,0.714063304709271,0.866862261667848,0.0382039076648653,0.282947838539258,0.264011459890753,0
0.516778415364213,0.560569480041973,0.512345868853852,0.498877144028433,0.510533629714511,0.784378616139293,0.238195755984634,0.626475526718423,0.135526350932196,0.482773169176653,0
0.796274089611135,0.891386024076864,0.869667001162283,0.170593013944011,0.932118872756511,0.459739883663133,0.0459274165332317,0.97082406654954,0.580558530287817,0.646810680627823,0
0.352732365471125,0.278432949503511,0.293444963654131,0.341692978496104,0.300950693817437,0.973984176293015,0.0116477971896529,0.0961187516804785,0.319437101250514,0.171052314573899,0
0.883326724354271,0.889933389486931,0.110345150281396,0.951316425280552,0.0384549506723881,0.989325901260599,0.794383014319465,0.232185504166409,0.478421222651377,0.252826667390764,0
0.666498826198839,0.741807979726233,0.297622779184394,0.306793541239575,0.731756698812358,0.875469811493531,0.0472868718206882,0.962690544780344,0.588631987804547,0.226101986831054,0
0.730146604903042,0.392321132234763,0.303900455331895,0.729586027854588,0.338500148778316,0.35159369232133,0.976376035250723,0.650139512261376,0.587036497192457,0.490869805915281,0
0.918748852685094,0.10188476665169,0.890624692055583,0.0864450331341475,0.928729268717766,0.698872667504475,0.840377368498594,0.376025274861604,0.266664192313328,0.83260125759989,0
0.308643949571531,0.444101534480415,0.376460608250927,0.553158108478691,0.627287840717193,0.757177407154813,0.467421009670943,0.04865927179344,0.618041158420965,0.874608840560541,0
0.639351939829253,0.416290170167759,0.713286091969721,0.342067179212347,0.663478475142084,0.418978228932247,0.166639394126832,0.559774795081466,0.53485028562136,0.970293749589473,0
0.826355469201319,0.812861077683326,0.832350808625109,0.175573259647377,0.211503447042126,0.617692030966282,0.973388267913833,0.599561117356643,0.535911629674956,0.0927732698619366,0
0.811384461056441,0.241444523725659,0.0977148007787765,0.801730692666024,0.165373482275754,0.0377133516594768,0.994458671892062,0.853524261154234,0.271200777497143,0.32504816330038,0
0.501844901769795,0.412575575848762,0.521798828139994,0.623159001164511,0.534454238303751,0.830039658118039,0.465048464480788,0.0759295909665525,0.684029109543189,0.453300998546183,0
0.459321490604989,0.462484567050077,0.65260572092738,0.608948248926736,0.638997398928925,0.727465298259631,0.47171233757399,0.754895534366369,0.102026439970359,0.20142116653733,0
0.508198604817688,0.448538791433163,0.40019683695538,0.576970626817551,0.367434393505566,0.83819257770665,0.578906857408583,0.291647493373603,0.605245794868097,0.608057988109067,0
0.456776566198468,0.545821081587672,0.52553912684992,0.555538861618563,0.600726903427765,0.371776419691741,0.83085651206784,0.0256622571032494,0.647073642350733,0.768849455052987,0
0.832583978563082,0.134242216159124,0.0637121809823439,0.9615406172066,0.131704070790671,0.913431415101513,0.0595110920257866,0.416917514754459,0.731659660581499,0.478507648222148,0
0.541429415506683,0.354473297621869,0.673903213376366,0.681033524329402,0.526502090469748,0.868631594581529,0.180895122466609,0.266059585846961,0.922904718667269,0.317641839152202,0
0.590966691726726,0.502536843644455,0.524752684508543,0.401374585194513,0.450090955229476,0.966055159457028,0.632775799604133,0.661398437805474,0.347750577144325,0.163652224699035,0
0.102529044876993,0.167208249410242,0.157966208102554,0.207084631945193,0.119729967886209,0.00815789611078799,0.183355303946882,0.814523341832682,0.88476910861209,0.24012947967276,0
0.515696478314139,0.484553167138994,0.50827966257669,0.548325270097796,0.394753728847206,0.230193413794041,0.728954571299255,0.132240203209221,0.22685016784817,0.726909130113199,0
0.580059434363619,0.589873798782006,0.537746274493635,0.473045434628613,0.442741035170853,0.180575631093234,0.323918999871239,0.907114465720952,0.809827058808878,0.700939370319247,0
0.458036505385116,0.506526513532083,0.367923451854289,0.593199247749802,0.392416169833206,0.56178145413287,0.588153476128355,0.4908950868994,0.504766876576468,0.0554530995432287,0
0.024352863118425,0.152577126740664,0.1431913098827,0.986111660103872,0.0771338115490973,0.380242784740403,0.842344461008906,0.698964909650385,0.647856172407046,0.201897516846657,0
0.645228564520832,0.659830116291437,0.376859639436193,0.268051468653511,0.29169072456602,0.357322844443843,0.0288206555414945,0.464076241478324,0.365796800004318,0.920760962879285,0
0.961191070825979,0.948034468019567,0.884225380533561,0.973020891443826,0.945752263332717,0.873303954256698,0.912588629871607,0.774410403799266,0.835903014056385,0.464624830987304,0
0.640646591383498,0.297253835869953,0.344177984875627,0.610161354302894,0.304061313488521,0.10319599066861,0.932593466481194,0.850563001120463,0.279200872173533,0.507020859513432,0
0.356553060100973,0.283353404434025,0.313322365768254,0.578445530854166,0.272518889425695,0.250136231305078,0.136239895829931,0.0144211363513023,0.143472471972927,0.317343185422942,0
0.94613262753468,0.987410537716839,0.929031756457407,0.982975853399187,0.150146036314033,0.959744774736464,0.112736753886566,0.588257158640772,0.0903311201836914,0.750166018260643,0
0.518202074286155,0.397247313639335,0.639818776509538,0.579532941931114,0.444659468012117,0.592903220327571,0.43585250643082,0.568891450995579,0.999493363080546,0.711649398552254,0
0.779968083555903,0.203987425124366,0.292946900584269,0.817083531877678,0.81141706251828,0.958879201672971,0.562600186094642,0.152381340740249,0.280576388118789,0.323759863385931,0
0.700260831538588,0.654932874444872,0.57240982962586,0.584609054567292,0.421454228594899,0.791852717520669,0.68272073706612,0.107512399787083,0.963757941266522,0.102167943492532,0
0.610781249451637,0.574837304573786,0.411409112825431,0.494389078705851,0.616467329451814,0.953643333632499,0.722831539809704,0.924765303963795,0.706381356809288,0.565353364916518,0
0.964587589509226,0.12522589082066,0.891844232460484,0.91348508219365,0.949723944309913,0.478954731021076,0.204413450788707,0.483937042532489,0.133850263664499,0.824373355600983,0
0.904006176938955,0.932658850475773,0.0345123086044565,0.984221629955526,0.96559996470362,0.984259496210143,0.619060267927125,0.894455659203231,0.748858540551737,0.330858031986281,0
0.263038258547336,0.247775993323326,0.764884596659243,0.378188667898625,0.332261852440983,0.805543272523209,0.633764697471634,0.395941888913512,0.0604218672960997,0.981847329298034,0
0.797136804610491,0.841704697506502,0.205952591944952,0.849352612157818,0.219234499784652,0.235001262510195,0.472343443194404,0.986271975794807,0.361197916325182,0.771707294043154,0
0.443675635193102,0.470256705283932,0.505912516289391,0.565464596712775,0.596782044085301,0.923542256932706,0.0652034324593842,0.0578179520089179,0.962746081873775,0.370209767017514,0
0.768442877038196,0.275407562816702,0.660174203935359,0.633840876160096,0.746087180846557,0.936290234094486,0.699895403115079,0.416277615120634,0.430947423214093,0.177227975800633,0
0.346739023691043,0.516447194153443,0.97068156208843,0.221736355451867,0.519421541364864,0.943568568443879,0.101275151828304,0.622555530397221,0.367379829054698,0.785160792293027,1
0.086185241070576,0.964292845550738,0.0447998410687782,0.0617152858498506,0.0406276848760434,0.629531918326393,0.911910718074068,0.429743026150391,0.582656787475571,0.371750290039927,0
0.548619773234241,0.443205241553485,0.557841761294752,0.378211454226635,0.655838436999358,0.348198714433238,0.00610441924072802,0.791845984756947,0.0926461173221469,0.339918036246672,0
0.139734876610432,0.166867539994232,0.244494482475333,0.737597025778796,0.196173584681563,0.850835710763931,0.560087665682659,0.0687405676580966,0.651122983545065,0.0201492523774505,0
0.578393978162482,0.585364848217741,0.476802207342908,0.405337528465316,0.474394675601646,0.31277226889506,0.495579609647393,0.862569633405656,0.11739959474653,0.858606382040307,0
0.0426766891431063,0.0238912159926258,0.933931833537202,0.0725794556697831,0.923418680999521,0.631615203339607,0.268027847865596,0.406460077269003,0.745773622533306,0.122051915619522,0
0.572772752021439,0.422772491740994,0.45702276592236,0.466857748499513,0.558314607879519,0.576558987610042,0.932768287835643,0.180073868716136,0.0868762787431479,0.307879329193383,0
0.315001449640375,0.795191228848416,0.759466271033511,0.67887241064338,0.26546678888239,0.871059045894071,0.560274125309661,0.650710128713399,0.885274413507432,0.0234314079862088,0
0.737450604253262,0.798117777475342,0.769006840510294,0.73932673533,0.837668370704725,0.304887667298317,0.842188149690628,0.332246860489249,0.328807363519445,0.694116498343647,0
0.0149056472020224,0.0075252398589626,0.936163148087729,0.0109509322435595,0.955954213147145,0.467237687204033,0.000144616235047579,0.631999743869528,0.166082976618782,0.964214111678302,0
0.581907697380148,0.544343198032863,0.615530962398462,0.704880475642532,0.355251815684326,0.596770042320713,0.530128460377455,0.846969009377062,0.15018595312722,0.5386967882514,0
0.466687407691032,0.610790072786715,0.49947735476736,0.481649019717425,0.455598451417964,0.893414403079078,0.090162131935358,0.94656140753068,0.86982884677127,0.315530312480405,0
0.0653127533569932,0.126495885327458,0.849347489032894,0.79906512664631,0.887551436215639,0.180312871001661,0.792857148684561,0.0673233845736831,0.799870622577146,0.593916752841324,0
0.446112172872946,0.48302161876699,0.493892381976545,0.50075416545961,0.415892590163462,0.0833615672308952,0.630586344748735,0.870769087225199,0.449822202790529,0.150305110029876,0
0.588882880905643,0.586994191694632,0.630315109179355,0.658568809168227,0.650256350004859,0.259251048089936,0.0473680007271469,0.981273383600637,0.642023396212608,0.0544479882810265,0
0.250355453566089,0.137877509244252,0.862985241960175,0.838892130972166,0.782090738994908,0.615222868043929,0.467792990850285,0.00505732395686209,0.822631729766726,0.949784696567804,0
0.744504925766587,0.131684532094374,0.263215670325607,0.182528748659417,0.263217530818656,0.316079343203455,0.933308572508395,0.352386740967631,0.483002563472837,0.597530710278079,0
0.048326302736532,0.914545345722698,0.9649373883144,0.110426943928935,0.99979542556731,0.72546300641261,0.831135964253917,0.646834082668647,0.119671013439074,0.73098229477182,0
0.60251356618274,0.699914157043397,0.658545996716991,0.341063947882131,0.614111553966813,0.990145706571639,0.571323922136799,0.395526157459244,0.295643844874576,0.546755951363593,0
0.834289393897727,0.220227676120307,0.228609700607043,0.267840836122166,0.873586919877864,0.334168899804354,0.469101501628757,0.0235610145609826,0.369378123898059,0.710132305277511,0
0.695916919697821,0.612347203202546,0.362401591019332,0.374623324601352,0.753364558972418,0.603560340125114,0.455245973775163,0.0607233345508575,0.747884575976059,0.160853114211932,0
0.728801745905913,0.677730250176974,0.710883432725631,0.218579496263433,0.246655020185187,0.873982625314966,0.912820140132681,0.945065041771159,0.782141420757398,0.328653210075572,0
