"1","2","3","4","5","6","7","8","9","10","class"
0.784267220213078,0.784228875632398,0.670019937437028,0.0276210682839155,0.929520734106191,0.31454476993531,0.240667875856161,0.512192653724924,0.659907708875835,0.317626407602802,0
0.288622975528985,0.688374396005273,0.657482917816564,0.510001891796757,0.218341895268671,0.430594571400434,0.253397963941097,0.0709221011493355,0.935145564610139,0.237691058078781,0
0.276687430916354,0.739799354225397,0.682577981613576,0.112482099095359,0.898671618429944,0.432066696928814,0.630080183269456,0.0272752086166292,0.946613351814449,0.306809218134731,0
0.865885911726858,0.174847582284268,0.165441743674688,0.768998159723915,0.493443034403585,0.805996480630711,0.862720848992467,0.38960030884482,0.442550505278632,0.5112443738617,0
0.827543692839332,0.959467728484981,0.220361627154984,0.101265106339753,0.147519033750147,0.110739256953821,0.501517831813544,0.19885169249028,0.437473118072376,0.0181635725311935,0
0.243955638065003,0.784507288319524,0.217494936237577,0.902815565915313,0.763715487022884,0.00129937683232129,0.21291319699958,0.974401710554957,0.585554907796904,0.00343966367654502,0
0.865951790694147,0.144746281420439,0.800178807393461,0.968560147402436,0.255896389620751,0.280647013569251,0.979037827579305,0.773178837494925,0.83121490618214,0.908383763860911,0
0.383794092141558,0.264706901467312,0.153832674650755,0.51540252790302,0.812793771893997,0.135019197827205,0.3776541412808,0.0913271643221378,0.115156061481684,0.686199174262583,0
0.0895084471365437,0.880200178203359,0.129595731912926,0.229074660687707,0.987223905842565,0.713310099439695,0.920337202493101,0.984439467545599,0.532318264013156,0.525402260944247,0
0.782960061858688,0.79253253757935,0.45079809728628,0.496884632442612,0.259568628327269,0.47228052187711,0.262716417666525,0.360677429707721,0.714637317694724,0.245175484800711,0
0.0620285894740373,0.0111719516590238,0.851410446260124,0.692910502340645,0.231916063327342,0.115487253991887,0.777030007680878,0.609258608659729,0.170763889560476,0.307841021101922,0
0.795878909655381,0.226211692181509,0.885694313195068,0.830888313549943,0.224084448403399,0.9547700046096,0.652753662085161,0.581507322145626,0.206645649159327,0.430852668127045,0
0.970069284876622,0.280699437610246,0.983459186684154,0.688287803728692,0.990208823660575,0.746173768071458,0.285939111141488,0.858115175971761,0.254016520921141,0.684286554576829,0
0.841827143682167,0.861652318853885,0.927513892529532,0.782976216403767,0.0689307975117117,0.0396178702358156,0.197551377117634,0.969735812395811,0.815430431393906,0.520083310315385,0
0.940044735791162,0.857848515501246,0.0477783374954015,0.101944136666134,0.956695195985958,0.111793451244012,0.947603360051289,0.574602446053177,0.065196410054341,0.587800648994744,0
0.143252253256273,0.0583951697200537,0.315649880521465,0.570339384038933,0.301434871274978,0.792251914739609,0.106303566135466,0.353190681664273,0.936930931173265,0.254829986486584,0
0.507563001923263,0.187995924721658,0.483241935807839,0.448792208852805,0.219118493395858,0.0876433979719877,0.296880820533261,0.597700870363042,0.9296010856051,0.765907839406282,0
0.621922594715375,0.754503393961303,0.717871991048474,0.775831243255362,0.538551781686395,0.693563748849556,0.0538933982606977,0.345961975166574,0.828101370716467,0.676045865984634,0
0.433879066090658,0.621488674465939,0.634030800987408,0.523361761071905,0.43746445597373,0.298501512035728,0.376885693520308,0.763183421688154,0.0311590556520969,0.519145929487422,0
0.844023308122437,0.694690037689544,0.936051533696707,0.0251279158233665,0.743929232298117,0.219814429059625,0.688488822197542,0.865988276200369,0.0339730530977249,0.322950288420543,0
0.00265456718672069,0.0766467517660931,0.157869085284881,0.675355035563931,0.159616346855648,0.223222210537642,0.841711280634627,0.554842332145199,0.843531110323966,0.381933429976925,0
0.204498058364727,0.0469290386710316,0.856173192308005,0.194685317966528,0.149431499446183,0.012236634735018,0.250752790598199,0.8938943000976,0.792997285025194,0.653274200158194,0
0.850914250762016,0.757697758357972,0.776538560647517,0.779292416683584,0.751377677651495,0.298444048501551,0.697914490941912,0.287023476557806,0.684569543460384,0.0354718693997711,0
0.400624263650365,0.823268256318755,0.508725554074161,0.547701503692847,0.149889301440027,0.944052349077538,0.813470304943621,0.690977830439806,0.289333413355052,0.105045109055936,0
0.0748498709872365,0.731097848620266,0.897658470086753,0.167367754038423,0.870341070229188,0.679574631387368,0.983401984674856,0.702861210331321,0.465862622251734,0.0137058887630701,0
0.427912391580176,0.90074722090736,0.138052535683382,0.21646190661937,0.855056409351528,0.644383149687201,0.840076528256759,0.563850078731775,0.996601084247231,0.849657268961892,0
0.147620173087344,0.389759985941649,0.252166456824541,0.438550391823798,0.905355409226567,0.0249709035269916,0.0806742899585515,0.918190634110942,0.0805603947956115,0.228524974547327,0
0.684356885962188,0.866639725165442,0.182661251630634,0.32921059243381,0.135141938459128,0.80757117155008,0.222780977375805,0.748644239734858,0.120640326524153,0.879857110790908,0
0.0775195381138474,0.794280211441219,0.732201044680551,0.1325596740935,0.962576236575842,0.218471475178376,0.0750095909461379,0.384817134588957,0.58838117448613,0.366090420400724,0
0.101344779832289,0.950408620527014,0.198853939771652,0.00984275992959738,0.970423304010183,0.163619288941845,0.0793558910954744,0.387728780508041,0.649866265477613,0.636889459565282,0
0.84654436073266,0.156971606718376,0.204659695671871,0.955438803879544,0.250561276612803,0.706262600375339,0.0927843998651952,0.179667492164299,0.947423233417794,0.859654787927866,0
0.323368039996177,0.871203711702116,0.211522216149792,0.965370190029405,0.980524710574839,0.327917950227857,0.953829190460965,0.360519952373579,0.914462158223614,0.630293045425788,0
0.0646891257083043,0.00829659990556539,0.815355531591922,0.846216217284836,0.157641741310246,0.282660172320902,0.104943690123037,0.535399388289079,0.000288840616121888,0.470380707178265,0
0.585776241340674,0.37108837211309,0.468636525803991,0.854868240489997,0.152149079142045,0.99655827973038,0.958145020063967,0.0116178693715483,0.675882478244603,0.359814059687778,0
0.657211574902385,0.532785216372833,0.546861852670088,0.464999078490585,0.62676784379892,0.75274354359135,0.63789544114843,0.143212550319731,0.617024628212675,0.633977399673313,0
0.345389821171761,0.845149014115333,0.958719689148944,0.273511346913409,0.158972559048329,0.426814455538988,0.303921944694594,0.579231204930693,0.481588875874877,0.747747737215832,0
0.797642978839576,0.663817085791379,0.127163803204894,0.269128330051899,0.174171201419085,0.39698693389073,0.272489983588457,0.710945003433153,0.253635146189481,0.0642603635787964,0
0.334127679961175,0.164208234096132,0.117482609360758,0.364765374666359,0.343667144434061,0.672303309198469,0.043704328360036,0.0473085392732173,0.0778876326512545,0.0795613585505635,0
0.983148614875972,0.774950001621619,0.838904495816678,0.968071869341657,0.0705695173237473,0.697390646208078,0.80358142987825,0.252235407475382,0.733406917424873,0.606136219576001,0
0.671006707897223,0.309204467456415,0.568658380714711,0.612374747335725,0.667618940317258,0.643753852462396,0.102222345769405,0.283577288500965,0.386847577290609,0.118897466221824,0
0.731361986137927,0.297684143530205,0.804326908430085,0.629970912821591,0.726791011635214,0.917263978626579,0.230764867505059,0.788680412108079,0.979581234278157,0.995317575056106,0
0.297624674585648,0.829711066502333,0.866153692003898,0.476397040194273,0.933999884267245,0.906008503399789,0.0944858610164374,0.481108588166535,0.793047644896433,0.0648836912587285,0
0.77229706398733,0.147533058865368,0.201686913541704,0.0997364721365273,0.818595323167369,0.420127285411581,0.216487930854782,0.865579159464687,0.968051646836102,0.41415134887211,0
0.930120324158482,0.581724009062629,0.74632203193875,0.278107167232968,0.226665566100273,0.352570941206068,0.698448973940685,0.489029239397496,0.435869446257129,0.361461790045723,0
0.750827780038491,0.321697587713972,0.682530910827592,0.754348426916823,0.679004648464359,0.0771090509369969,0.894326143665239,0.3958610012196,0.616112613119185,0.732041528914124,0
0.911305702813901,0.974167136649601,0.176891578297596,0.813614659233019,0.0113744393400848,0.146755571942776,0.177666024537757,0.20499552343972,0.313860076246783,0.584985544672236,0
0.32102227361314,0.734546227228269,0.445403872421756,0.626276343160495,0.285336031818017,0.866879100445658,0.791931255254894,0.482775314943865,0.188195890979841,0.399433427490294,0
0.932847805923037,0.154979502913263,0.863273095421679,0.191136145982519,0.175052706936281,0.00388273131102324,0.138533751945943,0.710247860988602,0.869483880698681,0.342050622915849,0
0.380458761687018,0.137185939898528,0.195739694914408,0.485824838746898,0.63842390094474,0.365942595293745,0.480985871981829,0.637785404920578,0.435896748676896,0.501343920361251,0
0.96915418611737,0.258438086688798,0.878200068092067,0.0390056590573862,0.148956548236869,0.736250108806416,0.226089937612414,0.243064636364579,0.285435335012153,0.495717022567987,0
0.426191434301436,0.580848217615858,0.377802828345448,0.477687578368932,0.285117258299142,0.326859994558617,0.324363709194586,0.277351763565093,0.922241076827049,0.12037930265069,0
0.10620974143967,0.337226642528549,0.842800152022392,0.21599057270214,0.645207516150549,0.740085969679058,0.558186135953292,0.923845953540877,0.67418481525965,0.566596902674064,0
0.587784306146204,0.696336335968226,0.390849702060223,0.815243479097262,0.217583654914051,0.743869822006673,0.141613248968497,0.883491093525663,0.503843132173643,0.470999988960102,0
0.987605670936313,0.022432932644058,0.283384205021989,0.277974709863216,0.017634887302015,0.88995615276508,0.859884895151481,0.181385775096714,0.14112367737107,0.766316821333021,0
0.823228754157573,0.536616070073098,0.152306446083635,0.843257090043277,0.767015914379805,0.287099553039297,0.438311810139567,0.463478009914979,0.596538877347484,0.212283150060102,0
0.171268407022581,0.227042770711705,0.707700479077175,0.587307751644403,0.660589701496065,0.535318735288456,0.90050059161149,0.251093771308661,0.275098830927163,0.66447681421414,0
0.723175192344189,0.296268302935548,0.0823947221195325,0.34985951317735,0.0887019215043634,0.734111758181825,0.472061075735837,0.297535886522382,0.308966818731278,0.816968679893762,0
0.631280660787318,0.475429986929893,0.465105265872274,0.532301959245186,0.48621224274179,0.291480337269604,0.380341651849449,0.736914908513427,0.698597554815933,0.946649995166808,0
0.132466916227713,0.200960891786963,0.307350996183231,0.217004429781809,0.375842984765768,0.642020513769239,0.540727423736826,0.120359263150021,0.742233727825806,0.770628337748349,0
0.378081996335182,0.270614353596512,0.581404096514918,0.753097664927878,0.238314344922453,0.807730795815587,0.756085379282013,0.86257282551378,0.0573816853575408,0.197885336820036,0
0.951102867394686,0.869039337053895,0.907070507941768,0.00715325010567905,0.0517246715305373,0.204366268590093,0.535674091661349,0.440129808615893,0.115105713717639,0.473784086760134,0
0.32423478923738,0.66619178536348,0.74558464367874,0.251735079567879,0.342679979512468,0.557236938038841,0.141660773660988,0.740999104687944,0.77962845005095,0.730625639902428,0
0.629982087416202,0.109259226848185,0.128304264828563,0.272003923922032,0.63923403949663,0.557353209238499,0.962812356650829,0.831352109322324,0.331226230366156,0.785413606325164,0
0.826406775542814,0.170526695225854,0.884066179534793,0.0423059323898517,0.115882472914085,0.861728378338739,0.671819617040455,0.391976850340143,0.616025007097051,0.617764108814299,0
0.991137507565692,0.980401157155447,0.865979755643383,0.749241111804545,0.918782510545291,0.523372950265184,0.168020170880482,0.607242463389412,0.31877341424115,0.640556465368718,0
0.395535596338566,0.55238755613286,0.176779787916224,0.860801181810442,0.812118434594013,0.672859972110018,0.642103393562138,0.743135940749198,0.614957372425124,0.400367766385898,0
0.413363289155811,0.400751768893749,0.297597407111525,0.370619924847037,0.401980341595784,0.754108327208087,0.93709714571014,0.795326719526201,0.47028477746062,0.600975935580209,0
0.68787622381933,0.809061679057777,0.608998406212777,0.588100868510082,0.353814683388919,0.233927153749391,0.134551281807944,0.277169390348718,0.430113682290539,0.974762216443196,0
0.911016022320837,0.833623162703589,0.303942932048813,0.326345348963514,0.208023183280602,0.795569533482194,0.430321569088846,0.835773671045899,0.884896413423121,0.16491629416123,0
0.878698693821207,0.904329967685044,0.331115447450429,0.780223318142816,0.918325383216143,0.678971839370206,0.795135467546061,0.165808014106005,0.0796579190064222,0.598733441438526,0
0.260502944607288,0.604013352122158,0.332534374821931,0.0586661493219435,0.336865564469248,0.809868666809052,0.514101539039984,0.818248304538429,0.790440097916871,0.393639566842467,0
0.89153426176263,0.358228403707407,0.34890491051618,0.285990882699471,0.016837375414744,0.188983858795837,0.759928920073435,0.629544290481135,0.826361597748473,0.941279689548537,0
0.20601366871018,0.765050969839469,0.153970705206692,0.833570809317753,0.0870293951226399,0.262020086636767,0.0784129851963371,0.27460915199481,0.423051145160571,0.86622110567987,0
0.297965760740265,0.543784006357938,0.195918580416217,0.411730100615416,0.179650734395068,0.207807817962021,0.820564255584031,0.0319009609520435,0.725484369788319,0.429006018908694,0
0.527942628832534,0.680306287948042,0.655590001260862,0.703575216932222,0.724973134696484,0.315224581630901,0.531359521439299,0.718287996016443,0.549018349032849,0.379329220857471,0
0.492401597625576,0.667557811725419,0.907017558824737,0.340975046798121,0.773212746635545,0.448092523962259,0.178838273044676,0.0179128567688167,0.736633488675579,0.111213547643274,0
0.66802766021248,0.647858509169891,0.381962783278525,0.511822243433632,0.735990625995584,0.87679389747791,0.596920967567712,0.0609320648945868,0.490676848683506,0.835601105354726,0
0.480587126107141,0.816342870692071,0.888358550276328,0.491308981628716,0.848168057468999,0.420869818190113,0.674114073626697,0.614834674168378,0.836400893051177,0.13088246062398,0
0.759220995042473,0.91040308278352,0.0358338617660105,0.231870938389003,0.044645334135741,0.415344421286136,0.458012623013929,0.812015172326937,0.437576071592048,0.360105082625523,0
0.497412671112828,0.670562211251538,0.403157844579779,0.429817753307149,0.305451746928599,0.132835579803213,0.752393105067313,0.878602326614782,0.439253659918904,0.951643101405352,0
0.899941087700427,0.0314581317361444,0.0846309193875641,0.839706107508391,0.00389399263076484,0.823691481724381,0.0317128635942936,0.348426777869463,0.0976535787340254,0.0712401862256229,0
0.497454350226,0.63178142853491,0.49718537120549,0.443882244184986,0.518075846655667,0.953845824114978,0.596655927831307,0.981334451586008,0.309035321697593,0.290753617184237,0
0.487785001935065,0.796212507824972,0.518867717259377,0.153607443197444,0.477214661553875,0.973569023655728,0.148739699972793,0.0471494570374489,0.977153201354668,0.0421221929136664,0
0.595824096351862,0.345207765698433,0.405777192208916,0.482743229717016,0.809962435392663,0.516212327871472,0.0609865083824843,0.696052124723792,0.60703011858277,0.224057877669111,0
0.397347763637453,0.133440538656712,0.156600951416045,0.385225137402676,0.172584154296853,0.00365321827121079,0.995936867315322,0.865321765188128,0.490837722783908,0.512242816155776,0
0.875189908466768,0.200546418855432,0.707073990034405,0.0325972139807418,0.266168201568071,0.233842062298208,0.691277571721002,0.667305137263611,0.77841118699871,0.401203706860542,0
0.356594797138125,0.418614285384864,0.500257760278136,0.62153320498094,0.414814954481274,0.627483746735379,0.728279534727335,0.00695984507910907,0.747490137349814,0.826844347873703,0
0.966892963895295,0.83066859207293,0.987874056897499,0.972061269760411,0.279620361199323,0.559193671913818,0.0980485163163394,0.132906359853223,0.51388347777538,0.0372532340697944,0
0.126044098683447,0.0103628158872947,0.147450060012937,0.919013189632259,0.0662062238859013,0.151919182855636,0.029988709371537,0.735507200704888,0.272656426997855,0.19885613815859,0
0.0263813398581929,0.373539046699367,0.883060604345985,0.537707856942061,0.737674441035744,0.149700226495042,0.311665651621297,0.627760708564892,0.909449099097401,0.44658266287297,0
0.637896240120754,0.161842216987163,0.0401095039732755,0.830028958203271,0.686288676111028,0.777503256918862,0.665521579096094,0.256022077286616,0.81999298138544,0.674781545763835,0
0.83389511715835,0.991361698593572,0.1923208621067,0.691831117152423,0.124221371800732,0.35860144929029,0.794591079000384,0.224272037157789,0.708749925717711,0.630425492534414,0
0.311152695445344,0.204374798340723,0.156070830533281,0.107772316318005,0.715043447678909,0.696414802921936,0.273239964386448,0.683845937019214,0.442194382892922,0.010555477347225,0
0.233314048536215,0.711821315053571,0.207279660047498,0.291610817166045,0.607066606230196,0.484716535545886,0.384251460898668,0.885193394729868,0.495358424494043,0.684847102034837,0
0.459380117888749,0.579463714657724,0.467024344035238,0.20663033798188,0.274354379200935,0.442112503806129,0.884669747203588,0.136065460508689,0.560889830347151,0.745485153282061,0
0.273350510749966,0.272617683309596,0.784879424980842,0.91487809227081,0.361852029267698,0.779192163143307,0.360659288009629,0.60581849119626,0.750859888968989,0.165321639506146,0
0.633426509564742,0.840734149562195,0.769576161867008,0.425334538333118,0.633558064000681,0.425959664164111,0.725420720409602,0.48555525788106,0.906575798988342,0.574094009585679,0
0.767013609642163,0.315939340274781,0.506723803235218,0.896328501170501,0.931042865850031,0.643649338046089,0.226588080869988,0.472176040289924,0.0720001596491784,0.114172461442649,1
0.269469239060208,0.904690707430243,0.0278031176403165,0.00101645962670444,0.182694170575216,0.298570650396869,0.784323751693591,0.440345856361091,0.679130266187713,0.381054351804778,0
0.742259768619202,0.891021234302688,0.422751609076187,0.792889822721574,0.732865371321421,0.416702599963173,0.894550488097593,0.102217945968732,0.130397599888965,0.854837114457041,0
