"1","2","3","4","5","6","7","8","9","10","class"
0.490300355805084,0.54334494099021,0.512783588888124,0.358488022792153,0.480262442934327,0.645311890402809,0.48523483495228,0.528890409274027,0.27688910276629,0.00335654173977673,0
0.774637369881757,0.27964904459184,0.827154773616791,0.792564851867594,0.752847723398078,0.283072044607252,0.259522910928354,0.483039393089712,0.481799294007942,0.684500750154257,0
0.35232172780633,0.261366540336609,0.943224043098092,0.653946780979633,0.249169532515109,0.961305011296645,0.15826822980307,0.583102928241715,0.0290016732178628,0.0239055033307523,0
0.436837570043281,0.563627668423578,0.438457315089181,0.591801199363545,0.303562211804092,0.0404015355743468,0.542196222115308,0.0899545210413635,0.396052436903119,0.250641960417852,0
0.879701208732463,0.882967745163478,0.380894235953502,0.306273914194666,0.282058958894573,0.437416233122349,0.123553375247866,0.489254470914602,0.842449959600344,0.868948744609952,0
0.697690566917416,0.605921745228115,0.544541286795866,0.691855492242146,0.430523919215426,0.310147319221869,0.99050169903785,0.143680457491428,0.679360666079447,0.38427982176654,0
0.816282753685117,0.675386299357191,0.362643376282975,0.790042527033389,0.422408216368034,0.880565718747675,0.912903799908236,0.249089003307745,0.938636174891144,0.617509909672663,0
0.358512382312119,0.324720556790475,0.749755207424611,0.589430252441298,0.748541333541647,0.308670689351857,0.914635677356273,0.49517169338651,0.332090702606365,0.385405268752947,0
0.628911316383257,0.185517349842936,0.827177988986112,0.698075836218707,0.144477092073485,0.65960807679221,0.930510353762656,0.436492820968851,0.15869069378823,0.0898560613859445,0
0.682673859189171,0.661950847142842,0.139790392276458,0.749246455226745,0.667476626580581,0.0894500301219523,0.324626079294831,0.603036753600463,0.686023296322674,0.701296541141346,0
0.58904576321505,0.526024513492361,0.500893144620582,0.576202950483188,0.361034711806104,0.432721172692254,0.995000688359141,0.466303656809032,0.240083099342883,0.93525878037326,0
0.33032481581904,0.576093673938885,0.667195196496323,0.673859786009416,0.237334239762276,0.876593252411112,0.620918358210474,0.0771776628680527,0.830204512458295,0.738991463091224,0
0.542895079181343,0.448691639984772,0.319963761377521,0.484562322196737,0.331266537271999,0.0545150667894632,0.630195417907089,0.990809363313019,0.340606277110055,0.703011336037889,0
0.260648353723809,0.641001317417249,0.739659205311909,0.340965035371482,0.216472885804251,0.348943572025746,0.877115610288456,0.641854181885719,0.823090669699013,0.316300474805757,0
0.210521960766986,0.999855939900875,0.0874132260210812,0.999828863178939,0.924944581844658,0.762360366759822,0.394444232573733,0.424324917141348,0.409750361694023,0.0499447085894644,0
0.649899505185429,0.489942558703013,0.701960329008289,0.261710921333171,0.422704286269844,0.25969077157788,0.165388301247731,0.763126383302733,0.985163588542491,0.162786199478433,0
0.420099784444086,0.271218932533637,0.322184643471986,0.640404620350339,0.493431172116101,0.874042458599433,0.790478552225977,0.164437953848392,0.109935472486541,0.445960728917271,0
0.814919374672696,0.230650167679694,0.173140111203585,0.821241610625386,0.8582822154711,0.56877610553056,0.231486677657813,0.107773262541741,0.383387935347855,0.925230720778927,0
0.645718550031632,0.548293898088485,0.358668300431222,0.516489629728347,0.542783635752648,0.191761405672878,0.71379545959644,0.368526462232694,0.856752404710278,0.281128920149058,0
0.799707976402715,0.319514303700998,0.391617721877992,0.553708482999355,0.140166857047006,0.33983144746162,0.712755449581891,0.283228228799999,0.28063533641398,0.955070273252204,1
0.969380006346852,0.949631587557495,0.0417780357059091,0.126374620178714,0.179031967340969,0.67916409438476,0.177414022618905,0.282998187933117,0.644501542672515,0.881011354969814,0
0.372659232329391,0.579630358348507,0.485612328973226,0.602223654164467,0.265510261346493,0.470804260810837,0.621705819154158,0.895727495895699,0.794715764932334,0.335919174132869,0
0.933688532638177,0.16615378957577,0.930821503401548,0.804366497916728,0.175929576528817,0.0792817953042686,0.356477877125144,0.347812364343554,0.467190187890083,0.57573265931569,0
0.227827058173716,0.814111379440874,0.84763076948002,0.0359859128948301,0.088599918410182,0.719756643287838,0.237039018655196,0.450197720434517,0.762331796111539,0.749599415808916,0
0.966766114921309,0.13126224575527,0.792121866438724,0.872571424213797,0.140998220696114,0.507149351760745,0.868578017689288,0.535335178719833,0.704355127410963,0.411034861346707,0
0.821410621630493,0.816829659729265,0.38106369165238,0.369235160602257,0.30242256098194,0.29724295437336,0.299693272914737,0.0368466915097088,0.550722358981147,0.48121072538197,0
0.380893878180534,0.448168469597399,0.549951806104183,0.463619926265627,0.523430057713389,0.885399812133983,0.160234288312495,0.182244373485446,0.235809476580471,0.14040389796719,0
0.835767774609849,0.854057742282748,0.110116288298741,0.0386712898034602,0.817269603954628,0.624675386352465,0.639133303891867,0.201214275788516,0.477765382267535,0.238969242433086,0
0.41326589382682,0.386948489913903,0.503588457781263,0.491645575299114,0.492246815969422,0.634342607110739,0.358963773818687,0.00866303103975952,0.373944803141057,0.135828477330506,0
0.529595613492094,0.650830886822473,0.546378470837884,0.570451245552581,0.614610144243017,0.00330734229646623,0.97073181043379,0.898309359094128,0.711936543229967,0.115079220850021,0
0.683536398366094,0.174180872600526,0.768900282796472,0.17210857555829,0.23222320942767,0.497597110690549,0.935566315660253,0.992979471106082,0.280223308829591,0.0961073159705848,0
0.627084716456011,0.264674130361527,0.689884373452514,0.400290237274021,0.661004151916131,0.092887254897505,0.934781369753182,0.669968770584092,0.362377910874784,0.485293373931199,0
0.0985116567412391,0.111037767963856,0.0132639705849811,0.0638842840654776,0.126254257878475,0.397877952316776,0.301342061953619,0.655150695703924,0.529493333073333,0.796837286558002,0
0.467914622410014,0.25254102353612,0.552153344580159,0.492390398352593,0.539095982148591,0.172249842435122,0.853315267013386,0.267382350750268,0.235243892529979,0.852734698913991,0
0.90731072827056,0.76994375416562,0.197100452125818,0.203929945469648,0.868783608741313,0.817888487130404,0.575842870632187,0.175355029059574,0.478223267942667,0.959491504821926,0
0.542235494903754,0.646082091919612,0.505654669559561,0.461618702550419,0.387748034901917,0.563880391884595,0.383588663069531,0.289948842953891,0.697223162045702,0.161072351271287,0
0.283841115171462,0.873370984672382,0.975433096497133,0.889374766191095,0.905339790788665,0.346505667315796,0.029457300202921,0.218985209707171,0.243150648195297,0.516452984185889,0
0.353956037071254,0.873641682380252,0.852505013292469,0.305812855067104,0.12931494070664,0.0457571377046406,0.886971436906606,0.842560733435676,0.966976855881512,0.436811349354684,0
0.21858062944524,0.21220170843415,0.175626126398519,0.8631329431694,0.954764950811863,0.806703053414822,0.932335912249982,0.0163506176322699,0.958318261895329,0.762061260873452,0
0.0566427625968121,0.937901919509098,0.165810186200216,0.871332855685148,0.906215370337665,0.113753774669021,0.853679494233802,0.913427651626989,0.266517494339496,0.287412452977151,0
0.244470720754936,0.530138271118514,0.2189634436341,0.373164889144711,0.447750305070542,0.510036990046501,0.357387692434713,0.825626716716215,0.0899421749636531,0.432252971455455,0
0.616685828951001,0.672136168649141,0.453996037723031,0.311363665460236,0.501641274102777,0.822280318243429,0.152257263893262,0.531488934764639,0.267045010114089,0.553454109933227,0
0.219946207961068,0.540794314249977,0.418245663099363,0.474676225849614,0.773555020060018,0.266952015226707,0.949611780233681,0.1729312739335,0.657158385729417,0.458008693531156,0
0.181008145549987,0.0599913089682348,0.696090494611766,0.074675711633265,0.927532021165453,0.143423679284751,0.0187559968326241,0.729526243871078,0.865139391506091,0.41690510045737,0
0.267788148525357,0.148972984726727,0.063749537925981,0.354113668914698,0.785825917365961,0.201916837831959,0.0625296644866467,0.732010765234008,0.805637591518462,0.427753303200006,0
0.989494618380442,0.819048887019046,0.134719039878808,0.0941857566013932,0.14262290528696,0.307279000990093,0.304992459714413,0.285116740735248,0.371476024156436,0.922349810833111,0
0.671106282175332,0.542739237756655,0.409224238329753,0.63030899515152,0.564551654645801,0.709048663964495,0.780957330018282,0.65200590249151,0.229072394547984,0.7654825784266,0
0.793165301016159,0.0878983500858769,0.966197590167075,0.869917938503996,0.960565296323784,0.216926104621962,0.253560536773875,0.730276949703693,0.0547370142303407,0.0699625427369028,0
0.852955636580661,0.127920522183925,0.0388703448416665,0.928727346127294,0.764253844648972,0.923287177225575,0.157898226287216,0.468098575249314,0.862961026374251,0.29131196718663,0
0.323644181946293,0.754208272323012,0.743888784898445,0.350571423768997,0.349588898243383,0.499111826065928,0.157526616705582,0.838402127148584,0.156733654905111,0.654760612873361,0
0.529699888275936,0.519386533917859,0.641680724965408,0.274219828350469,0.449444061694667,0.659514483297244,0.397356877336279,0.0698516205884516,0.382812272291631,0.548069146694615,0
0.873133000219241,0.144694845192134,0.0983912581577897,0.842873990768567,0.265959388343617,0.57713409117423,0.427342032780871,0.976201789220795,0.167877195170149,0.863199909916148,0
0.655337645905092,0.338128270814195,0.556633070809767,0.640653092414141,0.405565873952582,0.540730457054451,0.778960166033357,0.28551719756797,0.986657720059156,0.0970218903385103,0
0.985850920489244,0.874111220434029,0.937100079083815,0.0506973186247982,0.102207371527515,0.357216454576701,0.619278533151373,0.518522483296692,0.252699004020542,0.54050374077633,0
0.815134456771985,0.892895855066553,0.759631751830131,0.64165907513611,0.90453685525246,0.345831209560856,0.807856819825247,0.261771854246035,0.539985915878788,0.186049609445035,0
0.207277844742406,0.214511103448924,0.236702330281492,0.00595514041231948,0.871956056236289,0.00352316605858505,0.568550147814676,0.189946341793984,0.900073559489101,0.993699545506388,0
0.959803337141685,0.211780642786995,0.0531528313504532,0.0482030371287838,0.0125029618578032,0.647074649808928,0.174650707980618,0.140343020902947,0.500589128118008,0.32484018523246,0
0.223296668036561,0.0726819664647803,0.73466776154628,0.188676427448448,0.194210762928706,0.419381264364347,0.134018698474392,0.836381000699475,0.317705933470279,0.0536236460320652,0
0.742803988044709,0.990276762718707,0.226778184528649,0.900309485138208,0.974189062228799,0.98133220244199,0.770469496957958,0.616319320863113,0.230356010608375,0.638352765701711,0
0.597604827780183,0.540460632264987,0.57698215154428,0.654098070530873,0.513651510177832,0.304938314016908,0.257033497560769,0.174208730226383,0.534864893183112,0.047409696271643,0
0.335690622894093,0.786724420950748,0.684542715382762,0.637319539643824,0.799632898384705,0.664401159156114,0.813088950701058,0.19525355193764,0.335686686215922,0.517867289017886,0
0.268833979528584,0.248959244139493,0.0951360741668381,0.954812820548844,0.26373473569639,0.661405987571925,0.553328608162701,0.402773798210546,0.297674096189439,0.572515969863161,0
0.856269384022802,0.796182952206954,0.685712102022767,0.309728228446841,0.674268014934286,0.191857962403446,0.0102314574178308,0.854824168607593,0.428197548026219,0.108409110922366,0
0.655144480444491,0.628189482932352,0.588727775716968,0.347638955413271,0.384153499746509,0.142901104176417,0.915738384239376,0.278461724054068,0.0514410401228815,0.363556682830676,0
0.193745141582191,0.816285724093393,0.178171208837628,0.82955685312748,0.806661386417784,0.980322018498555,0.480309764621779,0.713084635790437,0.0305051689501852,0.0429684347473085,0
0.918096716683824,0.322123883645982,0.21551840075478,0.720870582874399,0.147631885054521,0.921199377160519,0.659412370063365,0.969218593789265,0.171635633567348,0.483386870240793,0
0.906566563103721,0.899457555654272,0.255021418160573,0.0387739306319505,0.745548374108598,0.850287784822285,0.192674628691748,0.32115980819799,0.866832010447979,0.93437923095189,0
0.694210439504404,0.280422077347711,0.187440591418557,0.368056762068626,0.29681842145985,0.24326447956264,0.476725089829415,0.860269086435437,0.149737310130149,0.207862009759992,0
0.257910870656744,0.793969241082296,0.633516361873783,0.755359773709998,0.421497232826427,0.681835015770048,0.399759134277701,0.398407174972817,0.812255086842924,0.0793529818765819,0
0.135572738801688,0.0723517536603846,0.794396355407871,0.00693173162611202,0.897141404583398,0.986287564970553,0.323319783201441,0.0360305272042751,0.682305876398459,0.50037097139284,0
0.640022278046235,0.480013588160276,0.633481329830363,0.456416020931676,0.637938537823036,0.692026387667283,0.127515132771805,0.986077642766759,0.422900743316859,0.648221025941893,0
0.912524599396158,0.878398559422139,0.065249476974085,0.894061608036328,0.0930934279820882,0.24330356460996,0.421259975526482,0.619614236755297,0.443851044867188,0.337810853961855,0
0.51430125633087,0.466100216048025,0.422036360883154,0.260338884200901,0.185767356140912,0.0441592172719538,0.446039270842448,0.242365905549377,0.581347459927201,0.430581721710041,0
0.292422265831009,0.578859211206902,0.617211425106507,0.681810926964786,0.629518384273723,0.0434795871842653,0.514913561753929,0.327083331765607,0.0978829788509756,0.073621264891699,0
0.665247943389788,0.427443955602124,0.775601302401349,0.443439805982634,0.721582653456554,0.00552680995315313,0.479716872796416,0.301620363257825,0.271716882707551,0.380501690320671,0
0.71202682439005,0.238901923433878,0.732678111644927,0.223369402273092,0.724043297474273,0.485128853004426,0.603221288882196,0.176119714509696,0.712220211979002,0.125461397459731,0
0.683089115416445,0.417290538987517,0.714818254427798,0.655685737149417,0.443731333268248,0.877442638156936,0.886300197336823,0.624399084597826,0.753130564000458,0.639592615887523,0
0.0624899988700636,0.865058554917853,0.128458957665786,0.825241018112469,0.843024717834685,0.907467400189489,0.507098066620529,0.299798153806478,0.749797139549628,0.204344569472596,0
0.361224640849605,0.368844887091592,0.453104191621766,0.389183769077808,0.406152259169519,0.797729957150295,0.987134594935924,0.15331298741512,0.399900700664148,0.0652557478751987,0
0.13225244008936,0.211539150448516,0.730027912650257,0.758233920205384,0.157404264202341,0.858421304961666,0.178706679260358,0.985151358181611,0.401629452360794,0.271478289971128,0
0.861363945742138,0.104074912813492,0.259404000158422,0.797800484452397,0.763796435983852,0.0106437948998064,0.543778374092653,0.0409595244564116,0.999881431926042,0.357072226237506,0
0.521426219000667,0.386849139552005,0.332738563461416,0.221555801701825,0.487335556933563,0.0160100420471281,0.0860729541163892,0.187780845444649,0.901743598980829,0.222661971813068,0
0.300923571907729,0.836134092862159,0.152269769500941,0.243201932256669,0.183613045912236,0.805416227551177,0.744003588799387,0.963076308602467,0.920725053176284,0.0766418746206909,0
0.192027324239165,0.788779954618309,0.201231783972215,0.807259027997311,0.1089156710268,0.976799487369135,0.081750747282058,0.0481013306416571,0.703888152493164,0.406318268971518,0
0.587169773411006,0.422175283078104,0.346163297770545,0.63502308470197,0.275522711221129,0.145168553804979,0.485096266726032,0.250957074575126,0.222996121505275,0.399120341520756,0
0.79405614247825,0.559515964084771,0.827582538559102,0.287321781267412,0.607149997536559,0.682045762427151,0.215493973344564,0.889203731436282,0.946519886143506,0.885920511558652,0
0.637179923243821,0.265091383596882,0.581800759769976,0.428351423237473,0.718613868579268,0.427616927074268,0.211313696112484,0.244542575906962,0.335856891702861,0.531495123868808,0
0.643794942037295,0.467130746742617,0.468220226037875,0.663511265624501,0.480581181605067,0.384183019865304,0.177199390949681,0.586824441095814,0.446762945270166,0.716165603371337,0
0.116287210062705,0.149027135689184,0.835056784289144,0.983159379750118,0.736046483660489,0.0944853792898357,0.175543162273243,0.965861742617562,0.310258863028139,0.353474625851959,0
0.900905820200127,0.818659413769562,0.757178782079183,0.404887952641957,0.147435218273569,0.284128659870476,0.300138180144131,0.719777704449371,0.969463569344953,0.347808894468471,0
0.863650576358661,0.987766629336402,0.803564265297726,0.771053155681118,0.120916527444497,0.733266228111461,0.195316217839718,0.787407185183838,0.800931637408212,0.274355319794267,0
0.186594571891893,0.698291264599469,0.326689617030323,0.831181396245491,0.84080280909501,0.398343957960606,0.875276148784906,0.345253496896476,0.702611658954993,0.862754088127986,0
0.68679619844649,0.538923563126102,0.342851527804881,0.249402026562952,0.206254970594123,0.786928580375388,0.778353118570521,0.772158745210618,0.47017642040737,0.64258677023463,0
0.869287303553522,0.228773541855719,0.348644117586222,0.725738130977564,0.644932923511602,0.832656810292974,0.733636430231854,0.108918366022408,0.409604193875566,0.809056471567601,0
0.770051616925374,0.881978529944643,0.427080852220952,0.364168334294111,0.7015619382523,0.883593832841143,0.346013106405735,0.45191224035807,0.704278849996626,0.167710549198091,0
0.783180460406002,0.116341612724122,0.230842119056731,0.596707602689508,0.624598054807167,0.65806836495176,0.0892715065274388,0.820138233480975,0.556877398397774,0.476534761022776,0
0.522132160578482,0.402085787546076,0.56876911081206,0.386587563146837,0.621188985597156,0.968036487232894,0.792278557317331,0.527819087030366,0.664324908517301,0.707400123821571,0
0.708632043154258,0.612927349230275,0.760363201584294,0.692470190389268,0.598798402107321,0.213920101290569,0.982206332730129,0.487076954683289,0.670247733127326,0.590762882726267,0
0.772969493918121,0.21802758359313,0.621357851679623,0.674583037415147,0.204380321532488,0.353477749042213,0.721090937498957,0.379081769380718,0.0017677138093859,0.591660940321162,0
0.270179624458309,0.346085822353791,0.752141980123892,0.847734246801585,0.269993733988795,0.315523187397048,0.864437504904345,0.439340280368924,0.460692032938823,0.946873405715451,0
