"1","2","3","4","5","6","7","8","9","10","class"
0.00751011166721582,0.756707896478474,0.466631260700524,0.255578739568591,0.105570721905679,0.0666687318589538,0.782833345001563,0.850552790099755,0.677407886367291,0.0276297263335437,0
0.799206436611712,0.00195680418983102,0.0856492284219712,0.340201801387593,0.39591049682349,0.060663792071864,0.572428415296599,0.38283976726234,0.128050844650716,0.196955144405365,0
0.409680898301303,0.858697830932215,0.382395918481052,0.778233479009941,0.82847444107756,0.989168613916263,0.33650593762286,0.34566716873087,0.890519172651693,0.692623766604811,0
0.540273935301229,0.771044754423201,0.796375994104892,0.494196980958804,0.171971389092505,0.186220179544762,0.953150920802727,0.711811342043802,0.508882268797606,0.828375504119322,0
0.341311067808419,0.608588702743873,0.81240241532214,0.974488307721913,0.69309643167071,0.985240093199536,0.473976603941992,0.448741573374718,0.00641052727587521,0.566018189536408,0
0.119426709366962,0.218061932595447,0.430065756430849,0.797595974756405,0.103192284004763,0.544927900191396,0.0798369713593274,0.986274572322145,0.298918173182756,0.0916821497958153,0
0.878015936585143,0.263573189964518,0.495017568580806,0.760360109852627,0.916170720010996,0.5990205029957,0.556900552473962,0.373415406793356,0.440620358800516,0.465988620882854,0
0.56034016283229,0.10460252338089,0.725721595808864,0.436893629143015,0.144180034054443,0.0569154438562691,0.217023223405704,0.862288033589721,0.655252741416916,0.290003445232287,0
0.540044230176136,0.504379594000056,0.569649946177378,0.26367466035299,0.178228625096381,0.0266752515453845,0.397642579395324,0.733295836020261,0.247232913039625,0.786021964158863,0
0.916204590350389,0.995785569306463,0.875394555972889,0.0781114844139665,0.186997183365747,0.419794133165851,0.592341331299394,0.057281315792352,0.804654817795381,0.190794771770015,0
0.372649665921926,0.0385850807651877,0.628225464606658,0.247841565869749,0.938048271229491,0.784959164448082,0.896551817655563,0.825650348793715,0.158666564151645,0.322203579591587,0
0.186646717367694,0.908411192242056,0.453750444343314,0.531726354034618,0.143029020866379,0.250256564933807,0.1178897570353,0.490753417601809,0.713475358206779,0.183381802402437,0
0.766698449384421,0.0253824710380286,0.896163253113627,0.0290071521885693,0.537150596734136,0.0123272398486733,0.481609931681305,0.709258050424978,0.870866073993966,0.786993253976107,0
0.765785243129358,0.340570087777451,0.77921610022895,0.813586342846975,0.791408239863813,0.883757705567405,0.179779525846243,0.575796731514856,0.31314864102751,0.472276772838086,0
0.787982321809977,0.658034811727703,0.967081123730168,0.59600420971401,0.792639502091333,0.508255633758381,0.436118489364162,0.0577725460752845,0.166183818830177,0.46639983006753,0
0.814191894605756,0.38440527417697,0.647119683446363,0.597030487842858,0.110394738148898,0.415067347232252,0.584403361892328,0.699968561995775,0.920338502852246,0.102728290949017,0
0.249829351902008,0.698987459531054,0.937432817183435,0.0238911567721516,0.382811355637386,0.901736244093627,0.00778033444657922,0.396086919121444,0.856031036237255,0.173084832029417,0
0.971607797080651,0.623852867167443,0.404170937370509,0.715148519258946,0.611197886988521,0.106709632789716,0.589849283453077,0.184063048800454,0.536663246108219,0.264042924158275,0
0.0205937835853547,0.526475214865059,0.530067197978497,0.403569987975061,0.740702488226816,0.660013825632632,0.197450286941603,0.444245737278834,0.585629800800234,0.684112662216648,0
0.800642068265006,0.12045334582217,0.374531432054937,0.214333254378289,0.529027078533545,0.904304072260857,0.81656721397303,0.669831450097263,0.233289039693773,0.503341602627188,0
0.738864970393479,0.760083637200296,0.881412764312699,0.850661071715876,0.358263783389702,0.202241161372513,0.535410167416558,0.902085592038929,0.936989404493943,0.978587204357609,0
0.549468348035589,0.626582730794325,0.822265346767381,0.454684362513945,0.945054600480944,0.0469187339767814,0.0348013443872333,0.471949931234121,0.627201158087701,0.420863625360653,0
0.570683562429622,0.461201790487394,0.47577625582926,0.711430886760354,0.606206737924367,0.712379292119294,0.0809806759934872,0.0746324919164181,0.695876513142139,0.389973869547248,0
0.996644922764972,0.878645408432931,0.586576564004645,0.248757468536496,0.276800723746419,0.407549335621297,0.371822331100702,0.12586144846864,0.26720845582895,0.476146746892482,0
0.188068077899516,0.549498098669574,0.567537336843088,0.11103060725145,0.0444979204330593,0.1230939689558,0.636889737797901,0.314613738330081,0.890643013408408,0.0720933417323977,0
0.232444314286113,0.535852691857144,0.174993488937616,0.472319912398234,0.458646675571799,0.465009998530149,0.358103636885062,0.0515532738063484,0.0741670629940927,0.689806009409949,0
0.814774478320032,0.537511714268476,0.0920918614137918,0.145404205424711,0.381835657171905,0.110563934082165,0.395776616409421,0.647828920045868,0.439258141675964,0.769932874012738,0
0.29457701346837,0.398174150846899,0.810474625555798,0.859177169390023,0.425866304896772,0.929031409323215,0.533954758895561,0.166925131343305,0.523922817315906,0.168797793565318,0
0.902503685792908,0.743525672005489,0.609062808798626,0.677769624860957,0.427146123722196,0.832119957078248,0.313342145644128,0.467286432394758,0.368076883954927,0.211006578290835,0
0.541240512393415,0.908758462872356,0.884374968707561,0.627899844199419,0.805895916186273,0.273232956416905,0.355124786496162,0.758194191148505,0.0580779414158314,0.715044459328055,0
0.74858632334508,0.906832634704188,0.445471131941304,0.69769222359173,0.338990406598896,0.0119166551157832,0.702910251682624,0.767654584953561,0.157996865222231,0.680609432281926,0
0.525047101080418,0.524224227992818,0.166349955135956,0.108318949816748,0.758314137347043,0.271815930958837,0.281553647248074,0.925826363964006,0.406776721356437,0.235809744568542,0
0.891652288613841,0.167304923292249,0.567393218632787,0.980464879656211,0.218799446010962,0.168985950993374,0.850543663604185,0.878404885996133,0.956859948812053,0.884905606275424,0
0.0852361170109361,0.0898137944750488,0.680481806863099,0.934223025804386,0.735146170249209,0.562209665775299,0.819834097987041,0.190919185290113,0.758182436227798,0.298788710031658,0
0.0101921937894076,0.79265265353024,0.193576386664063,0.101135778939351,0.538709090091288,0.456157446373254,0.460798825137317,0.883433061419055,0.394516225205734,0.992294901050627,0
0.190851258579642,0.0563190870452672,0.655394255416468,0.737667043460533,0.600771782221273,0.598188558360562,0.0720734486822039,0.89159690355882,0.695172367617488,0.866145943989977,0
0.461433859774843,0.557070872280747,0.345716163516045,0.0843382989987731,0.334548331564292,0.572912047384307,0.932918437290937,0.0812274967320263,0.994174162624404,0.975820754654706,0
0.472360813524574,0.803476924309507,0.184697357704863,0.251859528012574,0.702702884795144,0.0180329871363938,0.403551674447954,0.707306384574622,0.00667915679514408,0.851901023648679,0
0.669899658532813,0.084469229914248,0.78744614799507,0.334599542664364,0.894992111716419,0.719915176276118,0.482723297318444,0.515934705734253,0.70166714838706,0.0010011529084295,0
0.754670578986406,0.637283976422623,0.162310638930649,0.21578676905483,0.41761628142558,0.775400487706065,0.651688990183175,0.853579324902967,0.782439003698528,0.110028504626825,0
0.548829101026058,0.987882653716952,0.16143131069839,0.233578516170382,0.235507732955739,0.963447700021788,0.32109867176041,0.604746078606695,0.948668083874509,0.0523121377918869,0
0.756338193779811,0.636068297782913,0.620430837618187,0.77737361821346,0.523147891042754,0.471897584153339,0.854767812648788,0.742386866826564,0.218996439827606,0.579635383561254,0
0.0247632388491184,0.552790112560615,0.70872865174897,0.814736760919914,0.61205072212033,0.744766810210422,0.242171331075951,0.260081047192216,0.673140344908461,0.974968692753464,0
0.945832629688084,0.348025520797819,0.937168450094759,0.842325206613168,0.268176325364038,0.676822638139129,0.413010920630768,0.376516528427601,0.0418796618469059,0.412195758894086,0
0.479541055625305,0.300447159446776,0.0773103644605726,0.528329576132819,0.815262759802863,0.438275891589001,0.874808902153745,0.7819344161544,0.68766268203035,0.942658431362361,0
0.65904087992385,0.800829568877816,0.0279957852326334,0.722002136753872,0.456082280958071,0.0324682290665805,0.252449087798595,0.111661964096129,0.204754370031878,0.303355936426669,0
0.0459659821353853,0.913828691001981,0.680955490097404,0.566406567348167,0.136015624040738,0.131173097761348,0.386123371077701,0.514382344670594,0.223435563500971,0.374708847608417,0
0.135780708234897,0.291973456606269,0.251208258980233,0.956957140964689,0.184739968096954,0.125510985963047,0.813468149630353,0.761110609630123,0.121531270211563,0.725128986174241,0
0.58007922301162,0.927662779870816,0.3990086430436,0.638557571101002,0.460909139496647,0.356885375455022,0.983255496714264,0.535800283309072,0.221214462537318,0.420915553811938,0
0.867458714870736,0.478690457995981,0.382503378437832,0.83496654802002,0.375392210204154,0.346978099085391,0.789791975868866,0.892522741807625,0.453352701151744,0.64750965568237,0
0.0107986365910619,0.0985097736120224,0.845988568849862,0.7130460543558,0.333882957464084,0.0732916060369462,0.219978071982041,0.504181018099189,0.935048497281969,0.768293339526281,0
0.924974167952314,0.352323962142691,0.927265002857894,0.783714903518558,0.0797377065755427,0.410958425607532,0.655594417825341,0.416543069528416,0.603496143827215,0.785929083591327,0
0.264229762833565,0.962165046250448,0.775981762213632,0.432220073416829,0.155665679601952,0.277834499953315,0.339837466366589,0.181442915694788,0.290619287639856,0.799325904343277,0
0.041138470871374,0.0238477783277631,0.0439387497026473,0.0116061198059469,0.768379042390734,0.899018056457862,0.880578272975981,0.0882461650762707,0.0942304353229702,0.112167814513668,0
0.446202831808478,0.410436126869172,0.205799433402717,0.848821517080069,0.850443138508126,0.336650864686817,0.744530466850847,0.391290596919134,0.77646567649208,0.116386517882347,0
0.184034693520516,0.42058762582019,0.275476282928139,0.657970767701045,0.544803237309679,0.700906554702669,0.470405236352235,0.826418474549428,0.793926120502874,0.163281726883724,0
0.580832034349442,0.140570452436805,0.619919624645263,0.510106494184583,0.664409863296896,0.72638928424567,0.131587165407836,0.373376361792907,0.935037402203307,0.235182312084362,0
0.915313962381333,0.579829240217805,0.743534352164716,0.414877066854388,0.732870268169791,0.0893984013237059,0.298271820880473,0.181004848796874,0.822700234362856,0.135384520050138,0
0.186244526179507,0.547591941198334,0.916309758787975,0.882293054601178,0.264086143346503,0.411859757965431,0.266277811024338,0.231191088212654,0.323125187307596,0.479461661539972,0
0.72926209284924,0.429741594009101,0.469632521271706,0.596642446238548,0.81936311069876,0.802127709845081,0.686110836453736,0.982348621822894,0.148303071735427,0.911317798541859,0
0.723731551319361,0.479817665647715,0.331395921064541,0.28503922955133,0.257828245405108,0.46897437539883,0.780329954810441,0.909268016694114,0.98777719726786,0.834259388502687,0
0.401960780378431,0.798836049623787,0.353837032569572,0.817560292314738,0.345267856493592,0.87323455279693,0.654581817332655,0.548126148758456,0.717560792341828,0.190177845768631,0
0.210099409800023,0.526937075890601,0.541412908118218,0.552824128419161,0.463023753138259,0.130445662187412,0.230365807656199,0.257126823766157,0.0470747596118599,0.264932479942217,0
0.934564133407548,0.605686609167606,0.416240660939366,0.955720164813101,0.237141511868685,0.580063914880157,0.940266369841993,0.260751047171652,0.338389041600749,0.0713654307182878,0
0.28212988586165,0.15877948445268,0.382145512849092,0.298548420192674,0.833598845638335,0.212591903982684,0.228238752810284,0.751406491501257,0.466720729134977,0.114459070609882,0
0.624240666627884,0.144815479405224,0.550715746358037,0.329482382629067,0.602320929523557,0.699263430200517,0.342012334614992,0.968189956154674,0.83118864451535,0.261429006466642,0
0.988938603317365,0.443087222753093,0.340858525130898,0.566081668483093,0.15353739191778,0.71694969269447,0.814594759140164,0.541424154536799,0.243132214993238,0.352279771119356,0
0.505448034952534,0.560882155346801,0.41807665365173,0.52320495890996,0.590029036716744,0.918837198289111,0.42795995878987,0.262536299182102,0.0797204973641783,0.864736754912883,0
0.924450789345428,0.712367181200534,0.89949035202153,0.189718593144789,0.735135138267651,0.0578965211752802,0.951823184033856,0.737849505385384,0.699500288814306,0.37017451133579,0
0.328299048822373,0.647623314987868,0.518298274837434,0.185692075872794,0.869948551757261,0.614285048330203,0.56795415841043,0.575463344808668,0.0175713859498501,0.382904379628599,0
0.1669541366864,0.901238937862217,0.957937006140128,0.11973613454029,0.946624716045335,0.586478856159374,0.551912968512625,0.744572799187154,0.79832137003541,0.450540479272604,0
0.147808164358139,0.291565806372091,0.764912796905264,0.072327337693423,0.192793655674905,0.997276851441711,0.534706291276962,0.389548212522641,0.38819885533303,0.271324022207409,0
0.812835380667821,0.171592394355685,0.213383007561788,0.206212640041485,0.681343751726672,0.0439367375802249,0.171917295316234,0.785615835338831,0.858395317336544,0.532634375384077,0
0.296068669529632,0.312837590463459,0.118923959555104,0.552894006483257,0.0712147399317473,0.740223616361618,0.0832093332428485,0.505824222229421,0.796447603963315,0.452604583464563,0
0.373030175687745,0.803594420431182,0.401125492760912,0.17071937979199,0.812081144424155,0.970080503029749,0.528150277910754,0.561931781936437,0.0525721083395183,0.457979027181864,0
0.994017765857279,0.79831400164403,0.556224139407277,0.319346754578874,0.687787801958621,0.589990073582157,0.413526026997715,0.925836190581322,0.749122039182112,0.833293075207621,0
0.495861876057461,0.201241242233664,0.128037514863536,0.0567461282480508,0.681168392999098,0.79794057761319,0.373293478041887,0.51112224184908,0.438994040479884,0.877652774797752,0
0.122085596434772,0.764250851003453,0.976329478435218,0.721104710362852,0.966326147317886,0.299935517366976,0.745093784993514,0.769608017988503,0.421488165622577,0.183427650481462,0
0.587892786599696,0.845206371508539,0.618374778190628,0.159289716277272,0.188720461912453,0.814082053257152,0.961215004324913,0.192572464467958,0.169607028597966,0.432856666157022,0
0.608664971310645,0.0805181101895869,0.710904879961163,0.644466442987323,0.869560861028731,0.442141942679882,0.529670551419258,0.508548862999305,0.357397283194587,0.171775724971667,0
0.664999212836847,0.286272878292948,0.748553614597768,0.777536362176761,0.364525291137397,0.133628188166767,0.0484288823790848,0.0910291476175189,0.47400695248507,0.705755490344018,0
0.6945459630806,0.790523088769987,0.505840653087944,0.944034100975841,0.0828667748719454,0.192170336842537,0.822927899193019,0.530801058048382,0.500249160686508,0.393296932335943,0
0.629576086299494,0.341634068405256,0.622603870695457,0.823106531286612,0.950926519231871,0.0979792985599488,0.395031513879076,0.0806661827955395,0.432435248279944,0.769889228511602,0
0.586022387491539,0.777722736820579,0.736147343879566,0.186180358286947,0.0474124802276492,0.855516168754548,0.310205908492208,0.378440489294007,0.0478367037139833,0.035298451082781,0
0.538780756993219,0.596223604865372,0.23267067456618,0.689656776376069,0.144296671031043,0.530824861954898,0.703385247616097,0.63133822963573,0.622740939026698,0.495192465838045,0
0.376455716555938,0.527787807863206,0.50220243469812,0.40279013896361,0.747435842873529,0.000960726989433169,0.494899303186685,0.18277218285948,0.264713187934831,0.477814282057807,0
0.18780159648112,0.591545284864865,0.166407755691651,0.471042752821371,0.221125050417427,0.503117183456197,0.103194305906072,0.225703732343391,0.94856679928489,0.593924478394911,0
0.354644625680521,0.891190665541217,0.428225316572934,0.442365728085861,0.365074898814783,0.268516959622502,0.651494360761717,0.17351434007287,0.927514283917844,0.784666032763198,0
0.708969201659784,0.0366207482293248,0.209753860719502,0.490424640011042,0.115813802462071,0.997540827374905,0.660169511800632,0.328109558904544,0.829784572357312,0.325102123199031,0
0.549953542649746,0.254085210384801,0.658893642481416,0.751682667527348,0.71756023936905,0.682992609916255,0.650386149762198,0.598148442339152,0.911132510052994,0.361636437475681,0
0.893650068435818,0.540147664491087,0.281906764721498,0.137197935953736,0.955603840295225,0.195436934707686,0.133233540225774,0.405583017738536,0.789797985227779,0.31955254659988,0
0.0152835189364851,0.676814256934449,0.158818425843492,0.362049761693925,0.992368216859177,0.538187460973859,0.758120582671836,0.942631428828463,0.924770707730204,0.671581202186644,0
0.31928204302676,0.976889165351167,0.2169252212625,0.805796039523557,0.716245220974088,0.272276382427663,0.0948860968928784,0.539492877898738,0.685930304927751,0.380253420211375,0
0.484585896367207,0.376258386299014,0.448233583243564,0.64467326272279,0.311301439534873,0.157099338481203,0.330294656567276,0.585482742404565,0.393155576195568,0.732118053594604,0
0.760087280587386,0.34360074463957,0.246828362401342,0.672359936882695,0.552221454260126,0.976897885324433,0.37235291628167,0.120710954535753,0.638353737071157,0.6425455652643,0
0.710382200777531,0.794095772085711,0.442655057646334,0.443047019885853,0.823330984683707,0.937850147252902,0.519691284745932,0.948582300450653,0.0773027506656945,0.711850772146136,0
0.495382336666808,0.390996404457837,0.342085294658318,0.354378551011905,0.975220816209912,0.59362167515792,0.40874307625927,0.0385187510401011,0.801970149856061,0.114893066463992,0
0.262924640439451,0.546916019171476,0.69379261136055,0.769940038677305,0.159760567592457,0.652760070515797,0.563700550235808,0.601752205286175,0.49453782546334,0.12844225927256,0
0.734709879383445,0.320654824608937,0.75576867046766,0.664599581621587,0.913884580135345,0.535392705816776,0.864293397869915,0.844080607173964,0.745938441017643,0.652128238929436,0
0.200153451180086,0.972862668335438,0.650003579678014,0.18944532959722,0.578439895063639,0.7767316584941,0.276634987676516,0.812627540202811,0.0747967381030321,0.814812645781785,0
