"1","2","3","4","5","6","7","8","9","10","class"
0.385695829056203,0.459490682696924,0.186154024675488,0.111286064377055,0.195366381201893,0.00108684110455215,0.514450067654252,0.550013726111501,0.980777814751491,0.747507479274645,0
0.102517161052674,0.158472941722721,0.2306777050253,0.00276598217897117,0.83406345709227,0.267510717734694,0.317611869424582,0.294024910777807,0.54636583221145,0.877797797787935,0
0.369971218984574,0.512564144097269,0.523888173978776,0.888982025207952,0.543324976926669,0.637207433115691,0.577120934380218,0.96037459326908,0.265793246217072,0.396393980598077,0
0.420934047223721,0.179429221480433,0.273953904314991,0.170842559336405,0.530852859778237,0.947566063143313,0.333902613492683,0.491190328029916,0.40093726827763,0.153594836127013,0
0.348574941977859,0.172319519566372,0.929611875908449,0.545931611442938,0.907680637435988,0.24293967243284,0.570670754648745,0.722743669524789,0.281268300255761,0.358259659959003,0
0.986511594150215,0.191129757557064,0.580820096423849,0.0797364902682602,0.0888758189976215,0.341755867935717,0.367957167327404,0.911334754200652,0.986621279735118,0.265025046654046,0
0.128494440577924,0.492897190153599,0.696319448761642,0.308947806246579,0.895940002752468,0.0417574816383421,0.329915527952835,0.629143930971622,0.935439242282882,0.11877401615493,0
0.0530142644420266,0.796477896161377,0.799349085660651,0.357690935721621,0.202976168366149,0.920112161664292,0.513963033445179,0.352862277068198,0.250719082774594,0.47603632719256,0
0.668493764186278,0.249136781054363,0.157937707296014,0.144823808610439,0.415114250666462,0.285906690871343,0.0218066712841392,0.51214945781976,0.676398803014308,0.922087296377867,0
0.597119400510564,0.949190000770614,0.201199523871765,0.991386454785243,0.11199701926671,0.443234039936215,0.0334767403546721,0.763169265119359,0.334164859261364,0.0310323191806674,0
0.828744510421529,0.835685092490166,0.574091003276408,0.597840395523235,0.808949237922207,0.568240156397223,0.540391697315499,0.0429241734091192,0.342188091017306,0.273489427752793,0
0.936829389771447,0.951271926984191,0.0338681098073721,0.711671382188797,0.00652889488264918,0.63222043751739,0.83545076707378,0.251889159204438,0.858416252303869,0.130747130140662,0
0.708599676378071,0.864452490117401,0.320347077678889,0.409352213842794,0.0409102931153029,0.873381292214617,0.649018853902817,0.551070927875116,0.861546724801883,0.754120671888813,0
0.255104364827275,0.378246733918786,0.597665638662875,0.672415745910257,0.632603286532685,0.611838174983859,0.95959117799066,0.0136533125769347,0.778195936465636,0.284677705261856,0
0.828701673075557,0.245562282158062,0.35876313992776,0.901528648100793,0.0982314178254455,0.365916695445776,0.307951268972829,0.514307401841506,0.955092297401279,0.292827109107748,0
0.399193309945986,0.744529545307159,0.0360628245398402,0.86515044933185,0.712591915624216,0.816008123569191,0.247302611125633,0.942352956160903,0.0418228141497821,0.736565606435761,0
0.600382064236328,0.144805065123364,0.765213747974485,0.777075073914602,0.427948446711525,0.665528044570237,0.282900639344007,0.248453114414588,0.396612467244267,0.446811494184658,0
0.610647061374038,0.671360647073016,0.788824536371976,0.653957371134311,0.416138655040413,0.846666460158303,0.235313655575737,0.0114417979493737,0.000791470753028989,0.836259740171954,0
0.670829375740141,0.406166487373412,0.70696655032225,0.327298528747633,0.0449824787210673,0.771835281513631,0.0475769520271569,0.900293524144217,0.155983420554549,0.617111096391454,0
0.190712073585019,0.891119818203151,0.127800371032208,0.994337555486709,0.360131394816563,0.942455224692822,0.552679179701954,0.306543529964983,0.408949531149119,0.973229689523578,0
0.274119074456394,0.517184829339385,0.411021784879267,0.302485268097371,0.878983326256275,0.495395070174709,0.820213861763477,0.0547946081496775,0.767920309910551,0.307179019553587,0
0.970083605963737,0.0456525115296245,0.337799991481006,0.303335688542575,0.214139689691365,0.973005791427568,0.400486388010904,0.345355125144124,0.985284216236323,0.380091660190374,0
0.155327644199133,0.524545798078179,0.498438209528103,0.856684244703501,0.325468659866601,0.84998591709882,0.827319469535723,0.029674899764359,0.842472777934745,0.792344352696091,0
0.193125136196613,0.0755705104675144,0.6804751730524,0.467460998333991,0.410038647940382,0.226946963695809,0.090566685423255,0.0678585339337587,0.860359443817288,0.640996245201677,0
0.0119709803257138,0.19687604974024,0.308512461138889,0.121786755975336,0.328358901897445,0.797303847037256,0.0865687793120742,0.770746381487697,0.797167221549898,0.424226626753807,0
0.629565736046061,0.235504303127527,0.695594107266515,0.13200459885411,0.0361266697291285,0.455825446406379,0.953290494857356,0.605295352404937,0.101654869038612,0.678383806720376,0
0.570717311229557,0.529610886251181,0.407116987627,0.592782249925286,0.17118715615198,0.173962483648211,0.723750676959753,0.0040910339448601,0.390575948404148,0.458498724736273,0
0.601785699126031,0.578164461740293,0.472852293123491,0.225593896578252,0.289922954800725,0.729528053663671,0.759663132019341,0.30258556897752,0.975940738338977,0.234111051540822,0
0.895578417933173,0.852003603969328,0.36976964023672,0.0636075080633163,0.292187214402854,0.998182693496346,0.259970380458981,0.293856503209099,0.826580660883337,0.161187995690852,0
0.0594695380423218,0.426136126741767,0.605939326807857,0.252090055495501,0.257149774814025,0.189654007554054,0.200863756705076,0.526797550963238,0.981242604320869,0.324172031832859,0
0.207602716051042,0.730304745724425,0.920212158933282,0.0809299333486706,0.499038815731183,0.142484986921772,0.0646608748938888,0.795229826821014,0.0630597984418273,0.610738491406664,0
0.577073678037431,0.398882269494235,0.981736948110815,0.65144026694186,0.453920740750805,0.159602134488523,0.324092981172726,0.52451835735701,0.0186288536060601,0.913612226257101,0
0.0142289348877966,0.00819621467962861,0.303904925473034,0.963317822432145,0.227110007312149,0.402621239190921,0.291771176969633,0.211537281051278,0.708086573285982,0.992531704017892,0
0.912893328815699,0.440069260308519,0.362099412828684,0.109189462848008,0.723125537857413,0.152579424437135,0.154129747999832,0.974969963310286,0.225737487897277,0.530087935738266,0
0.0737556267995387,0.998205474345013,0.812196284532547,0.0333596230484545,0.881776378024369,0.136774286394939,0.691363262012601,0.0390941966325045,0.858487358316779,0.374263437464833,0
0.425925710937008,0.513605079846457,0.302851706044748,0.46097259526141,0.322451055515558,0.863967209123075,0.643702436238527,0.479979376075789,0.659870823146775,0.10128136118874,0
0.400420274724253,0.711761644485779,0.0682373969366774,0.7111339913195,0.375604985937476,0.124931275146082,0.496063046623021,0.558487151982263,0.386623120168224,0.242293865419924,0
0.91814225865528,0.179375045699999,0.114035204052925,0.100321133621037,0.613798488629982,0.266907724319026,0.191946986829862,0.195019133621827,0.521252678474411,0.981392813147977,0
0.236383155686781,0.00075731985270977,0.698834288865328,0.230000492418185,0.0246321260929108,0.229911495232955,0.679263124009594,0.478881553513929,0.213821502635255,0.788136115763336,0
0.381238732021302,0.879504291573539,0.675600323826075,0.117851784452796,0.937329822452739,0.601152963470668,0.374446432339028,0.980055731255561,0.76996649405919,0.875576440012082,0
0.249360298970714,0.948975233361125,0.666010078042746,0.28033124958165,0.0147183889057487,0.918184194015339,0.0276707268785685,0.236103078117594,0.804380479035899,0.33733997377567,0
0.94882583781248,0.262230997929629,0.26913231032053,0.763679156763852,0.685750960274227,0.574423993006349,0.486965489806607,0.217496184399351,0.92755603347905,0.401860660174862,0
0.551532081035525,0.029502089997381,0.997219620732218,0.703503068641573,0.589312393502146,0.268066075397655,0.833517506718636,0.415027217008173,0.523058566264808,0.234773983014748,0
0.394536905921996,0.128863393096253,0.958250503055751,0.739136532880366,0.743176649557427,0.457614747108892,0.169289161683992,0.00894428044557571,0.633053975645453,0.935918335570022,0
0.432583359070122,0.00333193992264569,0.678114626789466,0.626395256957039,0.575100311310962,0.00607488607056439,0.132617841707543,0.815468103159219,0.326818906469271,0.965833042748272,0
0.412651314632967,0.514624083414674,0.171304031973705,0.115751411067322,0.894232595572248,0.599381670122966,0.466949569061399,0.82250164821744,0.464452088577673,0.228619465371594,0
0.343341803411022,0.630663605872542,0.359024357516319,0.515858397586271,0.432778698392212,0.0248965276405215,0.195953811751679,0.160106257302687,0.926499030785635,0.910965607268736,0
0.2959874630793,0.243265551817324,0.669497290169541,0.816424316601641,0.523013184315804,0.955603423295543,0.728709402261302,0.0920260411221534,0.1503866170533,0.144328844035044,0
0.982603495242074,0.468846675241366,0.838876407593489,0.879420601530001,0.860833205515519,0.918750286102295,0.134268747875467,0.273662868887186,0.665931845782325,0.778550838818774,0
0.392507721669972,0.806197680300102,0.172432640800253,0.374307414749637,0.72887630132027,0.90825071092695,0.288943417835981,0.928428335580975,0.515086121857166,0.348891565110534,0
0.789806703673676,0.697910003336147,0.690186063302681,0.362735583530739,0.176732900505885,0.24600515072234,0.0354546161834151,0.493001448689029,0.382739584660158,0.395732426084578,0
0.705191829940304,0.486493965378031,0.504584117792547,0.82187218288891,0.585668920306489,0.818851507268846,0.443594867829233,0.423269379185513,0.696016329340637,0.132455375976861,0
0.162943314993754,0.730379876913503,0.880296595627442,0.222636609105393,0.00620005466043949,0.967783834319562,0.115624011028558,0.713501035002992,0.425562403164804,0.349817952839658,0
0.0716819881927222,0.852848842740059,0.146744405850768,0.144020697800443,0.472296539926901,0.0950235757045448,0.12505458900705,0.49900417169556,0.0376457502134144,0.12095072097145,0
0.620403303997591,0.0302213127724826,0.147465859539807,0.283428545109928,0.716218946734443,0.57876288681291,0.359272240893915,0.0489222577307373,0.0112485734280199,0.45524539751932,0
0.75522779566329,0.20228552051587,0.0351083932784386,0.438370988278184,0.628901792604476,0.150764876278117,0.0155385732650757,0.0339234045241028,0.337425650563091,0.125182559480891,0
0.485436137532815,0.339876279467717,0.186207123566419,0.431702808709815,0.505374366883188,0.993468105792999,0.919190754881129,0.705500085372478,0.98186379740946,0.525958797195926,0
0.915071610826999,0.725092322798446,0.899060055613518,0.272898019757122,0.953452600864694,0.800937183666974,0.724997321609408,0.303821611218154,0.515290092211217,0.443689757259563,0
0.31815854809247,0.105932199861854,0.57225725799799,0.349928898038343,0.848094425164163,0.919134450843558,0.628542074933648,0.423879388021305,0.949756968766451,0.78085107402876,0
0.236066434299573,0.347137982957065,0.862484655342996,0.79218800412491,0.697754556080326,0.591315452707931,0.602457829518244,0.457043453818187,0.748310056747869,0.70962205179967,0
0.354118488729,0.653188780415803,0.333440982270986,0.209249571431428,0.41378000122495,0.252666253363714,0.545735761057585,0.530454689869657,0.411171052372083,0.50317630590871,0
0.237628281814978,0.143529971595854,0.20174687798135,0.552165552740917,0.138187871314585,0.98838484310545,0.676973387831822,0.678901455132291,0.684773063985631,0.822268905583769,0
0.102334612980485,0.350202278234065,0.505946766352281,0.538854527287185,0.698166451882571,0.672776174964383,0.919439894380048,0.550396447535604,0.927268064115196,0.00431957887485623,0
0.582411998417228,0.564084107987583,0.204251487273723,0.717953884974122,0.310571012552828,0.174358673626557,0.608750130282715,0.700878068804741,0.465268683852628,0.679950016317889,0
0.239449631655589,0.75670620566234,0.161035102093592,0.114409441594034,0.523413127288222,0.953755688620731,0.605333114275709,0.718174154404551,0.0575390665326267,0.53190734074451,0
0.911608981667086,0.357356549240649,0.25468166754581,0.0847248777281493,0.139483911683783,0.506797501817346,0.276845414424315,0.314289482543245,0.322529122699052,0.496957158669829,0
0.534800147172064,0.234724123263732,0.73504536296241,0.427778200944886,0.362371329916641,0.134660449111834,0.922793887322769,0.324108027853072,0.0601284268777817,0.00683711282908916,0
0.0365767423063517,0.620858207577839,0.568681531818584,0.26147714513354,0.599109614267945,0.997817058349028,0.419754259521142,0.728328800061718,0.162163439206779,0.614942370448261,0
0.406667748000473,0.0210945163853467,0.625127991661429,0.443082167068496,0.723105354700238,0.96257266565226,0.418025617720559,0.517399995122105,0.821752859046683,0.895126058952883,0
0.697671742644161,0.865786652313545,0.346846600063145,0.358832311816514,0.260926108574495,0.439535818994045,0.729293668875471,0.294523555552587,0.186442837817594,0.37855179538019,0
0.49986567017436,0.672886980690062,0.467880383567885,0.427346242425963,0.538377823973075,0.0493135142605752,0.248241705587134,0.398578020278364,0.918706501135603,0.326172845903784,0
0.640695550711825,0.847267186501995,0.910353667335585,0.797615615883842,0.961087694391608,0.528754383791238,0.130186065565795,0.39239959907718,0.018550394801423,0.232751828152686,0
0.741845712761954,0.521600465613231,0.459479936614819,0.556814114680141,0.499608229923248,0.46302549354732,0.0284881445113569,0.0364123939070851,0.235103164566681,0.938575158128515,0
0.616061420878395,0.174103821860626,0.517131234519184,0.205211049178615,0.190608789911494,0.88597441278398,0.487006674986333,0.21148978616111,0.945627407403663,0.0411185105331242,0
0.923751577734947,0.754332975484431,0.569246108178049,0.00212573749013245,0.183679283130914,0.396560230758041,0.0929456532467157,0.809577068081126,0.248255339916795,0.930643127765507,0
0.720931615447626,0.806067786179483,0.355105858761817,0.77516334829852,0.841920654289424,0.809781247982755,0.140790610807016,0.310560907237232,0.671652162214741,0.803568548057228,0
0.952196712838486,0.872928096214309,0.222340024542063,0.136968234088272,0.430480255745351,0.397759100655094,0.886285756481811,0.533712693955749,0.262388097355142,0.278451465535909,0
0.380072386004031,0.428724550874904,0.212514192331582,0.0198324711527675,0.273750838823617,0.693521839799359,0.954183910042048,0.921845527132973,0.89035957143642,0.0788339492864907,0
0.656828934792429,0.0490316576324403,0.262694348813966,0.341231014579535,0.41740042460151,0.148795408895239,0.192603259114549,0.891638541594148,0.837486449861899,0.57823204016313,0
0.152886720374227,0.814164837123826,0.959419070975855,0.132061033276841,0.221681820927188,0.0239678388461471,0.010083730565384,0.232497576624155,0.806590684922412,0.382491688709706,0
0.379778618458658,0.807809629477561,0.889366290532053,0.456147378776222,0.798575511667877,0.862090325448662,0.719516719924286,0.258071309886873,0.660209377296269,0.886376392561942,0
0.641641062451527,0.757148973410949,0.670934031484649,0.516080755973235,0.842911648796871,0.826536751352251,0.233730774372816,0.0159130985848606,0.641717430669814,0.990370171144605,0
0.488712028601021,0.658691093104333,0.498314341828972,0.0692701096192002,0.964601201131195,0.435751343145967,0.730698583647609,0.175187204498798,0.193013072479516,0.803115339716896,0
0.49414686486125,0.724225460318848,0.00244082324206829,0.688514790963382,0.262622389942408,0.87407711870037,0.35993413021788,0.405517420964316,0.80871187732555,0.57726558111608,0
0.126070610946044,0.860595352482051,0.802604741882533,0.188531329156831,0.781535706715658,0.116266747005284,0.0259254421107471,0.706035501789302,0.398633238626644,0.71852778387256,0
0.953981757629663,0.46550589823164,0.746192928869277,0.959094303892925,0.714524897979572,0.641272393753752,0.426548570161685,0.52361481776461,0.29501537559554,0.654718440491706,0
0.706033146008849,0.393940298585221,0.704982893308625,0.571770117385313,0.142552143894136,0.329947849968448,0.339954692171887,0.402764585800469,0.501651983940974,0.733978153439239,0
0.742188286734745,0.570921262726188,0.40690623736009,0.666875692550093,0.287818720331416,0.279286020668224,0.902489637723193,0.242627421626821,0.0830182773061097,0.83168842154555,0
0.474835701053962,0.678850098513067,0.263804373098537,0.0694481292739511,0.757347475737333,0.225391517626122,0.167068149661645,0.516984502086416,0.462532937526703,0.0957462654914707,0
0.306921413866803,0.949256815714762,0.34393253386952,0.649550653761253,0.295838067075238,0.477768193930387,0.820034486241639,0.318792353617027,0.454878931865096,0.262269028229639,0
0.55953684146516,0.135643918300048,0.172913635382429,0.943600163329393,0.195445165969431,0.0123877814039588,0.193606388289481,0.496532034594566,0.940753300208598,0.459521093638614,0
0.0542908422648907,0.743259929353371,0.732300282921642,0.311431729467586,0.472594656981528,0.549052456161007,0.93219767510891,0.958287727786228,0.913428601110354,0.0781648447737098,0
0.234620849601924,0.155981058720499,0.967339010210708,0.565589380217716,0.772022088058293,0.229964272351936,0.178669647313654,0.248484074370936,0.553859832230955,0.457424874184653,0
0.0801283069886267,0.493094350211322,0.777472994523123,0.790707286447287,0.19626369792968,0.461111727869138,0.502913475735113,0.620325265685096,0.575156611390412,0.775371707044542,0
0.486720783868805,0.488749741809443,0.150669542374089,0.779887539567426,0.86288276175037,0.438112182542682,0.0501741429325193,0.362206662772223,0.276730903657153,0.613739351509139,0
0.509220834720414,0.225581194390543,0.322124178186059,0.832055927088018,0.790034488687292,0.392342294566333,0.301569119328633,0.447826361050829,0.223556095734239,0.519546934170648,0
0.499941050540656,0.184526345692575,0.886180345900357,0.0580570723395795,0.300070498138666,0.247060023946688,0.425505516352132,0.689655006397516,0.223005771869794,0.284502656431869,0
0.884689791826531,0.142016688827425,0.338204238563776,0.642504622926936,0.374373793136328,0.550719167105854,0.20848644617945,0.54722229228355,0.62688907678239,0.161375999217853,0
0.989948194008321,0.232297019101679,0.592620781622827,0.128558839671314,0.709854519926012,0.0130968475714326,0.944941939320415,0.432612987235188,0.361512136412784,0.547495322301984,0
0.525086812674999,0.897173273842782,0.360984282102436,0.127296419115737,0.524079903028905,0.945383952697739,0.538496154826134,0.924969396786764,0.1259668210987,0.982001044088975,0
