"1","2","3","4","5","6","7","8","9","10","class"
0.0883992232847959,0.443275886820629,0.195844356669113,0.805061211576685,0.929439852945507,0.651606713421643,0.841002730885521,0.501445403089747,0.194774037227035,0.844872010871768,0
0.256496196379885,0.719295318005607,0.400989731075242,0.253109092824161,0.713458850281313,0.578561182366684,0.603099724045023,0.687836815137416,0.458156452281401,0.446607306599617,0
0.595649387687445,0.14837582106702,0.753175200428814,0.776302370475605,0.273488844744861,0.315925011876971,0.867472549900413,0.00908548152074218,0.783510395791382,0.205472657689825,0
0.729326396016404,0.405313710914925,0.332946068840101,0.47986632748507,0.419320371234789,0.377760109025985,0.5250980774872,0.538830612553284,0.752355948789045,0.517344457330182,0
0.708826625486836,0.184060840401798,0.199300399748608,0.873196510132402,0.501605797559023,0.881930440431461,0.311705829575658,0.83066514111124,0.608231081627309,0.0281273343134671,0
0.220297815511003,0.971517337486148,0.598078257637098,0.40515759261325,0.359656927874312,0.222604178357869,0.00577833014540374,0.549343182472512,0.680964943952858,0.797181255882606,0
0.7358146130573,0.848224410088733,0.670456933323294,0.0775246121920645,0.991192050278187,0.286363143706694,0.288682982325554,0.652878538006917,0.599243604810908,0.295293076662347,0
0.733971299603581,0.453217284288257,0.373936020303518,0.00227473839186132,0.462897623889148,0.884641451993957,0.148305633570999,0.138132387073711,0.770215019118041,0.153419854585081,0
0.786145109217614,0.50430658319965,0.999573915265501,0.895211355295032,0.689905787352473,0.68668655725196,0.541174768935889,0.284149747574702,0.408991316100582,0.105217210715637,0
0.273348925868049,0.374186682514846,0.541526386979967,0.728007903322577,0.0483327049296349,0.163931335089728,0.525683543877676,0.16434721602127,0.112699418328702,0.411870255833492,0
0.737000837456435,0.0337877362035215,0.633514272747561,0.323645672062412,0.571252056630328,0.314545720815659,0.651674638036638,0.992425167001784,0.491422722581774,0.0886459408793598,0
0.497765169478953,0.268642333801836,0.53041494358331,0.0589458479080349,0.267795373219997,0.861624535406008,0.595422020647675,0.734396923333406,0.567254473688081,0.432226750534028,0
0.883815380511805,0.305093048140407,0.660126639297232,0.0759810355957597,0.0851740185171366,0.742876195348799,0.444700098596513,0.692098723491654,0.629855561535805,0.484482279280201,0
0.877087631495669,0.16134239686653,0.0504386895336211,0.370173738803715,0.0343422119040042,0.244324950501323,0.131937151076272,0.273508391808718,0.674679363612086,0.974611135898158,0
0.449607378337532,0.0515343646984547,0.782112893415615,0.771479411749169,0.0941969288978726,0.126345702912658,0.503128314390779,0.185708678793162,0.802466033957899,0.981156112626195,0
0.546703539788723,0.658917511347681,0.452716702129692,0.655042108613998,0.307646148838103,0.459292072337121,0.380967869190499,0.345933171687648,0.274432549485937,0.723015676252544,0
0.943054588045925,0.592899545095861,0.78864079574123,0.778769418597221,0.57882070587948,0.757512812735513,0.446169257164001,0.224746434949338,0.541978473309427,0.153407683596015,0
0.385120922932401,0.462848048191518,0.789317352697253,0.851114090066403,0.726620943984017,0.472351492615417,0.688940300373361,0.0631227146368474,0.421435019467026,0.491768717532977,0
0.790779566159472,0.284122348297387,0.958086136030033,0.456250616116449,0.239701528567821,0.490720443427563,0.509747400647029,0.158204904990271,0.627146096201614,0.582506421720609,0
0.850736286491156,0.779941684799269,0.359662474133074,0.523159313481301,0.489504336146638,0.891093142563477,0.16674122819677,0.586337833898142,0.103034341940656,0.893054906046018,0
0.858861333923414,0.512979401974007,0.596108857542276,0.222844371804968,0.392435757676139,0.880479566287249,0.356588357128203,0.949603521963581,0.64213002496399,0.948154446203262,0
0.51718165865168,0.302957470994443,0.0485072745941579,0.00259196199476719,0.58949782140553,0.351703893858939,0.365658464143053,0.928186625707895,0.837971380911767,0.618862057570368,0
0.640683593228459,0.729497569147497,0.561558953952044,0.854530317941681,0.80990672018379,0.91136637236923,0.235670773312449,0.271161281736568,0.546052132034674,0.58034435310401,0
0.668540326179937,0.135211669839919,0.022780047962442,0.5072859255597,0.205936820013449,0.483516276115552,0.899927569320425,0.262258780421689,0.482164136599749,0.606138105038553,0
0.147891487460583,0.432725671911612,0.302550777327269,0.624563109362498,0.624410096788779,0.100718153873459,0.84317823452875,0.947128039551899,0.105757889803499,0.504175172187388,0
0.848437671316788,0.894165810197592,0.141250679735094,0.385046624578536,0.165025714086369,0.944480679696426,0.336098352679983,0.325807491550222,0.567333194892853,0.756444315658882,0
0.358074816642329,0.626700678374618,0.753897999180481,0.445503704249859,0.165736129274592,0.209907891927287,0.344559658085927,0.86650833231397,0.689553041709587,0.933169493451715,0
0.943385245278478,0.0225545396097004,0.0512921696063131,0.742778948042542,0.767209105892107,0.336210220120847,0.909814717015252,0.941837457707152,0.605686883674935,0.212994720321149,0
0.674428443890065,0.108760092174634,0.814769639400765,0.675662924535573,0.607670987257734,0.594322896329686,0.162504001054913,0.0959394944366068,0.406635119579732,0.924941186560318,0
0.436655095545575,0.00236484105698764,0.397095410851762,0.854899219237268,0.945079743396491,0.261651265900582,0.243880165275186,0.312140685738996,0.206594331888482,0.731325674569234,0
0.899207100970671,0.485381603939459,0.325061362236738,0.165604140143842,0.875185599550605,0.779803386423737,0.618477915180847,0.295515034580603,0.101377559127286,0.125024649314582,0
0.905019617173821,0.101656292565167,0.390857619233429,0.788993880618364,0.490105168428272,0.183054019697011,0.391021147370338,0.909932391019538,0.479364088969305,0.174870680784807,0
0.0421445295214653,0.0610989613924176,0.836685930145904,0.86775183561258,0.458911651745439,0.636288464767858,0.149996552849188,0.847381471656263,0.50421406631358,0.667466629529372,0
0.138645375147462,0.485609947470948,0.232888152822852,0.882133655715734,0.564946943428367,0.911517109721899,0.213092393008992,0.645926614524797,0.0101976483128965,0.374201178783551,0
0.161453162552789,0.981433894019574,0.104527377523482,0.60077537316829,0.446305510820821,0.664100886788219,0.452452743193135,0.146609523100778,0.193515760358423,0.130735414335504,0
0.652716518146917,0.187231756048277,0.885521246585995,0.974357306957245,0.124921420589089,0.754183513345197,0.101373763987795,0.583011670503765,0.695384468417615,0.658673039171845,0
0.334131923969835,0.730323212919757,0.190409873845056,0.779238070826977,0.00574294780381024,0.0868197930976748,0.628968097968027,0.92360467184335,0.0724221053533256,0.421116541372612,0
0.361496316734701,0.526842947117984,0.489114711293951,0.540088583948091,0.855948636773974,0.705767389852554,0.521097832359374,0.358268212759867,0.757895505288616,0.761524599045515,0
0.270447491900995,0.55514786276035,0.530633486807346,0.288941874634475,0.128268528031185,0.1610426325351,0.213270758278668,0.722494146088138,0.138338025426492,0.577558081131428,0
0.159261267632246,0.178787054959685,0.605769642628729,0.649212057469413,0.282572901807725,0.89917722530663,0.972173995804042,0.273425332270563,0.48082338925451,0.850796192651615,0
0.787248952314258,0.887498344061896,0.3572560204193,0.385604451177642,0.805803096154705,0.787383174756542,0.155567349167541,0.292872804217041,0.641362868016586,0.453625003108755,0
0.524598472286016,0.744656111812219,0.197598745115101,0.220993512542918,0.505156189668924,0.632379729533568,0.469972119433805,0.856555672595277,0.705308465752751,0.488657653331757,0
0.193099022610113,0.927876612171531,0.142969759413972,0.607250364962965,0.445793981198221,0.826153931673616,0.960089921718463,0.684091336559504,0.120144876418635,0.981174918590114,0
0.785365242743865,0.0805152799002826,0.699158194474876,0.706090790452436,0.647697942797095,0.256621121196076,0.859573664376512,0.100043580401689,0.339028901653364,0.0490113745909184,0
0.314731518737972,0.712008018745109,0.178842617664486,0.436790767358616,0.4383737326134,0.512973496457562,0.819723247550428,0.556391571415588,0.347010412951931,0.501863415585831,0
0.828775228466839,0.0261830068193376,0.992179215885699,0.637986684916541,0.0728257526643574,0.798419304192066,0.717599269468337,0.339486776851118,0.591591267148033,0.737645383691415,0
0.23379226657562,0.256874641636387,0.549014068441465,0.305208131205291,0.0728112743236125,0.0452893355395645,0.770807914668694,0.237599549815059,0.601492340909317,0.498599380254745,0
0.825201721861959,0.847597158281133,0.0646261228248477,0.271674898918718,0.400706092827022,0.229577739024535,0.567863623378798,0.52243743208237,0.683647304307669,0.53630498261191,0
0.984982415800914,0.746112351771444,0.328841204289347,0.0339671324472874,0.528686963021755,0.145823471713811,0.00523560121655464,0.805781155359,0.301859915722162,0.694372273050249,0
0.0673935364466161,0.26806498109363,0.376131534110755,0.100881459889933,0.993538564769551,0.312289125751704,0.18097597383894,0.248064396204427,0.285612717736512,0.829644900746644,0
0.659809524891898,0.318197638262063,0.449403694830835,0.434666567482054,0.827856557909399,0.83782918471843,0.854127467609942,0.658144866116345,0.24181144265458,0.543140104738995,0
0.630627047736198,0.662182832835242,0.180716213770211,0.225773636717349,0.358934205258265,0.627026563277468,0.567383674206212,0.897783892229199,0.188044906128198,0.330461672274396,0
0.8511486670468,0.201453709043562,0.0099319324363023,0.876736707054079,0.0210134645458311,0.863725120201707,0.15858070878312,0.176380739081651,0.319106797454879,0.121376790339127,0
0.82964069629088,0.366734869778156,0.930583391338587,0.269074897281826,0.860476228641346,0.711982796899974,0.406951104989275,0.999938116176054,0.0211980184540153,0.369536720449105,0
0.700098989003897,0.320925218397379,0.605809301327914,0.166307403565571,0.358742061037198,0.399722191970795,0.549912214977667,0.866629722993821,0.645296578295529,0.0361648520920426,0
0.308434034697711,0.210704038385302,0.054887940408662,0.263301113154739,0.536669275956228,0.782572294818237,0.5526912023779,0.854679639684036,0.515729435486719,0.500124282902107,0
0.417471486376598,0.615676859160885,0.929882751777768,0.245831830892712,0.76581934466958,0.157419562572613,0.0805262371432036,0.0613799258135259,0.0149488626047969,0.314420348033309,0
0.892842698842287,0.918959687231109,0.230667958967388,0.540588611271232,0.764952320372686,0.757062086602673,0.444098194828257,0.458880773978308,0.578748813364655,0.817274063592777,0
0.305152343353257,0.296653184341267,0.1159782782197,0.0342739401385188,0.28871299396269,0.492864177562296,0.560473311226815,0.845175238326192,0.960152880987152,0.678224947769195,0
0.629382770275697,0.940312451915815,0.290048081194982,0.201231274055317,0.840414457721636,0.82613618648611,0.302893077023327,0.209861564217135,0.692999540129676,0.639324635732919,0
0.137826380087063,0.246768964920193,0.689841207349673,0.601398914819583,0.631891146302223,0.82954838569276,0.67452629422769,0.667776531539857,0.921840129652992,0.256325345020741,0
0.801937707932666,0.215489767258987,0.203793743858114,0.530672900844365,0.905393337132409,0.761813683668151,0.985235315514728,0.748525919858366,0.205505670979619,0.731501602800563,0
0.483872093027458,0.00477038347162306,0.805180000839755,0.346755272708833,0.170048604719341,0.448185972170904,0.11084493319504,0.556325153680518,0.308117246953771,0.0524716852232814,0
0.864431357011199,0.522383333882317,0.966890966054052,0.836861283984035,0.85233734967187,0.112493760185316,0.442178112920374,0.949335485696793,0.848279063822702,0.560944528086111,0
0.15144253289327,0.44882022566162,0.714373069116846,0.242912862449884,0.137763025471941,0.226116238394752,0.121186807285994,0.706714744446799,0.759421238675714,0.89679523720406,0
0.771660201484337,0.907410848187283,0.494604802690446,0.246527516515926,0.282341633690521,0.399465125985444,0.716406649909914,0.991716045187786,0.0226169771049172,0.583285210188478,0
0.124666260555387,0.023283958202228,0.592528037726879,0.0962876877747476,0.133129056775942,0.00504056690260768,0.482015528716147,0.656236577313393,0.257692352170125,0.594471093267202,0
0.500540866516531,0.321212664945051,0.312116011977196,0.445297182071954,0.828726603882387,0.816005375934765,0.717394903535023,0.594793973956257,0.641051691956818,0.645547083811834,0
0.678935871692374,0.278119178488851,0.592267275089398,0.785410871729255,0.9845152690541,0.922414851840585,0.112812028964981,0.140917997341603,0.305727250175551,0.978549769613892,0
0.526010954519734,0.990247850073501,0.731135150184855,0.112590404227376,0.331761070992798,0.315670172218233,0.56747711612843,0.591483644209802,0.105750876478851,0.45050723454915,0
0.684047910152003,0.593093855772167,0.37830052128993,0.919743884121999,0.812809202354401,0.385927415918559,0.729418074013665,0.111937372246757,0.00473056337796152,0.61056803050451,0
0.30700522637926,0.602007260778919,0.826366631314158,0.395314926514402,0.212404089514166,0.145263880724087,0.0569798895157874,0.511739779263735,0.742513673845679,0.83095501223579,0
0.426488428143784,0.216488643316552,0.00382182723842561,0.540691218804568,0.908847928978503,0.308691165875643,0.316128004807979,0.476106700720266,0.576158918207511,0.443286780733615,0
0.70521644083783,0.0902793218847364,0.301717627095059,0.876022686949,0.0345850274898112,0.327173934318125,0.435308762360364,0.478127832291648,0.874208045424893,0.983578118495643,0
0.229135001311079,0.426026308443397,0.436412517679855,0.274498993298039,0.226712976815179,0.641980167012662,0.0131500910501927,0.673750531394035,0.951743472833186,0.146194483619183,0
0.991895374609157,0.180110051529482,0.391117261257023,0.546532595995814,0.172402110882103,0.0810916554182768,0.341994067188352,0.347356909886003,0.382972535211593,0.471162860048935,0
0.807168130297214,0.288083887193352,0.223240304971114,0.650846343487501,0.0956260266248137,0.580711047863588,0.307265345938504,0.819115873426199,0.478190513327718,0.998216797132045,0
0.899131244979799,0.924773371778429,0.378924619406462,0.647650418104604,0.0592832842376083,0.915624234359711,0.0388908830936998,0.170328970998526,0.0714343662839383,0.936553374864161,0
0.808432133402675,0.401148471748456,0.577664587879553,0.786502314731479,0.0292640931438655,0.0114158005453646,0.286031144671142,0.216359329409897,0.908859199378639,0.83992703887634,0
0.762901429319754,0.602730826707557,0.254051388707012,0.0907061295583844,0.460554590914398,0.343530464684591,0.552296540699899,0.5145838863682,0.51632286934182,0.12146237352863,0
0.415709212655202,0.126055012224242,0.0269551179371774,0.558734236517921,0.695517469896004,0.152036248939112,0.268905168166384,0.274933712789789,0.775479354895651,0.35991479200311,0
0.226587945828214,0.456636426271871,0.231659839628264,0.936937391059473,0.379252025391906,0.159198194509372,0.306230293819681,0.937084200326353,0.52553297765553,0.0872877156361938,0
0.903618162265047,0.397508927853778,0.971411765553057,0.00390706770122051,0.612057264661416,0.040901199914515,0.703576236497611,0.825782600557432,0.161960949888453,0.425119108520448,0
0.479582729516551,0.0934997512958944,0.85292512527667,0.609530069166794,0.349728244356811,0.169241416966543,0.984134011436254,0.583138902438805,0.337677170988172,0.137191211106256,0
0.686275565298274,0.0682700211182237,0.402967010391876,0.614425061270595,0.273676474345848,0.189159269211814,0.387636751402169,0.549513925798237,0.402650800533593,0.500102430582047,0
0.814280921826139,0.0972850886173546,0.650017632870004,0.172143194358796,0.715464692795649,0.913613833719864,0.411855839192867,0.739108492387459,0.394152465742081,0.394340087193996,0
0.178436972666532,0.280784606933594,0.811526938108727,0.596496019279584,0.478414115961641,0.573325525736436,0.212763349991292,0.668761506211013,0.228761639911681,0.487836666405201,0
0.0226145838387311,0.567185097374022,0.985875280341133,0.796278469031677,0.154652611585334,0.749655196210369,0.663917870260775,0.827689892146736,0.725347026018426,0.653214531950653,0
0.680664642248303,0.0165188277605921,0.857238929718733,0.76602322072722,0.0784322230610996,0.840782234678045,0.212232368765399,0.440120951738209,0.124787281965837,0.0836858856491745,0
0.822900219587609,0.266171318944544,0.00320468749850988,0.433102491311729,0.370900331065059,0.65248694899492,0.165708491578698,0.130818444304168,0.202426368137822,0.58066153828986,0
0.594346816884354,0.903907861560583,0.902584039373323,0.242079486837611,0.686572234611958,0.862114511197433,0.265821605687961,0.707021196838468,0.388913705945015,0.630991238169372,0
0.171926533104852,0.430890704505146,0.220455373637378,0.441002829000354,0.526784117799252,0.0162111911922693,0.363626101519912,0.673769121989608,0.872955640777946,0.837802225491032,0
0.505201363470405,0.305207648314536,0.0500252342317253,0.0962649742141366,0.992364338133484,0.333461855072528,0.167474714340642,0.316369002917781,0.848475588252768,0.828853520099074,0
0.469869170105085,0.461162694031373,0.121586690889671,0.726514640031382,0.567693826975301,0.708840751089156,0.806462310487404,0.358328251400962,0.0319932366255671,0.674118992406875,0
0.0257494568359107,0.567022115690634,0.331526488997042,0.168877249350771,0.252570969983935,0.203831621212885,0.409230172168463,0.815598731627688,0.47881745104678,0.767767817247659,0
0.2338371432852,0.183719250373542,0.0105602394323796,0.487122351070866,0.522840339923277,0.921311560319737,0.22524040308781,0.448098363354802,0.681358194444329,0.600873072864488,0
0.727659366093576,0.692990107228979,0.232182328123599,0.904174590483308,0.414509272202849,0.858495867811143,0.603322629584,0.157284267246723,0.581306182546541,0.692967286799103,0
0.205438728677109,0.880827250657603,0.864671058021486,0.386061121709645,0.454941712319851,0.431387013057247,0.744726219214499,0.642600271850824,0.686232812004164,0.743468933971599,0
0.00347809656523168,0.387710366630927,0.441102182259783,0.151224682573229,0.73732297308743,0.153268220135942,0.980172552866861,0.662452891701832,0.235699670156464,0.789808159694076,0
0.214394979178905,0.416424743831158,0.909159775124863,0.0133609042968601,0.665154944406822,0.590339537477121,0.985392110887915,0.652665721951053,0.745427620597184,0.391129680443555,0
