"1","2","3","4","5","6","7","8","9","10","class"
0.252591583877802,0.573505119420588,0.237010062672198,0.975910312728956,0.561815696069971,0.726078645326197,0.73128031892702,0.762525355443358,0.0364974890835583,0.986557948635891,0
0.887245769612491,0.227598210331053,0.933785414323211,0.409753336571157,0.167011677287519,0.0822213697247207,0.112529628211632,0.569671616889536,0.0984790553338826,0.983323942637071,0
0.644362448481843,0.274873371003196,0.162892222870141,0.477931967936456,0.335273166187108,0.887790517183021,0.181576867820695,0.171052008168772,0.578919074963778,0.421793271321803,0
0.918488830095157,0.281441113445908,0.292524792253971,0.152045145398006,0.745674081612378,0.0847661457955837,0.0164745678193867,0.12514365138486,0.946919286157936,0.796209627296776,0
0.121514903381467,0.788444156991318,0.464418306481093,0.737439936259761,0.990870373090729,0.240998381515965,0.452194458106533,0.213044308824465,0.139128644950688,0.173542808974162,0
0.253385862568393,0.352721374947578,0.489639912731946,0.0997789530083537,0.0754911042749882,0.988446382107213,0.754892056342214,0.274772650329396,0.919285586569458,0.186551541090012,0
0.215912215644494,0.645389120327309,0.638926939107478,0.963016553781927,0.07034648116678,0.877930334536359,0.845366026507691,0.464085691142827,0.853870089631528,0.195177150191739,0
0.830034384038299,0.131609859643504,0.431332539767027,0.351768503431231,0.189249839866534,0.782950788037851,0.909244511043653,0.71887913858518,0.0679032090120018,0.430516966618598,0
0.807993457419798,0.670457922387868,0.444355578394607,0.399661807110533,0.689577479846776,0.505360038718209,0.848369956249371,0.0599533698987216,0.88053418812342,0.0620428300462663,0
0.0465190866962075,0.630973829189315,0.915879728272557,0.0858952919952571,0.486866102786735,0.549358929740265,0.450877270894125,0.234685002593324,0.389256904134527,0.945184823824093,0
0.241596791893244,0.764030520804226,0.259437436703593,0.279355254024267,0.155617414275184,0.403418126050383,0.863059908151627,0.910721327876672,0.387234168825671,0.800212294096127,0
0.39800249482505,0.13984037283808,0.305970653425902,0.0372422430664301,0.978385264752433,0.493090515257791,0.336439034203067,0.168870276072994,0.111696101492271,0.039868950843811,0
0.916202394058928,0.118246053578332,0.0233436576090753,0.189576093805954,0.744944372447208,0.644680103985593,0.122429603012279,0.313266303855926,0.179027376696467,0.449953314615414,0
0.292370906565338,0.662391226738691,0.174503649584949,0.493552855681628,0.499364129966125,0.778820344014093,0.0933999381959438,0.565543708624318,0.780588071327657,0.495966941583902,0
0.380901758093387,0.917978526093066,0.781639232765883,0.768580854870379,0.13099614251405,0.447720819152892,0.950592220295221,0.956523859873414,0.16863555717282,0.899010890163481,0
0.265431959880516,0.0453982234466821,0.15451559657231,0.407257952727377,0.77862559328787,0.29925354081206,0.638758742716163,0.590625714045018,0.272888123523444,0.762456157710403,0
0.79131354088895,0.297645763261244,0.242313299095258,0.552802313584834,0.518645548494533,0.586983108893037,0.729924355167896,0.27176880906336,0.526918476447463,0.58254682761617,0
0.963484289124608,0.915986166102812,0.694217724492773,0.895445280941203,0.192453663796186,0.257449106080458,0.580690008588135,0.268547854153439,0.783271186053753,0.265874918317422,0
0.608218153240159,0.521710112690926,0.19694549893029,0.870173524133861,0.817798097850755,0.801015539560467,0.559082717401907,0.301527722971514,0.0957297214772552,0.928472960600629,0
0.0297205727547407,0.160167930647731,0.111810822505504,0.683018509764224,0.460675489157438,0.0400667926296592,0.403860391816124,0.125713594490662,0.615551830036566,0.0292917042970657,0
0.816142951138318,0.786762634990737,0.731432450702414,0.285627866629511,0.309610323980451,0.338889166945592,0.289141943212599,0.864208852639422,0.76057430356741,0.0684748075436801,0
0.394330689683557,0.307646877132356,0.390527786454186,0.852112144930288,0.840275928610936,0.798458530800417,0.955078390892595,0.235187853453681,0.425965789239854,0.155943368095905,0
0.728950892575085,0.444004654418677,0.231917636236176,0.269716564100236,0.502191701438278,0.248770412057638,0.468472016742453,0.114661153638735,0.887149995891377,0.250275172991678,0
0.150462636258453,0.348126435186714,0.653533669421449,0.412134179612622,0.226257474161685,0.895442397799343,0.526644714176655,0.663905784022063,0.814694026019424,0.711834020214155,0
0.33131763106212,0.901457988424227,0.905217643594369,0.371132954023778,0.461391272721812,0.960229376330972,0.510221626609564,0.416686707409099,0.232848349260166,0.874019418843091,0
0.0992707409895957,0.266289884690195,0.114377277903259,0.466905136825517,0.236013943096623,0.888212173013017,0.875575398793444,0.356355865253136,0.247940996661782,0.476675973040983,0
0.996581933926791,0.490571159403771,0.814118864014745,0.678920430131257,0.549132381565869,0.922212949953973,0.999305837787688,0.779953033197671,0.00305990315973759,0.782220239052549,0
0.103125087218359,0.511702744755894,0.554441296262667,0.059545140247792,0.701773728011176,0.923268454382196,0.0523141820449382,0.0840944529045373,0.367049823049456,0.376878945855424,0
0.180694836657494,0.301734897075221,0.498411731328815,0.623377680778503,0.62026331317611,0.928478673798963,0.483593872282654,0.0111578584183007,0.290241446578875,0.713457728270441,0
0.793358645634726,0.177283638622612,0.917333187302575,0.966805184958503,0.957783623365685,0.713836173526943,0.155662667239085,0.326129944296554,0.420248904731125,0.58620512415655,0
0.195066920015961,0.0513741064351052,0.984187545254827,0.613147866679356,0.875322603853419,0.69059276743792,0.677898143883795,0.843338757986203,0.583966157166287,0.793625295162201,0
0.202334458241239,0.730349082732573,0.625824230257422,0.609776871977374,0.362670827191323,0.601146997883916,0.777783720288426,0.638304861728102,0.539018636802211,0.208013377850875,0
0.0432858313433826,0.716395842842758,0.415424841456115,0.952718265820295,0.697091842070222,0.208009533816949,0.0914997523650527,0.748084018705413,0.849402837455273,0.25987508543767,0
0.0847225247416645,0.0120372190140188,0.215827825013548,0.797520447289571,0.556422948371619,0.350708777084947,0.829308315180242,0.951385506195948,0.201751674991101,0.66449797200039,0
0.460808755364269,0.246047928463668,0.0912132093217224,0.163214368512854,0.629195994697511,0.569737125420943,0.251183423679322,0.133856338914484,0.808540802448988,0.257711220765486,0
0.998622246319428,0.516747257905081,0.720433890353888,0.908655574079603,0.454464502166957,0.637540034716949,0.267234770348296,0.759087380254641,0.168557807104662,0.679029721068218,0
0.514611507998779,0.206105587305501,0.0379300406202674,0.854091871762648,0.140891627408564,0.307575432118028,0.239418296143413,0.7325207402464,0.819491668371484,0.0253746600355953,0
0.0970147927291691,0.19070856156759,0.683536270167679,0.188879164634272,0.533996431622654,0.0296106543391943,0.0820525547023863,0.302409659838304,0.384167017647997,0.338936329586431,0
0.795479237334803,0.407870813971385,0.769139148760587,0.140269109979272,0.539393833838403,0.683695449260995,0.653577572200447,0.260600499343127,0.258703804342076,0.171237039845437,0
0.175767885055393,0.928748153150082,0.135295299813151,0.949183977441862,0.177234892966226,0.716679090866819,0.922897711396217,0.707521188305691,0.0924410375300795,0.0235067023895681,0
0.381909028161317,0.0204630447551608,0.507880789693445,0.835063994862139,0.528485126793385,0.184827205957845,0.744020538870245,0.808870972134173,0.246661444427446,0.0242490528617054,0
0.699495360720903,0.662182183470577,0.824200943345204,0.433131514117122,0.996423638425767,0.0014336328022182,0.567109800642356,0.699466068530455,0.395477084675804,0.396698661148548,0
0.825533060822636,0.456305582309142,0.337349210632965,0.717995518352836,0.834039720706642,0.227552646072581,0.612619947874919,0.231921462342143,0.612438728800043,0.0617159674875438,0
0.407402436481789,0.899188171839342,0.250740761635825,0.894825538387522,0.919794154120609,0.0624817290809005,0.800061166286469,0.445838299579918,0.600467502838001,0.0416046404279768,0
0.281418381258845,0.471056088805199,0.705771385924891,0.555959306657314,0.141348522854969,0.385318822227418,0.861599111696705,0.311844021314755,0.445174575783312,0.784518057480454,0
0.73229423048906,0.0938573405146599,0.363427223172039,0.12773664528504,0.1877045489382,0.401294725481421,0.0506288737524301,0.24091501836665,0.893043762072921,0.622983151115477,0
0.999330697581172,0.821261928649619,0.369637906551361,0.64373645442538,0.135896650608629,0.473930763779208,0.409650490619242,0.998781078495085,0.879791950574145,0.751788927940652,0
0.873561932239681,0.528853944968432,0.222604868700728,0.30290593393147,0.995780995115638,0.499004927230999,0.963178635574877,0.52414926677011,0.00701412325724959,0.458549935370684,0
0.832321278983727,0.525920010171831,0.2400418499019,0.899214094039053,0.539335453649983,0.246652071364224,0.210049854358658,0.248702846234664,0.427238455275074,0.529609610792249,0
0.947616552235559,0.603857811540365,0.69155974779278,0.473768506664783,0.351558450143784,0.582859669346362,0.703800267307088,0.253962201764807,0.384501653956249,0.123827152419835,0
0.477851275587454,0.0160515799652785,0.507583374390379,0.726749024819583,0.342185944085941,0.105231925612316,0.460406735073775,0.92461609444581,0.892499032430351,0.865687413373962,0
0.137065370101482,0.103283576434478,0.75903683505021,0.324030059855431,0.0269452871289104,0.0967164754401892,0.180627595400438,0.262374720070511,0.61277213646099,0.746657762676477,0
0.246039327699691,0.416873531416059,0.835667740087956,0.775292772334069,0.637549148639664,0.187179277651012,0.381692636525258,0.73685365007259,0.663706810446456,0.402851818827912,0
0.0258713376242667,0.299481099005789,0.110891362652183,0.220516527770087,0.909240033943206,0.94777069776319,0.798788099084049,0.310570828616619,0.638096973532811,0.288714215392247,0
0.303877356462181,0.468261166242883,0.694694715552032,0.416070397943258,0.970359902828932,0.356773716164753,0.490037994226441,0.663260985398665,0.0335061496589333,0.355696048587561,0
0.365077662048861,0.648181034717709,0.378197673941031,0.486318842740729,0.618564433185384,0.457943155197427,0.918650139588863,0.28683249023743,0.163167747203261,0.948932262370363,0
0.382406810298562,0.60536571056582,0.429462981875986,0.386044045677409,0.939069050597027,0.554144625086337,0.697553091216832,0.309920007130131,0.665159682510421,0.103093147045001,0
0.997076053638011,0.922039329307154,0.918946452671662,0.136446216609329,0.51011522882618,0.854176962049678,0.307006897870451,0.476253172615543,0.0100088189356029,0.939981844974682,0
0.478353411657736,0.811281718313694,0.443743750918657,0.289211242226884,0.513536951737478,0.0621829975862056,0.100829417817295,0.635280699236318,0.613709952449426,0.146147391758859,0
0.363661080831662,0.173978442791849,0.594762890832499,0.626301974058151,0.0043063263874501,0.253283674828708,0.63040592125617,0.276285751722753,0.997216448187828,0.280907320557162,0
0.231070053530857,0.902838810347021,0.345369054237381,0.0746334497816861,0.315209399210289,0.592331394320354,0.949712470406666,0.728484362596646,0.0168070469517261,0.988511256640777,0
0.0317756687290967,0.507328571984544,0.754162932978943,0.153844453627244,0.981419410323724,0.510552100138739,0.727447899524122,0.241732857655734,0.913000213680789,0.336662769550458,0
0.621343558188528,0.467587343417108,0.863182393601164,0.569523049285635,0.163591044954956,0.259999565547332,0.984314936213195,0.613764711422846,0.665158354910091,0.759236849844456,0
0.150203616125509,0.0469393860548735,0.724510476225987,0.137696718331426,0.489976179087535,0.95423490786925,0.904281111666933,0.165675266180187,0.14544341689907,0.628180826548487,0
0.0629431528504938,0.175361079862341,0.434210755629465,0.617634456604719,0.295655386289582,0.680503192357719,0.317708222661167,0.573187578469515,0.4014598201029,0.225389677332714,0
0.135874040424824,0.491331693716347,0.0667533366940916,0.430497816530988,0.187295583542436,0.916416080202907,0.889098631450906,0.116491440450773,0.454462824389338,0.772709214128554,0
0.910217246739194,0.638282226631418,0.419202541233972,0.238920729607344,0.109260292490944,0.223457430955023,0.108075118623674,0.435447080759332,0.555477538378909,0.507552599767223,0
0.586606358876452,0.36996144335717,0.0404838318936527,0.390893591800705,0.315905219409615,0.652988065499812,0.313706140965223,0.300062714377418,0.864824467105791,0.799845775356516,0
0.895534601295367,0.310293368063867,0.478114442201331,0.0149388527497649,0.06763841281645,0.766794919036329,0.644522801740095,0.915559640852734,0.365872374735773,0.755443052155897,0
0.928546724142507,0.524711651029065,0.313023221446201,0.964662228245288,0.201874843100086,0.00707921362482011,0.73223691759631,0.938017080537975,0.562798736616969,0.159847895847633,0
0.822876977268606,0.536047141533345,0.930015954421833,0.0872534229420125,0.63692149380222,0.974757288815454,0.854434244101867,0.720944848842919,0.592303437180817,0.754336731741205,0
0.133284609299153,0.065619548317045,0.656596563523635,0.665385170839727,0.337294714059681,0.411472296342254,0.0127072900068015,0.730156836332753,0.552431906573474,0.861098650842905,0
0.281825704034418,0.767681878060102,0.939592954469845,0.697904246160761,0.0908849011175334,0.878142914967611,0.767227416159585,0.154444972286001,0.850879327626899,0.629652935545892,0
0.0150074798148125,0.733585246372968,0.143794022966176,0.649466277332976,0.199627857189626,0.832046003779396,0.469506440451369,0.839633140712976,0.103654320351779,0.721828857436776,0
0.50827938853763,0.633180591510609,0.626419028965756,0.11268920940347,0.289357309695333,0.244988193968311,0.484062146861106,0.771702865604311,0.14103666972369,0.308162627043203,0
0.813237021211535,0.395669316640124,0.969447881449014,0.825994163751602,0.352806107606739,0.882655404740945,0.756017073057592,0.979226148687303,0.526631026528776,0.88228763313964,0
0.313180288067088,0.0108676450327039,0.0419049651827663,0.225917540490627,0.644940682686865,0.790933405281976,0.754807808902115,0.360499297967181,0.831833515549079,0.0832837703637779,0
0.0471494037192315,0.378569985041395,0.419744837330654,0.665923689026386,0.276436866959557,0.753402683418244,0.912520322715864,0.613483553519472,0.431947163073346,0.991332001518458,0
0.180126498453319,0.48685116507113,0.906060143373907,0.822760953102261,0.601841141469777,0.895626255543903,0.716110974317417,0.938188983360305,0.559705901890993,5.43782953172922e-05,0
0.119081573095173,0.791550138266757,0.444526508683339,0.173123583663255,0.796486580045894,0.797638495219871,0.70587289868854,0.63244985230267,0.791006800951436,0.982104116119444,0
0.213029908947647,0.296579874819145,0.866626176051795,0.962711806641892,0.905376435024664,0.970047455979511,0.860691726207733,0.8751312114764,0.703461392782629,0.962207188131288,0
0.566654014401138,0.00880347820930183,0.180545725626871,0.755257654702291,0.586666374467313,0.790915907593444,0.416593789355829,0.197666066931561,0.346195471938699,0.746166408760473,0
0.371823758352548,0.0282708313316107,0.807369291083887,0.550141317071393,0.29952766187489,0.51156464824453,0.22176750516519,0.37707196874544,0.672922945814207,0.00247947336174548,0
0.853562654927373,0.134390799095854,0.477158752735704,0.490170096047223,0.648871261393651,0.81933228415437,0.477865817956626,0.597490635700524,0.581991796614602,0.642705405363813,0
0.116031582932919,0.848615661263466,0.0701332818716764,0.175817228155211,0.0977425510063767,0.312694767257199,0.805409442167729,0.784645730396733,0.180661721853539,0.371311093680561,0
0.885164436185732,0.497196616604924,0.538859775755554,0.843734878813848,0.10411172080785,0.785322268027812,0.210548977600411,0.210489382967353,0.250055126147345,0.354092716239393,0
0.759477746905759,0.0280208834446967,0.594177365070209,0.110783509910107,0.225871202535927,0.696899414528161,0.777285746997222,0.560989927500486,0.181827726308256,0.387628081254661,0
0.508763854857534,0.0554266187828034,0.680126934079453,0.720587015151978,0.713471319293603,0.284188587451354,0.802156739868224,0.210321072489023,0.799692866159603,0.337326867971569,0
0.218831112841144,0.814894519513473,0.876126532210037,0.736332208616659,0.0187231367453933,0.27216637483798,0.769043520558625,0.966211817227304,0.462227694690228,0.535640242975205,0
0.474429671419784,0.895964721683413,0.0719902799464762,0.0532149658538401,0.160164463799447,0.77908611134626,0.847472469788045,0.160434013232589,0.963881803443655,0.845241531264037,0
0.909982479875907,0.384230649098754,0.351855704328045,0.589944676496089,0.659741794224828,0.419906434603035,0.26411214354448,0.188782209297642,0.147891023894772,0.506405584514141,0
0.300768651766703,0.809053875738755,0.900366802001372,0.2563784904778,0.611996173625812,0.316994765307754,0.632521920837462,0.442642209818587,0.0524816352408379,0.423916889587417,0
0.42006433964707,0.670828369446099,0.308487463276833,0.371557497652248,0.745407447218895,0.730025646975264,0.456405396573246,0.813344185240567,0.994015302043408,0.370514544891194,0
0.807171525200829,0.761862157145515,0.591729463310912,0.859804688487202,0.586014935746789,0.278825843473896,0.250237144995481,0.740776031278074,0.238685122458264,0.271575101884082,0
0.303048844449222,0.193125156220049,0.706039496930316,0.750750726787373,0.312401693779975,0.153024319792166,0.302270989865065,0.924026723718271,0.0102146209683269,0.308250636095181,0
0.89295955747366,0.415285677881911,0.0671453052200377,0.0162915415130556,0.94834015192464,0.449697351781651,0.843891794560477,0.849813795648515,0.421050468226895,0.897125850431621,0
0.309546960983425,0.0218731195200235,0.855585397221148,0.772030988475308,0.914238983532414,0.23633094667457,0.517749656690285,0.684260187204927,0.465058586327359,0.513629771070555,0
0.260532229207456,0.691834871191531,0.305423285579309,0.848200016655028,0.309784007258713,0.0664521197322756,0.110178780043498,0.66008912702091,0.321193012176082,0.392787968041375,0
0.115133000537753,0.76733320648782,0.0709478282369673,0.154712896794081,0.982363569084555,0.56319514173083,0.995044430484995,0.0789211059454829,0.686076142359525,0.878868051571772,0
0.479729652637616,0.987305059796199,0.210109093459323,0.250807296019047,0.315849852748215,0.0687422470655292,0.834962361492217,0.309211974730715,0.0671224310062826,0.266145856585354,0
