"1","2","3","4","5","6","7","8","9","10","class"
0.862533554062247,0.865180137054995,0.193888149084523,0.150995574216358,0.116663978178985,0.169278726214543,0.217326209880412,0.567138206446543,0.105681900400668,0.00372080830857158,0
0.92145773591483,0.258217283861712,0.0483461780176498,0.873884021575563,0.877005718302913,0.1864833033178,0.99033316434361,0.441731159808114,0.925675592618063,0.735955653246492,0
0.711193275172263,0.323115590494126,0.219966573640704,0.755887171486393,0.179328496800736,0.362843260867521,0.988950398750603,0.716057180659845,0.442915599560365,0.522595402086154,0
0.405319774010126,0.518338904509228,0.571385898721032,0.46976307085827,0.64896546522174,0.6890946442727,0.196577071445063,0.823427230818197,0.123353006318212,0.109223637264222,0
0.494030965884402,0.282760283892415,0.289436384916864,0.299657216675952,0.245854407082684,0.580086377914995,0.788230458274484,0.513970490777865,0.789368745172396,0.13532935990952,0
0.211265795467887,0.900128145384602,0.10087555512134,0.15741245188145,0.816711480931379,0.792606048751622,0.838902567513287,0.4988887172658,0.223115660017356,0.822732501430437,0
0.115109916669503,0.849964975146577,0.191937198306993,0.0912482005815953,0.805210969185457,0.931790405185893,0.508306030184031,0.0692146380897611,0.733991088578478,0.43227058975026,0
0.350191156867333,0.582301915266644,0.624042978744116,0.599753422414698,0.729438646671362,0.87541358359158,0.385855280095711,0.609192294534296,0.0304954468738288,0.671322472626343,0
0.335779029196687,0.202637336303666,0.228919944448397,0.694971137644537,0.420938058960251,0.951638590544462,0.748299402184784,0.648110434878618,0.057373866206035,0.0447552562691271,0
0.126597500633355,0.143968386018928,0.831520646044426,0.889656537321489,0.865342496283911,0.741259454051033,0.0085183335468173,0.266310288337991,0.588785213883966,0.507818999234587,0
0.223428429346532,0.837271866781637,0.992995323888958,0.182325310816988,0.808687860548496,0.340232933405787,0.824489171383902,0.550071128411219,0.577203944558278,0.678335421718657,0
0.610655335788429,0.552078955705743,0.481052332986705,0.579825394147728,0.353380203079432,0.281256294809282,0.0350893461145461,0.294252581428736,0.858863015426323,0.241330994293094,0
0.518239553810842,0.546481973632611,0.241689591194503,0.231373740328662,0.395429367482662,0.513532103970647,0.478196662850678,0.107325746444985,0.297193518606946,0.935311328386888,0
0.352005426939391,0.627801712637302,0.33581768021388,0.345163337480184,0.450790876971278,0.467471934622154,0.13519670185633,0.710258640814573,0.675946036120877,0.279479366727173,0
0.609160950012505,0.557141172342002,0.423771626679599,0.346273030801117,0.597040260003507,0.189063964877278,0.837527061114088,0.301698196446523,0.933603000827134,0.999907043296844,0
0.191863215877675,0.767506814057939,0.233800015145913,0.107386753737461,0.0530338524226099,0.629162739263847,0.91053027426824,0.46368940314278,0.0237035625614226,0.0941652660258114,0
0.0860247454008087,0.953327760281228,0.0725138301145285,0.929889550823532,0.15170672868751,0.0921207834035158,0.983046783600003,0.77181455004029,0.63177400152199,0.137438981095329,0
0.442853783365339,0.623989429772645,0.535442141526379,0.596395762234088,0.382342722244002,0.719366512726992,0.364758237730712,0.332244107499719,0.84001343534328,0.832565211225301,0
0.296367382630706,0.601705842185766,0.5843892369885,0.259937256807461,0.340161162661389,0.424274874851108,0.284445736557245,0.612874677404761,0.945984604535624,0.0853600173722953,0
0.541162746455427,0.447438812727854,0.389666715876665,0.431363428994827,0.574352218794357,0.59315144107677,0.690973715623841,0.535298687638715,0.22727264999412,0.224290551850572,0
0.23831234305352,0.123249253549613,0.16721965249069,0.0921304271640256,0.188135443516076,0.524139670422301,0.0948509401641786,0.889566162368283,0.138416613684967,0.442935765022412,0
0.736633874534164,0.655729567052238,0.827485185991507,0.216344361662492,0.722013756097574,0.703266755444929,0.231258671963587,0.706931830849499,0.256567888660356,0.996361913625151,0
0.195595648480952,0.809869036735594,0.816376552077383,0.232763239558786,0.960506032069027,0.879699140088633,0.706765483366325,0.555137282703072,0.199016669765115,0.275559100555256,0
0.679755039745383,0.527489375817869,0.487262388602458,0.590076046623662,0.488006163980812,0.294517993927002,0.580894443904981,0.513159300899133,0.904326291987672,0.634426739765331,0
0.477895898271352,0.325263657185063,0.504890032490529,0.41592950883396,0.646635462767817,0.41302887047641,0.609356182860211,0.502120995894074,0.441948210354894,0.510749263921753,0
0.199079168403987,0.0794726678845473,0.955736422429327,0.785631806133315,0.924799923035316,0.667520842049271,0.0308074324857444,0.188936236314476,0.354445543605834,0.0342162779998034,0
0.370496722595021,0.59288727061376,0.360198991284147,0.74321864313148,0.331299479212239,0.229392108041793,0.627357040764764,0.718800069764256,0.393574605230242,0.637580775655806,0
0.843734992655739,0.723636043298896,0.777069517610781,0.166226018587966,0.781544933135342,0.023187565151602,0.926494508748874,0.218976089498028,0.404507871950045,0.805129994871095,0
0.613184405922331,0.66741695897188,0.767709964399412,0.557514824906178,0.682066741406173,0.0657884743995965,0.234256599331275,0.735855567269027,0.657715744106099,0.425171237671748,0
0.205373740935046,0.0180769171785563,0.762045254619233,0.729456426852662,0.215974803877156,0.763305679662153,0.72364039788954,0.619885114720091,0.18135987687856,0.408227134263143,0
0.687206468142569,0.684846127696335,0.352761682264507,0.650421658210456,0.829415572270751,0.517644767882302,0.654016657499596,0.849734378745779,0.352912568487227,0.799972995650023,0
0.411521233637445,0.405127911478374,0.557435116557777,0.560802219235618,0.603514617763739,0.692216189811006,0.0587814790196717,0.664633976761252,0.248239046894014,0.923994774697348,0
0.449693964986131,0.599995841124468,0.453477986400574,0.652260133923963,0.60172370451279,0.641362413764,0.125638713827357,0.962746172212064,0.107001591240987,0.0435366514138877,0
0.107989779260848,0.888990280618705,0.0687801164446399,0.00236728251772003,0.203289490941633,0.65581195964478,0.37003716500476,0.967897124122828,0.58535774378106,0.315000204136595,0
0.280868375418335,0.207848131876439,0.738177642069757,0.190150265133381,0.720854320495948,0.178435598500073,0.524737119907513,0.452164285583422,0.952012555208057,0.250019249040633,0
0.313935781233944,0.618314061106648,0.293336113399826,0.66167738460796,0.151957808608189,0.0182096387725323,0.414087436627597,0.0991352275013924,0.523528384743258,0.995812915498391,0
0.946551055585966,0.809805805131979,0.112501984502561,0.919277851285413,0.275477261454612,0.343217797810212,0.702862997306511,0.0153290657326579,0.714262846158817,0.784829922486097,0
0.51719285298381,0.44611881668251,0.342969104144629,0.433090345610119,0.385388564481307,0.905857756268233,0.0276683389674872,0.67401770199649,0.72472736868076,0.420648458180949,0
0.743221411248669,0.242912309942767,0.767901888117194,0.237216860288754,0.667965037748218,0.786940060788766,0.294384824577719,0.109034871449694,0.263459546258673,0.222811305196956,0
0.263928297283128,0.694191836358048,0.821822593465261,0.642284564334247,0.851017477094196,0.0383040902670473,0.583324133884162,0.442420937353745,0.362473653862253,0.000223870621994138,0
0.781081543536857,0.176489689387381,0.26296074455604,0.888044628780335,0.234299411764368,0.00608833180740476,0.71458553802222,0.914811942959204,0.67115830257535,0.16669575846754,0
0.909497465472855,0.714360764171556,0.13663067661589,0.0249163592016325,0.151367368189059,0.12139200232923,0.254859916167334,0.387460136320442,0.251265372382477,0.989715052535757,0
0.665619244768471,0.611785983020067,0.719960635210946,0.692312106046826,0.378210845822468,0.742670038249344,0.64774670614861,0.127291831187904,0.242198283551261,0.875155598390847,0
0.775115659369528,0.133130458560027,0.115396974284574,0.956058488638792,0.993417143773381,0.873832083540037,0.802988693583757,0.160539182834327,0.945846528280526,0.925384619506076,0
0.272476179305464,0.624683892325498,0.70467683329545,0.257000960960984,0.711593210833892,0.261941087897867,0.209029794437811,0.448754569282755,0.486401095753536,0.710768505930901,0
0.6290693914718,0.686681430318858,0.314651300601661,0.318430655954406,0.647046370728407,0.765455478802323,0.369859162019566,0.101336536929011,0.777608742471784,0.333177922526374,0
0.868511355103925,0.900429296274856,0.921997315504029,0.877951852198318,0.859900104727224,0.19472816050984,0.930032140109688,0.624680154956877,0.0864348022732884,0.364196023903787,0
0.72224473357005,0.752332486597449,0.0770137843938544,0.307031936958525,0.110551416819263,0.853660895954818,0.611521371174604,0.241794054396451,0.236536107724532,0.705870047910139,0
0.415510062554665,0.418990325758606,0.49057402257435,0.51339083390832,0.418216248656623,0.767426318256184,0.67555459565483,0.62285703397356,0.737117149168625,0.964715531328693,0
0.798868356718496,0.380628960164636,0.413090428474639,0.594416526081506,0.240965184951667,0.42680565523915,0.184436667244881,0.797499771229923,0.685358215123415,0.0686842242721468,0
0.773193412944674,0.0750036879535764,0.996075284322724,0.229953003348783,0.837497054589912,0.147975472500548,0.00202190736308694,0.479652157984674,0.860075406264514,0.380047102691606,0
0.162766537861712,0.230002717145346,0.964796669103112,0.105970853041019,0.257549218302499,0.743649798911065,0.253596650669351,0.395846195984632,0.938555846456438,0.354250988923013,0
0.32168994874917,0.587639965621382,0.586624909488298,0.812342839906737,0.395432228747569,0.808692246442661,0.448855910683051,0.280453802552074,0.907399134943262,0.717426254879683,0
0.385328482603654,0.319274277659133,0.608872923301533,0.339883360778913,0.530451497295871,0.724420752376318,0.277411200571805,0.717151550576091,0.685001605655998,0.493866805918515,0
0.737379869626462,0.803038077204674,0.745510384704918,0.282886393049359,0.232688549086452,0.875269343843684,0.169489912921563,0.277976508717984,0.542040024185553,0.43683374277316,0
0.660982140572742,0.669308012817055,0.388534449972212,0.56590726156719,0.464195214677602,0.418091285973787,0.041292465524748,0.872111342847347,0.704417127883062,0.75385395786725,0
0.293639216698147,0.472622193265893,0.482505380165949,0.574292129254155,0.335212055058219,0.291057594120502,0.0806025012861937,0.0957077282946557,0.960583607433364,0.232518237316981,0
0.982673855748307,0.149440504617896,0.946035920657404,0.99784448386319,0.877220670281164,0.193276760634035,0.501768355257809,0.477666292572394,0.509235161589459,0.0122121602762491,0
0.348170959867537,0.561222614113614,0.511699052303657,0.636905410137028,0.536475815887749,0.565845755627379,0.463901180541143,0.914744676090777,0.917048824485391,0.642619654070586,0
0.0301446160301566,0.947405554819852,0.083084830082953,0.0613969976548105,0.953146989457309,0.443538451800123,0.996583659434691,0.810188265051693,0.514623204944655,0.680285332957283,0
0.0901193618783727,0.0767459912626073,0.912652934001759,0.961958949272521,0.0775216873614118,0.907253027893603,0.56036780658178,0.501342226052657,0.130590102402493,0.422939551295713,0
0.282898703822866,0.241932936012745,0.264110252959654,0.696168670896441,0.391258241143078,0.17834959551692,0.0426392292138189,0.0192731337156147,0.921201177639887,0.185340313939378,0
0.615890320911259,0.798609225701541,0.326199271971732,0.761715936108679,0.323276387358457,0.446353595005348,0.446306001394987,0.212085567647591,0.195721951778978,0.403826942900196,0
0.685556076537911,0.546756144092418,0.518394982603937,0.42351176355537,0.432698256810289,0.855896881781518,0.859772065421566,0.270864519523457,0.184958135476336,0.297928720247,0
0.356135141121224,0.468874944237247,0.256701441150717,0.281820240232535,0.419733792998083,0.473213993711397,0.124226225074381,0.671715718926862,0.617509440518916,0.673866918077692,0
0.507189561645966,0.399006717687007,0.655980306299869,0.586361646753736,0.693847433105111,0.832571844337508,0.488986346870661,0.193334019742906,0.836830356391147,0.566922175697982,0
0.725612001476064,0.770030248167366,0.731549868494272,0.336605710693076,0.418992520692572,0.435279426397756,0.634071673732251,0.583261958323419,0.28064008243382,0.108007923467085,0
0.226735231290944,0.945552320120484,0.837997824029438,0.804856004014704,0.930872970132995,0.348988273413852,0.983280475018546,0.100473856087774,0.542399608530104,0.418436024803668,0
0.052471465943195,0.125775197673962,0.814340006984957,0.0706494681702927,0.710414934665337,0.835654095048085,0.182707869447768,0.880723434966058,0.199575121281669,0.280738515546545,0
0.914248420420848,0.685281428974774,0.138998053674866,0.810052257938683,0.786539976284746,0.714843618450686,0.474230462918058,0.742352924542502,0.800098039442673,0.505943949799985,0
0.187830740759149,0.724101412793621,0.738918560454622,0.306388294717297,0.11855538536422,0.0798540918622166,0.127159320050851,0.0624068081378937,0.693929755594581,0.986964884912595,0
0.180421353073791,0.116884171017446,0.841557579306699,0.0946888741058297,0.896694548260234,0.535211239941418,0.216887435875833,0.536844807676971,0.691155248554423,0.441621731035411,0
0.0760496522136033,0.936658598469943,0.745962329076976,0.921413429270126,0.324468486413732,0.948123343288898,0.140838246326894,0.0634255155455321,0.866182691883296,0.542231982806697,0
0.404529610510729,0.497121571614407,0.618819847104792,0.585301115949452,0.410703947208263,0.55710487649776,0.43738966807723,0.119244349421933,0.865786204813048,0.0466377448756248,0
0.0329424196626991,0.164758703173697,0.154972128649801,0.0534585466269404,0.896936465996131,0.929599283728749,0.101293335668743,0.973688369384035,0.27974421903491,0.793798457132652,0
0.531505240637343,0.642158798815217,0.334470959748141,0.447835868536495,0.58956130052451,0.580210376763716,0.0825688247568905,0.901482322718948,0.101357515901327,0.78575525386259,0
0.637776704807021,0.632725280866399,0.504228295584954,0.481893969940953,0.588859184720181,0.369709058664739,0.532196212327108,0.301448595942929,0.664432573830709,0.35847939341329,0
0.384471474623866,0.439867128129955,0.541626037422754,0.402477168426942,0.405700387936924,0.150667929090559,0.880142992595211,0.673816010355949,0.282203687354922,0.893657161621377,0
0.348137417066097,0.183468936365843,0.652737010511756,0.289908125180006,0.743491297361255,0.308689370052889,0.974796638591215,0.38611460221,0.278396260924637,0.259830510010943,0
0.985268163215928,0.0332855069443583,0.950852015135251,0.042670503548719,0.915760874596983,0.707515767775476,0.220599521417171,0.799043453298509,0.698781009763479,0.995899453992024,0
0.396720717592165,0.309455534125678,0.697300429667346,0.26915051017236,0.292930397571996,0.759319059085101,0.959216946270317,0.337075463496149,0.231209323043004,0.619330232730135,0
0.380349174391106,0.540608558416367,0.409040935332421,0.415273833735939,0.444138313132059,0.011423105141148,0.696996168699116,0.191843514097854,0.586705004330724,0.441727010533214,0
0.291667818788812,0.703095750897378,0.733932586109638,0.833436395283416,0.183913436891884,0.97968637989834,0.0627421964891255,0.990381085313857,0.229400758398697,0.163011209107935,0
0.630560814086534,0.526584320890252,0.459293723962735,0.546058709680755,0.476414126131684,0.693478264845908,0.0536694887559861,0.272002567071468,0.816213692072779,0.808208233909681,0
0.312487867596,0.311515780859999,0.84221931926664,0.287504666693322,0.745417664113641,0.156107113929465,0.807940436294302,0.641504627186805,0.949811278609559,0.228438058169559,0
0.237898474221583,0.697634305391461,0.669682850397658,0.77600269073993,0.693447376160882,0.360912897391245,0.913791237631813,0.502387823769823,0.636989251477644,0.34411166398786,0
0.703557134890929,0.529910728223994,0.639452482843027,0.311358164219931,0.366266702933982,0.60491451411508,0.617538536433131,0.994707573903725,0.224296196829528,0.293753622332588,0
0.0514416440372355,0.836483120595943,0.820362562934495,0.905400865697768,0.122748951397836,0.189684959826991,0.807992726564407,0.0545579115860164,0.00584929017350078,0.489558175904676,0
0.833137356263213,0.862311695286818,0.0135467253942043,0.982096832969412,0.911713613837771,0.694474495016038,0.478476574178785,0.472184361657128,0.246311909286305,0.0629205647855997,0
0.801515580703877,0.287700222577248,0.212950506536756,0.267663748256396,0.787464258223586,0.55186429200694,0.432749332860112,0.599889238132164,0.20317738247104,0.211253196699545,0
0.70128588495031,0.233639565829188,0.694759392907843,0.0897429009601474,0.664694902623072,0.376411747187376,0.108116618124768,0.0592149589210749,0.767470598686486,0.640429717721418,0
0.191114962421358,0.266583565897308,0.778848942835722,0.270242090790067,0.784639982803166,0.53411056404002,0.449976996984333,0.977332958951592,0.13769156485796,0.870589477010071,0
0.76463700790517,0.579152364492044,0.643242541398853,0.195544449874386,0.796157551003806,0.0410254243761301,0.400115127675235,0.356903831008822,0.955318242311478,0.504797691479325,0
0.440717067271192,0.650309662905894,0.378577688165102,0.573231950456556,0.433233059496805,0.490027324762195,0.0344223075080663,0.296290341531858,0.988530726404861,0.414052203996107,0
0.855150892894715,0.842719302966446,0.00984741247817875,0.112374551198632,0.876800586935133,0.615915972273797,0.907194096129388,0.0802100242581218,0.731911445269361,0.708252512384206,0
0.136588481451385,0.205747650236823,0.323951923359185,0.780042232901789,0.274238940068055,0.118576742243022,0.864632154349238,0.202101023634896,0.336654777638614,0.489401268074289,0
0.908794030001573,0.971481832459941,0.964123446192592,0.109606798296608,0.0348346642145887,0.0370231070555747,0.0797729038167745,0.0729476641863585,0.617976578185335,0.164707727031782,0
0.108032099757437,0.185464865123574,0.774980131796841,0.0551117193693295,0.124391322144028,0.323035485809669,0.782783151371405,0.337836717721075,0.831863212399185,0.103241669712588,0
0.340499037495628,0.48145251724869,0.437961815123633,0.643993595968187,0.612333859143779,0.781009454512969,0.447305780602619,0.257712085265666,0.781704475870356,0.301536768209189,0
0.0744211840126664,0.0415960005947389,0.818757045086566,0.856460486783553,0.749837645293958,0.814813260221854,0.833884086459875,0.877108919201419,0.992892677662894,0.100505860056728,0
