"1","2","3","4","5","6","7","8","9","10","class"
0.128470138322314,0.443283923151894,0.581631019366596,0.779093407434086,0.286110428419667,0.835582551546395,0.121632902650163,0.117560308659449,0.0813954044133425,0.719402369111776,0
0.884209656723484,0.372442156650533,0.488126224612381,0.771989914384158,0.449661713232716,0.818078479729593,0.0195304648950696,0.106852730736136,0.993721362669021,0.882379179587588,0
0.440539266334154,0.369935911055418,0.0503079247778183,0.256079874285263,0.545781631694329,0.179932554718107,0.728313379688188,0.981432607630268,0.877270716242492,0.0331691815517843,0
0.103199262539089,0.318489030834309,0.436372928215236,0.327467086615262,0.747678382685954,0.108803287381306,0.118657392216846,0.650700561935082,0.491580858826637,0.0958768953569233,0
0.813768904889002,0.307935766177252,0.449690022040159,0.224979605292901,0.32185863237828,0.0626079109497368,0.489446794847026,0.955453383736312,0.875100627541542,0.567726999754086,0
0.875753573230279,0.4448749823136,0.219946105925227,0.596685618752671,0.414899701941201,0.0127058639191091,0.79209387046285,0.691641901852563,0.00315104215405881,0.828914466546848,0
0.792261065705335,0.583596115855008,0.348183945344676,0.825938117533179,0.493174316714075,0.0756440076511353,0.286537791602314,0.780552133452147,0.180060766870156,0.0699920151382685,0
0.591614309415918,0.671151327786773,0.835435593558541,0.244409092321224,0.443510899163629,0.243687253212556,0.809674749616534,0.435816044453532,0.627923278370872,0.665262281196192,0
0.586030362067752,0.736960518494689,0.449876075312561,0.392241675137691,0.849762560489172,0.732908865436912,0.488110674545169,0.143962440546602,0.283838676987216,0.599325388437137,0
0.550110413650838,0.919387195474463,0.226383989110334,0.424611101736267,0.562161996417553,0.244990637525916,0.101567629957572,0.00865217205137014,0.131797998445109,0.735371164511889,0
0.586498936056718,0.218405430948851,0.477602477124529,0.368403912056036,0.8365453167354,0.32369324658066,0.59040085459128,0.54969902173616,0.228002190822735,0.592342452611774,0
0.0598422021043111,0.383026629360975,0.27106131400958,0.659791269487155,0.446192249868721,0.65554206748493,0.156510844593868,0.596868413500488,0.873880665749311,0.0930400311481208,0
0.839497691965995,0.674912505515549,0.673279678997672,0.616004217291909,0.329816452728835,0.534876730060205,0.46267094835639,0.648298921529204,0.91271256422624,0.19637851184234,0
0.838865606347099,0.209511802066118,0.40903698047623,0.521562061971053,0.358108491869643,0.624646741198376,0.327574177412316,0.846973677864298,0.720275762490928,0.358326570829377,0
0.151448936096799,0.652991390073862,0.324857442003868,0.580861781409916,0.750584054060453,0.776842708466575,0.0893289542291313,0.646900143008679,0.385281165363267,0.418154240120202,0
0.0892146511469036,0.29282003454864,0.628107052994892,0.475457545602694,0.543315046699718,0.709570329869166,0.912275518057868,0.655456574168056,0.623863908927888,0.0559495447669178,0
0.334090559510514,0.473411724204198,0.328459347598255,0.21828399063088,0.462548876181245,0.720398647012189,0.0370221759658307,0.117083531804383,0.431069782236591,0.0180101874284446,0
0.613866225816309,0.654601940652356,0.481237531872466,0.341758993919939,0.882487238151953,0.0376131804659963,0.161551480181515,0.841659576166421,0.633740593213588,0.546384340152144,0
0.411907712910729,0.948606847468602,0.325354920817843,0.416442758871647,0.638989915201254,0.622832629596815,0.127935938769951,0.683090084465221,0.318443414289504,0.25667613488622,0
0.243339590029791,0.450905868550763,0.482751743867993,0.360279088374227,0.771749234758317,0.541159097570926,0.364283333532512,0.314337857998908,0.739562746603042,0.782498290995136,0
0.264208662556484,0.459415711462498,0.548950670985505,0.258834226056933,0.397125644143671,0.0238130833022296,0.433653225423768,0.563976381439716,0.911390540190041,0.40841608052142,0
0.276221200125292,0.532639638986439,0.553476294735447,0.848666213685647,0.236623992444947,0.643082065274939,0.119388000806794,0.615377481793985,0.366750739980489,0.53859390411526,0
0.327467272164537,0.635413848432968,0.832186416553334,0.276768685563993,0.275802905529453,0.455760218203068,0.362001705216244,0.545374491484836,0.806812013033777,0.672742830123752,0
0.660314226290211,0.262762588681653,0.333408582722768,0.555314076598734,0.639515365473926,0.209917561849579,0.072537278290838,0.925453293370083,0.683548619970679,0.221873757662252,0
0.385684079919597,0.403580819125948,0.388556750020284,0.278292246034257,0.930225887484234,0.0696314726956189,0.0802750361617655,0.309391551651061,0.427354261977598,0.914573331130669,0
0.877453698043419,0.70610912147497,0.294402611829797,0.652610959384539,0.360502517089784,0.35589391621761,0.267696264199913,0.186425754800439,0.455182143719867,0.154695315053686,0
0.857761606697763,0.460497908833864,0.707072252899064,0.541908172136232,0.290063883015118,0.813452073838562,0.631499944953248,0.38857401534915,0.840966107323766,0.567164668347687,0
0.232033354930233,0.585798555857297,0.766496205259268,0.510300662630776,0.756882567135925,0.994668686529621,0.863242767285556,0.950307135470212,0.511877777054906,0.435929953120649,0
0.580948387153011,0.481834914542781,0.821331493826974,0.144821282091257,0.343770391080253,0.676325949374586,0.393001455115154,0.983351845992729,0.212749466765672,0.324717267416418,0
0.201705140947423,0.253326655825505,0.276409629968506,0.720922465092979,0.639144706814754,0.0605599514674395,0.0790535600390285,0.523106936132535,0.607171667506918,0.731279513565823,0
0.558889965230808,0.681179470657351,0.713238345582537,0.827688271751778,0.595720684064876,0.78175229462795,0.559019844047725,0.941041404614225,0.149336760863662,0.445893993135542,0
0.312661770545999,0.286902351228081,0.152372924997511,0.789562964545228,0.521832524567825,0.601130269235,0.501688267104328,0.608438642695546,0.158815106144175,0.644934964831918,0
0.743594123289497,0.571175065669816,0.308407346627779,0.123251525420947,0.453277513139825,0.572087129112333,0.160207026638091,0.962418313371018,0.298621221911162,0.361549063585699,0
0.585373722948134,0.573266880586743,0.31180118676275,0.374342328403145,0.574723627185449,0.498080690624192,0.417641111649573,0.991581572219729,0.627101412042975,0.579776493366808,0
0.346725248315892,0.414556848906974,0.180154142813978,0.693952286167488,0.73537864367865,0.420063162455335,0.848759350599721,0.473458741093054,0.620654416037723,0.926989373750985,0
0.827155262176595,0.31428364038195,0.640821800461218,0.647079527880434,0.674716719302416,0.340529054403305,0.39093641191721,0.723006437066942,0.794968221569434,0.990399169968441,0
0.788939452712507,0.62810810199281,0.826775708368842,0.497448758122834,0.617791031082143,0.404434313997626,0.707973066950217,0.214132818859071,0.597893542610109,0.853162978775799,0
0.499261891155271,0.646940029375067,0.952961287917987,0.48999905955263,0.55445777597346,0.160955881001428,0.858883775305003,0.627646672073752,0.236249130917713,0.583557152189314,0
0.740989981533397,0.393611039836646,0.273947420343189,0.53297383214004,0.818546965554406,0.306059266906232,0.871398328337818,0.682621713960543,0.766983254579827,0.291219236794859,0
0.200582616264001,0.721525507047772,0.447680670302361,0.587340167723596,0.558039123658091,0.923815650399774,0.430572011508048,0.40766860358417,0.357110357610509,0.320858885068446,0
0.371019081325848,0.610140831630742,0.0194624671754384,0.577191145840885,0.517351988069371,0.647693899227306,0.128641497576609,0.317315599881113,0.727142807329074,0.470586427720264,0
0.488470049807802,0.500841805944219,0.687916189664975,0.814470664132386,0.37618138990365,0.269294283818454,0.12819022173062,0.105804800754413,0.416257007280365,0.859034497058019,0
0.425629599004515,0.0730577741031177,0.658393430240024,0.56673075868991,0.268848834151321,0.615615748334676,0.225917169824243,0.603210041299462,0.384238203987479,0.574072903953493,0
0.605100473055461,0.439225098218639,0.544568018276052,0.247935014403193,0.0592515875344103,0.758228427032009,0.17470058449544,0.803817598847672,0.054355040891096,0.961812754627317,0
0.698879988574734,0.463351704063926,0.495815303916231,0.242638799501138,0.868331650998829,0.0255249680485576,0.135548060759902,0.48578865872696,0.382909028790891,0.263303425395861,0
0.486486973096335,0.405128340609631,0.653684069244512,0.378214213445071,0.00144962863655806,0.690436076605693,0.0576423315797001,0.527036149054766,0.8987162115518,0.928379597142339,0
0.536792712114906,0.502321726088836,0.29053552236118,0.551015305749997,0.922638810376163,0.751375258667395,0.393472446128726,0.720886363182217,0.576959532452747,0.987678289180622,0
0.556892643375678,0.615113078094246,0.102399984472484,0.342135299127776,0.701708984479385,0.387801183154806,0.566397562623024,0.672834972618148,0.350653407396749,0.651405667420477,0
0.2402740207215,0.0907213031243118,0.417765059597756,0.654301919369192,0.397329999809369,0.725959757808596,0.834296517306939,0.330327997682616,0.382633446715772,0.914545298786834,0
0.586679294356679,0.275289844873692,0.288255208396752,0.0486050409828731,0.488522770206362,0.92790493555367,0.349377094069496,0.847500124247745,0.289110740413889,0.756485537160188,0
0.380100134230305,0.584937650362293,0.319814533370353,0.80617673263358,0.775983730078022,0.219810145674273,0.182480213698,0.618711998919025,0.38316549337469,0.958624162711203,0
0.795295360789989,0.731683321808829,0.577126583774957,0.53796867911458,0.172920906412511,0.405211206758395,0.263578861486167,0.983943317783996,0.95564781781286,0.0939084643032402,0
0.638258931960789,0.342024872872951,0.153705898416375,0.356149262368863,0.128272462053706,0.472531121922657,0.391611585626379,0.54565636254847,0.253522506449372,0.733198923291638,0
0.388034740357625,0.500810314322734,0.350917720213041,0.569863072606866,0.0139677521425659,0.900741278426722,0.937850445974618,0.987766462843865,0.235961799742654,0.83270482881926,0
0.56540718434344,0.563440003169083,0.946017242979399,0.35375293793554,0.563468535511633,0.275641545653343,0.747777881566435,0.889633757295087,0.849352369084954,0.907644353108481,0
0.847594728849094,0.711945512629194,0.64608096903045,0.370489658950345,0.48623539418383,0.435655702836812,0.099882684648037,0.318610956892371,0.308874418959022,0.100535386474803,0
0.478477088707532,0.544489436865655,0.323861777500744,0.761717946055263,0.0740713861936825,0.56093438109383,0.826431235065684,0.610596856102347,0.0166118538472801,0.715158930746838,0
0.198099251603708,0.61568649020046,0.310583463404328,0.61280001886189,0.65225746226497,0.53549079131335,0.246624470222741,0.560144332470372,0.912428058916703,0.847164918202907,0
0.560902518453076,0.442503665108234,0.32012454024516,0.731994853820652,0.161992140579969,0.407978797797114,0.629914213903248,0.510682605905458,0.450989591889083,0.499521571910009,0
0.472899141834858,0.43858492017586,0.383859259267792,0.45051900112369,0.98263833826179,0.716376240830868,0.91747230431065,0.768639363581315,0.530977592337877,0.670761348912492,0
0.416691346302581,0.282009117452064,0.846679516162732,0.250084954537235,0.603728844692497,0.837833790341392,0.541775329736993,0.871685805730522,0.158377043437213,0.740614396519959,0
0.213573372374578,0.371546718544168,0.618025282688099,0.622542918779045,0.838249217487519,0.15735020628199,0.0777730641420931,0.383498202310875,0.909474230604246,0.538265916518867,0
0.806364369671551,0.347358592874029,0.761947709495512,0.296426374438743,0.461041452175907,0.325703634647653,0.272062536794692,0.464055194053799,0.530614782590419,0.822386783547699,0
0.766828386930617,0.112527947823627,0.482138746141847,0.657572972700476,0.370313271394875,0.639773907139897,0.976713521173224,0.708786467788741,0.429394950624555,0.584652512567118,0
0.40015953942202,0.702250952133909,0.651817865436897,0.283311574254185,0.361609259387478,0.576510176761076,0.837562586413696,0.749606332974508,0.119920874480158,0.885089960647747,0
0.77184791033807,0.749226933770127,0.334576323218621,0.523943575807655,0.731156101019251,0.792226703837514,0.614802587078884,0.983167483936995,0.0111054705921561,0.439158993540332,0
0.281989382902736,0.337480016897754,0.307690705460172,0.0484391886644653,0.52071059631499,0.883835883811116,0.685053655412048,0.605843588477001,0.337380341952667,0.671311186160892,0
0.399315197209222,0.675140976634284,0.171680087447337,0.149876563977137,0.551099789946232,0.798149264184758,0.127212218940258,0.61910333391279,0.989094553049654,0.154288223013282,0
0.53483227934141,0.672545191958369,0.265490288627124,0.817505221277505,0.281246035466742,0.688069574302062,0.745955552207306,0.830919384257868,0.369305613916367,0.604740356327966,0
0.58421298040759,0.806500548213416,0.747873693835957,0.558281927586288,0.294240764259548,0.213389890268445,0.392445815727115,0.645146099850535,0.514212901238352,0.675028424244374,0
0.815713384163633,0.593885708436795,0.438639328600597,0.660808296506975,0.762446571991671,0.51478197821416,0.686108920490369,0.671279834816232,0.605983210727572,0.855601043906063,0
0.45719737089132,0.254985288381421,0.235243533245869,0.6139052111688,0.12626562641993,0.748743194621056,0.460363602265716,0.342915209941566,0.90719976183027,0.880400869762525,0
0.705475029439432,0.26666177228761,0.656009060419046,0.411844118175727,0.8309758237857,0.769376139855012,0.0964086621534079,0.21200711093843,0.579869703855366,0.113012206275016,0
0.316205895738676,0.277543751290068,0.582927835639566,0.437972707208246,0.425484641687945,0.6987568247132,0.00465166731737554,0.879483877681196,0.0656331442296505,0.0972951096482575,0
0.445969361709694,0.321095008537345,0.452526696701634,0.46947258035422,0.934471068855141,0.894932730589062,0.140491525875404,0.131376256933436,0.218836311716586,0.117954310728237,0
0.511607481463264,0.683458183284111,0.778409098220846,0.751832066876033,0.208046188799712,0.635155241703615,0.137508341344073,0.140608340501785,0.178563716355711,0.424253853503615,0
0.787874911979034,0.445551151847102,0.0880529448827775,0.393593260361118,0.481287744689867,0.429547565057874,0.748681236524135,0.341843890259042,0.755391657352448,0.90409716591239,0
0.662149844842454,0.318903732355575,0.664220191153781,0.32824896628505,0.0989424575933312,0.730027800193056,0.865583927603438,0.295526612782851,0.677161730127409,0.0209264564327896,0
0.484193505764282,0.607077573244804,0.687432065709285,0.849475620877245,0.29917108935831,0.832330226199701,0.262412482174113,0.597529894439504,0.575173462741077,0.777178753865883,0
0.860425809350109,0.531245657895377,0.486434137153803,0.641200405901863,0.701042551095773,0.0385833329055458,0.577343640616164,0.272904274519533,0.784780573332682,0.448481971397996,0
0.00153056808089147,0.485333187562988,0.613455860737385,0.462358504803747,0.554924859522932,0.711405884707347,0.539370524464175,0.753149596275762,0.0671724712010473,0.536401716992259,0
0.322065574349836,0.515224336413667,0.495136479148641,0.732174705946818,0.384327329462394,0.946540039032698,0.334723768522963,0.604182594455779,0.36328721488826,0.821351868798956,0
0.196952250320464,0.659709581173956,0.450830442365259,0.227602010359988,0.531663223169744,0.727656282950193,0.201181774260476,0.463361489819363,0.367560272105038,0.798949796240777,0
0.271583408350125,0.534531329758465,0.700787612702698,0.651336708106101,0.650149210123345,0.981841063825414,0.839273994322866,0.776749436743557,0.0615267783869058,0.512333515565842,0
0.284615989156528,0.0913372515205134,0.635786537477325,0.354933957234035,0.486584125392021,0.95069572608918,0.0586866864468902,0.556680756853893,0.00711375498212874,0.480109834112227,0
0.377314830674692,0.335496845506901,0.74965147998077,0.146815364949614,0.240777699833691,0.204063400626183,0.723016710020602,0.0973085397854447,0.991037614410743,0.0567435068078339,0
0.586429551737422,0.624205579571905,0.251023024033371,0.241775444184304,0.8095288329584,0.974103445652872,0.584999468643218,0.958832658827305,0.320145378122106,0.246117923641577,0
0.40188154723666,0.166872747714614,0.260430476957243,0.125890376290036,0.38247032220782,0.549786222632974,0.602750094840303,0.514856046298519,0.494980508461595,0.630795440170914,0
0.35715760281458,0.904536670575364,0.681394829773947,0.423952494659403,0.364307295041774,0.587641175137833,0.480273576220497,0.776450198143721,0.300267243757844,0.145797678967938,0
0.348566421656721,0.52668318824699,0.322936388934557,0.879529312392333,0.61944485584207,0.835909571032971,0.00917217531241477,0.157688258215785,0.889749767491594,0.987242821836844,0
0.392329368400263,0.144410642304655,0.494411601591458,0.332049561734924,0.81082570131707,0.421461957972497,0.129577194806188,0.681834370596334,0.425496975425631,0.206044827820733,0
0.319356280146167,0.562742734560743,0.323550827568397,0.332983679836616,0.16835631756112,0.948223845800385,0.1916731253732,0.417744190897793,0.0317523181438446,0.86815628176555,0
0.311252264809885,0.380688959769353,0.774043737587031,0.798410425527935,0.38763986180565,0.220125764142722,0.584309612866491,0.798599196365103,0.263285777298734,0.517412735614926,0
0.885760365326528,0.425569836933095,0.627836142934691,0.694414755464164,0.443011143872695,0.288723827106878,0.884317577350885,0.126108052907512,0.068591772345826,0.482785697327927,0
0.260899862973019,0.24704553023912,0.392289306037128,0.764259179122746,0.397748179733753,0.391187479486689,0.247099182568491,0.566118300892413,0.357637935318053,0.0687622677069157,0
0.400015991920688,0.691309062938672,0.858023315844257,0.417569836885523,0.271878968921896,0.951184106990695,0.621867674170062,0.189555193297565,0.664226769469678,0.697595385368913,0
0.691836919402704,0.401983162155375,0.647058707196265,0.183632858330384,0.77860370487906,0.926251917378977,0.606365136336535,0.83803943102248,0.703130007488653,0.796922436216846,0
0.717795967507209,0.788409721396206,0.25269510936882,0.664564967987717,0.468297190963452,0.661160731920972,0.576201725518331,0.937096327776089,0.291089996229857,0.323210918111727,0
0.431182147893579,0.298797427765234,0.630884378757927,0.847832968924839,0.278600931834079,0.0990153050515801,0.295578225050122,0.62075105891563,0.748083740007132,0.437480000546202,0
0.787132252060776,0.731617127391548,0.323644894527944,0.460029196313773,0.754029742935496,0.329509245231748,0.331140700960532,0.0510459211654961,0.586163081228733,0.651789189083502,0
