"1","2","3","4","5","6","7","8","9","10","class"
0.698430345036723,0.468539968082363,0.275425258113982,0.3882230197777,0.0930117131316201,0.929079892579466,0.81009384081699,0.889619471970946,0.033911926439032,0.51073450082913,0
0.534426481373705,0.388825969020135,0.530894865435368,0.241093988162074,0.893759514914925,0.560447152005509,0.662928754696622,0.651323504280299,0.441138779278845,0.350318117300048,0
0.121908805565909,0.364902654429898,0.27600469533354,0.359061930095777,0.503573754336685,0.768434872385114,0.485927199013531,0.162569387117401,0.204763280926272,0.370539962779731,0
0.279886028956526,0.430743480807815,0.371845502103613,0.0677567029120476,0.29331215058875,0.0752141019329429,0.216567248338833,0.746193283703178,0.170356689486653,0.15859293169342,0
0.644264611652508,0.521959833319126,0.872095896204021,0.537553040569514,0.70918272238806,0.447098183911294,0.125421294709668,0.0529017786029726,0.213748726062477,0.922273850301281,0
0.498026036860807,0.668993049299732,0.934710222886181,0.504420384534894,0.458301360929597,0.857527272542939,0.673511002445593,0.102856500772759,0.697992644971237,0.837046620436013,0
0.449139091827354,0.222699629490101,0.645138775741423,0.619128538123654,0.104324652952208,0.415360670769587,0.403752567013726,0.416523185791448,0.785517136799172,0.749071394558996,0
0.1047943924723,0.391598730088298,0.533452826049454,0.481700346572974,0.114979867845184,0.745091844117269,0.461333150044084,0.198971898527816,0.500425189733505,0.191614089533687,0
0.361814234833902,0.735503892763891,0.845788785450481,0.276408387648114,0.491164789911221,0.504920247942209,0.290194844128564,0.473045929567888,0.979331177659333,0.295136727159843,0
0.527285932083652,0.41947948509388,0.533748653441444,0.979314424521275,0.503604479816647,0.502422706922516,0.867094398941845,0.0242252834141254,0.770883794408292,0.933378756744787,0
0.710602437383086,0.716263518031255,0.479601896048314,0.108406686488496,0.374060242051722,0.43217623909004,0.198283448582515,0.948751330608502,0.259947527432814,0.0809657501522452,0
0.753403298247917,0.301206274535757,0.666745989112287,0.800642034335067,0.478836588325799,0.367468188516796,0.935657831141725,0.448598481481895,0.843886868096888,0.156618007924408,0
0.346023186660515,0.920094575282697,0.443454982323872,0.343466261499919,0.372093885691442,0.575693193357438,0.43680495582521,0.424548965413123,0.277311656158417,0.194208345841616,0
0.39070385880414,0.450773087605968,0.613932461841931,0.854012843122459,0.190117808271289,0.871872924966738,0.969598924275488,0.202477699378505,0.104412312386557,0.882561129052192,0
0.402441504524327,0.451354704161137,0.646032485091544,0.918056196109941,0.627356045039153,0.0833285818807781,0.506752045126632,0.320682789199054,0.41647986532189,0.816790787037462,0
0.628076451273757,0.107570286557422,0.604382931998865,0.264266768166687,0.290546834465239,0.413958078017458,0.813974220072851,0.249290850944817,0.910783336963505,0.512903412571177,0
0.761436061375923,0.0921038045792521,0.440823479545383,0.570215900935947,0.480295088921327,0.307315605459735,0.773187346756458,0.636411480605602,0.240950494073331,0.607282603159547,0
0.558243843835412,0.238479938279156,0.546658550467271,0.0581043587433434,0.347866270627797,0.0110193402506411,0.91872088285163,0.0367701451759785,0.400764121441171,0.698327112477273,0
0.609002305794228,0.529927545215715,0.523777384031785,0.921504898114198,0.552033117087386,0.303692347602919,0.0962000621948391,0.760395508026704,0.381931826705113,0.441916593117639,0
0.581267569195028,0.881386529467604,0.700414792862259,0.459282488692469,0.691941484365376,0.616503757191822,0.430891008581966,0.533407241571695,0.574058067752048,0.60010905796662,0
0.866905170764265,0.259989036014818,0.633662923166763,0.444745343666341,0.427014993934352,0.556702761445194,0.130458724219352,0.697144659236073,0.812818519771099,0.0688297948800027,0
0.287754991396576,0.606544941601195,0.421169079742706,0.81279808474184,0.211100965754095,0.223973772721365,0.808051556581631,0.494051045039669,0.994359588716179,0.538911843439564,0
0.637969834483318,0.775113126100427,0.665239548048952,0.47541278767405,0.118873260949584,0.677566275699064,0.306828456930816,0.0861282064579427,0.734107791446149,0.386915117967874,0
0.563329452127077,0.34164238478137,0.0919026024266973,0.536392191484137,0.730841068521823,0.201791281811893,0.904706984758377,0.841820814181119,0.93393173138611,0.250198980793357,0
0.106378942177565,0.598217681694548,0.462984162451191,0.202238193017054,0.613086263649318,0.489437724230811,0.284653771668673,0.983737309463322,0.873087840853259,0.485501677496359,0
0.542516218941154,0.398839188617405,0.772713028352402,0.853755273264444,0.429284582198287,0.0637351567856967,0.860898025799543,0.39002103661187,0.729637693846598,0.125322808744386,0
0.756450283913616,0.179935996550569,0.418357590517932,0.742787772519733,0.429674461487699,0.111884381389245,0.660017787246034,0.164334398694336,0.124242983059958,0.918267825152725,0
0.216406246635092,0.541468520741439,0.792036820117179,0.214450227290349,0.393977588603805,0.514720918377861,0.00183816952630877,0.921770797111094,0.994830498471856,0.353575734654441,0
0.422171019277646,0.567776556698921,0.768504454000165,0.708277053396227,0.762642516085133,0.37193875387311,0.104938742471859,0.798108914168552,0.73159377835691,0.241526775993407,0
0.430631155068874,0.416945306008691,0.331116164986588,0.896286761849524,0.730128465944234,0.676429003011435,0.683350602630526,0.742850485490635,0.399393662810326,0.824870066484436,0
0.876482947263867,0.769849434494972,0.495259867282584,0.469599109143019,0.345823579467833,0.435724663548172,0.969527835724875,0.909523499663919,0.771262377966195,0.419304173439741,0
0.588232154870446,0.107177138887357,0.636528747298353,0.243696839540624,0.362209722788495,0.0825839412864298,0.0256370902061462,0.30520845297724,0.0694136847741902,0.52078757295385,0
0.744018740912458,0.298109726345131,0.252867536950191,0.800667073918005,0.637441219576953,0.00207586912438273,0.725451031001285,0.727836339036003,0.333023448474705,0.270608378341421,0
0.653368323444466,0.844387640123598,0.635071178572256,0.606609600699913,0.248131078935613,0.0142667309846729,0.555642256978899,0.661881444742903,0.490774339996278,0.162771580042318,0
0.246562216689803,0.275636822708749,0.173914961149225,0.613623409434587,0.234536082139328,0.610461452277377,0.858357402263209,0.395976552274078,0.401819926220924,0.92192077357322,0
0.334072839235887,0.367861351929605,0.420387060381472,0.071029155049473,0.521977292373776,0.473140429006889,0.352314821211621,0.152987090172246,0.34190747467801,0.724170038942248,0
0.250909740105271,0.571777085075155,0.427978920517489,0.825127542717382,0.699863205431029,0.841708910185844,0.287218136480078,0.403290074085817,0.348870905814692,0.496104522608221,0
0.654901409706905,0.445554468496402,0.561329454082399,0.148463855378234,0.801875926598476,0.220249951351434,0.194544191239402,0.512230637716129,0.59960257797502,0.384015278890729,0
0.338159873211749,0.115731064518409,0.340324557675378,0.657715807672597,0.641462324281752,0.131156197283417,0.177511573536322,0.507841096492484,0.135250308085233,0.827649310929701,0
0.586986436974257,0.81632221932523,0.312495804624632,0.262656667735428,0.334196739830077,0.216999971540645,0.9383464762941,0.169124696636572,0.590443717082962,0.0845630783587694,0
0.379310593737804,0.322728097163935,0.107537037120232,0.711320351372877,0.349380731361349,0.0537677702959627,0.439253283198923,0.730405251029879,0.211058345623314,0.143703991081566,0
0.121824122305583,0.604024850547535,0.389240268064827,0.189261844281592,0.327137597132299,0.00432930258102715,0.109308145008981,0.96255133789964,0.0544804632663727,0.864616208476946,0
0.477336038580895,0.746511784445018,0.79554536109731,0.34839162832995,0.176829501872397,0.838475413154811,0.39600737974979,0.272676175925881,0.113437687745318,0.205350853037089,0
0.556429435360292,0.617837319206741,0.0419311031496215,0.592365694337052,0.327888198053972,0.0274416939355433,0.511160070076585,0.885589597048238,0.0499574881978333,0.200285841943696,0
0.433112693312057,0.380293552678974,0.301481179732056,0.913623769787862,0.320235439017617,0.266939289169386,0.31418588059023,0.938337584026158,0.435392952989787,0.762332222424448,0
0.62538201870844,0.595800865672132,0.558265504551797,0.908620842026051,0.613863088103329,0.013976248446852,0.512458907207474,0.147624900797382,0.245704839471728,0.247763187158853,0
0.818452810868621,0.361557721160352,0.363345785997808,0.390949370339513,0.360091034788638,0.828655504155904,0.0455260283779353,0.174803022993729,0.851188445696607,0.47257205657661,0
0.727429856313393,0.414874905953184,0.6036238046363,0.113174005178735,0.614162963582203,0.489241410279647,0.997803390258923,0.0755105919670314,0.4490408282727,0.994904567254707,0
0.765769434001256,0.693927510654051,0.198449614098327,0.446241681023832,0.604975401539387,0.320743266260251,0.284669338492677,0.614075120771304,0.874376165680587,0.478843767661601,0
0.629076490411535,0.525214402703568,0.591792674735188,0.426457993453369,0.814126562559977,0.16236818372272,0.724977433448657,0.692671825876459,0.439651549560949,0.356294068042189,0
0.405555654427128,0.549887929422527,0.389972183918641,0.868897464484539,0.225687606905733,0.764298183377832,0.143758358201012,0.800559686031193,0.396231769351289,0.851771458052099,0
0.275394272947356,0.561034527613032,0.388840173086853,0.104156013038929,0.273792591708559,0.0488550984300673,0.436702515231445,0.362643264699727,0.536271231248975,0.0902050000149757,0
0.747610275841904,0.398740556553034,0.717196796336047,0.77419904907952,0.298535177184381,0.830297634238377,0.914064607815817,0.634262895211577,0.178341643419117,0.682767604244873,0
0.445857071428965,0.840806586011721,0.34411364889851,0.739928143447387,0.647840011047128,0.769810916623101,0.585262007080019,0.674789389129728,0.0108716089744121,0.65306615899317,0
0.70053483191131,0.245187490757494,0.598982579613084,0.120318282724139,0.404402713595029,0.951150478329509,0.367186249233782,0.309046433540061,0.565455527277663,0.397094334475696,0
0.910771708342479,0.585909643366868,0.335980385035545,0.389805641306988,0.484396332129006,0.814730701968074,0.406935559120029,0.147124238545075,0.86691048159264,0.885587259661406,0
0.499855428875119,0.682898909500729,0.367165628230965,0.0410533531366805,0.414224361138858,0.965056699234992,0.577894744230434,0.616808262653649,0.555075818905607,0.99621733976528,0
0.515737374080345,0.506533767329529,0.297910658409819,0.403556340606883,0.716175999725237,0.393627654062584,0.878647980745882,0.50184883014299,0.780843735672534,0.771201689727604,0
0.864147395594046,0.441588069777936,0.414136505220085,0.755127682117745,0.686115970136598,0.964808923192322,0.924074701033533,0.388382248580456,0.158139542909339,0.628595096524805,0
0.760585503105933,0.545959333805975,0.178424406368105,0.254206515963449,0.553894832879853,0.359985552262515,0.0680350933689624,0.0963331207167357,0.735486437100917,0.537668907083571,0
0.466084706300707,0.190133163507305,0.0881140768034628,0.387261209400857,0.405122615707761,0.175179011188447,0.946572512853891,0.593414011644199,0.359202651539817,0.97963515855372,0
0.268119104736134,0.187301052710978,0.213053633952403,0.728296550579022,0.567897252098072,0.887372179888189,0.888879051897675,0.0322328412439674,0.470972281182185,0.953193085966632,0
0.350485311429994,0.309792283579891,0.889930765075804,0.586309878977567,0.368642534712696,0.779873166698962,0.165403485298157,0.756680910708383,0.622963424539194,0.829294607043266,0
0.181091849852573,0.38092085689198,0.799676105081288,0.433311890928646,0.259655053694838,0.0644200127571821,0.16887378343381,0.692432882729918,0.624722656328231,0.350539903854951,0
0.38170713217161,0.498031780965341,0.925237799295081,0.528254883582131,0.273214095815871,0.36451907409355,0.228976473445073,0.159847766626626,0.266098747262731,0.652471627807245,0
0.525490050519307,0.556330290321918,0.917881373006836,0.632531698835037,0.61885606179625,0.353071564109996,0.7411153097637,0.171406893292442,0.0923665526788682,0.80035109911114,0
0.664798395242542,0.74059738824144,0.46140325255692,0.158099773572758,0.386252848431468,0.771866450319067,0.946985848015174,0.507416118402034,0.262251934036613,0.379807838238776,0
0.675817968090996,0.295945337740704,0.876357870409265,0.40168621391058,0.340464663691819,0.281522609526291,0.807680565631017,0.757741559296846,0.295701830647886,0.826432521222159,0
0.781372259005515,0.666256384134498,0.303228055407739,0.591500935432239,0.226188788666075,0.647919833427295,0.124822038691491,0.0194523145910352,0.546701579820365,0.787554969079792,0
0.683625637625699,0.699857970222733,0.141577720548456,0.608470040666908,0.274862348777434,0.519938757875934,0.2050129189156,0.31525881588459,0.406368926400319,0.798944703303277,0
0.328445401740689,0.596524965197903,0.821248509389734,0.263807261093911,0.689068262235035,0.278843672480434,0.448747369693592,0.426373633788899,0.413766313577071,0.0467125934083015,0
0.615777278958669,0.606099417117028,0.904876121368745,0.430995141871946,0.529694337914742,0.0488282726146281,0.0137919404078275,0.391504300292581,0.18321946146898,0.596019339747727,0
0.312000595086894,0.285135191658109,0.90271524455548,0.402325167718851,0.607098424370071,0.581713928142563,0.101093403063715,0.819214513525367,0.402184010716155,0.991924883332103,0
0.714175476442606,0.37341465993886,0.188609847559054,0.799707090035923,0.426927870000703,0.154125431552529,0.442094556288794,0.217092944774777,0.671956425532699,0.379064284730703,0
0.239356759199781,0.128281056387711,0.354572942610004,0.264331793757825,0.645771367017532,0.600876355543733,0.989977011224255,0.64711398514919,0.684560547582805,0.388538671890274,0
0.892697329296566,0.512562417885754,0.342389096927663,0.676664149286206,0.564753035360194,0.677560691721737,0.899115342181176,0.743545429315418,0.91496807616204,0.960933646652848,0
0.27368080992647,0.229130185040815,0.738794978637753,0.370474888733936,0.690397308506098,0.185342832934111,0.342106177005917,0.564590532099828,0.613072582986206,0.596989168552682,0
0.172280905060552,0.545419090047073,0.173214443464583,0.33754260946522,0.684341173803813,0.0113090921659023,0.974819507682696,0.965045310789719,0.951146902982146,0.414632921107113,0
0.663110502957088,0.583012312515706,0.626459621301429,0.296559980617093,0.819291078260466,0.933378398418427,0.512334105791524,0.309674926334992,0.876347172306851,0.563992962939665,0
0.42544575630303,0.271505471421834,0.810339781242179,0.233532483617135,0.643780248439804,0.174369106069207,0.531353341648355,0.688966569956392,0.00644417037256062,0.591172552667558,0
0.692430376075208,0.534842931432649,0.827556554926559,0.479390801629052,0.478908795397729,0.264673728263006,0.594030438689515,0.339212641352788,0.387550798943266,0.763469831086695,0
0.194235112552745,0.356432148719367,0.181060099962022,0.675462707428502,0.331309973080756,0.823554910719395,0.428702848497778,0.339091795729473,0.265512883663177,0.521106790984049,0
0.382461320015653,0.324628894208976,0.718198551981404,0.502487024666212,0.0532106241771312,0.0698711881414056,0.674913162365556,0.0296370252035558,0.519418153213337,0.589348583947867,0
0.586171246013193,0.476750733916051,0.736196386789168,0.781040727324991,0.733530070961137,0.383289657765999,0.856773850973696,0.332033263985068,0.410700529115275,0.529852647799999,0
0.436215566843226,0.604695359209552,0.351181709754564,0.927475562515935,0.350479609983107,0.369700546609238,0.452904399950057,0.509740720270202,0.203624266199768,0.0271656070835888,0
0.785554937218848,0.213928550099465,0.78725231885945,0.550783334104755,0.475114679002283,0.676317955600098,0.311464888975024,0.411293369252235,0.383324004942551,0.117622585501522,0
0.484072499297769,0.262907426337109,0.689845677805978,0.157284338638435,0.250716826625846,0.879887834191322,0.818472205428407,0.180468229809776,0.484155550366268,0.042117484845221,0
0.66432735887907,0.350007998806804,0.211107194385652,0.479796024539812,0.122014061163966,0.550676205195487,0.552629903424531,0.890048033325002,0.677283629542217,0.685001963749528,0
0.535215413449824,0.5900821814204,0.250957739549386,0.193143725766531,0.80513416243513,0.461571194697171,0.737786346348003,0.295417421730235,0.827727038413286,0.372836539288983,0
0.0470123692550224,0.443540768191283,0.323434570142082,0.529797856717801,0.359602474624762,0.844279120443389,0.319359172135592,0.215554637601599,0.681568341096863,0.917889473261312,0
0.685968482317112,0.659739001775267,0.135686959793725,0.499387557499856,0.232180100697387,0.452561997342855,0.762304733972996,0.593437728239223,0.420959586044773,0.143722859676927,0
0.432567528968033,0.752664051556176,0.849988721757743,0.577821328083001,0.653604775910804,0.114496354013681,0.76093489327468,0.171532771084458,0.396453192457557,0.0944722748827189,0
0.783754472876899,0.21755928392522,0.11132491088938,0.193795949057676,0.863442577188835,0.830384475411847,0.00172392604872584,0.20865720580332,0.141355198109522,0.388987594284117,1
0.488481735577807,0.474116425029933,0.542021336266771,0.693466850323603,0.256452969973907,0.640576473204419,0.713650358840823,0.138458392117172,0.800028095720336,0.353184322593734,0
0.403029067575306,0.900692321784204,0.36095005142262,0.427872886006201,0.657141435544113,0.165819788817316,0.361741813831031,0.202504557324573,0.753158962121233,0.372151517542079,0
0.233216062562088,0.648453766454862,0.557949193719591,0.809087055777184,0.26038974007767,0.840778502169997,0.350745870964602,0.354611350921914,0.322008040267974,0.120101882377639,0
0.733489794681059,0.231444109656421,0.621761403939008,0.755075261712261,0.526833582111407,0.253544850507751,0.339867997914553,0.00938260369002819,0.921625830465928,0.43940303218551,0
0.862020086913361,0.471384900485399,0.656807326631321,0.296349729697775,0.320578312499551,0.0920553673058748,0.826259276131168,0.536175905959681,0.240774656180292,0.975883510895073,0
0.861879797825145,0.293257874551417,0.321620345351683,0.655195185012025,0.501405394483255,0.441303951665759,0.607250396395102,0.131014165934175,0.415674025658518,0.162119807675481,0
0.648439574055374,0.579608518397436,0.312381609110162,0.68730087694712,0.198428313713521,0.831417229492217,0.46855777897872,0.9433563943021,0.958075963892043,0.221215653000399,0
