"1","2","3","4","5","6","7","8","9","10","class"
0.463224808879315,0.118503818289497,0.132856873429527,0.450012412756962,0.40332334294048,0.957596427295357,0.00678742444142699,0.488695296691731,0.326034102356061,0.277621533256024,0
0.0605966513397322,0.239502808911182,0.336117856712024,0.436729920615307,0.578824650159974,0.348705152980983,0.973201524931937,0.949865598231554,0.575610001804307,0.255963422590867,0
0.368809786929522,0.0245442703209784,0.526458281865186,0.666294201709787,0.458553593161278,0.570803834823892,0.928057270357385,0.65615784493275,0.035067317308858,0.712031792383641,0
0.274398836139052,0.146829102967803,0.659294600956117,0.563437265994212,0.71055214320911,0.926994611974806,0.715720467967913,0.707717935089022,0.46376039693132,0.182699695462361,0
0.58103022089942,0.210374376636476,0.341602357049046,0.583152943904393,0.091032055643473,0.95029562804848,0.0182240479625762,0.412974589969963,0.532225800910965,0.308232316514477,0
0.43723679862633,0.913446219707793,0.43357709753516,0.402160835228119,0.666964298199131,0.0927663026377559,0.40254788286984,0.166911432286724,0.581609800457954,0.697204348398373,0
0.786919034822433,0.3526782216349,0.481076746352383,0.858056763483156,0.371241333616975,0.147870129207149,0.555679574143142,0.711186234140769,0.37745897192508,0.411446560639888,0
0.605448755213629,0.467071051528686,0.395517776000348,0.910155185054334,0.287984135555125,0.600364769808948,0.198880015173927,0.391740849008784,0.621337602613494,0.260734817013144,0
0.256228473330715,0.727993472309534,0.220218234189305,0.77872916499678,0.529716616072269,0.814245003508404,0.444540929514915,0.0396373439580202,0.746215490158647,0.659996095579118,0
0.666219472544975,0.64078458865907,0.465321340115689,0.855980282759118,0.66449517194801,0.492735335370526,0.258659427985549,0.45017527625896,0.41322789597325,0.94565752055496,0
0.181803177110851,0.47158325300552,0.634675478795543,0.450785777764395,0.161553939105943,0.171727128094062,0.596918088383973,0.671658054227009,0.682932893745601,0.54151829960756,0
0.498286642417795,0.710731524568413,0.563829970010505,0.880786250212502,0.431751773279905,0.456119647249579,0.890444706892595,0.70160428318195,0.370541309937835,0.103228961816058,0
0.401580207205655,0.292295519656071,0.916199026167188,0.399116731885359,0.404013904228841,0.396804320858791,0.297792909201235,0.445243662921712,0.21731238393113,0.0748529504053295,0
0.704511651338636,0.202159801224187,0.333809427862242,0.213837796524742,0.452854928864154,0.937294526724145,0.991429454879835,0.259697224246338,0.83828320982866,0.579436572967097,0
0.38853039841601,0.586934055119846,0.391298023386694,0.852023663711988,0.201622809203017,0.17410228936933,0.823353152023628,0.602095407433808,0.263891289709136,0.875527424970642,0
0.629640271209026,0.100641883424316,0.342785320165772,0.452449283141382,0.714704277398577,0.600463356124237,0.5785950680729,0.349155115196481,0.372322730254382,0.0392618635669351,0
0.706078643282692,0.699600451551472,0.599234100844917,0.822021445550577,0.353650019991888,0.744241835083812,0.324959314893931,0.737018489744514,0.0829643302131444,0.899787039961666,0
0.362887437585351,0.683840870922782,0.682382721689122,0.0563251229996226,0.50189373111036,0.954730047145858,0.0770335958804935,0.560565957101062,0.726801365846768,0.274292947957292,0
0.338716435938894,0.361352725902996,0.0210303696304564,0.334252694022104,0.454809000072249,0.100551977753639,0.0228181565180421,0.0413328243885189,0.270633256761357,0.553837752668187,0
0.48248142788698,0.551149944413915,0.306545270272256,0.643481176083505,0.0424717752393109,0.338666120078415,0.196926210541278,0.275359652936459,0.391209566267207,0.686641779029742,0
0.828320847852029,0.696875233185483,0.220700219397399,0.49239050434448,0.297182919979661,0.0693586322013289,0.624820080585778,0.740834591444582,0.73648030217737,0.668519873870537,0
0.784281131578609,0.69239494856447,0.330922547029331,0.400818286463618,0.614263749914244,0.783753286348656,0.168447240721434,0.237111017107964,0.828147313557565,0.348906162194908,0
0.752919379611799,0.335274702043566,0.643707747996329,0.721294076902745,0.30691621052718,0.86233721813187,0.766444440931082,0.938092251075432,0.742738105822355,0.894583727233112,0
0.462853627347003,0.493074790638592,0.130001716686216,0.685723221725349,0.768166192701882,0.998070433968678,0.652461760211736,0.609901871299371,0.987681033322588,0.100813388358802,0
0.373378384306447,0.169684498511063,0.832221219423964,0.472211703850988,0.443873646474364,0.769868912640959,0.27963458513841,0.0803933585993946,0.070626039756462,0.182052537798882,0
0.525707435464697,0.304069212927668,0.934510315312781,0.447948940590911,0.501817744290035,0.088563971221447,0.615770263364539,0.107603800250217,0.605114300502464,0.808601995697245,0
0.605634575946192,0.779474293459547,0.125816441429212,0.463582629305776,0.514721737923742,0.388877261662856,0.152951241936535,0.617214948870242,0.0437793212477118,0.89113807794638,0
0.0127189934841155,0.410206222529911,0.605027194323448,0.572449011947454,0.31263994387566,0.165000393753871,0.765083461767063,0.692127167480066,0.624941455433145,0.887437665602192,0
0.887840563140078,0.360465681778476,0.542992205086782,0.585572707502473,0.743470033149025,0.78213399136439,0.929015163099393,0.0474094615783542,0.277894743485376,0.492698043817654,0
0.125509576529248,0.322483161069674,0.499425840894236,0.452236593319634,0.784911851148896,0.444455903256312,0.365701202070341,0.345290591707453,0.345363370142877,0.524659997085109,0
0.642222687156385,0.214698852777872,0.330788021505295,0.832630833339152,0.551670997447507,0.0397917996160686,0.250055926851928,0.620011646533385,0.0649000266566873,0.184741401812062,0
0.0969901671967232,0.413772729154052,0.713918514889473,0.224451967726682,0.475011202604495,0.691101764794439,0.430105519946665,0.955352256540209,0.779953135410324,0.117339451098815,0
0.419510281859693,0.452532015213257,0.92949030724574,0.570093278018492,0.650077642087835,0.101337037980556,0.38176984898746,0.19060839060694,0.577312106499448,0.525576698826626,0
0.671224453483508,0.320927099561648,0.511657513330903,0.414856663055012,0.0498999850179533,0.812048891326413,0.676470649428666,0.449685995699838,0.785339559894055,0.752927591325715,0
0.659173152176663,0.527695349650458,0.784751877887174,0.533919715322554,0.597583201946691,0.824882327346131,0.82170608593151,0.533859265269712,0.0497981416992843,0.41969739808701,0
0.455382783897221,0.4899471339304,0.459761740174145,0.562131492653862,0.852956683607772,0.528725190088153,0.50520568783395,0.121767610078678,0.604691331973299,0.303575217956677,0
0.660919272987257,0.72470359913304,0.266326994537118,0.249909083845767,0.701351672618096,0.727483344264328,0.876748097129166,0.51276029762812,0.902078002458438,0.827065222198144,0
0.392847638810053,0.749199137557298,0.637567503843457,0.453464076155797,0.130561484023929,0.679545540595427,0.152405237546191,0.706772775854915,0.542867388343439,0.652260303031653,0
0.459458893309312,0.593296344578722,0.313684463978093,0.353433468702525,0.919835763304473,0.820583315566182,0.267539478838444,0.123325522756204,0.821101704845205,0.161857299972326,0
0.339764224340656,0.691885282242685,0.220515305552133,0.325806041070792,0.127006055011352,0.915721509605646,0.597923651337624,0.729682805715129,0.345142367994413,0.664479012833908,0
0.442001124140703,0.384338188226278,0.00585131393982213,0.376814807911191,0.492528356823658,0.7308857482858,0.85032717185095,0.0190961482003331,0.0469251021277159,0.879279734799638,0
0.437363987322897,0.646119172684848,0.644593534059823,0.44455962954089,0.902223606826738,0.359149615513161,0.785140137188137,0.0489759326446801,0.746878909645602,0.670009829336777,0
0.130359514129503,0.514573165807777,0.190152403733272,0.549828978751621,0.642578091453817,0.337226127972826,0.45107783167623,0.679480410180986,0.843775107059628,0.730981861473992,0
0.495461600427693,0.93914920185837,0.419123334053431,0.420402731280613,0.55650993392736,0.314167381264269,0.857950067380443,0.835876498138532,0.627438377123326,0.806994025129825,0
0.534881286084455,0.394345884126192,0.189229158277122,0.58592074837834,0.0759594880794995,0.13211639970541,0.278941724915057,0.437323258258402,0.21213706722483,0.361079999711365,0
0.832846522098407,0.507516755955294,0.439306332962587,0.53828965453431,0.332602278562263,0.996555174700916,0.491912120487541,0.738537730881944,0.89318080432713,0.581846232293174,0
0.488356472269306,0.371633190035639,0.637385863647885,0.127548822655527,0.762171406734178,0.149858569959179,0.573565657483414,0.213499678764492,0.387175363954157,0.0218732643406838,0
0.425493043532426,0.614643710103805,0.876280544881992,0.33724757104485,0.707557546064466,0.430130990687758,0.451934741577134,0.70880536432378,0.999324913835153,0.351655510254204,0
0.628351375459948,0.51147979417751,0.280379149627366,0.355392390028818,0.898466787636524,0.868113878415897,0.319045627955347,0.429796610260382,0.696310991887003,0.936479941243306,0
0.3138893805255,0.463510927822213,0.833491537475437,0.466396461777387,0.787332869844957,0.819292845437303,0.775221455143765,0.52068604901433,0.478954996913671,0.14786136825569,0
0.814450158024343,0.252707875617198,0.312688323048075,0.295717894126533,0.567101901778316,0.370554098160937,0.337856881320477,0.440163271967322,0.877691078931093,0.613234662916511,0
0.105768432866421,0.259118104192665,0.402556576950689,0.248599040741723,0.505460573361467,0.389655603794381,0.959388226736337,0.637126652291045,0.638299555052072,0.158976190490648,0
0.574742400242465,0.690979838230906,0.628805351353471,0.655173070844601,0.131870715660652,0.926869147922844,0.561929611954838,0.0130870610009879,0.138866231311113,0.257739371620119,0
0.573787893638188,0.395216148849766,0.877757573610893,0.743361482809829,0.447128250445174,0.991812364431098,0.623064011102542,0.414627558318898,0.261987016070634,0.0953563859220594,0
0.625287583220613,0.532929693735116,0.399015390303924,0.0301121270776548,0.469704381455064,0.954447958618402,0.755344860488549,0.117506339447573,0.240999140311033,0.542895667953417,0
0.938293449749597,0.44736514768819,0.328004691164225,0.371072769449176,0.435584790857703,0.849359577754512,0.11318788304925,0.916001949459314,0.18085370445624,0.433263084385544,0
0.494625449583375,0.686850002343069,0.175409062579259,0.708403939098883,0.728334300187428,0.613347607199103,0.299143884796649,0.542438903357834,0.636981080519035,0.198637677356601,0
0.482360064517707,0.245357413543388,0.654583201510832,0.291127305477858,0.191913689253852,0.857257530558854,0.715712741250172,0.0970399673096836,0.754857258405536,0.754834326449782,0
0.517799771434674,0.535709063807695,0.596990639141246,0.655170881653356,0.922176100247539,0.115748360054567,0.0251678104978055,0.791837397962809,0.359253828413785,0.0966137393843383,0
0.239044126431804,0.587245379845151,0.580653920748469,0.558833831531345,0.0916209401824887,0.259854178875685,0.188492861576378,0.480096500366926,0.969560654368252,0.476387654663995,0
0.753318023502604,0.42032502029648,0.280646202963852,0.343331050609743,0.0953840173008564,0.47032634424977,0.464286954374984,0.0374800590798259,0.0188945140689611,0.0384151614271104,0
0.13925480118487,0.710229600942694,0.96815907121636,0.811335630295798,0.758277385123074,0.313506889855489,0.991880842251703,0.761991053819656,0.916339420014992,0.628817843273282,1
0.487687518194086,0.347424964707191,0.852377652102517,0.263359322500199,0.322681128153072,0.280833671800792,0.131402369355783,0.836357172345743,0.622942511225119,0.956682826625183,0
0.108316930709407,0.568783293943852,0.619684045901522,0.50103849847801,0.647035925881937,0.944506994448602,0.51599445566535,0.109443726716563,0.643595305271447,0.707134697353467,0
0.617405185649645,0.453060526598301,0.550843552180211,0.0978910865939491,0.738481706121951,0.22868183767423,0.982198297046125,0.423020941670984,0.466921836836264,0.735984499100596,0
0.242904028126178,0.801429222133457,0.473096728166411,0.72388677134446,0.329327461579085,0.264141239691526,0.237025801558048,0.684862712631002,0.00789293018169701,0.824829776072875,0
0.211741182783742,0.564647254788591,0.278017616254134,0.164445242304221,0.614460421062772,0.0682781438808888,0.866981178289279,0.821155156940222,0.685011884663254,0.0948599278926849,0
0.508692156164414,0.0745530270531824,0.621028912807292,0.360759523115882,0.768403694149528,0.963234979659319,0.118218344636261,0.84685666509904,0.403454436222091,0.238388819852844,0
0.787694629987276,0.38602366042177,0.557762874932584,0.560531164765082,0.829963356952257,0.848986641038209,0.651721702655777,0.693697035079822,0.490158688044176,0.160562875214964,0
0.593158210033107,0.132271499780898,0.747803158118354,0.661706917839872,0.582012364839678,0.508422714890912,0.403734552441165,0.166101184440777,0.729395689908415,0.981379153206944,0
0.435227051371877,0.201706641755176,0.711245247127879,0.34964454858272,0.160001933107757,0.719826781190932,0.832757367985323,0.506337811937556,0.669006214709952,0.778707664459944,0
0.182813455350697,0.629350448027253,0.397362506017089,0.295849485322833,0.598328328458592,0.769301130669191,0.24729948467575,0.580837399698794,0.158901961753145,0.297346260864288,0
0.643182061315993,0.665002748940571,0.0353805122570722,0.431903470905902,0.391627432623724,0.891528491396457,0.243661344051361,0.729672096436843,0.273520240094513,0.0879009151831269,0
0.178081386026031,0.541942154744642,0.84381071888088,0.516721315279046,0.334888384333715,0.848124684300274,0.852704637218267,0.137625453528017,0.978428012691438,0.966373241506517,0
0.473720278342151,0.281404674208831,0.231827829980803,0.80739846403234,0.274496688981663,0.0761055785696954,0.576324056833982,0.448646563338116,0.160340659786016,0.598014791263267,0
0.6043698927847,0.505719029613085,0.419020795980468,0.826181759093496,0.781766122538284,0.245953489094973,0.22481316421181,0.207282049115747,0.690248597646132,0.49607522925362,0
0.920378146681335,0.414613471713707,0.225626293924003,0.432735754967738,0.45979709568624,0.529719364829361,0.551256369799376,0.208625710336491,0.816020887345076,0.375546542694792,0
0.754021068448048,0.159298989158189,0.499428192172567,0.45604463636498,0.259285916485816,0.207058035768569,0.328726740321144,0.867239808198065,0.769640292273834,0.578233725158498,0
0.503295805933709,0.219725283039648,0.736009606562259,0.807851023218816,0.526929885616423,0.781001367606223,0.22816564142704,0.785901886178181,0.0865024046506733,0.195097375195473,0
0.464450271818554,0.485376806499469,0.52171401873664,0.482796448996719,-0.00636365168304265,0.704542557010427,0.0174342496320605,0.664178772596642,0.803411711240187,0.198615947272629,0
0.451446056402051,0.374317481814603,0.16758017217208,0.240745972021326,0.767216169956096,0.914101654430851,0.171538394410163,0.00174107635393739,0.314534484175965,0.497392393881455,0
0.368091544780871,0.471521284256239,0.248288741747417,0.0235211711919304,0.417549041876558,0.841153902001679,0.292442856123671,0.823985261609778,0.14628934324719,0.238015876850113,0
0.522398436209187,0.387655704515055,0.439470159821212,0.588332723360509,0.373278827639297,0.896082234568894,0.140259233303368,0.619464497547597,0.772501433035359,0.107494381722063,0
0.797306177696722,0.236753515852244,0.24022537847702,0.418607588817599,0.646162578633156,0.59297367464751,0.776223582681268,0.224267900921404,0.793171905912459,0.544511086540297,0
0.669911657402457,0.373230979249726,0.384918268226557,0.267162243240895,0.857390716829435,0.551802151137963,0.32090124161914,0.360945559572428,0.645565462997183,0.673296795925125,0
0.384018597770333,0.058679945578378,0.375891091433047,0.34039887384648,0.316139802460781,0.832488197367638,0.386447032215074,0.0184950083494186,0.542217652080581,0.84089488000609,0
0.411196464257646,0.669770652372005,0.369142906866197,0.0342070251284305,0.303937775979196,0.440091687487438,0.701066597830504,0.331172122154385,0.274065408157185,0.909660626435652,0
0.811962662963022,0.710908932759762,0.214217591634678,0.463335698723962,0.402502808686041,0.0675999175291508,0.648408890236169,0.080482785589993,0.292386226123199,0.355692212469876,0
0.253236878953381,0.58992250090829,0.832960868510309,0.225143856577153,0.408130441898769,0.66371998982504,0.122674906626344,0.559960038401186,0.986907640704885,0.276799548184499,0
0.447988094560123,0.825816860736941,0.313498461896505,0.640129663008557,0.246176021967624,0.661926324944943,0.0920415625441819,0.491004729876295,0.33260857895948,0.452806528192014,0
0.80925381405953,0.8026753642333,0.457731195918916,0.522661973658724,0.298883746757663,0.158035196363926,0.607949613360688,0.696833189344034,0.294801204232499,0.0591854127123952,0
0.550927435692449,0.296814818503504,0.0115696459780462,0.469523654958621,0.509686573765535,0.614413067232817,0.726115811849013,0.362920424668118,0.764915620908141,0.167286285432056,0
0.415447048842907,0.789567749947309,0.522863962687552,0.354284720961004,0.638232238823548,0.352301752893254,0.918820575810969,0.386744387680665,0.0538966781459749,0.462693980429322,0
0.310953983804244,0.180916686912082,0.246574650044427,0.574362113800943,0.735463132958268,0.874142790678889,0.372273055138066,0.00437513832002878,0.612461491953582,0.754425358958542,0
0.495008440441134,0.244434009543825,0.341664038775574,0.0662276925895142,0.467561958009379,0.339945226442069,0.0150838303379714,0.850097039714456,0.991124326363206,0.825121047673747,0
0.466581834310083,0.630289530784769,0.558063176725737,0.0453641446734052,0.720806072129574,0.966694668168202,0.895750849507749,0.692640262888744,0.863461597124115,0.611274011200294,0
0.819940792492711,0.606634899731557,0.406934215382072,0.224838577928708,0.265404767811506,0.370304731652141,0.0437971474602818,0.338182519888505,0.732360043562949,0.907509616110474,0
0.722933949902654,0.712015646044165,0.870051276637241,0.556071504717693,0.442611070815474,0.173599983099848,0.224599489709362,0.364787223283201,0.466443754732609,0.430195220280439,0
0.349149090926051,0.61916469359459,0.625946482917509,0.112707428727322,0.705398011648334,0.0821328260935843,0.931138856103644,0.420260756742209,0.374443229055032,0.914568308042362,0
0.30005390085021,0.704942197641902,0.832794927853863,0.392680524655531,0.659522892932307,0.331471129320562,0.13927474967204,0.60575940948911,0.529038934037089,0.359446194488555,0
