"1","2","3","4","5","6","7","8","9","10","class"
0.195401855782942,0.578459801712954,0.273857600765261,0.181251282816594,0.299131463998008,0.867330557666719,0.65326327458024,0.568203202681616,0.770615562098101,0.0654404105152935,0
0.592063608441294,0.29786019826464,0.727324059502434,0.114566809117847,0.620535498694419,0.903953388798982,0.279135993216187,0.485345540102571,0.863261898979545,0.554707356495783,0
0.828795592300594,0.164730281801894,0.469413387123495,0.423822907032445,0.498908151639625,0.0180172468535602,0.910843982826918,0.230719678336754,0.906340421875939,0.278975174762309,0
0.622399035324403,0.371979590962276,0.232642337898828,0.822119483119634,0.328400387141506,0.71658777887933,0.62554421951063,0.360372211318463,0.946229878347367,0.694557338487357,0
0.484321051751436,0.433506736505137,0.44784105287874,-0.0134141340930236,0.276111390740826,0.890979010844603,0.937848575878888,0.248566149035469,0.507982164388523,0.448654738254845,0
0.333421178602978,0.470466342673562,0.198990450331443,0.707773027597496,0.149718691298949,0.955892901634797,0.599341297289357,0.397807708708569,0.539052604697645,0.581569328671321,0
0.489985540678454,0.918819454766689,0.730014087512004,0.508875414524531,0.576158649012392,0.27599694672972,0.471109880600125,0.0204228949733078,0.950974582927302,0.00814901129342616,0
0.532262725280074,0.765624383660684,0.641940673433692,0.782742149507614,0.611132081842855,0.186531802173704,0.632629161234945,0.986214296426624,0.837867208058015,0.315399861428887,0
0.834308532432697,0.529403838249851,0.170603861023394,0.469635486247283,0.350838739432008,0.290994947776198,0.0942570271436125,0.965704046422616,0.957930800039321,0.488222596468404,0
0.304277611692512,0.529283124684289,0.789748436651313,0.661668263198132,0.760241542952064,0.95233297534287,0.872791445348412,0.961072056787089,0.404385750647634,0.884982753079385,0
0.809692127731267,0.640187324889111,0.448144838981833,0.787233998777684,0.585485273578474,0.0669110189191997,0.901658650487661,0.162343666888773,0.448454230558127,0.989846101030707,0
0.289741067681462,0.59254145831801,0.255142112029716,0.667070502880961,0.202663401607424,0.200391772435978,0.184799371985719,0.558445096248761,0.965541325742379,0.266308444319293,0
0.249833036912605,0.597024189773947,0.524508334696293,0.160914241801947,0.427226626081392,0.684835399501026,0.851617860840634,0.40481355576776,0.763220019405708,0.697718106443062,0
0.283723919419572,0.640780568821356,0.507219799794257,0.332081770291552,0.702293632552028,0.704203578876331,0.828457851661369,0.404372167773545,0.558665771270171,0.449467434780672,0
0.320204665161795,0.317587897981195,0.815057549059095,0.297940138802139,0.260147875771581,0.885585865704343,0.345841385656968,0.473232398740947,0.0687177609652281,0.149243633495644,0
0.424146951641887,0.361571816261858,0.789086765609682,0.642049443908036,0.261845358647406,0.192029610276222,0.73216890078038,0.456356232753024,0.64639390562661,0.79129196330905,0
0.166481869993731,0.320521581219509,0.564821258420125,0.576315124053508,0.670156148960814,0.300826524849981,0.632431509904563,0.0601568198762834,0.933798204641789,0.572024372639135,0
0.249510377123312,0.593189661085787,0.665214480786378,0.349044120960856,0.109411722033558,0.791760058142245,0.197315759025514,0.0878748130053282,0.44511484936811,0.778103571617976,0
0.789424214977771,0.158646107418463,0.370025219628587,0.360430133063346,0.563065838301554,0.576200570678338,0.236036245711148,0.272635845234618,0.169972707517445,0.0354340702760965,0
0.200134386331774,0.799329400621355,0.024241020786576,0.346032768767327,0.758949748310261,0.090595037676394,0.304941435111687,0.688910167431459,0.285823962651193,0.574988452950493,1
0.745402629755628,0.589201270603255,0.170427062417926,0.246036710772952,0.574705504621597,0.0615316170733422,0.811661052983254,0.0752018333878368,0.606746718753129,0.720176171511412,0
0.33258738817532,0.397662574573597,0.501096688782301,0.905292023511637,0.227119650562463,0.373167164158076,0.0473554623313248,0.498434321256354,0.784578612074256,0.0497403976041824,0
0.735575356287033,0.583730941118247,0.650605153181148,0.563073815745946,0.122890720283544,0.768883845768869,0.393639117944986,0.607728526229039,0.936197343049571,0.229706365149468,0
0.232697288183188,0.051433326637512,0.493293944794591,0.611742252156619,0.571844744379026,0.750241929665208,0.909120822325349,0.848137298598886,0.393391809426248,0.017243035370484,0
0.26765215001069,0.676902389153838,0.5100687535014,0.506787028862163,0.714771168073639,0.824173081899062,0.448406280484051,0.36813012487255,0.842207281617448,0.0542730579618365,0
0.781922907335684,0.644431042019278,0.634891255060211,0.662212031427771,0.780573645839468,0.691313801100478,0.958343458129093,0.34714399301447,0.541819812497124,0.783138149650767,0
0.415779598863708,0.488478152801576,0.505613103018602,0.33234654415475,0.959447466056687,0.213884019292891,0.488331726985052,0.824377307668328,0.267184054944664,0.71751070022583,0
0.449992455728103,0.732651657160467,0.131079444255846,0.274615969987952,0.459998200323933,0.700988077558577,0.740084696793929,0.751466199522838,0.97904065460898,0.310850795125589,0
0.408449693117291,0.212220083689317,0.251117161940783,0.261150603415444,0.42938097496517,0.129729996435344,0.80658062081784,0.509627089137211,0.640392547473311,0.169879568740726,0
0.352916169425227,0.216555288601549,0.150746542953851,0.309506537950742,0.289583440788538,0.423686212394387,0.978066719835624,0.56162216165103,0.555190020240843,0.476164757972583,0
0.076110625418658,0.606363178461416,0.587989345060991,0.672420203278133,0.5574082635949,0.096379695693031,0.458422790514305,0.785118054365739,0.0987862374167889,0.156390860909596,0
0.75409640809822,0.731251353323021,0.601000529951375,0.603544240905136,0.753316111641022,0.140548531664535,0.380737549625337,0.486794160213321,0.599703223211691,0.055547796189785,0
0.562092979694676,0.266092742437644,0.239091690782459,0.470864442995791,0.863553568518695,0.954133146908134,0.508413883857429,0.132832114351913,0.899922773009166,0.891594005050138,0
0.461531320121139,0.420878056436777,0.561952367424965,0.143042565556243,0.698641123482957,0.867261906620115,0.298169219167903,0.53635174408555,0.775589315220714,0.293183253379539,0
0.404544556855477,0.597177678765879,0.327220656615202,0.0912447267808141,0.687631397406004,0.923878634581342,0.974252302432433,0.969704910181463,0.672888185596094,0.928044862579554,0
0.693910118249597,0.154015852117048,0.536720020815528,0.211668580934456,0.334892984792402,0.221362896030769,0.783598152920604,0.738303526304662,0.612673443509266,0.419698359910399,0
0.470694039016962,0.863361477851868,0.610214628977701,0.683467244263738,0.269410558976233,0.800303053110838,0.350792358396575,0.754250737139955,0.432796817738563,0.705044178524986,0
0.593263727499329,0.837133050212214,0.257713392416565,0.574099327336911,0.69258060399275,0.400204938370734,0.857777124969289,0.411943688755855,0.459325560834259,0.990913040004671,0
0.264681720643998,0.0771821622531215,0.594308671234838,0.308020975803806,0.415748078340086,0.287506044609472,0.387026596115902,0.392328399699181,0.398362780688331,0.159173791995272,0
0.485633005497133,0.0608060614071645,0.51300401766781,0.344075147820302,0.734068136239333,0.915678398916498,0.513726991601288,0.98354834318161,0.0844713111873716,0.609915652545169,0
0.553017887415024,0.356104790348241,0.0716912876686758,0.548238072983549,0.261843942819128,0.31429947190918,0.881292743375525,0.10531443124637,0.256270456360653,0.743401523679495,0
0.660626864420924,0.113753708204393,0.487649597460084,0.327753171503273,0.268515332992494,0.744730210630223,0.189568809466437,0.65213701245375,0.707063095644116,0.939606714062393,0
0.421041877574636,0.908544115337654,0.52756414333784,0.690712964253559,0.44739947873994,0.597497635986656,0.393451455282047,0.00953440880402923,0.853596901753917,0.662566794315353,0
0.55507794946348,0.18272089992434,0.628596503583289,0.642566865007747,0.785656226876415,0.903582556871697,0.781081571942195,0.449090141570196,0.318429716164246,0.920515224570408,0
0.211322927652054,0.582071038159934,0.530849005780243,0.333972589378786,0.865873710384653,0.683970115380362,0.218222528230399,0.789757506456226,0.35936310980469,0.0388221247121692,0
0.499405074313091,0.364096767284902,0.844543286232116,0.816401655549034,0.528584315428015,0.956465899012983,0.657487862044945,0.00229164259508252,0.118057416286319,0.805356251541525,0
0.364253588979418,0.48596963022204,0.797490193563519,0.727888257403413,0.750820912908208,0.793736825231463,0.0781396320089698,0.494962893426418,0.531780866906047,0.0234996853396297,0
0.538020169855556,0.392118628785489,0.369788296514036,0.816426106078335,0.783410440646064,0.687891538022086,0.245009056758136,0.345703002763912,0.528833441436291,0.539376762229949,0
0.147330366549314,0.640548804280437,0.53411197735985,0.271851088069594,0.763253376782512,0.10101183061488,0.712818193715066,0.598128661513329,0.157514803344384,0.827562357997522,0
0.237686389043243,0.72516844956414,0.218425885348703,0.540348508610575,0.701752185161408,0.0462102012243122,0.798858493333682,0.29453041148372,0.95819625002332,0.191011272370815,0
0.607782873074368,0.773977984449639,0.609375752369349,0.359356724531569,0.782587026004664,0.638178092893213,0.477233543526381,0.157521293498576,0.704153890023008,0.951037580613047,0
0.295362686003858,0.557187538027626,0.395221256649525,0.832329541016368,0.767135942789524,0.445398241281509,0.767822507536039,0.461060173576698,0.606068702181801,0.328527373727411,0
0.226719416102236,0.829137919756749,0.632085962121005,0.643159546357481,0.322002785060247,0.846969303442165,0.0165386244188994,0.821603911230341,0.531129636103287,0.889882439747453,0
0.456229321435289,0.583321901655488,0.902782286550096,0.64207825413414,0.447521145242309,0.748106096405536,0.664636591216549,0.710378875490278,0.185019196476787,0.230844288365915,0
0.127584565198049,0.321412946796045,0.294230582425371,0.459298645379022,0.404080193024129,0.182502105133608,0.18716240930371,0.786181025905535,0.583404622739181,0.750807729084045,0
0.366650917857189,0.765926267287209,0.11426319526802,0.543847345236618,0.317424425346449,0.236733807716519,0.0835056216455996,0.0330629493109882,0.152103160507977,0.770408802200109,0
0.133393698104059,0.278169738283045,0.437699916213554,0.382926441923059,0.190496898989904,0.26854182430543,0.292558025103062,0.46617709309794,0.882588100153953,0.387801157776266,0
0.741697267705444,0.361196740857346,0.12221448385537,0.591149394627315,0.305702081003338,0.454227110603824,0.302322570234537,0.237363528460264,0.0539480980951339,0.715849010972306,0
0.500617501446068,0.726327533562801,0.889389585123835,0.56744288130169,0.616534390110342,0.656331709818915,0.377494847634807,0.493356582242996,0.400878117885441,0.505518314894289,0
0.278771976160712,0.894879407253745,0.313179900596113,0.452487941394761,0.59175765141888,0.105520521756262,0.226561930496246,0.746592502342537,0.494246075395495,0.739193336805329,0
0.607114071868959,0.650226879489309,0.786252642944082,0.797698629388065,0.411623514730184,0.177183328662068,0.643418105319142,0.407125221332535,0.755419795401394,0.436984626576304,0
0.201223367861992,0.509502918074085,0.698683326716354,0.520670714700728,0.863720770668321,0.292658280814067,0.409892986062914,0.339205153519288,0.0613829696085304,0.852739249356091,0
0.324007435563294,0.436044565540172,0.450207398600691,0.0848534395963722,0.760513470151455,0.651767573785037,0.671576805179939,0.0928003436420113,0.998633271781728,0.953388616908342,0
0.714194333646446,0.442504242295399,0.727438924834132,0.689594510011375,0.585193929960951,0.185024571139365,0.482225141953677,0.264901616144925,0.256356933619827,0.56233087205328,0
0.710768073433501,0.750887654186693,0.276895337111593,0.386623944079935,0.192261716850603,0.418919960735366,0.164123752620071,0.369065842358395,0.757122425828129,0.707451375667006,0
0.292545972794671,0.212458188772444,0.554315346152637,0.385107458717512,0.11422142747288,0.341246455907822,0.00665936782024801,0.470783126773313,0.0136227479670197,0.580211831722409,0
0.10092123234025,0.268334480445889,0.42680370703686,0.350670969296108,0.658489146188432,0.262183278333396,0.837459151633084,0.848033109446988,0.444136778125539,0.784773170016706,0
0.501871112424815,0.322524815113597,0.581022395475029,0.899799461355076,0.321517676365313,0.755739619489759,0.713516619056463,0.728744932683185,0.723442417103797,0.0171639232430607,0
0.325824301318792,0.752543732183015,0.501987919840132,0.870882651489932,0.436984577590388,0.956226807553321,0.432498929323629,0.759788356488571,0.231582222273573,0.426186983473599,0
0.259405961225139,0.54778791203957,0.508804103216584,0.120969720056462,0.769353893999142,0.620066462783143,0.384833476506174,0.516847437014803,0.67156793968752,0.263351881410927,0
0.678666122989269,0.503297636534392,0.789411869490663,0.171172840753293,0.6006092983785,0.740849672351032,0.932410927023739,0.682348677655682,0.821132819866762,0.550044308649376,0
0.644806991683305,0.7245508810392,0.49811716506271,0.185447798458,0.781452772438077,0.612253252184018,0.616578407818452,0.104205798590556,0.485312207834795,0.561849867459387,0
0.759973482347606,0.664658063787691,0.179732846144888,0.42466524450384,0.241851808353449,0.602442578412592,0.649858550867066,0.0122616484295577,0.242032325593755,0.87024070834741,0
0.493036946213623,0.469577231481876,0.132792003242123,0.813310193406339,0.549088348568627,0.194445257540792,0.982747576665133,0.575197532773018,0.567060149507597,0.480238027172163,0
0.208887849814352,0.190202756361921,0.592411495457541,0.206443319939111,0.352849970920105,0.0765813514590263,0.143301989184693,0.54098034161143,0.966124681290239,0.579108632169664,0
0.551502135410044,0.54771518442601,0.910748297255533,0.474241794064806,0.634828260530667,0.562345036305487,0.959552185842767,0.524450802709907,0.0892166451085359,0.808386844582856,0
0.55789765319787,0.597968723159283,0.590423519024625,0.324410859495401,0.915847204625607,0.969711940037087,0.225965992547572,0.655749617842957,0.794479336822405,0.675059549277648,0
0.67520111102961,0.317874848165367,0.5693138048562,0.0793216066897058,0.597232345377796,0.467279767617583,0.955704069463536,0.664901230018586,0.510869695106521,0.772831251146272,0
0.546710576915312,0.468682093763002,0.424026547375244,0.106274373019306,0.827613148670348,0.886124593904242,0.792017188388854,0.0758432163856924,0.808194524841383,0.955618783365935,0
0.133076341752323,0.158022680929857,0.337805929656507,0.54354648238981,0.453956924933438,0.148191629443318,0.0748547706753016,0.253564161714166,0.448851851979271,0.639844980789348,0
0.531948182195231,0.596381940200663,0.337898344326267,0.424322782753985,0.959124364363419,0.239294551312923,0.177647978067398,0.763186535099521,0.499881148338318,0.0535233344417065,0
0.675282375887036,0.676958501571789,0.377596660284325,0.658428687835112,0.680312308017164,0.708033527480438,0.690750767244026,0.799445739248767,0.127511162543669,0.995576286688447,0
0.0261082085780799,0.576863934285939,0.520945333177224,0.512491938192397,0.533559388481081,0.458080038428307,0.0827936723362654,0.258121952647343,0.534136007539928,0.0653014811687171,0
0.528343380034141,0.611104105732737,0.378192165135603,0.0388037752728681,0.551022463917196,0.990260491846129,0.86576701910235,0.861264760605991,0.0523504796437919,0.385253476677462,0
0.545099196749413,0.596060994823451,0.815782159535015,0.202310039251526,0.731713545626942,0.517128856852651,0.0272334867622703,0.648730444489047,0.497729679336771,0.421573919942603,0
0.271368898369397,0.437967610653244,0.704650018045561,0.77123795895775,0.273906509137652,0.310597044648603,0.782159144291654,0.0492171356454492,0.853407875867561,0.835680057760328,0
0.738463093759492,0.841203723335639,0.66780012845993,0.468149229884148,0.446195628261194,0.360681113321334,0.0913920216262341,0.599276745459065,0.3290263293311,0.63855742639862,0
0.57111027577719,0.574408268806028,0.261585650512316,0.783389692635092,0.793553763683831,0.881559562636539,0.40250684437342,0.0550136438105255,0.863945652032271,0.155062908306718,0
0.866681506194874,0.559590325929924,0.772094059925375,0.372433311019362,0.591212734629111,0.21424998040311,0.0125367790460587,0.518720682244748,0.884486315771937,0.0889237564988434,0
0.216868149990676,0.498047825033975,0.859120730412485,0.364979381090272,0.374774840968333,0.959961593151093,0.94770849053748,0.481333409203216,0.101131515344605,0.922879240242764,0
0.686134742891412,0.404850805929196,0.785429149220217,0.570363579073067,0.750305592513138,0.485006697708741,0.863858303287998,0.188817649381235,0.0541187117341906,0.246463924879208,0
0.538570230645998,0.224855763973497,0.521439161226232,0.889392931267998,0.624866285960969,0.110490581253543,0.0936580921988934,0.658046512398869,0.162203753599897,0.704120778944343,0
0.526592639884702,0.720746043544191,0.433211347012484,0.91341403068971,0.422570177516382,0.619168857112527,0.719599870499223,0.508547277888283,0.789939343230799,0.422018874203786,0
0.136084000944051,0.310281879785507,0.783036768041349,0.334773194851283,0.537876521927686,0.318378164432943,0.162934392457828,0.537306935992092,0.171821674797684,0.756554218009114,0
0.208372031622584,0.112875678712064,0.28721373073624,0.586080616698639,0.416534765608701,0.58202953170985,0.692868377547711,0.25467989500612,0.67044890881516,0.731926783919334,0
0.595055627636611,0.72494198079221,0.666478584054857,0.403970017330721,0.707043976522982,0.665096682263538,0.862015708815306,0.709002051269636,0.626302541000769,0.104011526796967,0
0.52218153141439,0.27455626311712,0.556621962226927,0.423139964463189,0.753713905345649,0.869357970077544,0.0587895058561116,0.583055457100272,0.588307835394517,0.937819553539157,0
0.150017976347205,0.380732144909462,0.811690905241367,0.392305815456721,0.321978317616989,0.292260714108124,0.587766725337133,0.372899987967685,0.0419575448613614,0.488345427438617,0
0.936586705290124,0.349650015044696,0.594852789227492,0.36646468581673,0.511912095336105,0.633948420407251,0.413702041609213,0.780855023302138,0.353151205927134,0.322688174434006,0
0.280893682011996,0.73996184914608,0.274102299897555,0.72862032532315,0.342458325753409,0.732440228108317,0.874819547869265,0.718353301985189,0.217502593994141,0.989943649386987,0
