"1","2","3","4","5","6","7","8","9","10","class"
0.766097377985068,0.530158918692487,0.139170507493321,0.574225772309784,0.592709195365084,0.207221301971003,0.0658246260136366,0.58765013073571,0.253636024193838,0.2199950478971,0
0.48325394689051,0.640895765595897,0.472894592730715,0.600016628833543,-0.00553082992850518,0.364951814990491,0.610895905410871,0.616468357853591,0.0609235337469727,0.858644529012963,0
0.620122938237346,0.614777198424053,0.754216258966983,0.687471698232604,0.16756331041483,0.402006039163098,0.605231646681204,0.0669247107580304,0.66059572971426,0.316182848764583,0
0.190949864918366,0.573577290168032,0.690163620980456,0.456927384249866,0.216676180018112,0.440324755152687,0.958417822374031,0.717861583689228,0.440884571988136,0.609380217734724,0
0.658317104412176,0.485428194348515,0.551064840473974,0.00158089761223645,0.391712740625928,0.0723475236445665,0.290870306780562,0.265052184229717,0.330054107122123,0.444325336022303,0
0.809433622052893,0.605608723824844,0.28191730985418,0.21595368324779,0.543898768723011,0.450135236373171,0.383543418953195,0.519171468447894,0.159670699154958,0.0963600249961019,0
0.701039150473495,0.473647195518696,0.418828236314616,0.885062598374197,0.343927935759636,0.551839786348864,0.852592039853334,0.985673300223425,0.615247109439224,0.541962388670072,0
0.609637200366706,0.650153039954603,0.350129310507327,0.149026602506638,0.575145922834054,0.333974455716088,0.968269910663366,0.0942917459178716,0.854315648321062,0.413422410842031,0
0.500794966474718,0.531811575735322,-0.0280769518693035,0.537948175069416,0.36725334115967,0.49641487444751,0.49927521077916,0.601753706810996,0.172152411425486,0.727054844843224,0
0.00195836043899505,0.434612626761731,0.460645540563931,0.290699741247077,0.542026661392462,0.766514343675226,0.18378161592409,0.713736280333251,0.741879698820412,0.00489524262957275,0
0.824925189567026,0.585236859787009,0.29958700119181,0.286754510332825,0.71016676030924,0.816201166948304,0.813445050502196,0.514421545201913,0.310896008973941,0.459607779048383,0
0.312404785698285,-0.000412876652670868,0.456271140595912,0.515145709235626,0.505196055254615,0.59447791101411,0.395587337668985,0.393210924696177,0.121337396092713,0.690382966306061,0
0.422653150014502,0.133028711266125,0.198750338284566,0.695034999090529,0.409527751332815,0.893545615719631,0.920380296418443,0.838215054012835,0.559868190903217,0.432387520326301,0
0.194716541121243,0.678077882694227,0.136646805081991,0.416160584076043,0.580746906833963,0.674373527755961,0.0037314489018172,0.199960426427424,0.45857520122081,0.485564448172227,0
0.245848611848659,0.450180026819817,0.902026844352882,0.40065817414316,0.350310594450581,0.303487554891035,0.285440254956484,0.586246097460389,0.120931132230908,0.270244897576049,0
0.370017847887595,0.534801053850661,0.728245924706497,0.699299419998759,0.822690076169028,0.898288854165003,0.0947306049056351,0.793874233495444,0.140325019601732,0.736057174624875,0
0.852445429423824,0.533782739657909,0.551668483531103,0.637400723760948,0.724451656918973,0.0555040463805199,0.0948116229847074,0.426609325455502,0.150485960533842,0.566974233137444,0
0.473051042216006,0.102800282781274,0.38158566470846,0.791258848309154,0.610806955852309,0.221941578900442,0.0500235799700022,0.1382208885625,0.440506897168234,0.25222022109665,0
0.261073967288212,0.850829760131463,0.589390310650545,0.559069973028835,0.699106183639535,0.708961035590619,0.132091875653714,0.615549851441756,0.249286618083715,0.940437571378425,0
0.542679431748285,0.731433606566352,0.380720521419324,0.119637980824827,0.268308325233903,0.392768615391105,0.124477946897969,0.816943024052307,0.608853152021766,0.962137574795634,0
0.299581366830372,0.499752559784905,0.0625883870117447,0.377586418583783,0.663860233538623,0.692040694877505,0.367492025950924,0.676288472022861,0.126463731750846,0.854561943560839,0
0.516838227258962,0.0670691740774051,0.727596625695058,0.571341951669508,0.554942595301893,0.0264235190115869,0.361088974867016,0.756773790577427,0.389535460621119,0.745379506610334,0
0.469022434589838,0.833570546305967,0.12827543114423,0.612240217497608,0.470096005423075,0.0575478260871023,0.350886663189158,0.979065568652004,0.727237382438034,0.348835656419396,0
0.245685462252914,0.532042595052765,0.825119819801981,0.406164456983927,0.704296504806488,0.525263807736337,0.0983803074341267,0.884645745856687,0.692439245991409,0.992201995104551,0
0.577719509135932,0.338647237280384,0.33018486853689,0.773744587088004,0.451075873104855,0.761439055204391,0.848523841472343,0.286859964719042,0.194208890898153,0.74756329623051,0
0.894596538040787,0.528862093808129,0.621341900900006,0.750587910413742,0.46912560495548,0.235440352465957,0.227041216799989,0.330535518703982,0.438173253787681,0.455246078548953,0
0.674102304270491,0.557823392096907,0.290633745025843,0.437212645541877,0.542728560743853,0.389105492271483,0.371930768014863,0.747826213715598,0.372743083164096,0.689394095912576,0
0.855698268403161,0.692942968023101,0.635636515736358,0.259527271182923,0.422310005746368,0.168074497254565,0.631326034199446,0.386881167069077,0.566235919715837,0.764912354992703,0
0.779260020945958,0.553173566106518,0.504658069522463,0.247847624309862,0.125409978043218,0.625946816755459,0.716684407321736,0.73706867150031,0.0852055996656418,0.228367616189644,0
0.654299673391506,0.61057139118202,0.748020781669766,0.188098893268034,0.280323052546009,0.659514374798164,0.130448223557323,0.328473522560671,0.919906651834026,0.839074302697554,0
0.125510914323455,0.673310453993072,0.586758317880278,0.668595793174068,0.667583233524631,0.388967915903777,0.464869447285309,0.447578720282763,0.0756861956324428,0.561585508286953,0
0.279530933086325,0.398574566706004,0.308215040658745,0.213309103739343,0.153308918689211,0.340471240924671,0.417245879303664,0.335042903432623,0.454835974145681,0.0567113747820258,0
0.305705620604567,0.750598065229133,0.220104293874465,0.963980395020917,0.322133917268366,0.0757255309727043,0.960648275446147,0.471905752550811,0.690914284903556,0.479322576429695,1
0.764246182283387,0.533340204972774,0.229920427780598,0.595978409517556,0.556450209114701,0.365193150471896,0.378450645599514,0.0177626125514507,0.698591784341261,0.236722122877836,0
0.672713949964545,0.00984343753199085,0.468083436724648,0.467783078305725,0.490923806791562,0.926320666680112,0.751855968264863,0.490566084859893,0.364429062465206,0.317809293977916,0
0.84132579886244,0.481610567176647,0.104910458704129,0.444175516238086,0.432258198911407,0.328362274449319,0.562871927395463,0.389855457702652,0.847437974065542,0.09898960031569,0
0.304240458077166,0.437376435478949,0.421197047363555,0.946161410590507,0.537028465674787,0.471703327493742,0.404524602927268,0.596747134812176,0.905376142822206,0.338865054072812,0
0.364355349794511,0.186544914036614,0.429755462979354,0.313329221463799,0.116340479041169,0.562188165960833,0.52671365509741,0.178496306063607,0.898731072898954,0.0520821707323194,0
0.622936001454878,0.352895398756441,0.590946038505224,0.265988062072258,0.84420616951826,0.914665177231655,0.436433073598891,0.772746222792193,0.599065695423633,0.48684788076207,0
0.776905435060755,0.757633266961705,0.300280946756787,0.579702178402685,0.305441176309944,0.10720118903555,0.952617121394724,0.578081844374537,0.728877681074664,0.205974746728316,0
0.209072632780962,0.434652935446092,0.859589039490033,0.414414462040276,0.287414095601707,0.322804312454537,0.427497665397823,0.42154053482227,0.651739155407995,0.29562371596694,0
0.272324999832308,0.414249797492612,0.322926380900289,0.0814852427480846,0.594183923661217,0.301696584094316,0.674874797230586,0.502708265092224,0.356833871919662,0.60771044716239,0
0.349739298182878,0.366803853562207,0.5940117523473,0.458456505239162,0.893885931250408,0.259306157007813,0.4811575433705,0.129917516605929,0.0171797445509583,0.713965592440218,0
0.408778497472097,0.312544167147674,0.388295610953801,0.887839530901464,0.667935331597167,0.876257700379938,0.102687854785472,0.608347536763176,0.0215648233424872,0.251474471064284,0
0.196478338213637,0.401420965092257,0.743436524411663,0.356354251736775,0.432926724664867,0.781234248541296,0.342371661914513,0.210731832776219,0.591848568525165,0.5725336112082,0
0.782541558537131,0.598837099961411,0.188522885897522,0.603599346780065,0.595579970794162,0.963494172086939,0.101925130467862,0.112658135592937,0.769176956266165,0.574979760451242,0
0.632755792135076,0.753113737860568,0.599978661113681,0.252204801195766,0.195338918672849,0.779689351795241,0.0885536132846028,0.121085198130459,0.11546199885197,0.404470892623067,0
0.00710271150565367,0.48587113143646,0.678555500236709,0.532355609538611,0.581880520114404,0.803191055543721,0.320369859458879,0.857955605257303,0.0254812531638891,0.495485941180959,0
0.253822613290027,0.14177158993265,0.509068967406608,0.665597729180837,0.296568149167942,0.366185260470957,0.290401980513707,0.896209737518802,0.020282298559323,0.682383857900277,0
0.67749784056425,0.636722204803754,0.227349449442044,0.863329550739741,0.584229426636666,0.425057195825502,0.184272770304233,0.676011879695579,0.0470255194231868,0.368191620800644,0
0.387384776258841,0.360518535831943,0.861092229606584,0.320074186194688,0.678546238457784,0.291819503763691,0.752881026593968,0.658131016651168,0.00874274736270308,0.689465387025848,0
0.835455544060096,0.487711118534207,0.529364407062531,0.46619723783806,0.660602976800874,0.293326970888302,0.0585469072684646,0.780023161321878,0.568257736274973,0.665496053174138,0
0.574402894198289,0.0889064653035719,0.684675782764363,0.659751633952593,0.534174642415343,0.396619091741741,0.788312117336318,0.628152503632009,0.598888884996995,0.118471499765292,0
0.462331363178433,0.0398984126055844,0.506923631796407,0.235840826080482,0.576291498452078,0.711867743171751,0.957909640856087,0.749317980138585,0.992631802102551,0.536086834035814,0
0.51779069437018,0.807516910826748,0.248576763657375,0.365724177773677,0.224917597136894,0.821956597734243,0.22817005077377,0.0811039230320603,0.988394383806735,0.0528150438331068,0
0.400230590238177,0.282367240089819,0.737231456780028,0.291007377014865,0.793144255631118,0.514127414440736,0.719513042131439,0.161399148637429,0.419794304529205,0.688948521157727,0
0.22354254355809,0.334142962257067,0.506080670911978,0.250485107748381,0.836843683720871,0.328320184955373,0.866028701188043,0.387907626340166,0.431151836179197,0.636396184330806,0
0.475276101447964,0.440912327031562,0.881681171459382,0.42697026384373,0.234158704333344,0.227804462658241,0.164150584721938,0.427805971587077,0.755430289776996,0.55073075951077,0
0.373387679738556,0.518147239621472,0.281689408100809,0.481081346509574,0.89248993609809,0.755342103773728,0.823571962304413,0.972211665008217,0.218372865347192,0.00892615015618503,0
0.49516829722196,0.285456930490202,0.283850273916733,0.0719028277382374,0.520414471456854,0.0677987053059042,0.160028923070058,0.129082139581442,0.828304277034476,0.962604547850788,0
0.257064980375017,0.71352216691896,0.478005109490975,0.647511162056335,0.115748607487246,0.180961656617001,0.300147439353168,0.979666992090642,0.35037433123216,0.716942341765389,0
0.556197955429259,0.464526638262532,0.905201003559833,0.34468125797673,0.293027797933246,0.163212622748688,0.223529215203598,0.957995453616604,0.576014949707314,0.431446151575074,0
0.371817467318338,0.866620466991839,0.216642194895065,0.326828052602831,0.515549070628894,0.53558135475032,0.429300596937537,0.32144879270345,0.0250105797313154,0.909259814303368,0
0.218206208983105,0.800796797883239,0.361383642003309,0.459483816595453,0.760912961258815,0.805061223683879,0.464913849951699,0.134830202907324,0.339499239111319,0.994986660080031,0
0.546105197982023,0.71974981781065,0.323824435114418,0.447476144969936,0.0795519691921039,0.845836884807795,0.0879271114245057,0.0531091529410332,0.675836201058701,0.682499058311805,0
0.77525573225918,0.0899775080675373,0.400287525466783,0.418649752232405,0.387428828557419,0.513466109056026,0.106091568712145,0.897475072881207,0.300275341141969,0.380486559588462,0
0.815101450731091,0.396492352829285,0.382001554603784,0.152463875346731,0.454212126161955,0.551516392733902,0.707298271125183,0.0202867432963103,0.354707548860461,0.945368938380852,0
0.50850109515413,0.830591026734976,0.524825789111734,0.763901368448311,0.332398854415184,0.0278600153978914,0.555734392954037,0.809000688139349,0.484809048473835,0.504234618041664,0
0.163514115865711,0.798026594824472,0.531017999433217,0.34036262329432,0.333200646510664,0.590018477058038,0.911974282702431,0.343549754237756,0.435105458367616,0.485652022529393,0
0.344560296507552,0.377020097337663,0.251458464423195,0.609407469397411,0.523713853675872,0.0478021875023842,0.943712765816599,0.735411639558151,0.142977767856792,0.198554331902415,0
0.465547061292455,0.867824717191979,0.459659518906847,0.324931957526132,0.411925626685843,0.961119923042133,0.54226487618871,0.960901298560202,0.989301359746605,0.381631516618654,0
0.680771463550627,0.190293405437842,0.479653560556471,0.395423025591299,0.494673270033672,0.889199570287019,0.602956521324813,0.0221062572672963,0.449090216541663,0.809032662771642,0
0.144319479369026,0.632143968177048,0.477743246184494,0.417331178950464,0.0929032794518166,0.126805428415537,0.986485776957124,0.396268845070153,0.210922939237207,0.132256402401254,0
0.505622021126138,0.515509150440826,0.243341811492751,0.10574600390068,0.750392205452722,0.0566039178520441,0.947711952961981,0.34663776261732,0.484836894320324,0.380634201690555,0
0.701660887798696,0.452698101699975,0.569560631820632,0.216612526087273,0.800035834250621,0.32906678179279,0.21224681683816,0.10522034438327,0.292874106671661,0.582506243605167,0
0.863007393513791,0.625217400078758,0.343977083160219,0.42030030081614,0.259596835450351,0.701640417333692,0.595354547258466,0.562285243999213,0.989179351599887,0.512296977220103,0
0.194448588672121,0.526003211721694,0.617230304001539,0.268329833554172,0.767053522430248,0.552582929842174,0.950602129101753,0.0257403443101794,0.0798005692195147,0.834019081201404,0
0.58270225011041,0.522712271510215,0.788392555488158,0.486494198855,0.0831005509674712,0.171479464974254,0.363779308041558,0.00124509655870497,0.779604258481413,0.784012996824458,0
0.627171351887999,0.10183147882898,0.338800282875533,0.218959156540223,0.510304670795741,0.168840586673468,0.190606635063887,0.850514330202714,0.140510382363573,0.999541629338637,0
0.55766912176037,0.790051578262139,0.27728742942004,0.531130964904833,0.787830966184694,0.420810222858563,0.877428987761959,0.360019814921543,0.436204414116219,0.547151255654171,0
0.274570884432822,0.524031146687684,0.314843454729594,0.911086642596318,0.474807853902864,0.755367662757635,0.480431535979733,0.471001091180369,0.217376288492233,0.219048596918583,0
0.109913873482214,0.499089710834773,0.558547814938971,0.391189470562232,0.15313378866595,0.365188895491883,0.961981710977852,0.204144144430757,0.660285675898194,0.474178112344816,0
0.277836047920355,0.440224209814434,0.259589799490871,0.701319621660043,0.103576499746016,0.725082462187856,0.71184220793657,0.557012653443962,0.486399969551712,0.76543004065752,0
0.587573436427192,0.361814874249563,0.783584745585017,0.275340181962825,0.15293933228332,0.129646905697882,0.396951565518975,0.433106415672228,0.593514382839203,0.00540907518006861,0
0.136303562670946,0.507107706507668,0.480011033359915,0.687654669862241,0.482505940832198,0.757494449149817,0.763262514257804,0.984075747663155,0.862570367753506,0.428872580174357,0
0.641988014054561,0.429603310362758,0.852455995088587,0.696255975452948,0.655435530179826,0.556252053938806,0.615538329351693,0.701064654160291,0.786874391837046,0.0550859041977674,0
0.615628459844189,0.457026779114385,0.0938930574195239,0.682394172556657,0.33126159253361,0.302748819813132,0.688190992223099,0.258199575357139,0.335998062510043,0.134401659481227,0
0.537061912924259,0.0542695164612128,0.261346919650476,0.302135902009951,0.442217223280662,0.751275341724977,0.887190745677799,0.390697788447142,0.665382582694292,0.588826010702178,0
0.841022766195238,0.548570417100564,0.785692072473466,0.456269864458591,0.586377530591562,0.264634780585766,0.0901018120348454,0.590720050735399,0.180815294384956,0.262301284587011,0
0.480941998644036,0.579896479232195,0.174906921702929,0.833081047345866,0.464075792159373,0.740469270618632,0.54190133116208,0.858546542003751,0.138873409945518,0.62846854608506,0
0.151572704557665,0.388900536029127,0.781773610330477,0.707425183747211,0.323147732042138,0.892936698393896,0.159940595040098,0.778450564946979,0.296922627603635,0.488919466035441,0
0.0108641645590704,0.45136145851846,0.418678414876665,0.505722573848078,0.66735337678326,0.417512818239629,0.388615512521937,0.630347058875486,0.506027103867382,0.0184933089185506,0
0.543917261883931,0.73657068655467,0.825821934916162,0.447523359340882,0.275026877852744,0.95889004948549,0.919353582896292,0.551715666195378,0.66533404844813,0.619420866947621,0
0.549212124153412,0.245530656993817,0.607349984096647,0.116328258220756,0.279949078652341,0.261095065157861,0.0658588206861168,0.635066446615383,0.208516772603616,0.850269391667098,0
0.353350439574569,0.469686253927648,0.416687806835398,0.354238335043192,0.210723142838106,0.0784474106039852,0.447449547704309,0.427505749510601,0.295161778107285,0.691596047952771,0
0.471698922004785,0.814002337057631,0.10240317631212,0.532735901136173,0.603747556123411,0.778398021822795,0.912188049871475,0.127922544488683,0.839948021108285,0.880033847410232,0
0.387952321546818,0.55899033620389,0.469126375626971,0.291633376472439,0.0418585105730297,0.635754333110526,0.749803446698934,0.706877301679924,0.715395631734282,0.789196353638545,0
0.103224902114505,0.354888662262833,0.383455795618713,0.338988353208673,0.715346350771182,0.0935561915393919,0.815587846795097,0.538440576987341,0.020424815826118,0.224054699996486,0
0.266128494340441,0.55771767274897,0.139122198988088,0.587409906283936,0.747676236242118,0.223375107627362,0.452583072707057,0.630544542102143,0.684147536754608,0.0110058526042849,0
0.823399955555312,0.508739322346116,0.510823803264731,0.772795272446306,0.51441865241478,0.402282545110211,0.0951700443401933,0.865523041924462,0.195390745997429,0.516298424685374,0
