"1","2","3","4","5","6","7","8","9","10","class"
0.370209028342677,0.118032984450068,0.58617111256385,0.172887561548994,0.48360007583936,0.519711428554729,0.0370480252895504,0.513131907675415,0.732910030754283,0.945592076284811,0
0.430732737875105,0.355042694639388,0.421768219120562,-0.000861036106406199,0.307743606488246,0.633673329371959,0.0495385827962309,0.350474621169269,0.320714593399316,0.482222812250257,0
0.505811561364681,0.190540769835934,0.498028483707458,0.773784037446603,0.695692982524633,0.790935355005786,0.599010754143819,0.584575410233811,0.998235114617273,0.701565577881411,0
0.706215771846473,0.54223696468398,0.574739716481417,0.84776623104699,0.748608524212614,0.0916871454101056,0.908301901537925,0.396169284358621,0.650387676199898,0.789059384260327,0
0.806600869151896,0.646359558033791,0.506443612799828,0.199642106358646,0.511269207623866,0.628654667874798,0.822043643798679,0.767993644811213,0.603086212649941,0.786165821598843,0
0.190150859532878,0.343224387383088,0.422178598353639,0.637610648758709,0.78563191043213,0.417933252407238,0.778015105985105,0.622948603937402,0.674822890199721,0.706232865573838,0
0.283619074610262,0.462107113934524,0.769953566223492,0.714692881246173,0.229800422040194,0.20678591215983,0.218714459333569,0.346733135404065,0.681691349251196,0.497787763830274,0
0.220391410541428,0.649357137217209,0.581728403487637,0.0893078747898424,0.598212672137422,0.729787319665775,0.5245796602685,0.300300851464272,0.427685864502564,0.459411778720096,0
0.364145591301344,0.945220514085768,0.497877129127122,0.464807275633059,0.551475431830594,0.935164449503645,0.459602850256488,0.146590292919427,0.246913070557639,0.40732438955456,0
0.112530870465202,0.673433805302895,0.652385392187806,0.371217103118855,0.25983522448153,0.997425282374024,0.249073556624353,0.86957955127582,0.433176457881927,0.675940121291205,0
0.302337333701769,0.313809351408809,0.816844848003562,0.212836206630414,0.571007787019016,0.360339587554336,0.300862761912867,0.152647197712213,0.606947045773268,0.963535430142656,0
0.357968958897813,0.26749400502138,0.055599447016866,0.364134247830685,0.554236216362204,0.639487104257569,0.80848196730949,0.649340310832486,0.308025690028444,0.100220587104559,0
0.602751126280054,0.645991794532165,0.714787048054859,0.773884292459115,0.249933718703687,0.713284321827814,0.801552877062932,0.185520154656842,0.0373017960228026,0.0422324847895652,0
0.340789787330699,0.776189521115693,0.625480553024561,0.71361095844925,0.683256683395919,0.860859955893829,0.438993786927313,0.589536092476919,0.782280419487506,0.453904243418947,0
0.53331276294357,0.53325476399051,0.669483286233934,0.0315387148740814,0.654931652347364,0.826700108591467,0.534739455906674,0.0136055846232921,0.112821284215897,0.14609706401825,0
0.0752161452756405,0.487278513346328,0.337864509706105,0.580360666063688,0.234774771416014,0.495255580637604,0.307694367831573,0.77956287865527,0.933948637917638,0.626393028767779,0
0.277804956516488,0.37206608244878,0.339726434138106,0.738992435628337,0.826281101497968,0.893783583771437,0.652865937910974,0.517995950533077,0.936695992713794,0.820195153355598,0
0.0596943201639251,0.465918695421427,0.374438222940236,0.647653623600963,0.668602906134383,0.274311265908182,0.261388191953301,0.296288431854919,0.0356395847629756,0.386483383132145,0
0.517016065712003,0.309560169979908,0.317701831228277,0.867051775034676,0.668822269006116,0.531554925721139,0.450498126447201,0.493963566608727,0.49440778628923,0.22367513156496,0
0.337271395610314,0.938699253625781,0.541375772261692,0.552666678300348,0.500299727907202,0.789721313398331,0.484910121187568,0.605421111918986,0.263608467299491,0.413550384575501,0
0.617252590145418,0.165247440905201,0.528237476750291,0.147195889908262,0.309155081938299,0.670794677222148,0.238680078648031,0.51015604659915,0.352057626703754,0.839908627560362,0
0.10994144904249,0.741597556480462,0.531053519884418,0.317357620399796,0.305666678513103,0.814086916856468,0.027334471931681,0.511651225853711,0.370391842909157,0.820750012993813,0
0.294761224336474,0.504851884345373,0.22132005863962,0.09359353736661,0.554582647994343,0.588926570257172,0.619482886046171,0.490055818110704,0.121724423021078,0.754037599312142,0
0.421272443621548,0.714700513318682,0.147832075209139,0.803924784730437,0.477910842884657,0.704281130572781,0.213775872020051,0.890158163616434,0.319496221607551,0.955517639406025,0
0.161382257148799,0.658904019285012,0.749704499718349,0.343523603592371,0.627856402043468,0.691125235753134,0.433346001664177,0.33882633713074,0.166431500110775,0.766434121411294,0
0.315275171422538,0.342800263236582,0.39988784232128,0.808435653179835,0.815362692552379,0.112226087832823,0.647272022906691,0.772067394806072,0.471215891186148,0.619201798923314,0
0.822689756676321,0.658322579033166,0.335496757264507,0.781163087279048,0.462961847510776,0.0582296184729785,0.53190615400672,0.46623741905205,0.290774829685688,0.783808758016676,0
0.379782990352002,0.149637710879968,0.328205792023211,0.790533375595507,0.365111942775604,0.847118808422238,0.947692513465881,0.488251635571942,0.860670182621107,0.772140555316582,0
0.902551270249738,0.660523450242613,0.645812861053185,0.349600731886629,0.499196799617705,0.991106881061569,0.0537573513574898,0.715420013293624,0.292375485878438,0.596940498566255,0
0.802667881156509,0.292669854093064,0.1568050243345,0.542797833381075,0.486504554809122,0.549015546916053,0.0198605135083199,0.4765557681676,0.374156646896154,0.954147674376145,0
0.46664163886251,0.497493640804647,0.263842462413894,0.831718964247434,0.267132923507318,0.446679836837575,0.101656158687547,0.0380983694922179,0.0561580029316247,0.979347585700452,0
0.257589309962648,0.22470706357275,0.745412755053723,0.466740431310465,0.187575776900358,0.737274361774325,0.81421293434687,0.0876588162500411,0.612402289640158,0.962998161325231,0
0.603356704382789,0.655026805602762,0.29351948697012,0.685934802223325,0.14922149931868,0.60214020893909,0.013578268000856,0.261606089537963,0.141344402218238,0.289361507166177,0
0.520343038958619,0.269827974526395,0.0870909077983869,0.558496169951946,0.692202300861889,0.688568180892617,0.0250327519606799,0.564835075289011,0.709679141640663,0.591618396807462,0
0.615632909439852,0.480501702755499,0.0174284071046545,0.402867334416782,0.614784148268169,0.42797302803956,0.386629187734798,0.586563562275842,0.369788507232442,0.43563559348695,0
0.245756005355464,0.263973428145849,0.273090002488584,0.261775123868205,0.728178068610731,0.350553898373619,0.582944115856662,0.239084837492555,0.769849246600643,0.0511653954163194,0
0.649520062491067,0.559721931883567,0.0944942641202033,0.589387418592095,0.247284874998844,0.10674777510576,0.477312221890315,0.506591204786673,0.967040821444243,0.695280659245327,0
0.199059798505685,0.207331125105399,0.370099665334354,0.78978802535417,0.503316200957663,0.91547609330155,0.500007580965757,0.0709525051061064,0.352010764880106,0.552163514308631,0
0.420622865712577,0.287071933400874,0.0601663378359752,0.672196226051556,0.530541535345117,0.620142111321911,0.845453365240246,0.247876402689144,0.51873463159427,0.228619096800685,0
0.416753999308397,0.684481110904959,0.67685948933367,0.802706620773498,0.736564134842104,0.636984892189503,0.514024643693119,0.0769181228242815,0.826520897913724,0.938135069329292,0
0.829566162820648,0.67301991648223,0.72953077256733,0.356605882195956,0.444636775470751,0.58271578582935,0.695252641802654,0.203836066648364,0.294966439949349,0.769730075960979,0
0.31347422930412,0.810289702843875,0.603325208183378,0.536087286425754,0.690629168879241,0.20998072787188,0.0743122438434511,0.21918322541751,0.647542617283762,0.129108458058909,0
0.0811909064420189,0.614394706199464,0.578804463508034,0.23121109069858,0.606534817987292,0.952410850906745,0.853980056243017,0.463717703940347,0.343464439036325,0.515928813489154,0
0.628054068002605,0.47259793314755,0.386518247320092,0.436975930935766,0.964613748491459,0.164305131183937,0.652118793455884,0.38870962173678,0.89165610820055,0.861188185634091,0
0.650652793367097,0.766460974398401,0.438375237909167,0.164516189491545,0.399126595820842,0.869608047883958,0.193982105236501,0.938046964583918,0.0687440573237836,0.222085641464218,0
0.31611102522747,0.911189279662653,0.616493345451257,0.465616454308424,0.619850691607221,0.958182519068941,0.402174459304661,0.58263345179148,0.265534256352112,0.203354611294344,0
0.802895568311214,0.442246358375996,0.766783753409982,0.286595185985789,0.541269828565419,0.296312455320731,0.283424163237214,0.038904583780095,0.506834332831204,0.382524840533733,0
0.504965972288792,0.392051507193041,0.264977883868307,0.125658297575326,0.742259954573017,0.668085181619972,0.783577064517885,0.598695867927745,0.400514675304294,0.849718788871542,0
0.63869672617875,0.833155867410824,0.352291786810383,0.390647685620934,0.450019818730652,0.839661908103153,0.230464006541297,0.259671807289124,0.774324114667252,0.152443068567663,0
0.646495265944154,0.0594931974531426,0.344814824376897,0.631814208695126,0.60432921961315,0.0575497262179852,0.965431415243074,0.346789508359507,0.815255560912192,0.798579983413219,0
0.241207182544319,0.631290928039477,0.503400080740829,0.563218965615162,0.0722084890907365,0.237802966497838,0.453711315523833,0.601629342650995,0.368678613798693,0.00315378163941205,0
0.244904441177305,0.575151151836598,0.761333338660093,0.53622088559393,0.156927483200314,0.995276319095865,0.727063563885167,0.682395429117605,0.78201706870459,0.207327045733109,0
0.410470394997366,0.802629776124782,0.2630565699715,0.262420489389136,0.233715568113922,0.475464997114614,0.79250084143132,0.592970098135993,0.610485827317461,0.557093261741102,0
0.801646336907187,0.577382982059856,0.168890863373127,0.479436709023117,0.590255345276886,0.00382857047952712,0.25233964715153,0.810410890728235,0.343066256260499,0.342689335113391,0
0.332339229545748,0.00255267901385259,0.505804540991965,0.527714227521149,0.424296294039497,0.256633321987465,0.36563908867538,0.878336451947689,0.319546384969726,0.549770832527429,0
0.289719900429172,0.26147934065584,0.682360687931952,0.580594654146399,0.860612588703722,0.508266288554296,0.976067800307646,0.83090742258355,0.207802539691329,0.856801761081442,0
0.417151139583439,0.554753181524575,0.825522523606196,0.371150075690821,0.554009648738429,0.553250303026289,0.657096173381433,0.436127621447667,0.0265348658431321,0.423322276677936,0
0.312369112583847,0.717179549752682,0.0926930480651743,0.527196354699355,0.465358777263662,0.0589244803413749,0.721117978449911,0.0230972666759044,0.64773597731255,0.785484362626448,0
0.544556438457221,0.270133651560172,0.387426405912265,0.703744504367933,0.787819721503183,0.383140496676788,0.902212984627113,0.774547325912863,0.493614267557859,0.873813167912886,0
0.767528633301009,0.629871082299122,0.568479829934821,0.67594496760631,0.768213797693714,0.698969423305243,0.898901277920231,0.478660791413859,0.0324142111930996,0.002894785720855,0
0.386814433283803,0.275879501335825,0.0982895254979602,0.443185091759219,0.274554759849991,0.742835841607302,0.656626302283257,0.405344183789566,0.779335455037653,0.66005727625452,0
0.315248636342943,0.830777224527526,0.559700626649563,0.328219469294472,0.773114224660551,0.0349843457806855,0.228573612635955,0.0854030328337103,0.618092971621081,0.628014965681359,0
0.577574690415832,0.571728922169154,0.624031559836403,0.948618143397084,0.579501247729123,0.530806140275672,0.228719238657504,0.155379466013983,0.0707741621881723,0.798284661956131,0
0.504661481927029,0.400558410702596,-0.0127238329750754,0.400602599204069,0.546269023507393,0.59685400291346,0.726933359401301,0.00732220499776304,0.444951265351847,0.486018620431423,0
0.624299024266871,0.915034295192051,0.430930013434509,0.388412321514804,0.26724055458788,0.829048743238673,0.655299726640806,0.143395197577775,0.179375502280891,0.169733972521499,0
0.753836445989356,0.783396793443383,0.343298953488452,0.496729388599166,0.216366800280564,0.433601750992239,0.625815248116851,0.0179151073098183,0.161255932413042,0.305686483625323,0
0.20206318515363,0.192376604583573,0.68247692801412,0.326355838481872,0.391431055961184,0.19223941792734,0.610851273871958,0.0353804077021778,0.752471755025908,0.976562849711627,0
0.930746783968061,0.671446439344436,0.551712270826101,0.344642154639587,0.417858909117058,0.433276976691559,0.94533663848415,0.404654826968908,0.326053581899032,0.821873373351991,0
0.593400187554537,0.148562335001611,0.368569091644605,0.392541424216217,0.819996476318702,0.82238189317286,0.680615416960791,0.370494996430352,0.815545995719731,0.133810859639198,0
0.38462828747482,0.363422958437065,0.757886840712141,0.585461025634955,0.860151932874647,0.87262471136637,0.341575501486659,0.768753314623609,0.184822985669598,0.101005875505507,0
0.481360009405762,0.341036341385916,0.118028044234961,0.680159241426736,0.514319333713502,0.346889250911772,0.0495681681204587,0.0488879340700805,0.335383905330673,0.909046866232529,0
0.898890497110132,0.457435408639696,0.727514238695412,0.413332300873741,0.499561690157671,0.223364367848262,0.913235927931964,0.735998925287277,0.513274565571919,0.893086264375597,0
0.478444277245707,0.595196089362505,0.134893350525469,0.143019353757327,0.590673611221268,0.574878764338791,0.910416338359937,0.999552737688646,0.370885280659422,0.279365485999733,0
0.500453518301432,0.354413016660627,0.339824064324962,0.91309357324407,0.567736027483372,0.819226894294843,0.448235591873527,0.854476063512266,0.960972207831219,0.164273152593523,0
0.432564160524808,0.136522731413087,0.670680456770274,0.69900840609048,0.683458162020579,0.349609391065314,0.616992891998962,0.572873625671491,0.299620571313426,0.173531049396843,0
0.671424314179701,0.557307651225825,0.431821340001456,0.507679601489373,-0.00117269717085333,0.0584667776711285,0.00226012128405273,0.807929614791647,0.242960831150413,0.965490114176646,0
0.631415221706492,0.669641847828377,0.354002849325024,0.861961746550489,0.292109670196696,0.746536312624812,0.366486348910257,0.744257495505735,0.844976644031703,0.241498110117391,0
0.306625905279421,0.665418204698787,0.435706513638275,0.486742700477012,0.909167356279065,0.904902420705184,0.724062559660524,0.717240190599114,0.210450378246605,0.488500842358917,0
0.83863283636225,0.459061028051194,0.82288054122259,0.572473472060913,0.582397388426185,0.155845086555928,0.0730277292896062,0.270226602209732,0.155343932798132,0.533919695066288,0
0.452624233439565,0.650294584687799,0.108265234855935,0.457703983411193,0.339059877907857,0.210551266325638,0.886767503339797,0.380056326044723,0.236172028118744,0.782309730071574,0
0.348207402885323,0.425621745965742,0.143965300764753,0.826751340258777,0.533107230418935,0.376318173483014,0.216840980341658,0.469953559571877,0.260225865757093,0.312618799507618,0
0.274965932937591,0.563668945040668,0.342229319251937,0.914250535941603,0.516045377454097,0.752788552083075,0.260486216749996,0.184840739471838,0.824304891051725,0.678653555456549,0
0.112350295193701,0.409450587831709,0.369369180728867,0.751992506564827,0.613618835250142,0.822009184397757,0.662060362985358,0.526840341743082,0.707117517944425,0.31353234150447,0
0.755356783382422,0.554844905800435,0.835333489830518,0.289803259320228,0.642246451502011,0.155602815793827,0.770017754053697,0.647248838562518,0.463981050765142,0.432666555745527,0
0.420626980252564,0.479298832593486,0.207811235915869,0.751956882653758,0.663148362655193,0.193554549710825,0.801716639194638,0.157010820927098,0.0145220479462296,0.41614130162634,0
0.806943711770338,0.654496659821826,0.372086498619917,0.232216655282812,0.249739489606411,0.955925095360726,0.596448916941881,0.915717660449445,0.881486294325441,0.671037848340347,0
0.761510499679118,0.384166745022222,0.576521121803822,0.772468771774489,0.687893156006754,0.000629478134214878,0.326517296489328,0.769812736660242,0.387787116225809,0.584443761268631,0
0.396551686242661,0.293742119767946,0.32368766336273,0.328948275460639,0.897441896156156,0.208810823271051,0.631726571824402,0.181851506466046,0.953280467307195,0.156410734634846,0
0.514227447078082,0.561933653686103,0.800884245003968,0.0890576532649825,0.461011496286779,0.0437431454192847,0.32330450322479,0.613579388009384,0.524596323026344,0.0278063805308193,0
0.66112380002487,0.519194399676423,0.502298475076762,0.00495353283887046,0.577085826790836,0.828694206895307,0.0959642652887851,0.549511883175001,0.185820057289675,0.0783241547178477,0
0.450073774671182,0.263743345625699,0.740512458141893,0.544057402992621,0.256914857774973,0.418487333226949,0.289480633800849,0.143723485292867,0.870675061829388,0.980601921211928,0
0.214957216933844,0.433004937931876,0.557810771979052,0.0715227945624549,0.289881149282396,0.703851077938452,0.516060428228229,0.15466664894484,0.487815338652581,0.767741506453604,0
0.189742593703031,0.0434856416221893,0.449676361930476,0.469796129865669,0.558266801269924,0.249491022201255,0.77703739865683,0.326883060857654,0.61435504606925,0.428442363627255,0
0.652984699001536,0.68206463358365,0.482471603434533,0.732574322260916,0.70440571801737,0.567303203744814,0.524133902741596,0.674119248986244,0.718412147136405,0.610658441204578,0
0.642609271453694,0.41977714560926,0.568105891812593,0.154416688485071,0.598984622163698,0.24033407215029,0.0109862212557346,0.631536112399772,0.115577835356817,0.926579234190285,0
0.596482408747197,0.367189236144962,0.858338564920553,0.470325747701298,0.194609508886793,0.551733977627009,0.345217121765018,0.385447331005707,0.0889584415126592,0.793155533960089,0
0.607727989985841,0.735832544169006,0.684449351228879,0.246361870731585,0.254861804186729,0.630495408084244,0.603469110326841,0.38823699625209,0.940117638325319,0.939960375195369,0
0.36609409400862,0.412455920050828,0.902070184675008,0.403504995946167,0.671540436424977,0.326290611876175,0.492727347882465,0.624955524457619,0.0565185574814677,0.453422372927889,0
0.891152278736105,0.667246627471105,0.33464129941584,0.426436427919363,0.653562435905004,0.781023806426674,0.477291165385395,0.472889283206314,0.771313571836799,0.120387719944119,0
0.627940818153809,0.688782393634663,0.273076698968713,0.140924919106506,0.489105013106266,0.583794008940458,0.661010982235894,0.636968483915552,0.81222612853162,0.683972839731723,0
