"1","2","3","4","5","6","7","8","9","10","class"
0.661938053079606,0.305845036497594,0.607331572005585,0.644775355155086,0.849098892314322,0.787670684978366,0.509531817398965,0.61192091810517,0.660471167648211,0.405541829066351,0
0.613931753260088,0.793038023175585,0.590081587123336,0.139872469182738,0.506009932104498,0.327365572098643,0.875921591417864,0.530306082917377,0.0945904909167439,0.568460383219644,0
0.504579980775041,0.248987678085369,0.562168728885524,0.233969011333091,0.088312673782165,0.68491392978467,0.24541406868957,0.263719515642151,0.478903285926208,0.786248969612643,0
0.256117063341662,0.281756839482114,0.414066220168024,0.461684429319575,0.223377968650311,0.870490787783638,0.255300254561007,0.412976771825925,0.733309403061867,0.388624051585793,0
0.803581048556041,0.465084161015947,0.334253702866228,0.78827343317099,0.289668178523703,0.423388910712674,0.966384851839393,0.787071247817948,0.342709756921977,0.388586594024673,0
0.608676348158649,0.271963665431852,0.50708114973544,0.0962499276647023,0.261244286057666,0.207255872432142,0.169172910507768,0.890453302068636,0.435373103013262,0.0897599190939218,0
0.535195050528273,0.468173512723297,0.553642123471946,0.703696320997551,0.126315579051152,0.454428599448875,0.2671984503977,0.553752879379317,0.908630302641541,0.938355906866491,0
0.442013616272133,0.362528809801843,0.749095643628731,0.826374370863305,0.339503087468653,0.294903829228133,0.527120800921693,0.913384056184441,0.925393766956404,0.557765605393797,0
0.354413220658898,0.7022949969396,0.407747629564255,0.559027213836089,0.147176875732839,0.891112369485199,0.214936621021479,0.166804479202256,0.563134022522718,0.888067615451291,0
0.420611945052209,0.586608595885488,0.710900553876453,0.797293349918767,0.210766380615231,0.92648665397428,0.127313257427886,0.993176400428638,0.626039650058374,0.516609212616459,0
0.57046618667005,0.500481048144162,0.190840785562552,0.0916492795556869,0.599631477649441,0.197698663920164,0.424674266017973,0.358477302826941,0.96632589190267,0.4147443913389,0
0.496603144802847,0.464168968104921,0.388830678884438,0.0366151859814713,0.25247273961592,0.762043277267367,0.257075760280713,0.103258117102087,0.763974700123072,0.202795434277505,0
0.437168330915831,0.461734633079849,0.958981443735933,0.465059850796313,0.500862539600292,0.400964802829549,0.951752971857786,0.238716474035755,0.911528703058138,0.205474376911297,0
0.685650819485897,0.331513999874472,0.148969634297652,0.400162954559384,0.215614888803997,0.866952355951071,0.984353736042976,0.946366273565218,0.353358378866687,0.48602510150522,0
0.678790395720977,0.108020506081074,0.259609057130944,0.359005596061964,0.278962823206651,0.0251277124043554,0.00500768097117543,0.134115903871134,0.449994359398261,0.457969666691497,0
0.531037426559593,0.198677503471431,0.151043513449192,0.582873319560168,0.709723773155131,0.251120716100559,0.0495193933602422,0.941501373890787,0.272075272165239,0.222331901080906,0
0.150884249184171,0.573939338625338,0.413086311565399,0.141536397362187,0.324092286349851,0.98434463632293,0.663195184897631,0.854563051136211,0.92671862593852,0.588345097377896,0
0.317127504622613,0.545359627255845,0.279368493429872,0.311407315378526,0.0792685510742459,0.912000925047323,0.119785280432552,0.712847539456561,0.800927254837006,0.711761723272502,0
0.379001996373869,0.689768698438654,0.834231106348807,0.653951991520254,0.656408287497379,0.885494162794203,0.294809812679887,0.327469656942412,0.728736494434997,0.842244775732979,0
0.679916047563143,0.0831873111073342,0.459202969779173,0.398473380792718,0.669484627985792,0.339374620001763,0.0910305930301547,0.316170849371701,0.506355826742947,0.0742143127135932,0
0.727997911162324,0.186762552197907,0.578249998792414,0.436621253868362,0.786012692080626,0.0908632439095527,0.655993905384094,0.906089000403881,0.134712976403534,0.387007846031338,0
0.641193458542309,0.144434302650908,0.668605755193844,0.759544210517448,0.621631970840117,0.725716075161472,0.646801266120747,0.666598428040743,0.261242609936744,0.878036862704903,0
0.616808459610092,0.150162949269713,0.644276001354923,0.19301937832055,0.642396730704359,0.120584109099582,0.332374591846019,0.304034376749769,0.416347356513143,0.59091761498712,0
0.414275150184189,0.889297162113199,0.521704158982257,0.676121353534418,0.647249127767819,0.225956465117633,0.404897792031989,0.971629141597077,0.770806135144085,0.218441106146201,0
0.332125956589802,0.331856491100139,0.859331527559842,0.23429824586369,0.372451467059352,0.843680363148451,0.423218624899164,0.585577764548361,0.857444574823603,0.461788346525282,0
0.569045206028498,0.278791423037189,0.0554838788890323,0.368998361289811,0.633620042916365,0.288649221649393,0.884859555168077,0.24927183939144,0.0954242732841522,0.447532919701189,0
0.368172138230875,0.252101538237184,0.345786260906607,0.186031831661239,0.311895006569102,0.767176727997139,0.766878621419892,0.839714805362746,0.277878735447302,0.3641826226376,0
0.655022003504258,0.818052815331215,0.595217477757932,0.304937336748452,0.262841110600894,0.500091648893431,0.641713780816644,0.853551182663068,0.706328559899703,0.207778543233871,0
0.499077889030946,0.366883091548441,0.872971215492015,0.592652496921969,0.714486138102624,0.219792691292241,0.488262337166816,0.917121999897063,0.40949533553794,0.029600796289742,0
0.746623762705631,0.623801729148752,0.400062551886638,0.295907370776332,0.802453458546109,0.280283631756902,0.0490706120617688,0.460745080141351,0.807590099284425,0.80592821049504,0
0.753942561932377,0.34398925598307,0.21231136138599,0.742173430338922,0.336397952644616,0.274905000114813,0.701592057477683,0.802618036279455,0.308865288738161,0.265274631557986,0
0.195231636753306,0.588084036484361,0.190268189180642,0.666514849755913,0.541488458868116,0.458756059873849,0.962161110248417,0.419980697333813,0.155892233364284,0.983246992807835,0
0.601154515603899,0.868888357220222,0.42222206287672,0.738360450074639,0.613698508658104,0.374402567977086,0.554275202099234,0.308360001072288,0.378057847265154,0.326074405573308,0
0.362998701292343,0.122386850274488,0.23209619933826,0.377187620998696,0.673819508199946,0.381351198302582,0.533797337906435,0.703425061423331,0.759878560202196,0.774244317086414,0
0.444973761888023,0.536681786478066,0.226803413020695,0.0310668139576679,0.472818736701887,0.0886803127359599,0.631595052080229,0.18258041725494,0.210698537761346,0.626578551949933,0
0.30679365296874,0.832758187977277,0.302750442413044,0.254574316875579,0.393930799966335,0.683004468912259,0.406424039974809,0.716326321475208,0.439626230858266,0.137085057562217,0
0.735391641616371,0.440483211246284,0.255247638180533,0.324358191884494,0.809438257980293,0.359449638519436,0.186473465058953,0.459365115500987,0.29214501241222,0.382304139435291,0
0.189384107981317,0.524737318401876,0.833940780947054,0.389308086365787,0.679358426836717,0.550708770053461,0.191402008291334,0.0888332796748728,0.234875218942761,0.564268366899341,0
0.285677595352274,0.385099038484515,0.728758330668526,0.543934996757294,0.831744150955619,0.367458450375125,0.307526348158717,0.730262238066643,0.014157691039145,0.982620442984626,0
0.626891770167276,0.863324313424528,0.453973100055009,0.297150790225714,0.722444942919537,0.65773270977661,0.708018500125036,0.543507288210094,0.129401105688885,0.847087660105899,0
0.876050228888924,0.432597105182605,0.21493145629393,0.413677849748359,0.511789471944911,0.00382286147214472,0.505917565431446,0.251615808578208,0.786320933140814,0.82602700451389,0
0.749883241485804,0.286531954538077,0.599775874754414,0.626333355670795,0.516845986479893,0.289271246641874,0.364783190656453,0.313007645076141,0.784294984070584,0.861127941170707,0
0.527674072654918,0.550011253915727,0.499005438992754,0.442876877263188,0.958523217821494,0.567705537658185,0.39853013958782,0.179074029205367,0.0146166195627302,0.148499161703512,0
0.307647658609786,0.325755687063747,0.739288879881421,0.788298041782128,0.550975424686085,0.0662293427158147,0.114880898967385,0.104681835975498,0.734598616836593,0.811218352755532,0
0.421282855473333,0.495506328358379,0.837427549918744,0.683353093266001,0.694052879217994,0.160609471146017,0.926012712996453,0.433565221494064,0.319587120786309,0.28448051516898,0
0.169576874994718,0.51736219218892,0.183804525445383,0.719918189338987,0.595922643765044,0.328216814668849,0.522373387822881,0.221436890307814,0.860915226629004,0.0808753550518304,0
0.366513997782022,0.629999801516533,0.552133446093649,0.283609983278438,0.208893937291577,0.0574629241600633,0.635579980909824,0.00448051746934652,0.820728042861447,0.949744542594999,0
0.136680223280564,0.550183434737846,0.750276069156826,0.604196346597746,0.451302355853841,0.527552985353395,0.459449761081487,0.75651473691687,0.933190004434437,0.633176826639101,0
0.371508270036429,0.740982688730583,0.709632672136649,0.841008740942925,0.521254922728986,0.228119374020025,0.563166052801535,0.393791870679706,0.669030423741788,0.837249294389039,0
0.425764527807183,0.476541058734225,0.545791080448384,-0.0221679150161574,0.346416256142074,0.1963690740522,0.394265200477093,0.868552842875943,0.122175083030015,0.19867564109154,0
0.849216784583405,0.725660755066201,0.692974821431562,0.404458307893947,0.393500985577703,0.530568559188396,0.339696607785299,0.600050595123321,0.560001912061125,0.577365649631247,0
0.338164838555084,0.838391399765432,0.341310503739162,0.614423760536618,0.713837129677786,0.133480143500492,0.266000602394342,0.454981796443462,0.587301006540656,0.995670861331746,0
0.0816216249799673,0.614656190057454,0.433782309630071,0.394017088375555,0.711724110321853,0.833529286785051,0.512089103460312,0.468125867890194,0.490063304780051,0.328435093862936,0
0.758375918134079,0.781908656106847,0.612650251953861,0.455783468701712,0.71313793720315,0.709319239016622,0.00799968792125583,0.957388367969543,0.25844887108542,0.651473365956917,0
0.322289294227698,0.161648908446476,0.382652801086357,0.515870195537612,0.120341359540878,0.643288918305188,0.552456309087574,0.883486589184031,0.738860581303015,0.44867323897779,0
0.602239237399772,0.317691466072574,0.241279063979164,0.823703990317881,0.594061157433316,0.711695922771469,0.173778251511976,0.691587079083547,0.551023496547714,0.579990862635896,0
0.177668900225222,0.277387320304471,0.472163179706711,0.287713159857054,0.768122508896908,0.172760223038495,0.532938784686849,0.72428285330534,0.38197725568898,0.386948745930567,0
0.661081926897168,0.853066324954852,0.434492008760571,0.801914815092459,0.468954818788916,0.0373100314754993,0.281276082852855,0.618931965902448,0.628973808838055,0.448637052206323,0
0.57906668949889,0.458278120904835,0.0439646804155061,0.619676684558465,0.392696179443115,0.166484693996608,0.629213478649035,0.504756316775456,0.844352017855272,0.298397549893707,0
0.742154523291422,0.193037306185096,0.257142619774029,0.267667897322377,0.391095258749478,0.74693245603703,0.191069015068933,0.786216329550371,0.954233672004193,0.994392794091254,0
0.373193195089698,0.657330610556528,0.528918357100338,0.903521447675303,0.336143204709515,0.530293435789645,0.123863948276266,0.578784778947011,0.0419065274763852,0.398710081586614,0
0.717676907496223,0.470885016276071,0.760615579245008,0.676220943612451,0.219858783735377,0.727977812290192,0.575317265465856,0.841574323130772,0.839294905774295,0.310390615835786,0
0.41261837876937,0.62917327541357,0.250505153909089,0.800219261346297,0.751599955560846,0.55322593008168,0.386989676626399,0.0684798189904541,0.370169670553878,0.604622429003939,0
0.460571350833936,0.525888358175185,0.243406667907853,0.427839626005586,0.0454598982457418,0.45149790123105,0.181467647431418,0.00928762229159474,0.713217558106408,0.535972001263872,0
0.616199483036691,0.684062329058617,0.754345824601672,0.182787108028843,0.652597800266497,0.216675816103816,0.881825841264799,0.547889026347548,0.931968692922965,0.934694934170693,0
0.6503599002512,0.408314574460201,0.157650964946861,0.145003898472685,0.646856846861458,0.254113669274375,0.60456882766448,0.1180489230901,0.832224232843146,0.734594354173169,0
0.537098006632322,0.321786356528738,0.807974360142931,0.781938889907621,0.424147997223004,0.341688840650022,0.654377319850028,0.0846032379195094,0.0436504669487476,0.90917013399303,0
0.692971485997857,0.384367854426047,0.699015476758819,0.137125481543657,0.274142646282148,0.293197602033615,0.663660787977278,0.108927940484136,0.401925180573016,0.110242546070367,0
0.591272558321928,0.123823229912991,0.170648970545143,0.613144255861477,0.425675902070761,0.330131197581068,0.685438630636781,0.651376697933301,0.769260983215645,0.0163691944908351,0
0.715900741239398,0.324583444224215,0.661615799494053,0.114751153224415,0.393513900472611,0.558405233314261,0.0977051637601107,0.653020927216858,0.0106665026396513,0.308208312373608,0
0.304552170080182,0.477841051979046,0.553168246825176,0.891779813228789,0.299915686032183,0.00542643247172236,0.0357223383616656,0.310416847001761,0.236473163822666,0.995662741595879,0
0.619653946334499,0.617941855036445,0.749147142709243,0.365720888573753,0.83143195150204,0.779524525860325,0.378911011619493,0.148513234220445,0.549163636052981,0.541835241019726,0
0.806177764941994,0.486820670277681,0.685461181603539,0.227745879985645,0.328734957242953,0.451524325879291,0.417850720928982,0.440723670180887,0.538754869950935,0.217256339266896,0
0.723889251239598,0.351475934265181,0.250258737010881,0.247950101736933,0.471391016151756,0.500579941086471,0.170045335544273,0.800378168001771,0.112778491340578,0.248101256089285,0
0.56145912152715,0.750789794139564,0.287785753840581,0.363583577796817,0.774549009511247,0.323403524467722,0.94683806435205,0.344258022960275,0.31216274574399,0.00139494566246867,0
0.586459954995689,0.779303975036399,0.553935266291949,0.121080942733872,0.655679909267579,0.941983146360144,0.912113387370482,0.647779781837016,0.492763093905523,0.168012949870899,0
0.749285989554839,0.655022968582711,0.121821985663134,0.343705621938868,0.436264975312618,0.492424777243286,0.622082563582808,0.959859103430063,0.140096890507266,0.777638658182696,0
0.288180135563919,0.0915087149343654,0.482253724044747,0.431394584214241,0.200609458114337,0.785053646424785,0.370812170905992,0.612230449449271,0.410568098304793,0.40516716754064,0
0.603688660195383,0.644539633805215,0.602393241074242,0.103569236588917,0.207078282365815,0.816225850488991,0.330633503384888,0.243948853109032,0.264604260213673,0.474843642674387,0
0.0779320838629803,0.594270941490387,0.591871599446113,0.59008364372891,0.680706234048606,0.436927166767418,0.957527155987918,0.274133024737239,0.638279068283737,0.31729985633865,0
0.483008996583521,0.434136503841728,0.212468549143523,0.686198287876323,0.590427312534302,0.451045238645747,0.267701199976727,0.0571570212487131,0.390343200881034,0.974543672986329,0
0.671488987496044,0.887804634972298,0.532814998208779,0.511632373971121,0.703287774551832,0.430505118798465,0.783653549384326,0.310605962295085,0.345333929173648,0.833803585497662,0
0.601194080653636,0.518411431360763,0.72845198867947,0.442715722320536,0.0854788539751401,0.867368757724762,0.281812463654205,0.289305858546868,0.558526871725917,0.473692734725773,0
0.488679668866098,0.438351709395647,0.454112431267276,0.296307594282553,0.582848180318251,0.263433803804219,0.414172143675387,0.761332186637446,0.140867666807026,0.542353215627372,0
0.327143539358516,0.847878513118085,0.576088198319653,0.53864163678106,0.787864475858536,0.167581406189129,0.367911837995052,0.101266037439927,0.853308799210936,0.53661778010428,0
0.28890525832666,0.219287764759321,0.37296529618199,0.847093025005731,0.542708443036909,0.0900161941535771,0.085489263292402,0.800190426176414,0.328429825138301,0.4652366314549,0
0.0387647186261345,0.613974323119307,0.548167125330341,0.391359333434734,0.501258985189033,0.720388478832319,0.383472138317302,0.993170851608738,0.710651297587901,0.474242839263752,0
0.413768448776299,0.845612873528184,0.696640839030372,0.606267366187889,0.340082430885623,0.84651607926935,0.120081698289141,0.568689686013386,0.364455324597657,0.753727284958586,0
0.407111879107894,0.842439475664838,0.539157748605921,0.670044942569338,0.759438016840891,0.531179041834548,0.142429675441235,0.488772723125294,0.753828189102933,0.436901459237561,0
0.300544200697914,0.563977805897593,0.28226999938488,0.723194940015674,0.6382226862479,0.324636469595134,0.976227946812287,0.755782157415524,0.702019385527819,0.936545490752906,0
0.393132265691257,0.603796571823996,0.56609333787144,0.860637989092956,0.24718395981751,0.401265739928931,0.906555884052068,0.984160936437547,0.250997353345156,0.824823476141319,0
0.678995355279238,0.890703431298346,0.374265904085733,0.582750757735041,0.644848847608116,0.0835736133158207,0.456867394736037,0.161667166044936,0.776442697271705,0.342522368533537,0
0.818283063517924,0.604149830499628,0.397229839510748,0.599494289866503,0.769992401067497,0.73002762766555,0.980434970231727,0.246910891262814,0.754506639670581,0.644168401602656,0
0.499803796207788,0.451765910521672,0.930319466960376,0.718922267751086,0.527972364535824,0.413932033581659,0.0217840122058988,0.47213335079141,0.769467717735097,0.699469812912866,0
0.908350890970159,0.509139471290455,0.625843946979067,0.340017731709899,0.498621717549974,0.0732849757187068,0.140679190866649,0.561269236495718,0.479774070205167,0.868431515293196,0
0.637541732154999,0.195407728045575,0.537767749704924,0.209048464082622,0.278199340911434,0.936456357594579,0.645695883082226,0.898043074412271,0.969872938934714,0.387855959823355,0
0.482813573209569,0.61460137157701,0.716353820636868,0.38418530812487,0.62756817182526,0.68689607991837,0.828995623858646,0.44390075514093,0.0503982708323747,0.522432653233409,0
0.659479391492808,0.572470363857238,0.795145868544157,0.500267850944185,0.14716646746857,0.969305674545467,0.722820326453075,0.764163818210363,0.897718979977071,0.275340060703456,0
0.461088365965783,0.272366740651323,0.812917259188166,0.373009589471197,0.751577103928646,0.0744583096820861,0.124094282044098,0.627482035430148,0.476592963561416,0.137507072184235,0
0.505163778853468,0.209387877462904,0.831625970804929,0.738343605135778,0.525162183640433,0.672183010494336,0.366149079520255,0.406950643053278,0.0407524246256799,0.498872163239866,0
