"1","2","3","4","5","6","7","8","9","10","class"
0.709581635279889,0.136597776743859,0.688174610134583,0.263942760704578,0.536893812735695,0.905727890552953,0.408473128918558,0.777342712040991,0.257197033846751,0.798317117616534,0
0.190299170818149,0.47291396707237,0.763555905981175,0.260252885243593,0.287306003057326,0.988777914782986,0.474329477408901,0.141272811451927,0.975552977994084,0.916807265020907,0
0.760091495369638,0.297708420796356,0.324399449355471,0.809014042808552,0.454831163980248,0.671095363097265,0.408290742663667,0.0989231641869992,0.79723235219717,0.656512432964519,0
0.461982427542548,0.131508641957855,0.647936322578145,0.48312280779647,0.126722017678432,0.536060655722395,0.748618265148252,0.87602324062027,0.430365724489093,0.281422724714503,0
0.701628915150768,0.222967920078713,0.624905048330151,0.611146564475948,0.166284231577557,0.350701034069061,0.993172990391031,0.78868506080471,0.654741891659796,0.348200178239495,0
0.812090535125766,0.540974012320273,0.500608298895532,0.266071769053249,0.737240435673862,0.578616021433845,0.709401627304032,0.14574095280841,0.413709784625098,0.743144580395892,0
0.249258916379883,0.289550759888628,0.724229646733812,0.383515556536763,0.766834410546408,0.269997946918011,0.402258352376521,0.703423402504995,0.827245378633961,0.341045791748911,0
0.78981245027229,0.374627617804074,0.27906416842001,0.464929050512917,0.816810797858307,0.046368787297979,0.354926628991961,0.286296102916822,0.691063847858459,0.973230025032535,0
0.884582501836121,0.438772516092286,0.385768982581794,0.765282680978999,0.600290138507262,0.79399468167685,0.513274237280712,0.879342162748799,0.242262548068538,0.96922153653577,0
0.83570320109278,0.209946224536972,0.411378995374746,0.659671986846911,0.515112988839483,0.614557767286897,0.152217803755775,0.60604316717945,0.242123088566586,0.0783244650810957,0
0.295986280164444,0.548656907455127,0.941610563279892,0.462224563821313,0.573155153739782,0.954713611630723,0.990012718364596,0.748143306234851,0.526251930277795,0.593530817190185,0
0.466033255122108,0.474223155537355,0.0840093877604656,0.531636642151323,0.785970557599011,0.836769696557894,0.604959032265469,0.880766050424427,0.342053610133007,0.844940242357552,0
0.192822431679815,0.657249469310045,0.815069821663201,0.577177398372442,0.60694388137199,0.492451041005552,0.301423767348751,0.0888483442831784,0.0265063073020428,0.0140835903584957,0
0.387366259913177,0.485275199412913,0.264866175082295,0.909231930600984,0.373740689961552,0.418528934009373,0.460830359486863,0.816562579711899,0.174892337527126,0.897717953659594,0
0.402112612261571,0.93150522784053,0.37453821079559,0.404767642148619,0.567486399047291,0.317721301456913,0.411821382585913,0.799225750379264,0.568576542427763,0.672847246285528,0
0.43970480316923,0.624254863285303,0.646143604793923,0.361764421135301,0.0189298089379824,0.208798636449501,0.362500418210402,0.547229915158823,0.621330958791077,0.550553299719468,0
0.644842447396626,0.46529978510367,0.406221173723057,0.906843233140094,0.282647562110818,0.374783586943522,0.54897500644438,0.0927282879129052,0.970535637112334,0.860370472539216,0
0.50616074169684,0.0322373259353951,0.568231520631139,0.477965447184259,0.296503860462194,0.698941580252722,0.441035485127941,0.523305108770728,0.650552609469742,0.344281966332346,0
0.297211797766463,0.542323808003257,0.286965170157182,0.886063694633564,0.597932001146057,0.971643404103816,0.757709908299148,0.0375335700809956,0.727241500979289,0.244928141357377,0
0.323168152105455,0.776717946020934,0.186907343023678,0.302402808414754,0.315006150571333,0.0032264874316752,0.378664631163701,0.465104676550254,0.773870886536315,0.384512898745015,0
0.471889028791338,0.535330755403265,0.0727628644090146,0.654312544967979,0.383692300412804,0.100028079934418,0.485598500352353,0.476145668420941,0.261627642903477,0.47317918529734,0
0.162698805591012,0.467216222763838,0.420577270139372,0.508036327452031,0.837021626338388,0.624221076257527,0.248361142585054,0.174304246203974,0.693000199971721,0.901538804639131,0
0.263739236466671,0.438743053595913,0.432560683143996,0.926159039129995,0.314536104117478,0.317951427074149,0.700783446896821,0.0889882745686918,0.0669392598792911,0.589865794638172,0
0.490804882737947,0.347519842718268,0.521840271434733,0.818807477739736,0.806044187534606,0.0150425101164728,0.99268370307982,0.740200148196891,0.156963970744982,0.991912293480709,0
0.723135688836715,0.621466335061162,0.389373002449071,0.161489650200501,0.203705015018056,0.465380600420758,0.589358733734116,0.598533739335835,0.438520611496642,0.407430088147521,0
0.348147537584322,0.46601900962017,0.710837061134615,0.0863016905735192,0.552683922375602,0.267589396331459,0.943598636891693,0.199545423034579,0.40945172845386,0.33818767266348,0
0.748256677719943,0.168891556784134,0.311079148621271,0.245907195211565,0.53166127752573,0.191548675531521,0.615951911080629,0.956757881911471,0.340707500698045,0.0121768701355904,0
0.432018514372289,0.174471282352886,0.751729422676029,0.762719707888495,0.444725605071676,0.514261917443946,0.39495989237912,0.630503578111529,0.0809346924070269,0.768678608816117,0
0.3817892380678,0.438871738813802,0.18215044582295,0.664691603608691,0.140735083962499,0.96814041514881,0.296054250560701,0.000332354567945004,0.342123886337504,0.033015365479514,0
0.800860110903159,0.475091631058604,0.685086610261351,0.759306252468377,0.646041889674962,0.175188986584544,0.0381116722710431,0.838102662237361,0.171792672481388,0.315136484336108,0
0.794842777655669,0.519530112097626,0.125424178732162,0.404761162653623,0.63068251220328,0.74053698242642,0.946415463229641,0.354653513990343,0.0534442397765815,0.325902642682195,0
0.500102118311399,0.896724080385182,0.617029278523834,0.543854366128087,0.228355602900872,0.302923878887668,0.393610758241266,0.999105839757249,0.0780068135354668,0.0593574573285878,0
0.833324769951687,0.417334767666147,0.36082345843977,0.792234822633749,0.46468608586763,0.618750979891047,0.845109516521916,0.27707851328887,0.303259344073012,0.558504451764748,0
0.293767596129328,0.683251517359167,0.596863769460469,0.84602032462135,0.335388019215316,0.639370496151969,0.106096201809123,0.656285517616197,0.911411336390302,0.269340831087902,0
0.334574221459114,0.13913040019636,0.340428437409872,0.625727277580155,0.207879319693254,0.203274870524183,0.802527798572555,0.774844546336681,0.220359190599993,0.130603695753962,0
0.150113013995682,0.297853094574907,0.361868696829469,0.519896589963362,0.178836377863462,0.0421349729876965,0.711554725887254,0.794659222476184,0.00560874631628394,0.590788410976529,0
0.747661321808015,0.340749637065327,0.253330736603745,0.505366037560365,0.782369484385195,0.596802378771827,0.0344883590005338,0.224961074534804,0.756595664890483,0.823749726638198,0
0.384597967378795,0.333957118680701,0.149812435498461,0.430579614359885,0.274081520270556,0.25046256929636,0.801912721246481,0.718100629746914,0.730874500470236,0.3074883420486,0
0.820785557676636,0.741619938748709,0.578730337342011,0.622105533608409,0.674752319169114,0.939261755440384,0.767243570880964,0.16482022497803,0.997350117890164,0.2967179864645,0
0.531564772346099,0.302398395928152,0.501300325301844,0.455892891982421,0.941131956728909,0.0808304997626692,0.83599652745761,0.472007981268689,0.960289822658524,0.266372177982703,0
0.527453106851354,0.690693632636452,0.632127623423284,0.294893704625775,0.0997245472950764,0.535033727763221,0.854526421055198,0.451348423259333,0.147914068540558,0.730875367065892,0
0.287399534886114,0.429008033536937,0.882576936444766,0.224472018385051,0.498119088980392,0.957297075539827,0.923490977613255,0.856856686528772,0.543507209978998,0.835634042741731,0
0.406833138711096,0.795246057384406,0.394828916891191,0.637775185510329,0.128822639154072,0.858391920337453,0.870074115460739,0.755063240183517,0.775730025954545,0.768226460088044,0
0.734738988453094,0.734515383068017,0.329421206590246,0.74205683336348,0.348851110979719,0.0827813025098294,0.98762714327313,0.787972446763888,0.567536922870204,0.281539228046313,0
0.9358697229587,0.418947620802579,0.440606818848171,0.696095154687877,0.495010095363763,0.802053194260225,0.609939436428249,0.160692714620382,0.0412810975685716,0.395173479337245,0
0.374571137546116,0.252818517935471,0.383888154953855,0.800132905418933,0.181191466308678,0.946860221680254,0.51261740247719,0.672779581975192,0.979349724482745,0.808239042991772,0
0.936197532800331,0.639819930944534,0.494248824400276,0.432269650782673,0.556273798767214,0.571120778797194,0.914760165382177,0.28444354631938,0.666124096140265,0.867686040699482,0
0.592228333289022,0.536444812241673,0.695367409230944,0.732569582611325,0.15524200032674,0.987914013443515,0.621112905675545,0.215481118299067,0.180465003009886,0.430249829543754,0
0.189460604371894,0.830372859446195,0.636637583564956,0.507680724207292,0.436195419119589,0.404076222330332,0.843150269705802,0.506807641126215,0.123243899550289,0.289254645816982,0
0.21355073008091,0.51034377027051,0.176652026328841,0.773025251112122,0.5919529931493,0.340288635576144,0.392558011692017,0.139211888192222,0.924540538107976,0.895934332860634,0
0.576540744804214,0.110156723620077,0.269956401496115,0.536507830576113,0.280090548161493,0.184085983317345,0.561716620577499,0.582077689934522,0.369885821361095,0.718273957492784,0
0.662370996782556,0.625537442741916,0.669751706533134,0.748491778969765,0.183277247939259,0.634652508655563,0.771458574803546,0.150810486869887,0.317504399688914,0.236899857176468,0
0.538088996547531,0.365625474435011,0.951746335085521,0.383001608682287,0.428409185297109,0.925022580428049,0.899754184996709,0.981436311034486,0.477053048321977,0.498011962743476,0
0.860938393157412,0.450637121551251,0.170677565657123,0.599298628372216,0.391736659467384,0.168574798386544,0.679889223072678,0.0429334233049303,0.723674372769892,0.929528897162527,0
0.185935268235809,0.522232574464371,0.103386597991231,0.23695857173301,0.476373705550283,0.608242650516331,0.66396867739968,0.454841792117804,0.0107970107346773,0.417330287629738,0
0.257177076430119,0.136802678547528,0.721118715900105,0.553109113810037,0.653673405784348,0.484939231537282,0.0878409233409911,0.341746633173898,0.0228497858624905,0.700280194869265,0
0.0845633625237966,0.579491603003306,0.662122648466624,0.639355720102194,0.352476342851656,0.950568514643237,0.25553771154955,0.470881678629667,0.621529814554378,0.792437816271558,0
0.268807407468557,0.131673712050542,0.658606053330004,0.35500828595832,0.421299002831802,0.514500847551972,0.708728150930256,0.988380245165899,0.455714892828837,0.611871163127944,0
0.130676080452168,0.746923287936448,0.566966623113153,0.315855098907951,0.313693369161623,0.914772016694769,0.49375456222333,0.444237168412656,0.470600347965956,0.910339699825272,0
0.428106893334112,0.178449986193315,0.387713997953996,0.0911397599364386,0.556068344967677,0.726051155477762,0.72726881573908,0.928169592050835,0.361670955317095,0.239421473583207,0
0.00733906044381966,0.457597830437634,0.61230517580997,0.386623109601132,0.608633899467266,0.448829849483445,0.0669873931910843,0.962188464589417,0.348468133481219,0.0677952622063458,0
0.221095641160668,0.129909884636282,0.604028599647217,0.23430625182709,0.548086738408684,0.950974155915901,0.959541143383831,0.178618310019374,0.28831320325844,0.40937442262657,0
0.510703675280942,0.628218182067881,0.741875931860396,0.748012156574277,0.735086703171155,0.155897108605132,0.316587046487257,0.314204566646367,0.918553967727348,0.833511673146859,0
0.0226533067439172,0.384064937427024,0.492010109973628,0.516772484517675,0.670879367785734,0.663503113202751,0.74015261605382,0.351096865022555,0.504036355763674,0.630985975265503,0
0.380283441497308,0.146214817011916,0.291287170542808,0.343906366697423,0.761686101082871,0.327613956993446,0.0229029105976224,0.42750039556995,0.634040950564668,0.00378872570581734,0
0.382107750685725,0.379352414231091,0.925538893238083,0.607754396383323,0.34223621828738,0.286299347411841,0.207624045433477,0.665999166434631,0.134087132057175,0.659713963279501,0
0.655164473224431,0.517619179561734,0.892629395006225,0.39705596677959,0.595808742335066,0.906942444154993,0.872761374805123,0.889430500101298,0.529878569301218,0.291176268830895,0
0.200589242021482,0.775389705441763,0.496514736140233,0.264770460698457,0.31654761346856,0.728930435609072,0.535820121178403,0.413759891409427,0.876955651212484,0.773208785336465,0
0.359912841215911,0.502547861891433,0.264514445849799,0.778918455228469,0.802147768514927,0.0225555901415646,0.912124532042071,0.992293758550659,0.37785794516094,0.340751906856894,0
0.315862663321403,0.23658825532054,0.758645410971186,0.24311166517299,0.314863286166675,0.192393702920526,0.904201125958934,0.346810212591663,0.313344899564981,0.493721964303404,0
0.163036093512598,0.199900022419409,0.40295496958775,0.297239319839417,0.359212564465853,0.820274982601404,0.83013392216526,0.273119308287278,0.541063767392188,0.0182868328411132,0
0.541812724964306,0.292482409501333,0.0476275910165906,0.292696995703236,0.353675250803014,0.497266032965854,0.0083569202106446,0.887528154067695,0.484989564400166,0.126558061223477,0
0.470474321861295,0.0801686964035103,0.323770005939372,0.371381148853376,0.261513963268324,0.608620181912556,0.936461085453629,0.800585094373673,0.464202527888119,0.663955971598625,0
0.594654588960111,0.482996549224481,0.133045558817685,0.720037422841415,0.419575648615137,0.0683215532917529,0.474473762791604,0.210878058802336,0.955221020849422,0.017208352452144,0
0.801234324910846,0.30970052516583,0.261814748937577,0.663665651645755,0.581758313022449,0.148258904227987,0.0685248451773077,0.703401943203062,0.761502241017297,0.763260774780065,0
0.476426243549213,0.86344275646843,0.461394794285297,0.428741579642519,0.225020522717386,0.0138410024810582,0.333269693655893,0.622713844990358,0.197332055075094,0.442891827085987,0
0.724079141297161,0.348473967749838,0.394536137491455,0.818086385525025,0.217903658464648,0.274778409628198,0.497850137762725,0.387879853835329,0.413289122981951,0.410557670751587,0
0.421298238305892,0.257719422269471,0.339526897007214,0.263090782275474,0.814044340758465,0.529970582341775,0.830751366447657,0.883674412267283,0.531621204689145,0.605591902974993,0
0.609500149074304,0.753226524905436,0.136156772845141,0.440005244635161,0.279049718658335,0.461439159931615,0.331175387604162,0.989789193030447,0.229186098789796,0.131460741860792,0
0.106145128201991,0.605111703139074,0.218493345042389,0.522243384273203,0.290410057585015,0.371402353281155,0.0527682991232723,0.438360735308379,0.353849014965817,0.883387291338295,0
0.828272524602345,0.501277404901569,0.581029351595587,0.232572565756115,0.725258618747843,0.265835823491216,0.700201455503702,0.0916785157751292,0.732139955973253,0.507231192896143,0
0.802058826054375,0.565208429032172,0.479632384111352,0.301338711025846,0.789078544772047,0.61300441226922,0.244803796289489,0.837443440686911,0.678461635950953,0.661705535138026,0
0.760622149768216,0.37029359497099,0.527451617127358,0.406098615152748,0.892274545113638,0.0363543636631221,0.636936200084165,0.652613328536972,0.468143564183265,0.954925578087568,0
0.38087251158476,0.742735491903955,0.769948091149627,0.427278490271779,0.794038399217385,0.478276751702651,0.153521625092253,0.565712029580027,0.66306774225086,0.472564932191744,0
0.727737316628918,0.479287907481194,0.177871312247589,0.378271572524682,0.344434795668349,0.909604891669005,0.0755520204547793,0.617061949335039,0.550833482760936,0.0867217527702451,0
0.727891248418018,0.68789999326691,0.646592196077108,0.263967963866889,0.420413389336318,0.664935944136232,0.468925730790943,0.86118127591908,0.77273493539542,0.452163365436718,0
0.0456527547561154,0.577565634588798,0.466459465986177,0.722533012352298,0.542601146931418,0.84419466345571,0.84068535733968,0.170282383449376,0.370661809109151,0.995562109863386,0
0.180957606484155,0.438963914148831,0.322279193814618,0.788624544426418,0.279223733708607,0.383395997108892,0.528398491209373,0.0316696974914521,0.232261676341295,0.58627978595905,0
0.58829106192595,0.651200534243362,0.0977200952590513,0.311807234529897,0.38981941703166,0.333794135833159,0.443530041957274,0.68094687606208,0.999807912390679,0.659845001529902,0
0.0540536684574597,0.419319132228636,0.552538990449929,0.7090901510325,0.331061302993558,0.515714728506282,0.232348353834823,0.180910762632266,0.413090564776212,0.218826634809375,0
0.463389811106026,0.738046515965834,0.513080357341096,0.136590378824621,0.281589574180543,0.336909576319158,0.295157434884459,0.316362265963107,0.819504725048319,0.933490377618,0
0.79134807914624,0.497669724896142,0.761934836507981,0.263200334375509,0.630823847621149,0.593541756970808,0.288987767416984,0.41601964388974,0.0565114775672555,0.67875710199587,0
0.152182366577043,0.368306978758666,0.714226535520527,0.179952279769307,0.493936855611917,0.959347554249689,0.610170114552602,0.791251434246078,0.548375091282651,0.329798212274909,0
0.261893098504382,0.350757694675006,0.36106930015972,0.901002596671722,0.339221075689049,0.3267675077077,0.216184341814369,0.339446187252179,0.314612802816555,0.992887833854184,0
0.542329353560339,0.279501201701583,0.343505416025551,0.64665647886497,0.0693531160029763,0.883530736668035,0.841836201958358,0.708678386406973,0.512682909378782,0.780129028018564,0
0.14502849422176,0.248351983370232,0.271836786016346,0.557634756208336,0.266196563969539,0.452707255724818,0.46747408201918,0.931996087776497,0.896381729980931,0.111049788771197,0
0.404678774954321,0.713770692456356,0.779006362269217,0.388200133910121,0.229561534026725,0.103401066269726,0.206015854375437,0.73350896500051,0.496815359918401,0.959225528407842,0
0.398184356911698,0.669556655698077,0.0582215105797888,0.474744680446573,0.31058772508974,0.962091313907877,0.738379851682112,0.158689429517835,0.987718363059685,0.263618575176224,0
0.515299641701063,0.35587314529276,0.0971783755491519,0.131944378296524,0.465125053979573,0.27155917417258,0.168368331622332,0.427231262205169,0.223241814645007,0.0765553093515337,0
0.359712827499426,0.702431513927744,0.808850861902119,0.728570010863984,0.583583805780224,0.249641976552084,0.200148425064981,0.616871455451474,0.566461477428675,0.784864319022745,0
