"1","2","3","4","5","6","7","8","9","10","class"
0.456320934928954,0.596805385313928,0.979292975971475,0.504839875735343,0.565115550532937,0.191008354304358,0.51749785640277,0.637241455027834,0.501064391573891,0.947542708832771,0
0.417165174987284,0.194182438450632,0.776233563700983,0.202243819602759,0.337930446549124,0.182373873423785,0.554415094433352,0.417662716004997,0.29208984808065,0.322538232663646,0
0.428645481588319,0.129177897702903,0.280755194136873,0.689537095837295,0.647693573031574,0.859235858544707,0.135754010640085,0.959685393841937,0.979526865994558,0.673694181255996,0
0.567807863982286,0.429578759707876,0.924255246861426,0.255739060931384,0.453930508139795,0.718400029465556,0.782558262813836,0.452780978055671,0.732905454002321,0.51726485369727,0
0.335196849844153,0.280498135589338,0.434460613742003,0.765213945421076,0.794009742706365,0.367661830037832,0.256673369556665,0.20637717214413,0.203282206319273,0.901965048862621,0
0.664953356079453,0.435945263684847,0.354194826438159,0.0845490930396572,0.6470431629007,0.403418539091945,0.555441164178774,0.400583200156689,0.800930881639943,0.00259612454101443,0
0.305365223172333,0.480132131818639,0.576980487325089,0.885690687682652,0.279329849224689,0.908031429862604,0.146259652450681,0.599852117476985,0.799995191162452,0.643412397708744,0
0.446234967792407,0.63452135422267,0.30888138175942,0.717284443322569,0.470938650192693,0.255276400828734,0.967083126539364,0.358954990282655,0.00495606218464673,0.128050937317312,0
0.337566835340112,0.650357411708683,0.14545923890546,0.717279272386804,0.597464514197782,0.350849995389581,0.858730702195317,0.256056485930458,0.292885791743174,0.345497968606651,0
0.73367638448709,0.835060312699748,0.563265851774809,0.640063903723904,0.296504531597878,0.26585895800963,0.418971123406664,0.259816347621381,0.766856703674421,0.0608207602053881,0
0.243209447279766,0.101678572293882,0.669908469799111,0.319546856124131,0.564649382270037,0.329047036124393,0.196897534886375,0.0261061380151659,0.339190248632804,0.798355530248955,0
0.415823934160806,0.062275359960873,0.653850786035625,0.603242980760783,0.502190111729004,0.976573196938261,0.734886093065143,0.810913907364011,0.64333355682902,0.776223610155284,0
0.29287164038443,0.545285471154475,0.742174365960261,0.448613838725124,0.843980177866691,0.522089001256973,0.110311419004574,0.084688673960045,0.586893369676545,0.478800276992843,0
0.390211037710951,0.601511305562613,0.122276282630346,0.782697178789341,0.400004862269545,0.932051390176639,0.259255956858397,0.225402811309323,0.990276823984459,0.359928709920496,0
0.512473511975259,0.573538714786991,0.831447703531012,0.459969413233921,0.606772396480665,0.417187545914203,0.593529591569677,0.00990753108635545,0.273982383776456,0.642516468884423,0
0.553345777094364,0.28742645913735,0.534569276031107,0.156401685904711,0.333362427307293,0.267643678700551,0.860473980894312,0.419372082455084,0.281797602074221,0.100288217887282,0
0.34132239088097,0.821073507302732,0.461452061218375,0.801790502374469,0.351176852215632,0.312789217336103,0.463953602360561,0.838009174680337,0.951558703789487,0.54501907993108,0
0.605521305043468,0.335309387374041,0.115266919927867,0.365673251764044,0.744029731435456,0.689045681385323,0.743784291204065,0.386055487440899,0.0956368818879128,0.0503637746442109,0
0.283256775085601,0.828255565790753,0.765059043862269,0.530395692325917,0.50272728246158,0.0466999178752303,0.600683197379112,0.608630993869156,0.738505953457206,0.658962139161304,0
0.454259416118956,0.613719621436995,0.467847693860802,0.891203614198265,0.271440246211084,0.494573670905083,0.687715084291995,0.389441629173234,0.664256799733266,0.267883556429297,0
0.260459789473783,0.77893183581122,0.691947967411793,0.636205650476494,0.275909362855398,0.582899923203513,0.752524415962398,0.549535302445292,0.559666115092114,0.318588701076806,0
0.655828816568614,0.248882965721882,0.341485957591735,0.641526622963397,0.815011066117308,0.775528508704156,0.76792454207316,0.962319379672408,0.719035262707621,0.73677090392448,0
0.525405820459127,0.544142224127427,0.896739202085882,0.470052150543779,0.269172656117007,0.98506814870052,0.245202469872311,0.440757116070017,0.736595234135166,0.945531948469579,0
0.35001873658101,0.780018198312699,0.604864044091383,0.28656537771425,0.183287935386625,0.709695596946403,0.749310981016606,0.929024419281632,0.12552206357941,0.641676203813404,0
0.462468896960452,0.911361130783664,0.588455450251838,0.570534450698235,0.617678444570112,0.410168600035831,0.550661123823375,0.102887306828052,0.0569789109285921,0.375073714181781,0
0.597098825408917,0.666634263925024,0.56588841532088,0.142764896016908,0.212149493636901,0.0551230059936643,0.413951105903834,0.755262567894533,0.667126765009016,0.0260262624360621,0
0.717964777611364,0.348226559976559,0.10190500162093,0.367940258295499,0.28021312190645,0.526201541768387,0.976891428465024,0.534951431211084,0.42749285697937,0.247191156027839,0
0.53759344874559,0.457357860222919,0.939960181581566,0.377075082777427,0.267362338469475,0.752321059349924,0.478522014571354,0.32257823087275,0.783998914295807,0.660525981802493,0
0.614791482244711,0.622342113709155,0.536293418512803,0.111302321890028,0.731573920409589,0.668313828762621,0.676695930305868,0.113406071439385,0.153915613424033,0.0855282349511981,0
0.673273069731922,0.399854026042352,0.204724381375995,0.317474613620858,0.102513109281812,0.991225538076833,0.464160475414246,0.313184798695147,0.376831658417359,0.500381039921194,0
0.166445617510706,0.549698046340375,0.228506713844043,0.481694308001005,0.795257259138052,0.337376761250198,0.370611615711823,0.84407671680674,0.245389203540981,0.095619834959507,0
0.416094679116409,0.160875292947901,0.324612070844574,0.0878948014605441,0.450705555055913,0.51800091471523,0.102997264591977,0.607200808357447,0.151521242922172,0.789335393812507,0
0.733354746916075,0.733788084274227,0.746726453643615,0.650022860231666,0.363549796061735,0.28853951767087,0.524388230405748,0.128458022372797,0.300336155574769,0.498127703089267,0
0.588047270340454,0.722970082060026,0.361738598917882,0.726970723638245,0.14215694620955,0.822397587820888,0.326970398193225,0.496205756207928,0.198088073637336,0.662874318193644,0
0.737839221747855,0.806623704421215,0.40684396435925,0.39830785716416,0.221136446326169,0.169084633002058,0.940241228789091,0.727452174760401,0.472792835440487,0.181204173946753,0
0.638576655968599,0.436327015295004,0.725505558765987,0.140976603173627,0.303364519809418,0.989948036149144,0.322623250773177,0.450787697220221,0.9544836753048,0.910215386655182,0
0.285502147419208,0.0972546661805974,0.516581398189974,0.233540317186662,0.594074381069863,0.587472816929221,0.649178840452805,0.638483631191775,0.800371852936223,0.609633890679106,0
0.456248494951966,0.476806816133041,0.961497272256531,0.57602873806126,0.521741391444174,0.461971939308569,0.291478813160211,0.2888943629805,0.349025588016957,0.897460509557277,0
0.0747181773245976,0.49664076950406,0.497266298083746,0.50545480410938,0.768519028713839,0.708490038057789,0.705720013240352,0.745268874801695,0.524911679793149,0.467947224387899,0
0.430614297795035,0.70026949344035,0.488193816896505,0.039936345708272,0.574941284101413,0.465816035866737,0.904254379449412,0.017759153386578,0.418122297618538,0.476852623047307,0
0.508668439695612,0.500369441462681,0.37695818184875,0.475709958234802,0.385028562042862,0.0570920086465776,0.143594614695758,0.154939779313281,0.590253564761952,0.468810219084844,0
0.371255193548776,0.0594667915549499,0.645068315967346,0.613867999530155,0.279364982343184,0.340351141989231,0.331027399515733,0.738063960336149,0.574767031008378,0.0152828556019813,0
0.560202658084595,0.42141937667235,0.1816344590317,0.245623879501959,0.778890791423367,0.901673441519961,0.396561269182712,0.434051116928458,0.219039955874905,0.406782800098881,0
0.236136355102675,0.618159836876928,0.70050505868242,0.776600675424694,0.441603283994993,0.892338913632557,0.294479029718786,0.635426355525851,0.0619458430446684,0.340108825592324,0
0.611828034976497,0.543839919846505,0.245916327927262,0.891403490910307,0.536398083670065,0.194917071610689,0.898735943483189,0.766363105736673,0.632588568143547,0.104409461375326,0
0.731339173295084,0.224175022570549,0.189921608571478,0.419646565487066,0.363998137449676,0.1885511262808,0.467767589492723,0.726223475765437,0.385553913190961,0.725252773612738,0
0.603067590946897,0.114447675910894,0.540646187340563,0.79362649190918,0.53911159684776,0.796434773597866,0.544282199814916,0.556290088687092,0.948834026930854,0.449916288955137,0
0.215689042497937,0.363770217326823,0.22574114942974,0.159129471010923,0.508162101571152,0.979369162814692,0.839003227185458,0.487699592486024,0.628088919445872,0.559095355682075,0
0.864486545154179,0.634559170834709,0.623038585609112,0.312484202598758,0.477015583440187,0.569566973485053,0.801788550801575,0.805850241798908,0.780697358539328,0.33184506976977,0
0.229761915594437,0.282787994865936,0.266910605122164,0.345178950633516,0.811708313705449,0.751336197834462,0.450277923140675,0.539249718654901,0.438437661156058,0.491954574128613,0
0.452315546975959,0.543838360354615,0.626465925381726,0.841973993088264,0.744040739978549,0.961313024861738,0.888383243931457,0.332057896768674,0.514025983400643,0.246188842691481,0
0.694086523126208,0.31458453306154,0.334631092515902,0.108463648200081,0.508766128657564,0.918041094904765,0.764193387934938,0.232478488702327,0.437332902569324,0.172302833758295,0
0.243372763989314,0.179525082358616,0.466623729036736,0.273834761902794,0.191141389093709,0.471482214517891,0.646786014316604,0.182968807406723,0.942921366309747,0.990851620445028,0
0.121011183474239,0.186488936990566,0.579420593329664,0.41348807171118,0.313571473777012,0.994598973775283,0.49123172252439,0.65911366045475,0.54575802362524,0.752534941537306,0
0.283141371770922,0.556675966600025,0.243068721939366,0.840927456732444,0.361520115008439,0.412477421108633,0.716960371471941,0.752838604850695,0.0706894032191485,0.865464783739299,0
0.894396947098693,0.272560305131695,0.451594095909533,0.302440135844706,0.387429046830579,0.852802222594619,0.872435953700915,0.899746518116444,0.836825804552063,0.112168539548293,0
0.801095137139782,0.741500780684873,0.460845373338088,0.515128827420995,0.355634212493896,0.370121628046036,0.426922667771578,0.458057161886245,0.192824902245775,0.545180412940681,0
0.334219487152083,0.729968948255714,0.51601083925272,0.384487583239186,0.0893901486407065,0.379760750103742,0.252952103735879,0.923761929618195,0.0511968031059951,0.990754990605637,0
0.48204218589979,0.122490034655862,0.180301490101582,0.321436015425352,0.454738024547552,0.816565365064889,0.771363882347941,0.146048959344625,0.913612286094576,0.468800157308578,0
0.589957502842688,0.0682893077566369,0.252702645432692,0.65689251739294,0.547260862894575,0.425899795722216,0.672733897343278,0.246459543704987,0.711916736792773,0.890078960685059,0
0.800986461843183,0.172847249634709,0.195783426402334,0.472187948422121,0.445592331680721,0.679580515017733,0.755623196950182,0.559103156905621,0.25993194594048,0.944019111804664,0
0.487441656275685,0.299233797987448,0.758909104177965,0.144665354377222,0.285357910939524,0.367283593863249,0.530349901178852,0.340353308711201,0.974643617169932,0.435766746057197,0
0.331855568336323,0.181496406439692,0.611290124012157,0.587599486578256,0.54636632441543,0.953398757847026,0.97641337197274,0.485766966594383,0.738722872221842,0.114085403271019,0
0.216200399357509,0.326542212760286,0.39511799637302,0.125320584339062,0.361732358353654,0.0597584415227175,0.832157007185742,0.0753071384970099,0.405262911692262,0.0728645632043481,0
0.61989438755734,0.413497531531731,0.834234847906391,0.695721063156304,0.678205330159933,0.0825847231317312,0.103433295153081,0.944123608758673,0.310615428257734,0.0048785163089633,0
0.606049488029191,0.40471617448143,0.198977706817804,0.864122389011068,0.354501191651304,0.287346521392465,0.543606335064396,0.765119455987588,0.313658612314612,0.196301318239421,0
0.865261287688491,0.58349061711013,0.763854120867329,0.389893912273634,0.346864383263051,0.464105741120875,0.290883552283049,0.635321086272597,0.875458540394902,0.332058261614293,0
0.621373765716125,0.346080381129244,0.0810363740619446,0.699883174960272,0.579724642904669,0.38306914572604,0.959102709544823,0.513522373046726,0.990574189694598,0.932077102130279,0
0.866092389672738,0.401197951281665,0.2095168165918,0.591031645622214,0.335498617305456,0.260901247384027,0.666772328317165,0.562313024187461,0.386919256998226,0.479680277174339,0
0.499755355599419,0.571771845250537,0.173346548300501,0.666415015763757,0.153883205566106,0.615794660756364,0.888608409790322,0.148349705850706,0.749472384341061,0.699357594596222,0
0.04709423468756,0.562029548306838,0.668729526244058,0.424514307562283,0.572005993968244,0.679223113460466,0.063865999924019,0.630883869249374,0.66468146443367,0.0538566044997424,0
0.726478623984157,0.688867462154574,0.697812298556377,0.809261905552294,0.543992085699573,0.30402977578342,0.381400056183338,0.393591693835333,0.182185515761375,0.235590444644913,0
0.514927030383652,0.613978780702548,0.172212710239833,0.644471048991863,0.142495242055415,0.538161010481417,0.586222809040919,0.369525241432711,0.567281245952472,0.616176746785641,0
0.454995866519295,0.548038300631577,0.532541610468698,0.976420370078268,0.388074027816892,0.241610398283228,0.613166947383434,0.662916585570201,0.846107723657042,0.0135112863499671,0
0.738112656865269,0.322459924034774,0.612079879967496,0.240261050639674,0.333058483665809,0.49739925423637,0.753260058350861,0.975224382476881,0.541096817702055,0.431681824382395,0
0.683652715747646,0.357334998970316,0.695408698448673,0.731702267010454,0.756587849718546,0.744194857310504,0.861513735260814,0.261793424841017,0.139580174582079,0.914167761337012,0
0.678370349109173,0.209703261731192,0.69017460825853,0.647283786907792,0.403763300273567,0.815126878209412,0.840495470678434,0.849809072446078,0.700144552392885,0.797714271582663,0
0.471689278851318,0.626088604435183,0.579743621600885,0.49775243278776,0.918225801930066,0.327883798163384,0.739246366312727,0.0495126058813184,0.199063435196877,0.578695764765143,0
0.349629900418222,0.492638735100627,0.817051152931526,0.8213947461918,0.387650229968131,0.636718093650416,0.244790588505566,0.827351264888421,0.495059251785278,0.109028377570212,0
0.633153396714881,0.216136688551442,0.64433052472705,0.196411383881424,0.696012215709647,0.550839714473113,0.583144678035751,0.00752570806071162,0.389915367588401,0.684738856041804,0
0.337255091380316,0.584614789125088,0.125082073000357,0.356894428768475,0.800227547068013,0.272683455375955,0.0314477083738893,0.00841558584943414,0.664283198304474,0.403156071901321,0
0.272341294226871,0.532559375642945,0.131572839559658,0.676185808318545,0.71007114079716,0.389032557606697,0.39124996564351,0.870198035845533,0.248174355830997,0.425282907439396,0
0.37742864061147,0.606563989305869,0.486453913152218,0.747293557040393,0.496529521653429,0.125461345538497,0.210777229396626,0.92876700963825,0.285573767032474,0.30982161918655,0
0.530289853315943,0.51434937248299,0.802652166206024,0.330854183574468,0.772565237741498,0.0319979875348508,0.406001969706267,0.469903955003247,0.0400390273425728,0.3919428428635,0
0.278292002957444,0.561184446097958,0.378803874235053,0.380790364017369,0.890760711231061,0.968171867774799,0.708541554631665,0.133599455468357,0.216530264588073,0.840966024436057,0
0.314913622975622,0.560554217793282,0.472282104936333,0.161971242640176,0.801696939775361,0.102677416987717,0.0326689563225955,0.317129501607269,0.179282516241074,0.450037446338683,0
0.519154053125625,0.820482838434724,0.433231363425805,0.5175827531603,0.832189917975699,0.802455886034295,0.654601701535285,0.938052970683202,0.0132190666627139,0.422706364654005,0
0.794444897000756,0.499634980772045,0.357728726317137,0.0971218937212415,0.552964970434844,0.963678174186498,0.256202193675563,0.841126288520172,0.191936063347384,0.715383070986718,0
0.0460865608122309,0.540197954278239,0.253208336784218,0.357715436774456,0.418644288356639,0.775976744713262,0.941650520544499,0.611820259829983,0.340678163105622,0.329054354457185,0
0.441983598968744,0.841968866061852,0.0961410058967264,0.442315986318864,0.515107632913136,0.0177711239084601,0.0115139598492533,0.335217404644936,0.669900675537065,0.433609393658116,0
0.30921825088485,0.0472320263945798,0.535256578371745,0.420475369956497,0.628376657919904,0.189993861597031,0.513320662779734,0.0697396397590637,0.494392352877185,0.265081160701811,0
0.287519151035089,0.218328226603484,0.159695972278747,0.298035697616226,0.435652058043618,0.48398799682036,0.393711294746026,0.356496966676787,0.432813218794763,0.213324299780652,0
0.747417915564326,0.690907779967019,0.803792623239223,0.535596686049979,0.585717907511067,0.991601665504277,0.459127614740282,0.619797687977552,0.413870057323948,0.485906614689156,0
0.541380779933214,0.163764489651639,0.845421002612254,0.536800248990363,0.348071820154721,0.857648183358833,0.908965185517445,0.338590051280335,0.357257197843865,0.316220258828253,0
0.391562326939789,0.794276896674267,0.711591807871717,0.619024820406935,0.214778496828343,0.369809641735628,0.836684573674574,0.248947462067008,0.73837820882909,0.670796178281307,0
0.603233633097261,0.746554334415123,0.326640699990094,0.295125729870051,0.589677174575627,0.200473410775885,0.127238065237179,0.79605101281777,0.949240579036996,0.296913914848119,0
0.482208331085223,0.532462917044457,0.133122554234536,0.329687600026064,0.108358023018055,0.0972810848616064,0.53314050170593,0.69505484867841,0.965093179373071,0.125166693935171,0
0.915874134220757,0.393888482707272,0.585395238990841,0.371144694036487,0.64134586255002,0.739978198893368,0.143541741417721,0.158958348212764,0.646493696607649,0.597718958510086,0
0.630632569148922,0.0933581757993682,0.255283537572959,0.395075424919644,0.679124624029102,0.509767858544365,0.590088627068326,0.549965954851359,0.573110609780997,0.674498224165291,0
0.338264495289236,0.750679559281377,0.843933693264532,0.591977644232787,0.592050141210473,0.132069806102663,0.216153029585257,0.153032674454153,0.668149957433343,0.598886514315382,0
