0.11700645161290323
0.05166132861878497
0.030120000000000147
0.0
0.49226845711255873
0.030080358101466753
0.12234838709677415
0.03798965622807317
0.0
0.5090320689514674
0.023850383625787563
0.1490064516129032
0.17152222762220642
0.014738726190045681
0.09985199999999927
0.0
0.5061511499021442
0.019969219374753155
0.14698064516129028
0.5090320689514674
0.03274579103716513
0.13009032258064518
0.05246564465841562
0.481266683372296
0.038768726601104475
0.15701935483870966
0.07047390804208752
0.1858605439685393
0.21403200000000056
0.0
0.48589424763549127
0.028750583509421168
0.15189677419354838
0.2244153383554367
0.16677333143831524
0.0
0.5107787141653397
0.04013433051022042
0.17650322580645164
0.2862873842374967
0.2871131331018994
0.0
0.5044045046882722
0.04827258953096675
0.20232258064516132
0.5948636594828688
0.7301451832111904
0.07968336106527156
0.532169890267444
0.057249734136221975
0.2257806451612902
0.0
0.5829617126731775
0.06925679665330858
0.2273548387096774
0.15024245191845056
0.5951961448063557
0.09593259839952128
0.20691612903225806
0.8754971045937042
0.08514234329216708
0.571930428704046
0.06324311181083753
0.22522580645161294
0.6882089821181447
0.5834282877467892
0.09398399999999973
0.5431716640077063
0.062132125825454354
0.18407741935483862
0.7016780688970975
0.38971412361862207
0.030767999999999796
0.0
0.5573421080112484
0.05158951520900018
0.1870967741935484
0.4804572182931402
0.36419568937399627
0.0
0.5432175732092497
0.039234965083047024
0.17584516129032257
0.2544880145920131
0.0287760000000008
0.0
0.5015235856389487
0.03631465403182238
0.14738064516129037
0.03790134773066731
0.49514937616188165
0.05046750559580687
0.16234838709677424
0.0944668360107607
0.1290785668023013
0.037451999999999486
0.0
0.5044045046882722
0.029853416503643204
0.13401290322580647
0.050078411066985656
0.0
0.4968960213757538
0.034160333213420824
0.14429677419354842
0.23695104433276495
0.12197030913736004
0.24825600000000014
0.0
0.5292889712181206
0.04358739509730941
0.1639225806451613
0.17969181324512537
0.5044045046882722
0.03703528463408551
0.15812903225806452
0.048553910744570127
0.061975737020511984
0.035928000000001126
0.0
0.5090320689514676
0.06265454415825988
0.12392258064516123
0.0
0.5044045046882722
0.051372674312824274
0.13841290322580643
0.05004383924806914
0.036443999999999976
0.0
0.49052181189868654
0.04243475942243996
0.10238709677419357
0.003935999999999773
0.0
0.481266683372296
0.025866619870189345
0.10438709677419361
0.0
0.48589424763549127
0.02962337986875674
0.1171612903225806
0.0
0.4766391191091007
0.027215700205733273
0.15627096774193547
0.035729328515459874
0.48589424763549105
0.04669805756477219
0.1122838709677419
0.0
0.5044045046882722
0.028851166174768905
0.13780645161290317
0.14018513339545463
0.092945346642104
0.02325600000000061
0.0
0.5102603253379197
0.045919605755108006
0.1111225806451613
0.05549824052042649
0.0
0.5200338426917303
0.025679641525245933
0.11939354838709672
0.0
0.48589424763549105
0.03186630244442845
0.12639999999999996
0.08397360048012405
0.076328524338106
0.4961357905359214
0.029932678077672192
0.16412903225806455
0.2003409624624396
0.1191045812800309
0.19125600000000043
0.0
0.49514937616188165
0.04160690806902062
0.11779354838709676
0.0423489460166207
0.03311999999999915
0.0
0.5061511499021442
0.029406527455576592
0.12712258064516127
0.007271999999999446
0.0
0.504404504688272
0.03944682735348065
0.1226709677419355
0.019321140577484765
0.5061511499021444
0.03202110403432956
0.11183225806451613
0.08868000000000009
0.0
0.49977694042507714
0.027360836299572977
0.11921290322580644
0.12848399999999993
0.0
0.5044045046882722
0.02334162229694886
0.13774193548387098
0.08575200000000016
0.0
0.5292889712181206
0.028657598201194456
0.1306322580645161
0.11810834565921374
0.19791788572299432
0.0
0.5090320689514676
0.0305828831602582
0.15099354838709686
0.1091060627645816
0.5044045046882722
0.035054202124792266
0.13518709677419355
0.12350584248491456
0.0
0.4997769404250769
0.03750132904290637
0.18583225806451606
0.33647862345270085
0.1312201802653718
0.1404720000000006
0.0
0.5246614069549251
0.06300358377453236
0.15818064516129035
0.20316523209484225
0.3090960787980811
0.030912000000000273
0.4922684571125585
0.03786271308422434
0.17436129032258063
0.5069221270860463
0.4697063420270736
0.04257599999999945
0.0
0.5107787141653397
0.04477031536521664
0.20269677419354834
0.5698569703546936
0.5865890303266837
0.06807599999999914
0.0
0.5292889712181205
0.07012395150701056
0.256516129032258
0.8956222971560163
0.806887551881721
0.0
0.5543078251155098
0.07910819621671056
0.1933290322580645
0.17145599999999894
0.0
0.544994645675233
0.06668278478450751
0.2266967741935483
0.05997600000000103
0.0
0.6138687697430395
0.06928395611038396
