"1","2","3","4","5","6","7","8","9","10","class"
0.827460431703366,0.798256446169689,0.709516923176125,0.0749681992456317,0.992570335976779,0.833906452869996,0.8644304710906,0.346751706209034,0.304516928968951,0.836970757460222,0
0.711049736056756,0.318028780251089,0.498491057194769,0.0999784644227475,0.390715864719823,0.402451970381662,0.785206649685279,0.485069555463269,0.812470519216731,0.374675184953958,0
0.277171869946644,0.650353096245602,0.518913912586868,0.164751490345225,0.29741501994431,0.795487840892747,0.663506190758198,0.013765576062724,0.826547411736101,0.496623422019184,0
0.26781158382073,0.191149978665635,0.96861394867301,0.534134511603042,0.359649033984169,0.958677671616897,0.797205176437274,0.359544450649992,0.0117506932001561,0.82783776242286,0
0.69446469610557,0.585378182819113,0.904555668123066,0.310105865355581,0.37003877107054,0.962805366609246,0.877143252175301,0.261478139553219,0.42090276745148,0.870827080216259,0
0.858195230492391,0.996183246312663,0.435701725771651,0.192633646307513,0.846514890668914,0.534876335645095,0.6506507685408,0.582737075164914,0.5486814675387,0.0676870942115784,0
0.217713852092996,0.149875626417622,0.295172183774412,0.482746752444655,0.795054294168949,0.22126114484854,0.820130575448275,0.683447594288737,0.700580419274047,0.190062546404079,0
0.256128051300719,0.344447772655729,0.126328844344243,0.452574427705258,0.526559524005279,0.610585604794323,0.0824059690348804,0.463028289144859,0.102931804955006,0.668577520409599,0
0.378060503164306,0.731709320796654,0.225251366849989,0.259524113731459,0.208570626797155,0.838307581609115,0.545770158059895,0.0529484448488802,0.142644609557465,0.873344468418509,0
0.174949412603024,0.151426271933317,0.275667577516288,0.578800895251334,0.671859476715326,0.0400095568038523,0.605911388760433,0.868539937771857,0.845953074283898,0.674742413684726,0
0.719160417953506,0.914978692511097,0.0484355485532433,0.915919029619545,0.146573333768174,0.661564670037478,0.737334860255942,0.679408443160355,0.765491150086746,0.698444703128189,0
0.203012248966843,0.642309987684712,0.494424689561129,0.0819542366079986,0.529413951328024,0.335759867914021,0.824882725253701,0.53469603182748,0.892126619582996,0.52497416571714,0
0.984438525745645,0.0785413414705545,0.997861942974851,0.218317302409559,0.606136023066938,0.538775981636718,0.982622844632715,0.906884794589132,0.971619874006137,0.638968785991892,0
0.394518083205447,0.443473285643384,0.622617115732282,0.911347872810438,0.598745930707082,0.626878996845335,0.22268468211405,0.832804849604145,0.724696355173364,0.901031011715531,0
0.170742474263534,0.244226446608081,0.483189065940678,0.664897738024592,0.167433475144207,0.647884697653353,0.125113769667223,0.791541774291545,0.42415402806364,0.467211403651163,0
0.476773901609704,0.403216023463756,0.151264204643667,0.970107388217002,0.352920054225251,0.87019759346731,0.86599333351478,0.0106859931256622,0.629470103420317,0.288849790580571,0
0.689231460602023,0.696175774553977,0.404331885045394,0.74682575953193,0.820610281312838,0.000285600777715445,0.01323930057697,0.67931929579936,0.670233695069328,0.252031151670963,0
0.0649403230793774,0.0574005165682174,0.0423140092752874,0.353859930299222,0.749203559942544,0.729817438172176,0.897450869204476,0.345998259959742,0.947859496576712,0.296733546769246,0
0.956504149452224,0.743445387999341,0.219420571811497,0.000279523897916079,0.255936982342973,0.245841456344351,0.0303722592070699,0.926637317519635,0.190626586321741,0.65661327005364,0
0.655972061213106,0.457728010369465,0.377870004391298,0.887218566145748,0.918533504242077,0.972345353802666,0.848038800060749,0.444539577933028,0.256943677552044,0.364748455118388,0
0.139666702831164,0.752944962121546,0.903571620583534,0.198150934185833,0.864005668088794,0.874119250569493,0.958671160275117,0.910096009727567,0.820005144225433,0.783209627727047,0
0.744305030209944,0.183718806365505,0.0576900634914637,0.593865735689178,0.949146303115413,0.0573872935492545,0.0354903675615788,0.127238031243905,0.736857302952558,0.397027070401236,0
0.32260825089179,0.324053558986634,0.677817916031927,0.880610385909677,0.530693051405251,0.487814319320023,0.288387824082747,0.236026854952797,0.935311980778351,0.931572664529085,0
0.279974723933265,0.154390029842034,0.327172630000859,0.798823529388756,0.226578321540728,0.244656325317919,0.748316336655989,0.583115562098101,0.469023106154054,0.406980855856091,0
0.775475535076112,0.749769620364532,0.643538697855547,0.266007751692086,0.109339050017297,0.633958959719166,0.178190068341792,0.382234727963805,0.747195235453546,0.250808122800663,0
0.0535001852549613,0.0458794513251632,0.299952478148043,0.184329648735002,0.797416743356735,0.34092138777487,0.566469173645601,0.328883693320677,0.797433938132599,0.410433354554698,0
0.357333607241511,0.553180482497811,0.0176202056463808,0.88472956744954,0.404941432643682,0.986940833507106,0.847014277474955,0.927399621577933,0.874739724444225,0.112051703268662,0
0.679858402814716,0.600861081620678,0.438611813588068,0.651333102956414,0.452780093299225,0.417745205108076,0.993980944622308,0.0221893473062664,0.29558621137403,0.89125362643972,0
0.282190225785598,0.721622067736462,0.693175740307197,0.0702320407144725,0.514203119557351,0.988590035587549,0.542036212282255,0.250490991864353,0.871104587800801,0.90898320521228,0
0.731403507757932,0.225487381452695,0.847754393238574,0.896690485766158,0.738387515535578,0.156190696870908,0.061089588329196,0.814826464047655,0.459425802575424,0.212211677804589,0
0.149393108673394,0.967734922422096,0.356838742271066,0.658797722775489,0.582809674320742,0.623383925762028,0.263392755063251,0.909882104024291,0.90513380151242,0.438450253335759,0
0.637619008522481,0.388617655362561,0.86433539330028,0.0320937891956419,0.0673213419504464,0.0165414845105261,0.569635945139453,0.31514152395539,0.39914768980816,0.684088731650263,0
0.682634068625048,0.28808187166173,0.140297383302823,0.910558600211516,0.531879786867648,0.546349086798728,0.749034813372418,0.292116346536204,0.957833854015917,0.430784858763218,0
0.0666900763753802,0.204568403540179,0.778367310995236,0.703054194804281,0.583139419555664,0.905298926401883,0.757762315450236,0.437794489786029,0.518072842853144,0.144055386539549,0
0.974361406033486,0.799889440268278,0.312234951416031,0.42824225500226,0.164532655151561,0.0634547795634717,0.625976606272161,0.0873085351195186,0.245861475588754,0.73901982139796,0
0.318674812326208,0.71060135262087,0.71265279664658,0.195880664512515,0.984536454081535,0.56235765828751,0.286958009935915,0.189018789445981,0.577512866817415,0.244127328740433,0
0.576638742773607,0.410984169909358,0.379514808300883,0.131767711834982,0.982628833502531,0.666670383419842,0.804323925403878,0.797387657919899,0.458446684991941,0.252572428435087,0
0.973318765735067,0.993233295172919,0.82992939138785,0.616735309595242,0.671710039488971,0.400559764821082,0.584005240350962,0.375178980873898,0.799190537305549,0.706091601867229,0
0.362806908320636,0.197870361153036,0.668177356477827,0.42448423197493,0.136800220236182,0.632125415373594,0.210277806501836,0.692327357595786,0.860952683491632,0.255786882014945,0
0.301141031319275,0.866617034887895,0.917777252616361,0.441736818291247,0.560275469440967,0.396474425215274,0.114073966396973,0.533395835198462,0.197067230707034,0.250144661637023,0
0.878903271630406,0.919486263301224,0.0311853082384914,0.781064136652276,0.0195840473752469,0.78245955449529,0.42106036702171,0.166471181670204,0.965084047289565,0.433152751997113,0
0.419333715543337,0.453480123340059,0.180397687247023,0.230604523327202,0.969738910440356,0.729048249777406,0.387955945916474,0.517451336840168,0.0335168885067105,0.165284023853019,0
0.568097956460714,0.519357582235336,0.225509744137526,0.775189084932208,0.352793122176081,0.57096914597787,0.260325768962502,0.504421830177307,0.49535998259671,0.324442265089601,0
0.233043266109936,0.127519889170863,0.144325206289068,0.0729672983288765,0.454375864006579,0.831946017686278,0.0466337958350778,0.555461569223553,0.539360980968922,0.586813396541402,0
0.119311044021137,0.9670564265972,0.572150078834966,0.99817507294938,0.550817782292143,0.621795288985595,0.773907191585749,0.886134098516777,0.326002965448424,0.696531413123012,0
0.939279276644811,0.0647861403413117,0.265232647769153,0.36694150720723,0.600111261243001,0.726048176875338,0.535022672498599,0.546820851974189,0.883169787935913,0.640771650476381,0
0.459974545508251,0.360066673023626,0.710422784322873,0.323065496049821,0.538547919131815,0.893352071987465,0.792548200581223,0.84669820824638,0.517036743694916,0.445885862456635,0
0.0247889191377908,0.997662236215547,0.735818962799385,0.682727217441425,0.953284518560395,0.0908952290192246,0.98038610140793,0.740876149153337,0.440938456682488,0.961246832972392,0
0.402050509583205,0.500409045955166,0.686461648438126,0.187091999687254,0.119633800117299,0.940532211912796,0.489225175930187,0.482914354652166,0.796073936857283,0.353873125044629,0
0.393706943637971,0.558458898156881,0.0759542011655867,0.60478220670484,0.728949435055256,0.378583077806979,0.16346666472964,0.321299537550658,0.748339787358418,0.460784217109904,0
0.338498696684837,0.184989693807438,0.859153372235596,0.476954869460315,0.822516921209171,0.338409748859704,0.708678205963224,0.64695000089705,0.36471287207678,0.594192943768576,0
0.496253636209108,0.410580867637601,0.405113624641672,0.310998269123957,0.296959386439994,0.0915420411620289,0.0578838947694749,0.997789313318208,0.474891147576272,0.0647333115339279,0
0.863533665426075,0.0678838118910789,0.969611552311108,0.655456824460998,0.750727252103388,0.578743990510702,0.592350770486519,0.0671002089511603,0.404519708128646,0.092662165639922,0
0.202200280008931,0.218693439842016,0.935654594097286,0.83286922192201,0.309658106649294,0.127699191216379,0.877079567406327,0.360947800101712,0.360328058013692,0.953204999212176,0
0.176872259238735,0.331165222683921,0.178010192234069,0.188604146242142,0.376477996818721,0.269293325720355,0.612827687291428,0.177556983195245,0.523669476155192,0.840781296370551,0
0.503549312805291,0.396699605757371,0.852352804504335,0.417195763206109,0.821831729961559,0.190778089687228,0.729644403560087,0.403906940016896,0.465870820684358,0.0693352168891579,0
0.395257643423975,0.350159642286599,0.57244998216629,0.00369435292668641,0.582346281269565,0.854346964973956,0.735667533706874,0.734192030504346,0.102247690781951,0.530756963882595,0
0.349056692364626,0.425854428911489,0.945101507008076,0.512231484055519,0.195814610691741,0.769686176208779,0.0329017452895641,0.465410994132981,0.0743612903170288,0.639290689490736,0
0.722581404390186,0.326932757783681,0.102988536469638,0.0603593345731497,0.474691658047959,0.966838756110519,0.344817188335583,0.203922552987933,0.198788495734334,0.564498226158321,0
0.880837878821977,0.0716511449616402,0.711617964319885,0.317195778014138,0.347797927912325,0.390328489476815,0.91261056647636,0.589065979700536,0.525113134179264,0.0293704564683139,0
0.346501891966909,0.186348777031526,0.698358174879104,0.969182105036452,0.823423559777439,0.965074748266488,0.437400251394138,0.801680295960978,0.92906169896014,0.940003679366782,0
0.822232161594927,0.303438181719836,0.835685548372567,0.540978531818837,0.198322138981894,0.393024809192866,0.274316347436979,0.880101522663608,0.398865855531767,0.253192770294845,0
0.870307781269401,0.123033749726787,0.653025794308633,0.714902478968725,0.773998518940061,0.260405014501885,0.409612343180925,0.905825126683339,0.741912077646703,0.0877817815635353,0
0.40389185701469,0.373995480853226,0.660369142657146,0.266922142822295,0.238314651185647,0.685278054559603,0.500419997842982,0.748402088182047,0.295145668787882,0.776513065677136,0
0.632460207212716,0.250953545095399,0.736355405999348,0.311794972512871,0.249523504870012,0.631477357819676,0.0747525414917618,0.435857349773869,0.0158389795105904,0.173723598010838,0
0.340134122408926,0.439585304120556,0.0746041631791741,0.129670599475503,0.543217607308179,0.728367408271879,0.344464293215424,0.637411913601682,0.622562173288316,0.222573467064649,0
0.768306081183255,0.379061114275828,0.419223422883078,0.89251541858539,0.185026668012142,0.835662062512711,0.474336828105152,0.387720330385491,0.849166903179139,0.177404836053029,0
0.277305670082569,0.212073412491009,0.442355485865846,0.38603080692701,0.692090007010847,0.192319404799491,0.0090771175455302,0.89623629883863,0.0322004712652415,0.463806809391826,0
0.162619275100715,0.85577576922439,0.634027885040268,0.161649556597695,0.145147915929556,0.560986604075879,0.409522916423157,0.210358169861138,0.0290906231384724,0.659018770325929,0
0.57201942265965,0.300579621922225,0.493602215312421,0.611783950822428,0.486566710984334,0.151583626400679,0.172863697167486,0.942722076317295,0.0871402986813337,0.656875860411674,0
0.513353228103369,0.639744903426617,0.284381840843707,0.574583027511835,0.539561977144331,0.397986155003309,0.136283665429801,0.159461959730834,0.504666190361604,0.371969622327015,0
0.0140890582266264,0.0580891751229763,0.741062750574201,0.410091736121103,0.643602215917781,0.529967198614031,0.731504732975736,0.817772702081129,0.00133009813725948,0.896196984685957,0
0.686433967202902,0.76326520065777,0.127841335954145,0.972177289891988,0.706621487159282,0.162591690430418,0.409310278948396,0.27714518411085,0.978341198293492,0.430774044478312,0
0.976147554814816,0.0331157569307834,0.614107218803838,0.693884829524904,0.849631857359782,0.95482138171792,0.362005603499711,0.643971068318933,0.70912903896533,0.0566091677173972,0
0.394184182863683,0.419880809960887,0.641455153468996,0.227292933734134,0.466704237973318,0.74764805752784,0.4857337474823,0.0770349693484604,0.316147595178336,0.772646645084023,0
0.824508310528472,0.963540096301585,0.519139377167448,0.0550943501293659,0.768550012959167,0.0330267760436982,0.45454824808985,0.618739712052047,0.380197697551921,0.705895966617391,0
0.916661286959425,0.0338756155688316,0.296710820170119,0.568649599794298,0.88256665575318,0.482965398579836,0.840470463735983,0.3426120467484,0.509285648586228,0.964477497385815,0
0.955572107341141,0.0426466299686581,0.762240069918334,0.231071938062087,0.811853664228693,0.779955176636577,0.935141529422253,0.339188157347962,0.616477389354259,0.767877521459013,0
0.102100748994574,0.853211415500566,0.0178037094883621,0.675025169737637,0.99173619854264,0.403523336164653,0.473367789993063,0.0487486007623374,0.59651810862124,0.306464191526175,0
0.242781020435598,0.250442543795425,0.166935456218198,0.806716856081039,0.510319195920601,0.964726802892983,0.564606997417286,0.516279960051179,0.161693130154163,0.397645813645795,0
0.922290730522946,0.552017791196704,0.847179037285969,0.0208172660786659,0.0477009448222816,0.783902898663655,0.365055651403964,0.253351972671226,0.186135006137192,0.436550820712,1
0.93501348933205,0.93573544640094,0.221362642478198,0.620750368805602,0.26621871185489,0.960070671048015,0.0752897618804127,0.255002643214539,0.886173272272572,0.803072039503604,0
0.626383759779856,0.453324736794457,0.651366066420451,0.0968551312107593,0.157423131400719,0.840966353192925,0.621049590408802,0.72787527856417,0.950017470866442,0.020022896816954,0
0.633741799043491,0.316229593008757,0.638453166233376,0.882083513541147,0.291516860481352,0.141600393457338,0.510869683464989,0.696588794002309,0.896282901056111,0.446652748622,0
0.380279161517322,0.467900930266082,0.0590446866117418,0.115570568712428,0.416355643188581,0.636596387717873,0.270979936001822,0.912764396518469,0.788346524583176,0.470282785128802,0
0.495981646468863,0.56272571021691,0.0488137102220207,0.463765929685906,0.6321720413398,0.548877813387662,0.620155312819406,0.254937005462125,0.419000796275213,0.182976777199656,0
0.78525864216499,0.854987624334171,0.1241141166538,0.966671067522839,0.869605318643153,0.899833371164277,0.118767502950504,0.74447608506307,0.394294020952657,0.239983343984932,0
0.504332832992077,0.525930742966011,0.858610097086057,0.59599104267545,0.43718321970664,0.483873315621167,0.354086402570829,0.590562403900549,0.834710025694221,0.409878393402323,0
0.677655979059637,0.790826435899362,0.552095987135544,0.921857990091667,0.0258686270099133,0.699691113084555,0.554024316836149,0.248962379759178,0.0611426963005215,0.696063203038648,0
0.372275625122711,0.282203445211053,0.248523833230138,0.850478179054335,0.514296047855169,0.10535724950023,0.886781210079789,0.675763698061928,0.504638804588467,0.466536022722721,0
0.246000543469563,0.229012312367558,0.400827521923929,0.45335624855943,0.513076964067295,0.836620669811964,0.196075329324231,0.140159658389166,0.442735736491159,0.128734840080142,0
0.53557369009871,0.642792620984465,0.250189484562725,0.698655780404806,0.0352911509107798,0.619538068771362,0.56984617956914,0.722460674820468,0.975443195784464,0.54030264983885,0
0.413100328296423,0.32539888494648,0.752334584016353,0.196939129848033,0.60388631792739,0.680969284381717,0.852497444022447,0.90942236687988,0.593235261272639,0.0659605290275067,0
0.542045328026451,0.418199693309702,0.49139672704041,0.414166567148641,0.937636013608426,0.0190161818172783,0.964977679541335,0.0874684257432818,0.169758020434529,0.441021343227476,0
0.107986032497138,0.825482580345124,0.413485806668177,0.603913624538109,0.483973248396069,0.698599048191682,0.0665849645156413,0.281077504390851,0.460844157030806,0.746901293285191,0
0.372412990070414,0.577033895719796,0.825597979826853,0.109419432003051,0.421034187776968,0.261692713247612,0.492364301113412,0.264209038112313,0.474276166176423,0.724583533359692,0
0.399499835446477,0.737413037568331,0.728558731032535,0.433858524775133,0.581524410285056,0.361305112019181,0.932825491530821,0.720422169659287,0.341611235402524,0.820173148298636,0
0.629059441154823,0.414539463818073,0.724480730947107,0.0404962108004838,0.605378362815827,0.81035280181095,0.33188339159824,0.882803898770362,0.129701828816906,0.209581041242927,0
0.107359979021549,0.120469115391374,0.262942673638463,0.87576698907651,0.615263178478926,0.828114158473909,0.418854577001184,0.826510855229571,0.122411769581959,0.0786682015750557,0
0.550275768851861,0.388252707663924,0.95380258304067,0.987799862399697,0.967708493350074,0.917333727702498,0.197407547384501,0.495632400037721,0.743380617816001,0.472961630206555,0
