"1","2","3","4","5","6","7","8","9","10","class"
0.90456849266775,0.306386137846857,0.569563500816002,0.348283176543191,0.510880953865126,0.443009223556146,0.545794610166922,0.346062230179086,0.893408392323181,0.989157481584698,0
0.778285838663578,0.541173634352162,0.267268979456276,0.0310490706469864,0.696057793218642,0.647760021267459,0.449183333665133,0.986033747671172,0.754084808053449,0.346678708214313,0
0.576202498893207,0.584880825076252,0.396749595878646,0.613478832412511,0.847015137784183,0.373617248376831,0.912834742339328,0.823804914951324,0.759714740561321,0.964966839645058,0
0.0766106762457639,0.163243697490543,0.505618803435937,0.0821091844700277,0.348743368405849,0.225551706971601,0.678973466856405,0.120951231336221,0.463270713342354,0.988445562077686,0
0.517283492488787,0.764215600909665,0.379475591238588,0.861582069192082,0.502434128429741,0.356695435242727,0.190020449692383,0.360656528035179,0.426107691600919,0.72344773565419,0
0.494478549109772,0.332186470041052,0.424310367787257,0.0411929294932634,0.396301673259586,0.842683037742972,0.538687803782523,0.648067144211382,0.806555626681075,0.200237822718918,0
0.112561678048223,0.311704377410933,0.215080596506596,0.0098260585218668,0.259097410133108,0.987589434487745,0.1773728702683,0.669875481864437,0.819906415883452,0.844992845319211,0
0.11171725904569,0.306449819821864,0.721517610829324,0.781759618083015,0.995724328327924,0.646722517209128,0.710355187999085,0.48716469691135,0.0212620762176812,0.385200312593952,0
0.574836202664301,0.139957818202674,0.970862067071721,0.370001779869199,0.314831311348826,0.397633157204837,0.682773453416303,0.987326159607619,0.0152210285887122,0.475354345748201,0
0.458240754902363,0.254703430458903,0.6589918541722,0.545903606107458,0.311675257515162,0.8229347942397,0.573157306294888,0.861386455828324,0.904061005916446,0.663991244509816,0
0.400822300463915,0.294399454491213,0.538115027826279,0.652448416920379,0.501412982586771,0.916623308090493,0.331439544446766,0.0876420182175934,0.517553927144036,0.942883966024965,0
0.943118496797979,0.868644189322367,0.10537168988958,0.626935792621225,0.466665318468586,0.524738067761064,0.206922428449616,0.227272774558514,0.802975665545091,0.74261583131738,0
0.369653378380463,0.332242117030546,0.37439364567399,0.0106143348384649,0.760325748939067,0.484238740755245,0.0588607739191502,0.872366098687053,0.828215802786872,0.975984725169837,0
0.812948981299996,0.0850288644433022,0.805554669350386,0.691340499324724,0.881140180397779,0.0321470331400633,0.614961475133896,0.944983417866752,0.61242485884577,0.710872223135084,0
0.259330488275737,0.548549622530118,0.737037427956238,0.375210944795981,0.929357398068532,0.597541154595092,0.899446638766676,0.862125544575974,0.0148960833903402,0.451349321054295,0
0.161098169628531,0.895352661143988,0.672667189966887,0.640800734516233,0.0369719855953008,0.383071399992332,0.192030174890533,0.436881803907454,0.823959168279544,0.594498126767576,0
0.180176279507577,0.984524168306962,0.830543447751552,0.0413413031492382,0.296880305511877,0.00862423283979297,0.144096451113001,0.414259997429326,0.532037247903645,0.404507010476664,0
0.40485922107473,0.0276273356284946,0.270255239680409,0.686354124452919,0.773592404089868,0.592921548290178,0.35317173646763,0.908671026583761,0.110163871198893,0.52658433560282,0
0.839440705487505,0.438357589999214,0.326240728609264,0.146806059638038,0.0143212683033198,0.364980013109744,0.194232739275321,0.781694951001555,0.615867523942143,0.362593252910301,0
0.93714056792669,0.95338046993129,0.231841321103275,0.105410748859867,0.435803122585639,0.316311737289652,0.630254024406895,0.533181947423145,0.851235739188269,0.645902137039229,0
0.0861688775476068,0.395614847773686,0.926715016132221,0.570243277354166,0.409806981217116,0.941565657733008,0.563486440340057,0.960145036224276,0.425790375331417,0.656850761268288,0
0.174344344995916,0.368493538582698,0.435749103780836,0.59098088205792,0.758930864743888,0.956580724567175,0.868480795063078,0.586919963127002,0.818909119581804,0.941995178349316,0
0.640412833308801,0.988679842324927,0.0386841953732073,0.954948713071644,0.362600696273148,0.264894692925736,0.274254900636151,0.0753116619307548,0.814928044797853,0.712700795615092,0
0.972856021719053,0.227465500123799,0.71704517910257,0.695471420418471,0.0559126208536327,0.307101753773168,0.451775114051998,0.0395368507597595,0.412030843086541,0.706492450088263,0
0.482752289247792,0.378369232598692,0.316272828029469,0.887066894909367,0.115287562599406,0.85384302213788,0.711849761661142,0.30863941530697,0.154542745789513,0.494835590245202,0
0.641499025281519,0.430219838162884,0.500783956376836,0.838893110631034,0.766817036317661,0.428726848913357,0.808701637666672,0.349551885388792,0.199698977870867,0.628824609797448,0
0.819237321149558,0.905601939652115,0.956779673229903,0.436028589261696,0.142931525129825,0.00922234333120286,0.451844143914059,0.666329538682476,0.93010030919686,0.171562061645091,0
0.61632260424085,0.637513766298071,0.988692922750488,0.913954841904342,0.488752027740702,0.38345695938915,0.929825097089633,0.994552390882745,0.370044823735952,0.354469160782173,0
0.759953940666094,0.376153738548979,0.772898087510839,0.334030150901526,0.932916334830225,0.108257761225104,0.328764235600829,0.811910556396469,0.72667257883586,0.339440984185785,0
0.591261012945324,0.789114312035963,0.304279459407553,0.278095854446292,0.43238330562599,0.843012882629409,0.876643258845434,0.541913057677448,0.902212823042646,0.672937481896952,0
0.109991546021774,0.641458666650578,0.0262952684424818,0.903378111775964,0.155390662606806,0.493508221581578,0.258911889279261,0.407009385060519,0.688545758137479,0.142186212120578,0
0.573098531458527,0.406987802125514,0.978724903427064,0.633476353250444,0.597108747111633,0.106401171302423,0.734552235575393,0.444480634760112,0.578949243295938,0.565371477976441,0
0.259431279962882,0.0123027116060257,0.416275540366769,0.874283325392753,0.381997549207881,0.125431267777458,0.463407980510965,0.866218675160781,0.156120698200539,0.362755002221093,0
0.207511347718537,0.72559748054482,0.818724960554391,0.788104952080175,0.373361340258271,0.963069836841896,0.215640897629783,0.376199537422508,0.573912640102208,0.215993844671175,0
0.552218114957213,0.0998597932048142,0.0873069250956178,0.674653031863272,0.337835334939882,0.256501102820039,0.494338047457859,0.63676989916712,0.616626899223775,0.618029427016154,0
0.0521511300466955,0.355315425200388,0.153473904589191,0.622002217452973,0.707148498157039,0.643987201852724,0.82355988281779,0.317768002627417,0.283388059120625,0.0568693291861564,0
0.399385790573433,0.690249770879745,0.644882944412529,0.287133821519092,0.531162482919171,0.31789011019282,0.665915960213169,0.143828615779057,0.378232830669731,0.722261085174978,0
0.452760310377926,0.132349227787927,0.560026885708794,0.186291359830648,0.947970365872607,0.706787579227239,0.244087960105389,0.544088253751397,0.356241851812229,0.996580069186166,0
0.916887243045494,0.23077439982444,0.229889772599563,0.490198818501085,0.1878596926108,0.913275917991996,0.0396457945462316,0.779942218214273,0.18156364094466,0.763443534495309,0
0.859878891147673,0.730513164307922,0.583652868168429,0.524300809251145,0.327542898245156,0.798457263503224,0.859612500527874,0.163834225386381,0.830906090559438,0.764129337156191,0
0.168017346877605,0.823759161634371,0.363637615460902,0.542044363217428,0.489349659299478,0.262237122515216,0.434955204837024,0.560935580404475,0.342629942577332,0.20860895793885,0
0.049399176845327,0.0195649506058544,0.412737192353234,0.432421023026109,0.0200993723701686,0.356985010672361,0.793790565803647,0.487540800590068,0.0733446662779897,0.231694546993822,0
0.88976541836746,0.901435614796355,0.00570416753180325,0.845342715270817,0.419036644510925,0.885153918527067,0.371351784095168,0.560940084513277,0.10312712774612,0.211644999450073,0
0.741508110426366,0.165910191833973,0.831046705832705,0.244535359553993,0.779065234120935,0.174397132359445,0.0532298134639859,0.803676346316934,0.912625219207257,0.44552240637131,0
0.39450876484625,0.246962774079293,0.882435832638294,0.210218467749655,0.0833610577974468,0.182116225594655,0.796320893801749,0.837045612046495,0.120137881021947,0.434549198951572,0
0.84970838134177,0.538582160137594,0.855542009696364,0.947166083147749,0.480807699495926,0.913006951799616,0.994306144537404,0.807077932171524,0.836303043179214,0.813098754966632,0
0.55918016214855,0.0941512144636363,0.920753217535093,0.916908254381269,0.524418168701231,0.951851896010339,0.94119682488963,0.842352832434699,0.99292158219032,0.894995680777356,0
0.307183251250535,0.310733288992196,0.809176446869969,0.00194652401842177,0.618171424604952,0.153419647132978,0.769949881359935,0.329797222279012,0.163085733074695,0.694241363089532,0
0.672363046556711,0.640388832427561,0.0784202415961772,0.857807767577469,0.188224542420357,0.20301999989897,0.812986607197672,0.259496707702056,0.653747075237334,0.333999573951587,0
0.160610512131825,0.479342581238598,0.967702853726223,0.485743986209854,0.765464186901227,0.800494527909905,0.277501360047609,0.416945255827159,0.383306935662404,0.16057819314301,0
0.27391067543067,0.887261269148439,0.517667902167886,0.367871702648699,0.56726288003847,0.306210740469396,0.0843877384904772,0.522108432371169,0.505035203881562,0.438489933032542,0
0.20534892892465,0.216679858742282,0.873332467162982,0.671978709055111,0.468492491636425,0.595700191101059,0.206665663979948,0.27256451244466,0.805881978711113,0.711496966890991,0
0.216421765973791,0.40445132390596,0.788285212824121,0.0965056866407394,0.307061845436692,0.282057321630418,0.467014375841245,0.553445763653144,0.266990482108667,0.869625253137201,0
0.705743593396619,0.603258987888694,0.79946476733312,0.609754238277674,0.423947067232803,0.949344638735056,0.484375397209078,0.518833235371858,0.459712726296857,0.451510772109032,0
0.215959798777476,0.308138835243881,0.199633138021454,0.65036949631758,0.385045975446701,0.825855893781409,0.601505851838738,0.44784283451736,0.964822532376274,0.559970684349537,0
0.307710090419278,0.0957264783792198,0.969788727816194,0.740345456171781,0.821166953770444,0.641804154962301,0.525012423982844,0.559751817025244,0.983206329634413,0.499529497697949,0
0.403092343593016,0.407284735934809,0.882427107775584,0.791913467459381,0.946978098712862,0.213743181433529,0.772200908511877,0.15421916381456,0.962097993819043,0.177804915001616,0
0.260417218320072,0.206265814369544,0.10601138882339,0.0100856893695891,0.921024173265323,0.520427857059985,0.890721759060398,0.944328021258116,0.637889076955616,0.693524269852787,0
0.790480055613443,0.648213433334604,0.795006394619122,0.180782408220693,0.531315517844632,0.350984561257064,0.0639686649665236,0.571036953944713,0.0025371452793479,0.565642744768411,0
0.0974544857162982,0.259291629772633,0.995072836754844,0.455826786579564,0.837307731620967,0.557346407091245,0.171002423856407,0.600578746059909,0.215501956641674,0.434339296771213,0
0.33612456638366,0.752368168905377,0.682083178078756,0.169476540293545,0.587629551067948,0.684598737861961,0.113339327974245,0.156371652148664,0.376013846835122,0.210290434537455,0
0.944769711233675,0.17440797179006,0.0940662231296301,0.765744749689475,0.669987777248025,0.518053122330457,0.32011630339548,0.409116982482374,0.371396684786305,0.252235782565549,0
0.396662464132532,0.347022667527199,0.892455273773521,0.509019565302879,0.572971355170012,0.856093724491075,0.336497884010896,0.129628492286429,0.248046432621777,0.540708400541916,0
0.59349319525063,0.780751669546589,0.651736405212432,0.494851213181391,0.641163939377293,0.911371186142787,0.273885926231742,0.762132700299844,0.130213443888351,0.614730654517189,0
0.584170812275261,0.24449321301654,0.393410162068903,0.16263794596307,0.823136874707416,0.947374097537249,0.557753294007853,0.85266821202822,0.122455673990771,0.455247625941411,0
0.976266727782786,0.255611552391201,0.370201186509803,0.038926764857024,0.0497584380209446,0.162613170221448,0.227076683426276,0.927886764984578,0.611028856132179,0.467185560846701,0
0.932008421979845,0.919951911550015,0.628815486561507,0.690020045032725,0.781422913540155,0.24398330366239,0.740998854860663,0.633417044300586,0.371982785174623,0.698357010027394,0
0.323988116811961,0.294791288673878,0.731491748942062,0.862035186961293,0.377824310446158,0.0647451232653111,0.811077302787453,0.0188744084443897,0.708507157862186,0.346591624896973,0
0.811864458257332,0.491597027285025,0.665285410825163,0.571131296921521,0.26844012667425,0.684318648185581,0.789153063204139,0.00468455906957388,0.267119537573308,0.528650206048042,0
0.287620108341798,0.378479777136818,0.335441080154851,0.785208586137742,0.0829572209622711,0.619130890350789,0.167803316842765,0.285517032258213,0.922517785103992,0.942415765020996,0
0.801315809832886,0.698218676028773,0.295953986234963,0.275766512611881,0.842967761447653,0.106723390286788,0.451183690223843,0.126090999459848,0.645160135347396,0.126230001682416,0
0.625305378111079,0.179993181256577,0.906611973885447,0.111330535728484,0.785089276498184,0.0096873682923615,0.055015106452629,0.346143847564235,0.514007628662512,0.312898138770834,0
0.250937566161156,0.0581158094573766,0.445977447554469,0.284303272375837,0.328795548295602,0.199227127013728,0.545683537842706,0.458238346735016,0.139494292670861,0.581837090896443,0
0.473948270780966,0.602028565946966,0.115155246807262,0.640980765456334,0.714033561525866,0.860839235596359,0.486208281246945,0.684845831478015,0.177498914068565,0.421392550691962,0
0.134919160045683,0.148521132301539,0.7236059284769,0.658219544449821,0.825015492970124,0.749206486158073,0.835918121272698,0.993016320746392,0.200637000845745,0.125056501477957,0
0.958194110456388,0.847243118028273,0.452207201393321,0.863296667346731,0.465848320163786,0.088112062541768,0.70189837529324,0.700268999440596,0.755376320332289,0.67786060506478,0
0.488161405082792,0.195752804167569,0.484893902437761,0.0688221610616893,0.806309415027499,0.691906619584188,0.486846930580214,0.388974842149764,0.562409579986706,0.772286717779934,0
0.346001069168677,0.28432399554078,0.0460288168396801,0.466282521607354,0.0508823574054986,0.898898743325844,0.8579696721863,0.277479629265144,0.40363198122941,0.950976664200425,0
0.51311383000575,0.32186568621546,0.0176855940371752,0.959179391618818,0.770775088109076,0.290316934231669,0.944580770563334,0.61130642471835,0.0918187622446567,0.912750113289803,0
0.639896044973284,0.81977702351287,0.0638823611661792,0.124403554014862,0.426940528443083,0.889749369816855,0.581222509965301,0.191993352724239,0.159975175047293,0.484788914443925,0
0.903825058687944,0.156509094479959,0.24975921260193,0.610537904547527,0.971723784925416,0.801958935102448,0.615731891710311,0.240700186695904,0.890399852069095,0.879124385071918,0
0.378696509869769,0.379127206280828,0.505809616064653,0.460511373821646,0.646533719729632,0.156740209553391,0.95993442600593,0.117862929822877,0.772631243336946,0.33939411281608,0
0.135023403912783,0.775961372302845,0.914686189265922,0.13460652413778,0.985458029666916,0.909971641376615,0.798890226520598,0.089086121879518,0.3403913192451,0.912088796729222,0
0.998889756854624,0.936116087716073,0.370205296669155,0.839766670484096,0.307115213945508,0.304496378172189,0.956081961281598,0.0564139215275645,0.252863296773285,0.726092047523707,0
0.988702933769673,0.67761434125714,0.756187073886395,0.0857770894654095,0.172660302603617,0.62822875706479,0.866537496214733,0.585204337490723,0.18603653437458,0.0380637473426759,0
0.249065159121528,0.149813798256218,0.491180515149608,0.177142400760204,0.345949892653152,0.365877062547952,0.954038039082661,0.114379100035876,0.497440460370854,0.517727694474161,0
0.99924057838507,0.0102346744388342,0.273560766596347,0.92867521988228,0.315174154704437,0.00291041401214898,0.302540825447068,0.933120108908042,0.691992515698075,0.568319927435368,0
0.0691716875880957,0.193879505386576,0.28712112037465,0.512579040136188,0.933752915589139,0.500213697552681,0.19036114262417,0.170698166824877,0.358720565913245,0.24061951530166,0
0.291508238529786,0.0989976488053799,0.986817256547511,0.855093686608598,0.0878140782006085,0.193080285796896,0.947780969319865,0.368939281674102,0.235051193507388,0.785012606531382,0
0.542625225381926,0.515275417128578,0.0242560093756765,0.460997463902459,0.357905885437503,0.0528949468862265,0.542157650692388,0.446744192158803,0.562046789797023,0.26949193328619,0
0.772885759128258,0.885898475302383,0.211087071336806,0.749543780926615,0.0760290534235537,0.642824311740696,0.179010247346014,0.647791280876845,0.986406285548583,0.934473188593984,0
0.592035531997681,0.512243409641087,0.333519475301728,0.312423007097095,0.0588484664913267,0.389422536827624,0.286244722781703,0.0848278112243861,0.383633187506348,0.731385052669793,0
0.0691052232868969,0.667288830503821,0.0830975149292499,0.992214256431907,0.876824614126235,0.490986285731196,0.741084685316309,0.944695805432275,0.133273125160486,0.483162410790101,0
0.371796874329448,0.610617463942617,0.0654226050246507,0.974583212751895,0.198572139954194,0.810055724810809,0.873917737975717,0.143300835974514,0.952429798664525,0.593292054021731,0
0.71957342652604,0.311063130851835,0.895062148338184,0.876924578333274,0.429102539084852,0.317207049345598,0.392007105285302,0.318812024779618,0.394827865064144,0.724875382147729,0
0.724693668540567,0.931491549126804,0.778173308586702,0.673674470977858,0.380605756072327,0.403779059881344,0.779880370013416,0.932563556591049,0.0885570168029517,0.695171678438783,0
0.55319063575007,0.761423792922869,0.567100328626111,0.729419042589143,0.371136168716475,0.691122036194429,0.64310082164593,0.253423467511311,0.267388036008924,0.413035653997213,0
0.0172307854518294,0.31637573428452,0.942224311875179,0.762734423391521,0.0660874096211046,0.252298398409039,0.769156104885042,0.988729913486168,0.84986414341256,0.327028800267726,0
0.827028739964589,0.445553498109803,0.550029192352667,0.528115683002397,0.271005898946896,0.234294367488474,0.523595898644999,0.646765562705696,0.827401273418218,0.730722401523963,0
0.301354032708332,0.266784472856671,0.375792480539531,0.231211529579014,0.206692317966372,0.763913908042014,0.954368946608156,0.0521726517472416,0.115751897450536,0.272161126835272,0
