"1","2","3","4","5","6","7","8","9","10","class"
0.96714374423027,0.202512480784208,0.291530879680067,0.222990066045895,0.149800230981782,0.752256915904582,0.20643103402108,0.519705971935764,0.996560496278107,0.764477332122624,0
0.217820744263008,0.624602718511596,0.902267304714769,0.192193483468145,0.616883773123845,0.495115663856268,0.550069569610059,0.911975460592657,0.246906354790553,0.420327140251175,0
0.116212434368208,0.945893883006647,0.597454847767949,0.578237416455522,0.540461115073413,0.753800727427006,0.922455351799726,0.161996381590143,0.524123967159539,0.484772206982598,0
0.436968083260581,0.34826625790447,0.705738679738715,0.888559952378273,0.0794136750046164,0.566254754550755,0.351152883376926,0.569047433789819,0.471363940974697,0.346899032592773,0
0.171932077035308,0.0669252213556319,0.155365640996024,0.253842741483822,0.449791491730139,0.457060863962397,0.0831409271340817,0.125785192474723,0.127825742354617,0.553379124496132,0
0.128252004971728,0.641434162855148,0.850248752394691,0.0689345519058406,0.613505395594984,0.190117367310449,0.469651929568499,0.396803857060149,0.630105798598379,0.447645371081308,0
0.541645272169262,0.665791792329401,0.511053447844461,0.710132562322542,0.163050316972658,0.75069876643829,0.197111323941499,0.972228324040771,0.915825572796166,0.113191311247647,0
0.0316842310130596,0.988997565349564,0.410571651998907,0.909751940751448,0.639032581588253,0.0360659123398364,0.736391632584855,0.348703376250342,0.68432750296779,0.744052512338385,0
0.914338106056675,0.863015519222245,0.579575989162549,0.819642608519644,0.46709755808115,0.0560215918812901,0.320579590275884,0.382907462771982,0.17549518099986,0.602269796887413,0
0.267362851882353,0.746171305188909,0.758050812641159,0.0784646831452847,0.620050285710022,0.948528251843527,0.348487978102639,0.756935968995094,0.352749924641103,0.538480847841129,0
0.323217637836933,0.630376103101298,0.776055791648105,0.903837090823799,0.919353668577969,0.638885284075513,0.992814101045951,0.581154420273378,0.265401758486405,0.751071309670806,0
0.326276612933725,0.315703727072105,0.543904706602916,0.938244898803532,0.234609802952036,0.867192516336218,0.322282367618755,0.184255332220346,0.598327160114422,0.474512633867562,0
0.727556030498818,0.654717949219048,0.45988123677671,0.580114328302443,0.793914281763136,0.128898115595803,0.54001526045613,0.224881377303973,0.699859066167846,0.332778172334656,0
0.666099528316408,0.450118585722521,0.703980406979099,0.51395853725262,0.0577748804353178,0.528870013775304,0.427402606466785,0.106924182036892,0.516241707606241,0.175246482947841,0
0.298964860383421,0.268734656274319,0.109969313722104,0.789454421028495,0.913638463243842,0.769463959382847,0.780732661252841,0.500942675862461,0.502661382779479,0.904655734309927,0
0.244015400763601,0.704962888034061,0.150625897804275,0.574555973755196,0.813475970877334,0.533966193906963,0.233783159870654,0.334488365566358,0.186308027245104,0.578134059440345,0
0.912043487885967,0.730945669813082,0.644800242269412,0.740403819596395,0.401749856304377,0.315507255028933,0.0988581071142107,0.560773572651669,0.583107782527804,0.091972767142579,0
0.879173176363111,0.763377911411226,0.0639596758410335,0.670217073522508,0.110610136762261,0.434820633614436,0.216018545906991,0.1149694819469,0.297853270312771,0.947972863679752,0
0.947971067856997,0.320926193147898,0.605047176359221,0.202614822424948,0.566183771938086,0.292234501102939,0.623106885235757,0.0452194239478558,0.362021816661581,0.415748453233391,0
0.14621497085318,0.654277336085215,0.459310163976625,0.379506959812716,0.9210397338029,0.27118447679095,0.299898565746844,0.104281391948462,0.510914664715528,0.0800489080138505,0
0.252747052581981,0.297751236241311,0.561197879724205,0.0405524456873536,0.68064189190045,0.880091268569231,0.967758543556556,0.256948246853426,0.169223312754184,0.203272856306285,0
0.386667115380988,0.958629514090717,0.390549192903563,0.301613815594465,0.817479895427823,0.700965979835019,0.256279671331868,0.728960763663054,0.884936259593815,0.422206269344315,0
0.670379714341834,0.768116813153028,0.786450884304941,0.67751780920662,0.995834612287581,0.790905894245952,0.66924632107839,0.884096983587369,0.289529039058834,0.507469025906175,0
0.0517275619786233,0.920309196226299,0.400732554262504,0.76445215428248,0.591735862428322,0.58282640366815,0.397103574825451,0.797591267153621,0.505635945824906,0.41397413588129,0
0.324255597312003,0.582125728484243,0.223305461462587,0.846749667543918,0.56637814687565,0.564746490446851,0.465356481960043,0.0766542926430702,0.35195520427078,0.0630989286582917,0
0.646607057424262,0.749991680495441,0.275860145222396,0.458619487704709,0.121528911404312,0.81030238349922,0.0436008288525045,0.322652128757909,0.43626244016923,0.430379205849022,0
0.963884921278805,0.709981613093987,0.930982773890719,0.531223344849423,0.454915705136955,0.760168774053454,0.160980026004836,0.800805162405595,0.736201276769862,0.0452807645779103,0
0.213889798615128,0.761436512693763,0.745441019767895,0.339921481441706,0.432299806037918,0.753725647926331,0.329556865384802,0.0612021118868142,0.793074707500637,0.852910950314254,0
0.999719292623922,0.0878448814619333,0.970313519705087,0.445228216005489,0.528093347325921,0.639524413505569,0.162054532440379,0.365609241183847,0.120108451228589,0.467670530546457,0
0.362036693375558,0.0740329092368484,0.101218539522961,0.649443250382319,0.518985262839124,0.28945065359585,0.66034386609681,0.84673938783817,0.853072543162853,0.205985472304747,0
0.256546118762344,0.549762852257118,0.818528800038621,0.139105841051787,0.73785605491139,0.8630382923875,0.168387773679569,0.806786606321111,0.55657883035019,0.168616537936032,0
0.60573931504041,0.395870129112154,0.139561992371455,0.125187841011211,0.793380203424022,0.228424720233306,0.225943311583251,0.652177212992683,0.433305701240897,0.561229848302901,0
0.825673486571759,0.208800530293956,0.111986233852804,0.664329992374405,0.0211824795696884,0.458110210718587,0.40689790295437,0.900150329805911,0.222524761920795,0.0361299046780914,0
0.122845993144438,0.656369595089927,0.889210040681064,0.687371255131438,0.193421879084781,0.134476591134444,0.298791400156915,0.308415594976395,0.63718176074326,0.0835005124099553,0
0.755490156589076,0.808434825856239,0.361651924438775,0.831755380379036,0.650042173918337,0.821994841564447,0.117717275163159,0.730510947061703,0.126358355395496,0.884934012079611,0
0.813103470019996,0.681576146977022,0.992471947800368,0.121643900172785,0.597699952311814,0.918655138928443,0.339071867754683,0.584861712530255,0.793084922712296,0.635328353615478,0
0.444387132767588,0.902566293487325,0.190235852031037,0.811181497760117,0.843726804014295,0.801968957297504,0.275949039263651,0.800418112659827,0.627144055208191,0.312388841528445,0
0.685699220513925,0.841066369321197,0.967348863370717,0.0978636213112622,0.201921676285565,0.553451908286661,0.378883142722771,0.0994567761663347,0.625089973211288,0.320368801243603,0
0.988155091879889,0.393838788149878,0.663263478083536,0.352558811660856,0.0963262494187802,0.0987303201109171,0.838750326540321,0.263432413805276,0.723598149837926,0.40507338475436,0
0.424905246123672,0.490971998311579,0.758718042867258,0.394008352886885,0.487045376561582,0.507605771999806,0.248656322481111,0.578352319775149,0.816960474010557,0.111157274106517,0
0.414901639800519,0.906430053990334,0.62009821087122,0.896118076983839,0.0318748513236642,0.11444341740571,0.419718351215124,0.197114876005799,0.46870825951919,0.745478637050837,0
0.273388572735712,0.544373015174642,0.544043245492503,0.74258353211917,0.215407331008464,0.20386658469215,0.0199442238081247,0.424811051925644,0.910510766552761,0.144257775507867,0
0.655850187176839,0.527497563045472,0.897785658016801,0.00234423973597586,0.951385359978303,0.874740849947557,0.399732189020142,0.127594108926132,0.476512640016153,0.0146366551052779,0
0.413359399652109,0.984777252888307,0.332154850242659,0.61717492248863,0.383546830620617,0.316493618767709,0.430209518410265,0.432933221338317,0.767201771959662,0.480418333550915,0
0.188572973245755,0.651631358079612,0.323675663676113,0.682743521174416,0.6255826826673,0.322772023966536,0.107626449549571,0.109728377778083,0.549141770228744,0.622163774445653,0
0.617769210133702,0.631398787954822,0.23715940117836,0.637293954845518,0.614967744331807,0.573588743573055,0.351661977358162,0.430359615711495,0.713962749810889,0.0869859599042684,0
0.430565585382283,0.168031207285821,0.354191407095641,0.146337116137147,0.492970075458288,0.182184018893167,0.327073989668861,0.863130404148251,0.400577579857782,0.850694658700377,0
0.0398222608491778,0.324969833251089,0.889021854149178,0.192514037247747,0.333750126883388,0.745064326096326,0.647313550347462,0.797469682525843,0.363684506854042,0.807812561746687,0
0.138855045894161,0.661926739383489,0.813813922461122,0.745085652219132,0.122779618483037,0.354563977569342,0.135187878506258,0.530376433162019,0.479574254015461,0.558826693566516,0
0.888047547312453,0.732774165924639,0.386236077873036,0.200363680720329,0.939222296932712,0.677200977224857,0.534479093039408,0.614462147699669,0.551328534027562,0.552873966982588,0
0.751978787593544,0.840561559656635,0.262137488927692,0.77243538456969,0.510959963081405,0.198982853675261,0.325339243980125,0.244770333636552,0.90422359155491,0.102141838986427,0
0.027691625058651,0.469284820137545,0.93622623430565,0.359026269521564,0.604039624566212,0.41618804470636,0.458011733135208,0.680235335603356,0.265693913213909,0.276165163610131,0
0.150903675705194,0.645864851539955,0.0760210049338639,0.05735470703803,0.236567130777985,0.66843630746007,0.720836753025651,0.90124454558827,0.385233328212053,0.98453221609816,0
0.750566078815609,0.57065898925066,0.159940009471029,0.648073193151504,0.704280585283414,0.229942285455763,0.407316738041118,0.500561381224543,0.274770152755082,0.511851168004796,0
0.667140197008848,0.0232212592381984,0.225436127511784,0.0557879777625203,0.801603842293844,0.679055090993643,0.978962400695309,0.760901015251875,0.0829666731879115,0.812499914551154,0
0.54686301201582,0.6324156250339,0.702581269200891,0.0708410777151585,0.947624509455636,0.279905626783147,0.171909239841625,0.240059973439202,0.932264841394499,0.731153435306624,0
0.936139008263126,0.666364480974153,0.0206304844468832,0.200935927918181,0.549242155160755,0.418106647208333,0.843184298137203,0.22876381338574,0.223190618911758,0.404341597110033,0
0.772340708179399,0.941500580869615,0.794711125316098,0.737133325077593,0.565235455753282,0.127702452708036,0.035954269580543,0.397742308676243,0.799469746416435,0.973192618228495,0
0.662361749447882,0.579162954818457,0.57433504704386,0.116498780203983,0.738104299874976,0.0810371104162186,0.607290376676247,0.424509067088366,0.490791177842766,0.517701748060063,0
0.671233752276748,0.707166126463562,0.337409351719543,0.510977177647874,0.263534920057282,0.680680874502286,0.0515833105891943,0.386914240662009,0.00247518857941031,0.634691719664261,0
0.551297892816365,0.561891885707155,0.929059530142695,0.642313042422757,0.382291744463146,0.818799572996795,0.544749193126336,0.931995199527591,0.866952261887491,0.926650140201673,0
0.380082471994683,0.740166610339656,0.519087605178356,0.748652348993346,0.646484142169356,0.939200099790469,0.347807474201545,0.183678761357442,0.855651787715033,0.655627524247393,0
0.923390039242804,0.458330753259361,0.587319707032293,0.942419787636027,0.640632130904123,0.890819343971089,0.253740123240277,0.0755951004102826,0.00696008233353496,0.520157639170066,0
0.541774629382417,0.317776523763314,0.160518716089427,0.160248190863058,0.172538080252707,0.605593379354104,0.369509778916836,0.464928926667199,0.676810400560498,0.396896932506934,0
0.974472150439397,0.378179629798979,0.477425878634676,0.662107030628249,0.188937327358872,0.55018771532923,0.171390105504543,0.970368297304958,0.789122611982748,0.177400610176846,0
0.774673262611032,0.309057818260044,0.484093883540481,0.0575768023263663,0.611799573991448,0.425775588257238,0.458470054902136,0.244038519915193,0.628805690212175,0.160156666999683,0
0.152417118661106,0.374336628476158,0.205668896203861,0.855959967011586,0.710640606237575,0.124510970432311,0.217950507067144,0.551072238013148,0.0529954801313579,0.487576246261597,0
0.944724000990391,0.735909970244393,0.526858798926696,0.932002434041351,0.662861262448132,0.898871910525486,0.659572300501168,0.922502062516287,0.0188183505088091,0.52551982877776,0
0.364417326636612,0.470589878270403,0.48576997499913,0.887792478315532,0.200297174043953,0.892644674750045,0.852495695231482,0.940650786971673,0.780201916117221,0.940578522160649,0
0.453526804689318,0.16642741439864,0.461373096564785,0.814082927070558,0.398108794121072,0.474740494508296,0.0867941249161959,0.802974412916228,0.922785534989089,0.201550245983526,0
0.259497988969088,0.516862777294591,0.195702157681808,0.558485666755587,0.893747291062027,0.615385111188516,0.683279925724491,0.029195356881246,0.146167176309973,0.690681299194694,0
0.196587610291317,0.0219787987880409,0.590660450281575,0.38882777816616,0.302706249291077,0.516062062699348,0.174698975402862,0.377773591084406,0.0777883874252439,0.0110945836640894,0
0.951196604175493,0.24797643837519,0.557029852410778,0.161950044101104,0.94587137340568,0.121351176174358,0.540918792132288,0.244038111064583,0.219698820495978,0.816782417707145,0
0.322237118380144,0.826875139959157,0.800356036284938,0.167031572433189,0.840058563044295,0.968651807401329,0.181946604279801,0.465235114097595,0.734668989432976,0.0624853791669011,0
0.0698938297573477,0.557946069398895,0.849358772160485,0.451018576510251,0.225184189388528,0.355934363091365,0.632797368336469,0.388292607851326,0.461201927391812,0.773193918401375,0
0.403463243506849,0.736165530281141,0.900286765070632,0.12936356686987,0.716086961328983,0.00879379152320325,0.417214028071612,0.481488026678562,0.482756947632879,0.545880393125117,0
0.744729684200138,0.42569288238883,0.0147747523151338,0.95010308502242,0.428696193965152,0.662434516241774,0.345140464603901,0.46914339531213,0.24011456547305,0.79487154725939,0
0.765204797498882,0.69157475605607,0.262236394453794,0.562155557330698,0.423830047016963,0.703264535637572,0.864889728138223,0.700528905726969,0.411085113184527,0.989071562653407,0
0.62736654584296,0.0127748001832515,0.126545753097162,0.433244713349268,0.0325966845266521,0.967539908364415,0.368289340753108,0.0251436061225832,0.221389840357006,0.227280110120773,0
0.239041968015954,0.683922981843352,0.73399813240394,0.696462063817307,0.81795017211698,0.97822968987748,0.132314382819459,0.352460612542927,0.973556438460946,0.85536820278503,0
0.237588337156922,0.843690789537504,0.761057948693633,0.296112211421132,0.330937279155478,0.512353092199191,0.75252574798651,0.788992201909423,0.765191160608083,0.830611620796844,0
0.530672253575176,0.182490727631375,0.539088097400963,0.630084671778604,0.585123985540122,0.487749506952241,0.427835372276604,0.377466159872711,0.332144467160106,0.670265060849488,0
0.238909269683063,0.678723091958091,0.0869288668036461,0.428728507831693,0.875764900119975,0.7290671588853,0.306132183410227,0.897458281600848,0.789163395529613,0.885608332697302,0
0.0354955715592951,0.963101512519643,0.693473489023745,0.463825605344027,0.612578929634765,0.844724434427917,0.108476701658219,0.837280776817352,0.682303717592731,0.00618556072004139,0
0.951358417514712,0.869925549486652,0.321161599364132,0.438424945576116,0.257600050419569,0.281682615401223,0.495810996275395,0.206843625521287,0.831799380481243,0.551443795440719,0
0.750432002590969,0.216955117648467,0.519215297419578,0.882560373982415,0.917916407808661,0.298328740056604,0.133692522998899,0.16984431957826,0.804968828102574,0.749966046307236,0
0.878006564918905,0.497304999968037,0.16785646090284,0.691269457805902,0.307807078352198,0.987741274759173,0.0879124118946493,0.213611195096746,0.175315151922405,0.737994826631621,0
0.282277913531289,0.793165531707928,0.871562509797513,0.42154728109017,0.568054068600759,0.171274600783363,0.0824360533151776,0.817154734395444,0.409990315791219,0.0898129672277719,0
0.920133089181036,0.408318724716082,0.902013625949621,0.152039355132729,0.399329313775524,0.99632111703977,0.733223617542535,0.602331573376432,0.198625593446195,0.608925526030362,0
0.751068720128387,0.136831264011562,0.860636040335521,0.241380440304056,0.480923446360976,0.835182954324409,0.338558254763484,0.148393536219373,0.943702633492649,0.616313503589481,0
0.43597357487306,0.781441883184016,0.787322657648474,0.373365212697536,0.159244188573211,0.809022275265306,0.997372573008761,0.603460863698274,0.963774448726326,0.176100763259456,0
0.00644217338413,0.516554907662794,0.749453078024089,0.282455238513649,0.16112567554228,0.386881673010066,0.147601848468184,0.485555963823572,0.0143937433604151,0.47027705446817,0
0.800233671208844,0.316820674110204,0.984276216709986,0.792111236834899,0.940510325366631,0.532837295439094,0.942763618892059,0.648836040170863,0.0883772813249379,0.116973476717249,0
0.199036846868694,0.486273055896163,0.542784682940692,0.83785784477368,0.435670466395095,0.306418888969347,0.37405736092478,0.469843979459256,0.523520799120888,0.272240055724978,0
0.886651568347588,0.539052425185218,0.912407805677503,0.895466343965381,0.912460880586877,0.568256779341027,0.463464932283387,0.612981786951423,0.944778082659468,0.119160021655262,0
0.946590459439903,0.125526844989508,0.854225188260898,0.2506995908916,0.528737136861309,0.92534553562291,0.124677659245208,0.918256866978481,0.399650409817696,0.855546953389421,0
0.134085607016459,0.275270345853642,0.316890842746943,0.501929871970788,0.53165310784243,0.438592236023396,0.536517418688163,0.645735663361847,0.655291332164779,0.0631467462517321,0
0.574628253933042,0.593007709365338,0.338734910357744,0.413943791761994,0.552866063546389,0.24924322613515,0.441207495052367,0.886238658102229,0.552133434219286,0.0508520882576704,0
0.0236435306724161,0.349701969651505,0.203389113070443,0.00700502516701818,0.217533372342587,0.801531677134335,0.514173620613292,0.805848859483376,0.14138365467079,0.497795660747215,0
0.166780415922403,0.403409235179424,0.310426487121731,0.875626695109531,0.491298621986061,0.852061073994264,0.428207826567814,0.00252294749952853,0.913424462080002,0.302125052316114,0
