"1","2","3","4","5","6","7","8","9","10","class"
0.510851320344955,0.148670275928453,0.826872581150383,0.509406859753653,0.245144474785775,0.938830006634817,0.835568137466908,0.2987159518525,0.803919665981084,0.462990580592304,0
0.761935350717977,0.564981534378603,0.411196581088006,0.754129953216761,0.563264100812376,0.87831561290659,0.0876768722664565,0.787862624973059,0.089979229029268,0.129212162690237,0
0.532529700547457,0.113981135888025,0.60455011902377,0.590150712057948,0.0669225596357137,0.336232359521091,0.410173864802346,0.788078465964645,0.409955876180902,0.121043578721583,0
0.801454295171425,0.59697288274765,0.240359947551042,0.427319786278531,0.767822128487751,0.262469556648284,0.103128924965858,0.086249528452754,0.845294564263895,0.193059655372053,0
0.624138203216717,0.919655165169388,0.391619935864583,0.259644230594859,0.0259674440603703,0.229900986189023,0.100095513509586,0.495583129813895,0.381013159407303,0.742897425312549,0
0.722176785115153,0.614196356153116,0.151438858825713,0.724456387106329,0.445351543370634,0.758656847756356,0.307294148020446,0.900333151221275,0.366634041070938,0.97712896252051,0
0.0628620353527367,0.319545577047393,0.338872489985079,0.788567187497392,0.505876068258658,0.458442998351529,0.403956879163161,0.128672323422506,0.842721638502553,0.373522103996947,0
0.219841200625524,0.416124504758045,0.0763672636821866,0.599725008942187,0.79148096870631,0.398720908444375,0.216329157119617,0.327052345266566,0.219622907694429,0.596846403786913,0
0.364668353227898,0.373769983416423,0.419502060394734,0.852681094547734,0.859004810219631,0.317428766051307,0.682796913431957,0.167579201282933,0.443132215179503,0.51150791789405,0
0.237438888987526,0.700240784790367,0.808275686576962,0.477482791990042,0.161161228781566,0.654700120445341,0.548218567389995,0.933136313455179,0.29033798770979,0.932759722229093,0
0.105817392002791,0.768601465038955,0.203158509917557,0.983074465766549,0.659733300562948,0.149238383164629,0.714285114081576,0.314538593869656,0.243928113253787,0.415583185618743,0
0.714559949701652,0.118206682847813,0.390500937122852,0.470969759626314,0.130859718890861,0.934675798518583,0.922191927442327,0.0950811356306076,0.635633386904374,0.863644504221156,0
0.154895075596869,0.0460350143257529,0.527940653963014,0.402102155610919,0.11808960698545,0.0161784908268601,0.884775103302673,0.488270866218954,0.628448843955994,0.335717251291499,0
0.258879861561581,0.890607373323292,0.77730310568586,0.393983077025041,0.23653944558464,0.555992451729253,0.163406693609431,0.161367130000144,0.59427909553051,0.812547225505114,0
0.612625597510487,0.568776187719777,0.713481669547036,0.209808296291158,0.0126427225768566,0.153575852513313,0.0769057120196521,0.765988359460607,0.917061915388331,0.00780864548869431,0
0.582386748632416,0.528094496112317,0.00921451696194708,0.738588308217004,0.119509806623682,0.51021040417254,0.508634923957288,0.814608958316967,0.409932634560391,0.163513388251886,0
0.515831196447834,0.256045154528692,0.139821909600869,0.333545834757388,0.592271382920444,0.459910503355786,0.741560880560428,0.883469914086163,0.921917486237362,0.587291295873001,0
0.771643454674631,0.374699897831306,0.873015049146488,0.381088808644563,0.200605529360473,0.0515526635572314,0.963193799601868,0.959082705667242,0.495827578939497,0.331605009036139,0
0.656036073807627,0.230433425866067,0.424553505145013,0.22317756107077,0.163661377504468,0.104022465180606,0.122601407580078,0.533670258242637,0.854444509604946,0.625633948482573,0
0.129837414016947,0.238613112829626,0.0921220656018704,0.168725954834372,0.505386088276282,0.215938830049708,0.0677833301015198,0.579357993090525,0.790793422376737,0.376964279916137,0
0.570824756519869,0.675494124181569,0.335522695677355,0.125407064333558,0.563419888727367,0.557736217742786,0.963273239554837,0.0680197165347636,0.491969001712278,0.655950346030295,0
0.089526200434193,0.281592737883329,0.395117776002735,0.231053511844948,0.979706320213154,0.758812979795039,0.643191145267338,0.796837362926453,0.889037762302905,0.336927650263533,0
0.355726387351751,0.0740100985858589,0.695860080420971,0.636732927057892,0.594181111082435,0.944705831818283,0.775143569568172,0.102746471064165,0.967337335227057,0.278206221060827,0
0.876652379054576,0.955298841930926,0.450419031083584,0.69892843789421,0.0164235820993781,0.311115912394598,0.929974553873762,0.235726670129225,0.697223335271701,0.218501126393676,0
0.143039508257061,0.411513144383207,0.296763790771365,0.69254999095574,0.0275803327094764,0.742466448107734,0.107239426579326,0.881686534965411,0.890336490469053,0.0404895215760916,0
0.196431155782193,0.870984648587182,0.831448596669361,0.754497044952586,0.995786391431466,0.780569580616429,0.0724718405399472,0.210250123171136,0.0831944460514933,0.227093488443643,0
0.0419497671537101,0.463626485317945,0.176173821790144,0.195153065724298,0.0122997474391013,0.687026044586673,0.204446717631072,0.925481950398535,0.821355050662532,0.0720050982199609,0
0.445193944731727,0.788511886261404,0.427406304515898,0.853649576660246,0.272760075516999,0.108832128578797,0.587392173707485,0.688400134909898,0.964526296826079,0.084589560283348,0
0.960186457494274,0.0229026437737048,0.469965310301632,0.0686967438086867,0.685775785241276,0.742067302111536,0.650715530384332,0.87881028954871,0.73884060094133,0.806079014670104,0
0.165845152921975,0.489133134717122,0.0765217142179608,0.772949432954192,0.338371785590425,0.0336551549844444,0.150412085000426,0.658953491132706,0.766411873744801,0.311281322035939,0
0.692774716997519,0.601011612219736,0.704216740326956,0.529339417116717,0.00154224829748273,0.335825050948188,0.278490162920207,0.606455769157037,0.970150282839313,0.594878559699282,0
0.188061988679692,0.628917407477275,0.755151085555553,0.495148364454508,0.648729342035949,0.510587219847366,0.378622464602813,0.949709613807499,0.736706839874387,0.0144971748813987,0
0.413303993875161,0.484257670352235,0.696396891726181,0.0456456416286528,0.653429369674996,0.415451618842781,0.548987287096679,0.739389172988012,0.676249041454867,0.0585162276402116,0
0.896604456473142,0.757317174226046,0.429119740379974,0.53837986337021,0.250071971910074,0.725661237724125,0.223416743101552,0.646928935311735,0.169094671728089,0.379819081630558,0
0.77025105105713,0.0842627433594316,0.428928667213768,0.653136456385255,0.980910666054115,0.109197643119842,0.0351120154373348,0.530798426363617,0.708661562064663,0.172096927417442,0
0.796596720116213,0.626080617541447,0.0068415601272136,0.79248155769892,0.39603794994764,0.0508990660309792,0.881593403406441,0.149657503468916,0.410666779382154,0.708338340278715,0
0.179865716258064,0.333053784212098,0.300530729582533,0.721417769324034,0.965068497695029,0.321353747975081,0.486997089814395,0.505988073535264,0.585834910627455,0.302154052304104,0
0.652507404563949,0.675117622129619,0.402958115795627,0.35868045501411,0.56107974355109,0.699980865698308,0.166620800504461,0.977374433539808,0.247595509747043,0.552825149148703,0
0.189798147417605,0.590768502792343,0.928009807597846,0.261720869457349,0.204041121760383,0.575015323236585,0.452716624364257,0.940394544741139,0.393392924917862,0.41290373634547,0
0.730889712227508,0.47086806409061,0.931498249061406,0.974702679784968,0.618817190872505,0.138546521775424,0.691664818674326,0.123491413891315,0.510555716929957,0.401236531790346,0
0.707059869775549,0.0862903704401106,0.874399730470031,0.826563996030018,0.725501795066521,0.723000878468156,0.538070561131462,0.58187436661683,0.977518178056926,0.16840054676868,0
0.770157708553597,0.32776346988976,0.126661160960793,0.42052294453606,0.602103289915249,0.785672280937433,0.936374498298392,0.243703856598586,0.487242815084755,0.0931973229162395,0
0.00118174799717963,0.0454610351007432,0.926881131948903,0.865111151477322,0.0622047146316618,0.598179641412571,0.350395297398791,0.556455427082255,0.693191388621926,0.365589154651389,0
0.851654118858278,0.851836199406534,0.0206720235291868,0.749149089911953,0.456619702745229,0.757541405037045,0.978500289842486,0.041587081272155,0.681968608871102,0.307732119457796,0
0.14587113331072,0.796075318008661,0.564835508121178,0.837736748624593,0.222016662359238,0.129609915660694,0.437649603933096,0.0360750867985189,0.773818229325116,0.739950154675171,0
0.213744011009112,0.306274089962244,0.10709570790641,0.605879040667787,0.0547643571626395,0.401763738831505,0.432734210742638,0.827107472112402,0.30645158002153,0.391948211938143,0
0.751653150655329,0.932246931130067,0.0837998623028398,0.0129901790060103,0.58245400339365,0.292990277521312,0.553968314314261,0.179051283281296,0.639025426004082,0.465524363797158,0
0.907509776763618,0.265366326086223,0.545442814938724,0.601812614593655,0.692896892083809,0.168007888365537,0.541638149181381,0.788383972365409,0.070077660959214,0.165265810443088,0
0.397403452079743,0.266126819420606,0.641461200546473,0.72687869775109,0.672936606453732,0.217599426396191,0.869202313013375,0.837248924886808,0.0938858576118946,0.764128280803561,0
0.0539234664756805,0.46975659346208,0.589464026270434,0.654424205888063,0.089623361825943,0.93973576836288,0.586758589372039,0.292398317484185,0.987598773092031,0.619231852004305,0
0.404326305957511,0.587597774108872,0.362740425392985,0.334822557866573,0.563609137898311,0.337739513954148,0.989842189941555,0.0820059198886156,0.503857268020511,0.843086560955271,0
0.236722671426833,0.289280576165766,0.172084907069802,0.402322682086378,0.466378470184281,0.532630047062412,0.171102229272947,0.958082740893587,0.0149713978171349,0.524405842414126,0
0.354679052019492,0.933174584759399,0.643336705397815,0.31404271023348,0.583279988728464,0.694812812376767,0.078571277204901,0.48594102752395,0.880766187561676,0.389305371325463,0
0.216851656092331,0.881522790063173,0.62587836291641,0.211752916453406,0.271116361021996,0.208228467032313,0.397243255283684,0.148835245985538,0.930858370149508,0.618691701442003,0
0.0145682028960437,0.533284972654656,0.89896361134015,0.869344372069463,0.0159703369718045,0.185681201983243,0.174931487534195,0.501968285534531,0.587260161759332,0.597557051107287,0
0.665069907903671,0.566354531329125,0.832445222651586,0.0853004499804229,0.834625776624307,0.264117102138698,0.600883253850043,0.142776689026505,0.404818516224623,0.746384203899652,0
0.313476504292339,0.579577082768083,0.71559824119322,0.850357724819332,0.48638248257339,0.983457470079884,0.817183690378442,0.849212394561619,0.201298401225358,0.764763449085876,0
0.997066608164459,0.2069515674375,0.652496956754476,0.246702890610322,0.0553626609034836,0.192371498560533,0.497895706444979,0.149956296896562,0.787238812074065,0.513542506378144,0
0.803880589781329,0.473370241001248,0.516158387996256,0.440293397288769,0.125453404616565,0.631184416590258,0.445588868344203,0.865430226549506,0.174557962222025,0.234325848054141,0
0.926867469679564,0.20058514829725,0.90775786107406,0.504842771682888,0.944588284008205,0.730411598691717,0.373034627642483,0.386287975823507,0.341041401494294,0.000971612054854631,0
0.70789481070824,0.515651523834094,0.902710777008906,0.28717353544198,0.938391712028533,0.804459094069898,0.811893475940451,0.3101467336528,0.63765860395506,0.390456909313798,0
0.971797186415642,0.705188771244138,0.156676398357376,0.686015669489279,0.990824531763792,0.315151255112141,0.342754003126174,0.591941193211824,0.331567820394412,0.658721238840371,0
0.341206046519801,0.748951385263354,0.569438936654478,0.178396634524688,0.751793157542124,0.102637257426977,0.828407551627606,0.849667608505115,0.0265022788662463,0.0393449331168085,0
0.958350196480751,0.364663027925417,0.313450248446316,0.296699735801667,0.767796602565795,0.352081676479429,0.391180424252525,0.936344333924353,0.0523400811944157,0.592421112349257,0
0.812491094460711,0.420203388901427,0.373656406300142,0.650443364167586,0.958377066301182,0.0747876903042197,0.0909265817608684,0.4234528709203,0.856240871129557,0.0789213627576828,0
0.426392112858593,0.715588845778257,0.798943106085062,0.398860823595896,0.0391987059265375,0.918324271449819,0.560048312880099,0.737546616699547,0.595269553363323,0.81249538064003,0
0.98572917515412,0.151684603653848,0.613212968222797,0.719926831545308,0.826421424513683,0.582828991347924,0.530668727587909,0.180772521998733,0.579281787155196,0.739061639877036,0
0.408366120653227,0.0293750865384936,0.0919056485872716,0.217653467319906,0.869696660200134,0.215587794547901,0.502729337429628,0.527240599971265,0.391294906614348,0.681297162780538,0
0.939236505888402,0.4908511438407,0.289136597886682,0.416457904269919,0.806607688544318,0.782360730459914,0.333350788569078,0.78007452446036,0.540709593100473,0.758468582760543,0
0.394827092532068,0.161077375756577,0.537737681996077,0.430121767567471,0.917056205216795,0.369533131597564,0.518700781278312,0.564333128277212,0.650695152347907,0.438901797169819,0
0.384387057740241,0.73942677048035,0.480931800091639,0.0509544420056045,0.943621220067143,0.644649492576718,0.98807893297635,0.101612406549975,0.842629528138787,0.896670747315511,0
0.225686101475731,0.584979113191366,0.838032447965816,0.173500782810152,0.467138867126778,0.363993996987119,0.48561519314535,0.994689375162125,0.0926394001580775,0.764649279415607,0
0.841221471317112,0.324297943618149,0.673016128363088,0.542956284713,0.285376589745283,0.702191466232762,0.0320649028290063,0.97538486821577,0.973185247043148,0.472180483629927,0
0.977058882592246,0.763550960924476,0.959821273572743,0.507869687164202,0.0362579475622624,0.984101178823039,0.145548751577735,0.632406644523144,0.510967270936817,0.990773594938219,0
0.431428224546835,0.0226750040892512,0.878723780391738,0.707556149689481,0.689011640381068,0.741164367413148,0.210233160993084,0.267718606162816,0.116803695214912,0.421762443613261,0
0.955650890246034,0.615826576249674,0.777221811702475,0.771355298580602,0.662509783869609,0.522000461351126,0.26870039710775,0.210699182236567,0.881249501835555,0.0266949122305959,0
0.551064391154796,0.569894880987704,0.876313678687438,0.0826103196013719,0.125544433714822,0.722982328385115,0.0929767191410065,0.677058049943298,0.0906985122710466,0.0144976906012744,0
0.50878840428777,0.0120799671858549,0.0804035924375057,0.125220128102228,0.66405490715988,0.467195485951379,0.178965319646522,0.357632384169847,0.0306889414787292,0.342564244754612,0
0.310923971468583,0.435848150867969,0.150229713413864,0.10529451793991,0.0984535168390721,0.352117184782401,0.406492362497374,0.961458728648722,0.689916342962533,0.649340626318008,0
0.496034901356325,0.410577906295657,0.211029656697065,0.575526063330472,0.670700013870373,0.847278548637405,0.664179234299809,0.753101863665506,0.653780472930521,0.991634216625243,0
0.558652180479839,0.394682764308527,0.189273450290784,0.696966041810811,0.37797200656496,0.898721979232505,0.109980221139267,0.740602809470147,0.986646388657391,0.759936447488144,0
0.602768963668495,0.447650070535019,0.993273228639737,0.347980511607602,0.816437886795029,0.557152151595801,0.781455077463761,0.593338769394904,0.401897765928879,0.249563097255304,0
0.869655506219715,0.718931859824806,0.401815779972821,0.532757839886472,0.88445917214267,0.00276919407770038,0.710381194017828,0.0210710994433612,0.635148256551474,0.233115932904184,0
0.476847416255623,0.742108100559562,0.469763159519061,0.0999669588636607,0.298767830012366,0.67355052777566,0.860888866242021,0.39041652274318,0.951949384296313,0.741721750702709,0
0.628075537504628,0.93407631944865,0.999582860385999,0.0416896727401763,0.362715509952977,0.16353736887686,0.540372502524406,0.371618463192135,0.891284798039123,0.580761661753058,0
0.658128020586446,0.239686070475727,0.520415495848283,0.625557901104912,0.964963409351185,0.422668671701103,0.67342711193487,0.470587086630985,0.960946106817573,0.294018978253007,0
0.189333933871239,0.588027388555929,0.0379696805030107,0.534393477486446,0.237714061746374,0.932791937375441,0.902655235724524,0.177665414055809,0.625309503171593,0.224544146796688,0
0.559584164526314,0.206753571284935,0.730878457659855,0.874525858322158,0.960674566682428,0.44471493223682,0.236843435559422,0.238619774347171,0.638233018573374,0.647050162078813,0
0.930327570531517,0.589428760576993,0.906100158579648,0.635681660147384,0.0334911940153688,0.844755732221529,0.578001373447478,0.0752389528788626,0.500957576092333,0.595936964498833,0
0.222783696372062,0.760163141647354,0.15466873627156,0.311814432498068,0.524670423474163,0.223083205521107,0.0581946677993983,0.364849287783727,0.877377288648859,0.452305378858,0
0.987241585506126,0.762554035056382,0.807051852578297,0.589848279720172,0.783475580392405,0.463065805146471,0.160956144798547,0.392699019052088,0.280497398227453,0.321279865922406,0
0.464992866385728,0.800966603448614,0.00187138607725501,0.0775400514248759,0.445398951182142,0.0844914615154266,0.87858337117359,0.590454919729382,0.425400698091835,0.793307337211445,0
0.859444758389145,0.313809196930379,0.191600696416572,0.148743381723762,0.369620356708765,0.197487173369154,0.87972613889724,0.854100128170103,0.552892796462402,0.46736192330718,0
0.128484474960715,0.864865217823535,0.16019186633639,0.627668526256457,0.867806728929281,0.996267612790689,0.352863038191572,0.0722264319192618,0.608717123512179,0.0557126058265567,0
0.118411724688485,0.420305749634281,0.52077656192705,0.445277949329466,0.934000467183068,0.120866679353639,0.353968987008557,0.849591427249834,0.669846951263025,0.65740034240298,0
0.138756412547082,0.70869938028045,0.370826663449407,0.106182108167559,0.967136622406542,0.311666628345847,0.68072200124152,0.726678452454507,0.487109498586506,0.0845921945292503,0
0.943775346968323,0.494349410990253,0.0388483870774508,0.399525693850592,0.0624105953611434,0.260110548231751,0.170801596716046,0.855383503483608,0.417281834408641,0.807141575496644,0
0.806953813415021,0.555512721184641,0.383294190978631,0.146093035349622,0.104309010552242,0.885165458312258,0.942297062138095,0.956613661954179,0.832772113615647,0.0918554319068789,0
0.61819095001556,0.380017805378884,0.0565654209349304,0.16662107151933,0.560621374985203,0.411972158355638,0.806803083745763,0.38274158956483,0.842497647041455,0.246628549182788,0
0.586570057086647,0.343619001097977,0.720496963011101,0.942990189185366,0.244391222251579,0.114349057665095,0.923517680494115,0.0816990572493523,0.0772323601413518,0.510758723132312,0
