"1","2","3","4","5","6","7","8","9","10","class"
0.05701744556427,0.712130535626784,0.0548725221306086,0.137343357782811,0.644878205377609,0.964848263189197,0.0675160209648311,0.0451667478773743,0.73815651377663,0.198608566774055,0
0.204348047729582,0.0212778628338128,0.697736108442768,0.497035883367062,0.0842996812425554,0.246299191145226,0.684808969497681,0.620953546371311,0.766281463438645,0.918422115966678,0
0.698799153091386,0.982357672881335,0.507808229653165,0.883008061675355,0.524385697208345,0.376350323669612,0.610170606756583,0.648326746420935,0.63624678645283,0.58775819116272,0
0.645764897344634,0.133160778786987,0.724931855220348,0.625042042229325,0.0317598865367472,0.15342598897405,0.182997090974823,0.851860836381093,0.895077693741769,0.656749231275171,0
0.892524000722915,0.610682611819357,0.91555160144344,0.960478870896623,0.198469909839332,0.909128737635911,0.200964398682117,0.182639995357022,0.565902868285775,0.952513026772067,0
0.193859007209539,0.784803038928658,0.388787591131404,0.996359794167802,0.244080548174679,0.0695433798246086,0.924671994289383,0.544724020641297,0.546102403430268,0.301114371279255,0
0.788102165795863,0.0116682208608836,0.100010023219511,0.50790284620598,0.27519433083944,0.880152809433639,0.811740977689624,0.00520935840904713,0.718976994277909,0.106484697433189,0
0.750814922852442,0.749076483072713,0.438227947568521,0.357442244887352,0.627187370788306,0.918276370503008,0.88879110943526,0.0731241714674979,0.984946597600356,0.931604103650898,0
0.487837959546596,0.829275652300566,0.37536469148472,0.668104683747515,0.611081446055323,0.681494427844882,0.352576075354591,0.708011507056653,0.948951507220045,0.000756613444536924,0
0.929817427648231,0.238472313154489,0.432578891515732,0.0415792728308588,0.0148364221677184,0.838797048898414,0.45192557387054,0.801820732653141,0.839248127071187,0.826112267794088,0
0.0914106480777264,0.145280428230762,0.495953692123294,0.697485320270061,0.745967325987294,0.82123293611221,0.492783279856667,0.0854364538099617,0.97252736473456,0.779218839248642,0
0.853313527768478,0.397293300833553,0.795599515782669,0.694013589061797,0.291846256004646,0.0683803514111787,0.906042368616909,0.858994900947437,0.964276513783261,0.20772968349047,0
0.757769851945341,0.0927078004460782,0.117271940922365,0.343190923565999,0.851858262205496,0.398586760507897,0.848034296184778,0.0947934405412525,0.695658221840858,0.951156734023243,0
0.979569144081324,0.954510170500726,0.020781489321962,0.296513450797647,0.841061629354954,0.684383164159954,0.548133620293811,0.931225034408271,0.524256527656689,0.759478906635195,0
0.789189143804833,0.570713037392125,0.114642169792205,0.335487464210019,0.645631100051105,0.183515448588878,0.977380201453343,0.599532173015177,0.719206211855635,0.864695695461705,0
0.355778676690534,0.450608160346746,0.141526658786461,0.49213441205211,0.826946320710704,0.443970524705946,0.366404241416603,0.768675651401281,0.763215727638453,0.946217955555767,0
0.51703624567017,0.171874895459041,0.345285581657663,0.160551755921915,0.22954445076175,0.113542767940089,0.235554565675557,0.293217959813774,0.212538777384907,0.592086258577183,0
0.16158375935629,0.743439671583474,0.646836060099304,0.656489836750552,0.22603567969054,0.439231868367642,0.43873664108105,0.899247225606814,0.603528070496395,0.870827120030299,0
0.491817623842508,0.536897517275065,0.853435798315331,0.969927031779662,0.0643417313694954,0.436535849934444,0.684298602631316,0.760105236433446,0.828403103165329,0.945079925237224,0
0.361612400272861,0.61703671165742,0.472124858759344,0.206348344683647,0.351599558023736,0.657080012839288,0.281754978466779,0.56507730181329,0.226631165016443,0.6857842693571,0
0.843536001397297,0.704185366164893,0.549386189784855,0.818958134623244,0.65302609000355,0.606365443672985,0.25841475580819,0.439587026368827,0.978902842616662,0.703884382266551,0
0.713287648046389,0.0275169094093144,0.168890543049201,0.736091006081551,0.873275926569477,0.366453189169988,0.364249797537923,0.416797340614721,0.791105251759291,0.0189032289199531,0
0.697054521646351,0.704760925844312,0.600592600181699,0.158850406762213,0.444956303806975,0.115055541042238,0.923517296090722,0.267991525586694,0.818983042147011,0.101985150715336,0
0.793144275201485,0.671440511010587,0.137079013511539,0.620829162187874,0.441502473317087,0.932648631278425,0.431838736636564,0.539020384661853,0.229954580776393,0.608170632040128,0
0.0140447460580617,0.389283820055425,0.359607959399,0.376351014012471,0.0636757377069443,0.422124663367867,0.719611355336383,0.273078668164089,0.38416279759258,0.532473245169967,0
0.757873951457441,0.334461219143122,0.565886474912986,0.497477822937071,0.209844762925059,0.876340244663879,0.41920434567146,0.593230258673429,0.1003076818306,0.036561384331435,0
0.497460138751194,0.955263427691534,0.424346247222275,0.746452710591257,0.909045485546812,0.715391183970496,0.698558066505939,0.662191977724433,0.914083081064746,0.344186765374616,0
0.545668482547626,0.187930321553722,0.172622710466385,0.542504072189331,0.049469402525574,0.127315679797903,0.602006315020844,0.109480077167973,0.201211604755372,0.121606477769092,0
0.667401780141518,0.209944817004725,0.287217831006274,0.221170080360025,0.29561657528393,0.92028656299226,0.889798595802858,0.807905952446163,0.88721339404583,0.0592241557314992,0
0.768728697672486,0.244755643419921,0.979699983494356,0.715338411740959,0.710116779897362,0.681543128332123,0.884439442539588,0.0379292038269341,0.460118973394856,0.483115732437,0
0.736538860015571,0.875054758507758,0.598277533426881,0.157341201324016,0.357807953376323,0.0880353874526918,0.391205763677135,0.263380213873461,0.787761173211038,0.114957170328125,0
0.659876868128777,0.82094195112586,0.211004786426201,0.654764468315989,0.272449028445408,0.88709754939191,0.761490689823404,0.658318998059258,0.998307734029368,0.0422015939839184,0
0.733586881309748,0.578804077347741,0.375281166983768,0.29086802713573,0.489332674769685,0.56387985451147,0.311320186359808,0.432673037284985,0.468864493072033,0.243030099431053,0
0.527890373952687,0.868628734489903,0.733831895049661,0.0546427580993623,0.34012861805968,0.00588859873823822,0.934867484727874,0.661928641842678,0.576990062370896,0.57463440624997,0
0.573452496901155,0.487885748036206,0.815770810702816,0.941602295497432,0.478450292255729,0.202428246149793,0.094171853736043,0.420650698011741,0.745802756864578,0.754008905729279,0
0.2959627751261,0.274821588303894,0.958040621131659,0.00891377963125706,0.465799718396738,0.892435636604205,0.0915048292372376,0.509552468778566,0.575398911489174,0.512909294338897,0
0.852603123988956,0.696411236654967,0.550435134675354,0.285161631181836,0.175643109949306,0.527167679741979,0.25452449824661,0.194280459778383,0.461502921069041,0.614085947861895,0
0.144711386179551,0.46108728623949,0.0824371252674609,0.503770619863644,0.0270522178616375,0.140950326574966,0.601607624907047,0.853387063136324,0.73107769805938,0.544970287475735,0
0.422349849482998,0.76703233551234,0.558677086839452,0.367751585319638,0.163414349779487,0.0479305011685938,0.492701487150043,0.228124421089888,0.52094211243093,0.800885477336124,0
0.490248000482097,0.674730138387531,0.196936127264053,0.379752549808472,0.00909237191081047,0.511070417938754,0.0264248861931264,0.432132316986099,0.712546629831195,0.802466933382675,0
0.890164278680459,0.72054317779839,0.314599994570017,0.082644049776718,0.407153823878616,0.50859702960588,0.527406247798353,0.661774955457076,0.699044158915058,0.871842781314626,0
0.483823660295457,0.616065094713122,0.785956548526883,0.156304127303883,0.679545706370845,0.276494830846786,0.117919418262318,0.219879999058321,0.208910622401163,0.988531544804573,0
0.71895661461167,0.897028532810509,0.761889867950231,0.380189655115828,0.766112008132041,0.140655579045415,0.550680662505329,0.229097450617701,0.319619187386706,0.919017362641171,0
0.313905398361385,0.113626731792465,0.692430830793455,0.00889620976522565,0.787247809581459,0.379642020445317,0.676026666536927,0.0542902841698378,0.628843574551865,0.351091874064878,0
0.402338130399585,0.200948879821226,0.880910544656217,0.496797091094777,0.869929234264418,0.374141222098842,0.196550738066435,0.164587197126821,0.226858489448205,0.192978749983013,0
0.320923447376117,0.593454583548009,0.223622721852735,0.134773358236998,0.787080927286297,0.560874263057485,0.114509111503139,0.21492355200462,0.13354350021109,0.394119595410302,0
0.723926204489544,0.985679734963924,0.0233596665784717,0.577282917918637,0.39577124430798,0.941691432148218,0.0883582404348999,0.951400738209486,0.858715252019465,0.951310452073812,0
0.800944821210578,0.0395523062907159,0.839696953538805,0.455932065146044,0.712745943572372,0.878177239559591,0.131479315226898,0.848251135321334,0.703119738260284,0.016175830271095,0
0.461774885421619,0.244615544332191,0.235297072213143,0.609583688434213,0.637264582095668,0.647895035101101,0.718507417477667,0.178412506822497,0.942174540599808,0.0927310665138066,0
0.989022113615647,0.95313902432099,0.431834266055375,0.17286209622398,0.132001722231507,0.88771038246341,0.520904757082462,0.542979820631444,0.976348319789395,0.720654536038637,0
0.770220476668328,0.370097347069532,0.709036940010265,0.899779689032584,0.0353943321388215,0.197889256756753,0.812316584400833,0.903899622382596,0.674516763072461,0.920072441920638,0
0.7360182791017,0.145341534167528,0.759555042022839,0.487726644845679,0.0628167516551912,0.486964757321402,0.0232365916017443,0.739607628434896,0.404454698786139,0.905773679958656,0
0.802086022682488,0.0200688843615353,0.292963101295754,0.116089291172102,0.761257843580097,0.651466942159459,0.468804974574596,0.573891991749406,0.41593841300346,0.266691284021363,0
0.741210671840236,0.357250462519005,0.344469402451068,0.667103942716494,0.160859701689333,0.6558720797766,0.277721954975277,0.852753191720694,0.0421428922563791,0.641966359457001,0
0.575143726542592,0.575700824847445,0.303181840339676,0.295265934430063,0.92637578677386,0.873501502210274,0.533872127300128,0.0348841962404549,0.71651639486663,0.859278856310993,0
0.118137612007558,0.919754194561392,0.594397142063826,0.937986768782139,0.716686551226303,0.188779536867514,0.49314399366267,0.474437735276297,0.9160298735369,0.695412972709164,0
0.510767484316602,0.947682992788032,0.784503404283896,0.63837595237419,0.444710275623947,0.206989221507683,0.954536737408489,0.443943326361477,0.421588096069172,0.627764372620732,0
0.735866663977504,0.277297920314595,0.819886205019429,0.778932388173416,0.497648731339723,0.419846753124148,0.886666307691485,0.358145204139873,0.454558990197256,0.698995377635583,0
0.320867404807359,0.449408557265997,0.932311594486237,0.785779192578048,0.740427632583305,0.136154303560033,0.384207904338837,0.950023701181635,0.602398275164887,0.665584390284494,0
0.183260785415769,0.116287928307429,0.77209592377767,0.917443856131285,0.7482108627446,0.735082011437044,0.340803716564551,0.139453556155786,0.766530323307961,0.691374481189996,0
0.75414405297488,0.493393371580169,0.247779477620497,0.471366293495521,0.755172537406906,0.849775184411556,0.587609318550676,0.9846744062379,0.810534744057804,0.702300821430981,0
0.107605224009603,0.410848885774612,0.675439736573026,0.493906493298709,0.446328039513901,0.731955324299634,0.475006979191676,0.434861628804356,0.597389335045591,0.563347734045237,0
0.771778448950499,0.67760642664507,0.920399848138914,0.504898904822767,0.815686363028362,0.300889221485704,0.774973178748041,0.010375092504546,0.565943334484473,0.93214634549804,0
0.220046584261581,0.559464801568538,0.737603111658245,0.532930311048403,0.888169801328331,0.80947287613526,0.597391026327386,0.335087912622839,0.803486875724047,0.196744872955605,0
0.593891005264595,0.828174229944125,0.0883526436518878,0.495381686137989,0.20251676812768,0.403075882233679,0.897458798717707,0.308577648829669,0.308282642392442,0.183903301833197,0
0.3104176314082,0.653933750232682,0.0686775862704962,0.34857326047495,0.710463695926592,0.0363644270692021,0.715520542813465,0.982624867931008,0.623465195531026,0.589289662661031,0
0.149815875571221,0.544159753015265,0.263535730540752,0.0237581504043192,0.705924259033054,0.76027216669172,0.347354650031775,0.708950550993904,0.858591133728623,0.69535560416989,0
0.500060594407842,0.89329361403361,0.882254958385602,0.40486802184023,0.0288709225133061,0.247249809326604,0.287516924552619,0.408146407222375,0.45572933414951,0.941699147690088,0
0.441392214968801,0.881024778587744,0.209183314815164,0.121615519281477,0.44687360455282,0.80608711601235,0.59981821058318,0.135680013336241,0.329908273881301,0.401824414730072,0
0.249153633136302,0.12193267699331,0.421981550520286,0.098767661023885,0.917578915134072,0.700442557921633,0.407621120102704,0.984258195152506,0.501989520620555,0.563374569173902,0
0.736632116371766,0.778473467798904,0.677692126948386,0.826359237078577,0.747069812379777,0.717659794259816,0.965128215029836,0.740922413999215,0.267745795892552,0.683724954258651,0
0.0296122147701681,0.780163303948939,0.652574145933613,0.264805749524385,0.577024386497214,0.877839221386239,0.173655507387593,0.619626290397719,0.565143813379109,0.956374769797549,0
0.792061039013788,0.895146433031186,0.781760830665007,0.566388201899827,0.314714338164777,0.695583573775366,0.609276551753283,0.648386947344989,0.281652787700295,0.532500570174307,0
0.119470781413838,0.883528340840712,0.463771940674633,0.666215776233003,0.212074488867074,0.139526091981679,0.125154612120241,0.614213122520596,0.45839259121567,0.35677191358991,0
0.212752410210669,0.484050214057788,0.630680701462552,0.712346761254594,0.400966500630602,0.193299843696877,0.499786835629493,0.628558520460501,0.318214893341064,0.119646820705384,0
0.641857841284946,0.509453312959522,0.372887934558094,0.0922779988031834,0.415920428931713,0.4951948877424,0.0274236034601927,0.445133619010448,0.292520936811343,0.777703571366146,0
0.184661839623004,0.996823024004698,0.710171811049804,0.492474802769721,0.972068140981719,0.753720595734194,0.992133426247165,0.991574655519798,0.99836980458349,0.793752848403528,0
0.0660374939907342,0.606055428273976,0.995301987277344,0.881475943606347,0.717569631990045,0.17161578615196,0.946868719533086,0.0751707737799734,0.448737004771829,0.857083012117073,0
0.149564272724092,0.537681314628571,0.15594549337402,0.758529357844964,0.988329596817493,0.0142628652974963,0.154082890134305,0.348283224040642,0.661908095702529,0.699543717084453,0
0.083422667812556,0.304056281456724,0.197819606168196,0.442885382566601,0.525644637644291,0.910785533720627,0.785775123396888,0.0420410104561597,0.307131794514135,0.0931516592390835,0
0.421419812366366,0.350028440821916,0.775328972842544,0.655535898171365,0.77520717214793,0.842918569687754,0.463221749057993,0.601115011842921,0.471546573797241,0.174009909387678,0
0.415778304683045,0.559441602090374,0.890070310560986,0.192151363240555,0.540230940794572,0.0650584443937987,0.838734081480652,0.238853001501411,0.207341604866087,0.114829717436805,0
0.795374170411378,0.282547979848459,0.000211998354643583,0.289839535020292,0.123036481905729,0.195929079549387,0.888992439489812,0.0933045633137226,0.557825991418213,0.831525709247217,0
0.376096562249586,0.307429630775005,0.560466529801488,0.425778372446075,0.938293951796368,0.755167443305254,0.289063350763172,0.845823453972116,0.319946849253029,0.992599073098972,0
0.956060191383585,0.410737632773817,0.317533778492361,0.935045059071854,0.791639755712822,0.370104664936662,0.333377320785075,0.906649180455133,0.75072376569733,0.0324198235757649,0
0.0357569390907884,0.971194840501994,0.469317020615563,0.327189028728753,0.87638733512722,0.60900094686076,0.143355682259426,0.932694774121046,0.847713680937886,0.11983955395408,0
0.501238047610968,0.870915576117113,0.572281395317987,0.927318589296192,0.407490344485268,0.364845625590533,0.85956718120724,0.0371422921307385,0.498863965971395,0.721804299158975,0
0.513096955604851,0.373476226814091,0.847261981572956,0.985216694651172,0.648968241177499,0.551039939746261,0.434925102163106,0.244152849540114,0.832388718146831,0.0365875228308141,0
0.0668394863605499,0.163705099141225,0.82789856242016,0.359834999777377,0.487245387164876,0.771620423067361,0.282255028840154,0.653567546978593,0.537513157818466,0.0818169775884598,0
0.19891185965389,0.393671452766284,0.613053176784888,0.41543889651075,0.820383732672781,0.226310530211776,0.273372694849968,0.0252296158578247,0.943086794577539,0.534555971389636,0
0.191294054500759,0.0752602841239423,0.212028729030862,0.772632845444605,0.703738691285253,0.40854376880452,0.0799513072706759,0.592380699468777,0.564666779944673,0.71170898526907,0
0.847613076912239,0.566015204647556,0.0867556715384126,0.0573101348709315,0.91823307890445,0.387865205993876,0.312305115163326,0.457156799500808,0.568748686928302,0.651549959788099,0
0.581742093898356,0.0802961867302656,0.342220019316301,0.743379087653011,0.821039794711396,0.665869247633964,0.509753551101312,0.95495979511179,0.287201342405751,0.438689619069919,0
0.0619624564424157,0.472775044152513,0.522166766226292,0.664709239033982,0.419104660861194,0.408456607488915,0.622874432941899,0.72783762589097,0.186463338788599,0.54673987114802,0
0.353036506799981,0.575607862789184,0.00712083862163126,0.073530386434868,0.85413492238149,0.878888953942806,0.462624753592536,0.0769532253034413,0.185902037657797,0.397041517775506,0
0.34187130513601,0.556750033516437,0.37562208622694,0.382157226325944,0.98364753369242,0.70452480413951,0.887477551819757,0.81738442927599,0.720888297073543,0.791404096409678,0
0.885112314485013,0.44390000263229,0.969356800196692,0.469525655033067,0.503499618265778,0.713401432149112,0.826894962694496,0.491781919263303,0.948070326354355,0.157090009422973,0
0.506518510403112,0.952938654925674,0.919978994410485,0.807306774193421,0.302130886586383,0.602996787521988,0.904005842516199,0.652740131597966,0.0718712941743433,0.34402905148454,0
0.903302678605542,0.188857592875138,0.478869462152943,0.958895730786026,0.831469550030306,0.473095135996118,0.0355581052135676,0.845717120682821,0.960807462455705,0.832833199296147,0
0.349863167153671,0.560063857585192,0.950071372324601,0.673083251342177,0.488226747373119,0.94113593432121,0.97802786482498,0.285937420791015,0.780950107611716,0.428205533185974,0
