"1","2","3","4","5","6","7","8","9","10","class"
0.946834766073152,0.0650960605125874,0.823541003512219,0.921489616157487,0.964196274522692,0.470124022103846,0.929775695549324,0.69591395673342,0.593095458578318,0.935468661831692,0
0.196994446713757,0.989231909031607,0.540033588651568,0.476118531776592,0.213609509402886,0.353927986230701,0.115657110000029,0.289125285111368,0.770561503712088,0.00332733895629644,0
0.645538704702631,0.582474382361397,0.0975793171674013,0.656437451951206,0.670326996361837,0.29782579629682,0.285848113708198,0.0980329134035856,0.511034289374948,0.0218555191531777,0
0.501727486351412,0.791716026100237,0.928119949763641,0.585181479342282,0.4315245738253,0.382995478343219,0.0165075699333102,0.835112666944042,0.557595768710598,0.557490731822327,0
0.197480359114707,0.369994221720845,0.823597885668278,0.109938067151234,0.597187417792156,0.0208540516905487,0.379976456286386,0.0681192688643932,0.569117070175707,0.389918765053153,0
0.331409240607172,0.221276508877054,0.196455052355304,0.653085541445762,0.302170902956277,0.405659353127703,0.37372090225108,0.358854292659089,0.884643353521824,0.171034947969019,0
0.196238382952288,0.0422616365831345,0.274625760503113,0.154093893943354,0.391582880634815,0.63116020988673,0.287967720301822,0.683439437299967,0.280090724350885,0.751484383828938,0
0.544825193705037,0.235411252360791,0.596981507260352,0.243974540382624,0.882191801909357,0.432984186103567,0.0856573469936848,0.386082812212408,0.258227961836383,0.422230304917321,0
0.247050266014412,0.0119342438410968,0.594862381694838,0.709968470968306,0.824391550850123,0.217276307987049,0.560773539356887,0.944779792334884,0.00284984475001693,0.865798596059904,0
0.576043395558372,0.2429580448661,0.730554417707026,0.246140300296247,0.906675838166848,0.662314188666642,0.408988799434155,0.497414760524407,0.697560543660074,0.0326964403502643,0
0.362487790407613,0.158279163530096,0.0310750973876566,0.863279225071892,0.630850451532751,0.669527942081913,0.861696609994397,0.54990216344595,0.190113894175738,0.975152702769265,0
0.364757681726012,0.819015693777706,0.115780297201127,0.801125432597473,0.645151030737907,0.0669588332530111,0.866522829513997,0.839825456961989,0.384454346029088,0.800019439542666,0
0.431918050906062,0.382061895506829,0.978527198778465,0.299754902021959,0.756245222641155,0.875487374374643,0.567380762891844,0.702481572050601,0.336572658037767,0.28911014017649,0
0.393817294534296,0.575267322901264,0.0359289089683443,0.716642905026674,0.343978494638577,0.865642195101827,0.68085954640992,0.167314548976719,0.15190071798861,0.482200894737616,0
0.391421636394411,0.777513982224837,0.657055572606623,0.190362975466996,0.718749736435711,0.0625773011706769,0.557116047712043,0.661773087922484,0.631399089703336,0.146045870147645,0
0.609882289086003,0.535447062307037,0.249317500041798,0.90627590729855,0.0594442111905664,0.333326412597671,0.410528759704903,0.640415088273585,0.343675685115159,0.0589850093238056,0
0.689049924258143,0.948871679836884,0.199933493277058,0.169373084325343,0.38553708489053,0.100110604194924,0.696934494422749,0.405850066803396,0.27657659468241,0.985099801328033,0
0.463012824533507,0.408197873737663,0.646756419911981,0.0273970677517354,0.174974810099229,0.770395509898663,0.296721101272851,0.710189784411341,0.0145014766603708,0.967863402795047,0
0.428086194675416,0.137650057906285,0.514267889084294,0.969010365428403,0.717924416763708,0.0213092977646738,0.983747747028247,0.183396922191605,0.329071295680478,0.646250891266391,0
0.883289826568216,0.857744585024193,0.244897985365242,0.147769405972213,0.887553444830701,0.703129631699994,0.969572035362944,0.915870153112337,0.587538739433512,0.570309825008735,0
0.25480115506798,0.555355999153107,0.392240633489564,0.959744068328291,0.319869524100795,0.927787445718423,0.928188262972981,0.0824609654955566,0.401407138444483,0.785596637055278,0
0.564821606967598,0.771426391554996,0.0588528376538306,0.835653239861131,0.69627640908584,0.489458886906505,0.458697761874646,0.946055662352592,0.431435935897753,0.890342324972153,0
0.71825163234286,0.83348337164484,0.52526395348832,0.0464071615133435,0.634251505834982,0.814772490411997,0.322557870531455,0.226808511884883,0.230683668283746,0.501266248524189,0
0.591225431067869,0.468865973642096,0.0928878888953477,0.397662910399958,0.507318890187889,0.457838860573247,0.450067180674523,0.814633127767593,0.0326069358270615,0.838822918245569,0
0.32186422124505,0.197415675967932,0.152017095359042,0.468480416340753,0.460635436698794,0.246054940391332,0.836996011668816,0.990588777000085,0.766678324434906,0.533403903245926,0
0.838069924386218,0.384837151505053,0.034239923581481,0.166646561119705,0.689268891233951,0.657111980486661,0.779408818110824,0.998120933305472,0.131505395052955,0.0271206139586866,0
0.598931505111977,0.881496096029878,0.365320888115093,0.462692009517923,0.621183989103884,0.873273408040404,0.215297215851024,0.899521795567125,0.116318938322365,0.0657916783820838,0
0.486518271189462,0.531939633559063,0.510929993819445,0.733060042839497,0.603839580202475,0.239796372596174,0.844031187007204,0.200111042475328,0.241998969810084,0.855808991240337,0
0.787623049225658,0.231315332464874,0.236198785714805,0.661648520734161,0.218260018387809,0.138165560318157,0.0359497843310237,0.52992847468704,0.234097333159298,0.392991891130805,0
0.662285514175892,0.0834863046184182,0.348025014391169,0.064420502865687,0.0608000590000302,0.0315959516447037,0.215626554330811,0.537891331594437,0.0702360216528177,0.447399033233523,0
0.84440392688103,0.66383121923171,0.566614913521335,0.908441136125475,0.483140765223652,0.780041420366615,0.83105286792852,0.76928085857071,0.119499938096851,0.0662911315448582,0
0.690911573590711,0.884861873462796,0.359123181086034,0.521995373768732,0.297307725995779,0.890854894416407,0.373814000748098,0.494494851445779,0.422896925359964,0.0768019454553723,0
0.741520195966586,0.0477145723998547,0.812079237308353,0.567328558070585,0.0691462778486311,0.765223217196763,0.864001333480701,0.656806294573471,0.438032879959792,0.309122442267835,0
0.449737758608535,0.306964684510604,0.707518127979711,0.211660359986126,0.0850886509288102,0.460712000029162,0.165825926000252,0.245361093897372,0.675077272579074,0.683945143129677,0
0.686625918839127,0.81448940327391,0.384371095802635,0.409517915220931,0.984258118551224,0.780802145367488,0.365419060690328,0.887236665235832,0.946032684063539,0.347465587547049,0
0.436173243448138,0.387402614811435,0.785275008995086,0.880391368642449,0.506152448011562,0.35737620992586,0.493922631023452,0.350621989928186,0.653256706194952,0.138857880141586,0
0.768095244704373,0.253294682358205,0.769512639380991,0.623696519993246,0.619695774279535,0.912416709121317,0.810306163271889,0.996222198242322,0.584697899641469,0.558730026474223,0
0.113011105218902,0.97162507311441,0.560482328757644,0.176077910233289,0.0327047500759363,0.0176453436724842,0.609517480246723,0.487499803770334,0.770714974729344,0.282569244736806,0
0.720119758056104,0.134213217216358,0.0962909520603716,0.0243277377448976,0.605182682396844,0.00786202517338097,0.899310056818649,0.318118026247248,0.824466580525041,0.733695827424526,0
0.516883195843548,0.452246624976397,0.861038611968979,0.188924733549356,0.695409172447398,0.904723862186074,0.471778677776456,0.14226338500157,0.793154035462067,0.155188517877832,0
0.139466475928202,0.142541715176776,0.23404258559458,0.764176692347974,0.481801144313067,0.678446332691237,0.747907601064071,0.0391378113999963,0.362955400487408,0.576775226276368,0
0.148391497088596,0.837882524589077,0.704278194345534,0.609661706723273,0.684498783200979,0.232771703973413,0.173214949201792,0.519569319207221,0.507436491781846,0.00598858180455863,0
0.433850596658885,0.305768585996702,0.638108645332977,0.0355862220749259,0.168019544100389,0.607963136164472,0.863919723313302,0.827812746632844,0.809537454508245,0.559121800586581,0
0.729111389955506,0.430317861028016,0.524139022920281,0.2259950642474,0.333432044135407,0.373892806004733,0.432251639897004,0.722480064956471,0.0743627792689949,0.663144773105159,0
0.412976316365786,0.330354347922467,0.473793683107942,0.872076521860436,0.0416240415070206,0.837403301149607,0.524472271790728,0.188384476816282,0.410950011573732,0.863570972112939,0
0.864654442761093,0.0608584198635072,0.176833690376952,0.282509027048945,0.379993592156097,0.377681243931875,0.213188868714496,0.165648302296177,0.33331327047199,0.449234283529222,0
0.580281314905733,0.736492456868291,0.643967848503962,0.417457908624783,0.466616132063791,0.532604147680104,0.0506109816487879,0.00855865981429815,0.133242174750194,0.831837081816047,0
0.627478525042534,0.382303962949663,0.199422669829801,0.0654340060427785,0.199691114015877,0.463508433196694,0.89159055124037,0.198151403106749,0.563368967035785,0.594545634230599,0
0.349739844041877,0.18112170830518,0.358705746941268,0.307924310211092,0.935140810674056,0.550189455738291,0.40562856476754,0.274148620199412,0.0733914657030255,0.110399004770443,0
0.92989062028937,0.703274828149006,0.953900984022766,0.555333908647299,0.366778511088341,0.865102825453505,0.81580550619401,0.577530283248052,0.778399793198332,0.146172511158511,0
0.974217958981171,0.727799494052306,0.919528446625918,0.441137325484306,0.483182815602049,0.474786227103323,0.893845395883545,0.765637542586774,0.355560917174444,0.605465844506398,0
0.760767173254862,0.964853198733181,0.496800464577973,0.704691830324009,0.239313005935401,0.782267696922645,0.992356420261785,0.586828915402293,0.850355549715459,0.573815966956317,0
0.655487698502839,0.702638099202886,0.233334600459784,0.301671019289643,0.566464386414737,0.562833770178258,0.639733917545527,0.321277881274,0.512060986133292,0.452716391533613,0
0.241078548599035,0.960814092773944,0.673660454340279,0.960656325798482,0.862099719699472,0.777713726274669,0.309151740511879,0.899645903613418,0.949373282492161,0.896911719581112,0
0.172651986824349,0.104181845439598,0.845664138440043,0.359059921931475,0.800608596531674,0.448242340236902,0.411447093589231,0.249379409709945,0.487241633236408,0.98891663714312,0
0.139394469559193,0.651274537667632,0.454944795463234,0.110332993790507,0.930764629039913,0.318978267489001,0.772885971004143,0.792703174287453,0.382115859538317,0.699010365642607,0
0.739872364094481,0.4143968350254,0.258796438574791,0.655219831969589,0.0119294088799506,0.0716298173647374,0.402805980527773,0.299738178262487,0.226245440077037,0.928140588104725,0
0.846578639233485,0.602679382776842,0.9217953174375,0.379444925347343,0.679767177440226,0.0294269991572946,0.0308947558514774,0.625830693403259,0.672036913223565,0.0332056030165404,0
0.67267867872715,0.235964487943053,0.391361986752599,0.594691901700571,0.276734858751297,0.994678832357749,0.395736564416438,0.603127026231959,0.11694444832392,0.0694578536786139,0
0.279432907002047,0.817267522215843,0.532259669620544,0.886450603837147,0.58156067179516,0.639204559847713,0.904160823207349,0.358246462419629,0.119642531266436,0.555702352896333,0
0.664589455584064,0.553717076545581,0.24415547423996,0.513925008010119,0.0689584438223392,0.807438689516857,0.523061660816893,0.573702424066141,0.247613213257864,0.283751857234165,0
0.87698215036653,0.321503925835714,0.530287347733974,0.197282081237063,0.99498692410998,0.688226972939447,0.184812374413013,0.15738161187619,0.853579550981522,0.891716590849683,0
0.108102151192725,0.798378210980445,0.0874667586758733,0.632966865552589,0.852622798876837,0.445931416004896,0.211902003036812,0.1416136987973,0.00736703770235181,0.850340553559363,0
0.400900311964657,0.43218537514871,0.444773831404746,0.214388220338151,0.209315846674144,0.347824548371136,0.933110118610784,0.678685701917857,0.207618305226788,0.433048003120348,0
0.732127964263782,0.806901677977294,0.156284568132833,0.707404722459614,0.0649330825544894,0.552872318541631,0.0886124516837299,0.526503809029236,0.365123383933678,0.188114288495854,0
0.267412207089365,0.488723376067355,0.17449969262816,0.117304638959467,0.995463115163147,0.547839537961408,0.305396999698132,0.855788740329444,0.178070821566507,0.649292119545862,0
0.579880226636305,0.196032457984984,0.7447310956195,0.794934277422726,0.570106775732711,0.935314654139802,0.475677587557584,0.11170557141304,0.91029461263679,0.0440472844056785,0
0.77841270621866,0.306802826933563,0.0290410439483821,0.634422389324754,0.181237559765577,0.57286643027328,0.656084335641935,0.600667903432623,0.477078909287229,0.470609481213614,0
0.0153631262769923,0.917010997793078,0.608573921956122,0.932208254234865,0.786068988963962,0.886509996140376,0.786361569538713,0.703068792354316,0.294748151442036,0.119185934076086,0
0.99567840481177,0.0874983691610396,0.260417870711535,0.294052616460249,0.228118915809318,0.112800309201702,0.768423199187964,0.554639341076836,0.316516284830868,0.954665322089568,0
0.684255799511448,0.560006336076185,0.261317420285195,0.29035284742713,0.543443616712466,0.517972251167521,0.852346985600889,0.96272109169513,0.115746405441314,0.330539608839899,0
0.638871192000806,0.313165829516947,0.628584044985473,0.407314046984538,0.936623921850696,0.0424592571798712,0.0391785711981356,0.671220249030739,0.328349593095481,0.640934756258503,0
0.936531288782135,0.893897836096585,0.292362554231659,0.428115842863917,0.809574712533504,0.250476438552141,0.580280994763598,0.373221193440259,0.388118589762598,0.196262002689764,0
0.256290815072134,0.625332513591275,0.596173071535304,0.144324835157022,0.522161032538861,0.24074980057776,0.847570281941444,0.826101264217868,0.487175880465657,0.293375907000154,0
0.163033711723983,0.318523809313774,0.606879030587152,0.572529825149104,0.831172606907785,0.44238929823041,0.0754656626377255,0.468642809428275,0.535997419385239,0.241416385630146,0
0.0704058718401939,0.0884708317462355,0.672308692708611,0.704330767737702,0.233116024639457,0.274752938654274,0.0194187383167446,0.0833750427700579,0.184031341224909,0.421049416996539,0
0.331945374142379,0.487513533560559,0.538675067713484,0.559383675921708,0.717187198810279,0.155091277556494,0.292612961027771,0.687972492072731,0.53961636684835,0.982968347845599,0
0.912261457415298,0.11603276594542,0.845050425035879,0.532423051772639,0.0877471333369613,0.87384749087505,0.352467566728592,0.222519057802856,0.536807524040341,0.525621067499742,0
0.714940109057352,0.229177282191813,0.994410926476121,0.373647197615355,0.493088428629562,0.223373719956726,0.90537899849005,0.289783879648894,0.698811013251543,0.421512385830283,0
0.756799556082115,0.682357476092875,0.373594790697098,0.852582956198603,0.10940306331031,0.739582827780396,0.51650828984566,0.727654485497624,0.972265026997775,0.593649095389992,0
0.462704211007804,0.505456130253151,0.458199978340417,0.65716278553009,0.0425251282285899,0.921310583129525,0.605284264776856,0.712723879376426,0.100646762410179,0.523126573301852,0
0.721198988698796,0.243974532178417,0.763563714455813,0.924124312354252,0.299387899693102,0.144992988090962,0.844314846443012,0.141931621357799,0.426329950336367,0.0867304995190352,0
0.530534187098965,0.775756267132238,0.510101109510288,0.280883530154824,0.525686784414575,0.216626461129636,0.0853023680392653,0.255399503279477,0.220317225437611,0.206415065098554,0
0.544369943172112,0.563905604442582,0.33012005360797,0.01512490818277,0.906306010438129,0.284392427187413,0.321059013251215,0.994492673547938,0.867103388532996,0.208813975332305,0
0.765191041330248,0.309353741594404,0.620729767717421,0.543353416956961,0.439573142910376,0.143625817727298,0.168164394795895,0.742653975030407,0.291705554351211,0.142474156571552,0
0.887374745449051,0.176056853495538,0.270810638787225,0.367622748715803,0.682019128464162,0.769557349383831,0.00207581440918148,0.822664316510782,0.101072101388127,0.334878790890798,0
0.747871702769771,0.684606319060549,0.0454476177692413,0.132108036894351,0.711472340626642,0.209729718277231,0.096953961532563,0.76545357867144,0.382590919733047,0.498031930299476,0
0.888032024493441,0.183387509547174,0.17384725343436,0.661685711704195,0.335303404834121,0.617919691838324,0.495897812070325,0.22087842063047,0.575557162053883,0.367669300641865,0
0.225881949067116,0.227285601897165,0.349329678341746,0.305110227083787,0.746622135164216,0.89808706799522,0.23641355196014,0.300829083891585,0.906308154342696,0.667783652432263,0
0.147990895234048,0.61417753671445,0.217752723954618,0.413079059682786,0.0323570487089455,0.740097898989916,0.192566827405244,0.805638438556343,0.222763155587018,0.020910857943818,0
0.195858219638467,0.38004539674148,0.0304413922131062,0.491686408407986,0.418956920271739,0.773174782982096,0.335407068720087,0.588131352327764,0.33315851772204,0.376443281304091,0
0.265051180263981,0.552935000974685,0.281994968885556,0.356771340593696,0.582005198579282,0.283588534453884,0.474984327796847,0.0468147455248982,0.561197231989354,0.508591391844675,0
0.0478899695444852,0.237402501748875,0.345829492202029,0.92470406065695,0.590490060392767,0.0717401872389019,0.459412528667599,0.301557674072683,0.156902371440083,0.314639183459803,0
0.331809103023261,0.618771559558809,0.824562386143953,0.654642840614542,0.0222393153235316,0.804353466955945,0.614244902040809,0.921404908178374,0.443708593491465,0.147209394723177,0
0.775862243259326,0.343771380139515,0.211715839570388,0.594792452640831,0.0488139293156564,0.907787906704471,0.250248146941885,0.919919635169208,0.210370750166476,0.950805766740814,0
0.332686220528558,0.484917037421837,0.580224052537233,0.649097935296595,0.0130916638299823,0.703821047907695,0.863874604459852,0.289056062465534,0.113290696870536,0.73673185845837,0
0.131256039012596,0.336646376359463,0.822845644317567,0.281096161808819,0.816306378925219,0.873755816370249,0.795568148605525,0.848076821304858,0.486696453066543,0.398649039911106,0
0.45858430932276,0.389632798731327,0.830392129719257,0.587579576997086,0.623965834267437,0.260479421122,0.0532810233999044,0.981673966627568,0.765400064177811,0.12256071367301,0
0.213991082273424,0.460831956472248,0.87059518462047,0.86835825885646,0.909042961429805,0.282409835839644,0.150874223792925,0.384045994374901,0.205953573808074,0.0063778783660382,0
0.881813585758209,0.804465045686811,0.661409952444956,0.332228263374418,0.343842474045232,0.163431188557297,0.0259278691373765,0.385373644297943,0.0284774450119585,0.82606083387509,0
