"1","2","3","4","5","6","7","8","9","10","class"
0.185695036081597,0.866095524281263,0.577510139672086,0.482723154360428,0.841725037433207,0.903099267510697,0.94163434766233,0.790913438191637,0.326080500381067,0.823711625533178,0
0.448594125453383,0.512015007669106,0.533228614367545,0.974872378166765,0.298609886318445,0.414924293989316,0.598260075086728,0.122447698377073,0.856161755276844,0.979997597169131,0
0.836882468312979,0.938192093744874,0.374940391862765,0.182168542873114,0.272226810455322,0.800062049180269,0.682486081728712,0.555852148681879,0.525551414582878,0.793658280046657,0
0.683891026854701,0.601401089372765,0.41067156731151,0.401130268350244,0.689374365611002,0.93523230520077,0.476728373439983,0.277525446610525,0.749701893189922,0.353417369769886,0
0.737218305235729,0.375473156338558,0.552590476116166,0.342802284285426,0.553171741310507,0.0620281975716352,0.592733599012718,0.454488846939057,0.341999375261366,0.698002086253837,0
0.677882760995999,0.407225060276687,0.90511249168776,0.511723471805453,0.208320777863264,0.626902526477352,0.040770763065666,0.332613647682592,0.943500286433846,0.0181244108825922,0
0.290301102504507,0.450144651285186,0.490168523509055,0.499215819640085,0.334853412117809,0.849796677241102,0.645620079012588,0.73414399381727,0.76280028023757,0.69233158393763,0
0.546923239948228,0.726565459743142,0.29578746529296,0.207706057932228,0.848274707095698,0.949824459850788,0.756219914881513,0.59105286677368,0.774401960661635,0.621206445153803,0
0.0813327737685293,0.112886847670749,0.413638779195026,0.594253215473145,0.854998005321249,0.177297016372904,0.67047845153138,0.452446625567973,0.744183139875531,0.23656067927368,0
0.629251228645444,0.521646287525073,0.761048324406147,0.973353877663612,0.872760542202741,0.398952659917995,0.344445453025401,0.558784836437553,0.997432217234746,0.176779826637357,0
0.162298753518611,0.942745461629704,0.149156116880476,0.344216043595225,0.296753484522924,0.718675975920632,0.32834602938965,0.898255130043253,0.0110215023159981,0.548523688921705,0
0.80172255425714,0.131907792761922,0.133374080993235,0.596330544911325,0.6621711733751,0.721586876083165,0.515039275866002,0.216927217319608,0.646083382656798,0.264775806106627,0
0.0950648818174377,0.992737179242633,0.306834844639525,0.814726538257673,0.891321577364579,0.0814775465987623,0.397832865128294,0.941488209646195,0.0898010083474219,0.817550438223407,0
0.377806268238183,0.560523387683462,0.413549128687009,0.327449964126572,0.126868117367849,0.834404377033934,0.77589301741682,0.0923258140683174,0.0449771222192794,0.0842042253352702,0
0.582657097129896,0.560442312918231,0.727458718465641,0.928703674580902,0.446144253248349,0.795309702632949,0.206984492018819,0.05449731904082,0.447202029637992,0.715619640657678,0
0.174199874318205,0.62676865112083,0.781125460052863,0.705173172056675,0.228970625204965,0.984870262444019,0.70156438392587,0.766095503466204,0.278111833147705,0.105396771105006,0
0.143484987793677,0.301386580644362,0.411373414099216,0.886176827130839,0.421106671914458,0.0688310426194221,0.203375578625128,0.628108552657068,0.172700410243124,0.562741643749177,0
0.571096068480983,0.590930632548407,0.54338225023821,0.939372132066637,0.829888879088685,0.675374765181914,0.325675673782825,0.429529713233933,0.262500317767262,0.246614595176652,0
0.721993099759892,0.865065916103497,0.428545482689515,0.919969614595175,0.951802391093224,0.942251041065902,0.306241452693939,0.75169886299409,0.522836350137368,0.419802783289924,0
0.289231122875959,0.239778090014309,0.434150828281417,0.510852429782972,0.0225139588583261,0.777230906998739,0.166587793733925,0.311405426822603,0.710544173838571,0.221739609725773,0
0.87033330835402,0.268581528449431,0.590483174659312,0.650395109318197,0.855583749245852,0.241945764515549,0.163340363884345,0.448386904550716,0.42588677094318,0.534859084757045,0
0.791119628120214,0.299381272401661,0.1522082448937,0.55318186734803,0.131797680398449,0.549461499555036,0.474424058804289,0.25154612516053,0.669119878206402,0.692765157902613,0
0.334133695880324,0.737953459872305,0.777406602399424,0.721816792618483,0.73568790499121,0.119850080693141,0.0577628505416214,0.946828282671049,0.672368521569297,0.0333193470723927,0
0.18199864635244,0.172946789301932,0.698021433549002,0.82152108498849,0.0716990435030311,0.79272479028441,0.555874933023006,0.33564399718307,0.733562376582995,0.674374502617866,0
0.88703114236705,0.897978127002716,0.158494295319542,0.184039912885055,0.340194559888914,0.431886601028964,0.857047978322953,0.351098058512434,0.993511646054685,0.279315864434466,0
0.849051363409963,0.973664197504986,0.258360699983314,0.790794024476781,0.0670094359666109,0.820356556447223,0.634270454058424,0.584611922968179,0.47878953604959,0.533825771417469,0
0.583162119060755,0.397792192995921,0.203595572849736,0.806553768459707,0.673732794821262,0.45787507109344,0.445085617247969,0.972782622789964,0.986792849842459,0.736238604411483,0
0.512076803054847,0.588405786705762,0.813396974699572,0.38126859953627,0.134959361515939,0.548941850429401,0.568014621036127,0.432629770366475,0.604648462263867,0.383419875521213,0
0.2849023968447,0.303878132952377,0.451676284661517,0.618507585022599,0.601454448420554,0.289610174950212,0.136632120935246,0.233891371870413,0.374320843024179,0.288435795810074,0
0.768386179348454,0.87906450079754,0.0209711170755327,0.450751523952931,0.661151169333607,0.68985878303647,0.327112051891163,0.155869568698108,0.0269633226562291,0.796165520325303,0
0.206494255689904,0.808202113723382,0.178734696935862,0.0194892582949251,0.512723608873785,0.609054133063182,0.932883934583515,0.754992455709726,0.717380461050197,0.3649984204676,0
0.368818584356736,0.372276351158321,0.970725478837267,0.926011013565585,0.775888710049912,0.331232907483354,0.796844667987898,0.920124494004995,0.857503647683188,0.383311998099089,0
0.425291347317398,0.26178813772276,0.435569762019441,0.473541018087417,0.316570516908541,0.820231247227639,0.05004305485636,0.186729104956612,0.0743300719186664,0.319704038789496,0
0.525723530660477,0.473711896068789,0.923806956969202,0.254188191378489,0.2863204611931,0.85121848504059,0.234717243816704,0.665112620219588,0.383832766674459,0.691880567697808,0
0.874477916164324,0.299102992285043,0.579007366904989,0.262156074400991,0.387599533423781,0.685280011733994,0.664025254780427,0.260610030265525,0.503107642289251,0.938293521525338,0
0.628194405697286,0.282785729970783,0.398648703936487,0.185034121619537,0.479246773989871,0.183346706442535,0.611546075902879,0.483822338283062,0.155208062846214,0.327475510770455,0
0.447123913560063,0.685176715021953,0.364757956936955,0.920919249765575,0.546505779959261,0.372738235164434,0.945133473956957,0.793356778565794,0.792760500917211,0.928987720282748,0
0.788335889577866,0.222148265689611,0.126425492344424,0.540160421282053,0.671889054356143,0.733284787274897,0.423590312246233,0.011523905210197,0.764303633011878,0.857377814827487,0
0.22046354576014,0.947074096417055,0.133509382139891,0.530452821869403,0.444266352336854,0.626905377022922,0.173286867095158,0.870347070274875,0.981909007532522,0.189726055366918,0
0.843342064060736,0.875611589306593,0.98168427310884,0.326730818254873,0.551404647063464,0.4895295498427,0.721910411724821,0.389853753848001,0.375712907407433,0.706401497824118,0
0.230885928496718,0.240905377548188,0.0156498996075243,0.388257529586554,0.517735731089488,0.597281397785991,0.570010313531384,0.566787017742172,0.454471464734524,0.928954234579578,0
0.580257211346179,0.267793043050915,0.238546890672296,0.449793171836063,0.517033284762874,0.791434508282691,0.495539760915563,0.175210755784065,0.388685391983017,0.560442925198004,0
0.887503264239058,0.139476631302387,0.697915054159239,0.204779213061556,0.512943505542353,0.725741188041866,0.417542245937511,0.994512717938051,0.238658350193873,0.487185213016346,0
0.362695745298546,0.342874631461222,0.0415781910996884,0.596017236588523,0.517106679501012,0.988650394836441,0.814999746158719,0.841191412648186,0.262922131223604,0.649300720309839,0
0.135963020825945,0.911095249214955,0.152086111949757,0.228376785991713,0.7229679657612,0.944015001645312,0.953050281619653,0.582804970676079,0.692912210943177,0.564148453995585,0
0.323245674371719,0.276920492295176,0.205595351057127,0.692511620931327,0.123771517071873,0.0229497281834483,0.120555869070813,0.547124513192102,0.554451061412692,0.123927385080606,0
0.835052891634405,0.721055417554453,0.777167103253305,0.789114746497944,0.674021515296772,0.00756431045010686,0.286711918422952,0.538467954378575,0.232222695369273,0.0597108285874128,0
0.597896534950659,0.432936748460866,0.335280099650845,0.00493795261718333,0.807207400212064,0.808007362764329,0.25127460504882,0.429865831043571,0.873673089779913,0.960162193281576,0
0.817040049345791,0.289674438174069,0.445929155452177,0.303802261361852,0.710123556666076,0.417083721142262,0.616095719160512,0.567864361684769,0.177705381764099,0.911686873296276,0
0.195485207485035,0.981133778579533,0.148377374513075,0.228957916144282,0.103998930891976,0.253258610144258,0.883627617266029,0.481687619816512,0.354097942821681,0.225795295322314,0
0.981474044760689,0.888369959071279,0.590456072241068,0.167461544042453,0.346255725249648,0.980954655446112,0.534718570765108,0.901836971053854,0.483543735928833,0.777734137373045,0
0.101654353085905,0.299355183728039,0.881398312048987,0.642393776215613,0.854007778456435,0.192723102401942,0.733181140385568,0.0396543843671679,0.5038536938373,0.0386683971155435,0
0.119684498291463,0.154020756948739,0.615382413612679,0.827736222185194,0.58511934010312,0.467509743990377,0.12543712486513,0.412156244972721,0.905310169095173,0.867641867604107,0
0.753686915151775,0.814962803618982,0.263737921137363,0.368509113555774,0.849054443184286,0.29069769824855,0.80722722155042,0.723620662698522,0.344392740866169,0.665955228731036,0
0.479566186327115,0.649653891695663,0.75864769378677,0.484659742796794,0.0584740024060011,0.0547929548192769,0.699817624874413,0.238600076176226,0.922198831802234,0.0643791551701725,0
0.187467650044709,0.699140122160316,0.308122524060309,0.565694108838215,0.66537893563509,0.317292921245098,0.0521719611715525,0.347405336098745,0.236409837380052,0.494373326422647,0
0.777333731763065,0.148174771806225,0.505592895206064,0.962555600795895,0.192958850879222,0.674339095130563,0.667807516409084,0.916575016919523,0.0847087306901813,0.984871705062687,0
0.464287430114485,0.653814850771334,0.544406753964722,0.512556880246848,0.249064390547574,0.99617978814058,0.587144347140566,0.145676345331594,0.259746053256094,0.93552186852321,0
0.2587328993164,0.0332475855022669,0.747624845709652,0.0840223920531571,0.633172971196473,0.982601076364517,0.940877656918019,0.32162708346732,0.0910097586456686,0.427958457265049,0
0.217190998140723,0.896913198055699,0.277468645013869,0.422083261888474,0.245773648610339,0.643236270407215,0.772859998280182,0.996254739584401,0.275820664362982,0.248602728825063,0
0.559813726950437,0.364034914908931,0.529423196334392,0.581855817465112,0.805761679308489,0.14170868974179,0.325596805661917,0.876922506140545,0.0237463831435889,0.156004002084956,0
0.762277983584348,0.0402260637548752,0.814035107847303,0.87866213102825,0.604140090057626,0.197163314558566,0.0978975468315184,0.601206596940756,0.711743323598057,0.324629152426496,0
0.564590399500728,0.780049982899427,0.184310930781066,0.389321585884318,0.0696851459797472,0.477969108847901,0.187480306485668,0.514529982116073,0.775908474810421,0.907289589755237,0
0.722080525384098,0.702517565580644,0.711557594127953,0.154822298558429,0.662466600304469,0.164027941413224,0.05439418903552,0.254670530091971,0.924618270481005,0.932373197749257,0
0.577610128326342,0.660730548202991,0.345782998250797,0.226394694996998,0.982425282010809,0.81782152177766,0.618498397991061,0.632381173083559,0.438634782796726,0.459100639913231,0
0.220508082071319,0.638676457339898,0.729232341051102,0.530634547816589,0.196270569693297,0.789721846347675,0.763415626017377,0.92608990916051,0.443253082688898,0.83546214713715,0
0.223307405831292,0.308933058055118,0.788822200614959,0.179101684130728,0.303537976928055,0.490210557356477,0.293279013130814,0.157704206882045,0.714672259986401,0.782190073747188,0
0.440334091428667,0.671976211946458,0.196926633361727,0.0226937178522348,0.345508403144777,0.721560339909047,0.644261364126578,0.837426016340032,0.874142079614103,0.957286396296695,0
0.323186196233146,0.47842588799689,0.363628789084032,0.840288621140644,0.177482807077467,0.812128794612363,0.0806634530890733,0.819764682790264,0.811042224057019,0.312965413788334,0
0.138807310519647,0.855703886244912,0.807221241295338,0.177911168430001,0.767485761316493,0.763002044055611,0.556298659183085,0.736381710739806,0.513903736136854,0.379158281488344,0
0.810455016791821,0.0354173600208014,0.0164107584860176,0.423936145845801,0.811609433032572,0.803639117861167,0.706454558763653,0.09153788886033,0.417597237508744,0.656441363506019,0
0.0196270074229687,0.84735992224887,0.451404659310356,0.554037796799093,0.223791253054515,0.84767244826071,0.118178151315078,0.692530086031184,0.532176255481318,0.178136945934966,0
0.354953868547454,0.425987439230084,0.868861689930782,0.12865619873628,0.4393833396025,0.278991426108405,0.308557389304042,0.173035765998065,0.0507240314036608,0.874546487350017,0
0.464433252324257,0.611497664393112,0.686618257081136,0.511026344727725,0.461484042229131,0.0157456500455737,0.869506007758901,0.407015973003581,0.544158799108118,0.0194348127115518,0
0.0963424072355032,0.110835527596623,0.619724022923037,0.984027091413736,0.387014059815556,0.898059974890202,0.272113241720945,0.12705530016683,0.853404376422986,0.419224865967408,0
0.805183500982821,0.690388929797336,0.709982642205432,0.470312400721014,0.407290374860168,0.270169488852844,0.211435342207551,0.673179848119617,0.563726484542713,0.266851633088663,0
0.324162277625874,0.271975743584335,0.189946989296004,0.640822085784748,0.175331769278273,0.0396671153139323,0.438852956984192,0.924464657669887,0.131527650635689,0.588623450603336,0
0.801241216249764,0.225015312433243,0.0597446830943227,0.513604813022539,0.253229713300243,0.353617140557617,0.391689227428287,0.73441347759217,0.560867846943438,0.543445038842037,0
0.0366897702973336,0.15407392594628,0.145313458284363,0.1557924260851,0.75109453080222,0.53816628176719,0.498477817280218,0.233877810649574,0.296242053387687,0.594128703931347,0
0.844955876568239,0.9717587574251,0.706134705105796,0.680254386272281,0.454776384169236,0.17606710572727,0.994295722339302,0.47048651962541,0.244276014622301,0.12174185574986,0
0.600205117400736,0.296583009510301,0.849291908554733,0.745396943530068,0.211210653418675,0.315947015536949,0.75740949739702,0.944986070971936,0.447059675352648,0.0606731530278921,0
0.52494239531029,0.592333083974291,0.553078563883901,0.944391323719174,0.241631615906954,0.474898459156975,0.711222467711195,0.933630682528019,0.429315665038303,0.555117586394772,0
0.674894008919597,0.323548213421553,0.289459720486775,0.315929746488109,0.626263881800696,0.20950248464942,0.797167165437713,0.912983995396644,0.998897556681186,0.479906843276694,0
0.839549130937178,0.170222737348266,0.366318610496819,0.48997968970798,0.148589790565893,0.213471384020522,0.780421297531575,0.842542578233406,0.526336054317653,0.580033904640004,0
0.233988852477819,0.566179973398708,0.400920101208612,0.881418894277886,0.239192633889616,0.391596090281382,0.0229112757369876,0.293314490700141,0.644934959709644,0.530604346189648,0
0.968809440395795,0.970937308270019,0.920293881092221,0.65433556586504,0.58548211120069,0.137429089518264,0.280670528300107,0.531928391661495,0.501166854519397,0.498013589996845,0
0.650568317702785,0.540725693503395,0.649824693799019,0.500391238601878,0.0259618577547371,0.0862798707094043,0.192554673645645,0.136273878626525,0.970555645879358,0.86964253289625,0
0.334206261380948,0.303111439829879,0.827351476298645,0.753627109806985,0.683936372632161,0.63305053091608,0.516550410771742,0.610691538546234,0.15006441087462,0.391971797449514,0
0.803458789130673,0.76368010789156,0.740674231667072,0.569294707616791,0.426120828138664,0.631249015685171,0.663151342654601,0.324281270382926,0.796424814499915,0.246523508802056,0
0.932483006035909,0.188347840448841,0.238801199477166,0.954343412769958,0.295775598380715,0.28230699361302,0.51135292975232,0.210024812491611,0.627988568972796,0.365232710260898,0
0.643707445666194,0.329851209135726,0.65574429417029,0.0582276510540396,0.105083089787513,0.307335765101016,0.747658042004332,0.180553898913786,0.649844228057191,0.132744726957753,0
0.582243065582588,0.500367864267901,0.360847648931667,0.976672982098535,0.0135266738943756,0.822113965172321,0.14004813763313,0.0513014714233577,0.706838492769748,0.958868245128542,0
0.993364015361294,0.808164859423414,0.995031101629138,0.0030256905592978,0.430580461630598,0.254680503159761,0.237745840568095,0.56126364460215,0.742081632837653,0.24179899203591,0
0.413992659887299,0.645884248893708,0.318099978147075,0.990704308729619,0.87563892127946,0.123470841674134,0.425844460725784,0.971762118861079,0.335335539421067,0.578668304020539,0
0.999968191841617,0.917113423580304,0.274359008064494,0.869036490330473,0.081128514604643,0.642402410972863,0.0362706468440592,0.452375812223181,0.717406589072198,0.791313890367746,0
0.129928167814855,0.109084320630413,0.194770764093846,0.777793620713055,0.778949780622497,0.590477689402178,0.263591694412753,0.772952367784455,0.661486621713266,0.873477041488513,0
0.445511918194778,0.592524430916086,0.616687674773857,0.722084237262607,0.521615799050778,0.839533589780331,0.593445777660236,0.374772054376081,0.457662798231468,0.940154372248799,0
0.987343527652696,0.0082251461232081,0.776054332731292,0.350696764653549,0.204943703021854,0.819944334914908,0.670569228474051,0.855564106954262,0.115096422145143,0.601776333758608,0
0.765990189879388,0.939669930522889,0.165193445980549,0.981726633151993,0.385635704733431,0.428276259684935,0.78437337372452,0.657732812454924,0.479548724368215,0.12019009469077,0
0.414711069241632,0.587034188742656,0.907800081884488,0.950093924067914,0.645354162203148,0.761629459215328,0.153684701537713,0.794959716498852,0.0812544513028115,0.458881073165685,0
