"1","2","3","4","5","6","7","8","9","10","class"
0.299438311252743,0.0808383838739246,0.560201720800251,0.00148997968062758,0.97611689590849,0.0720670118462294,0.0800125815439969,0.942244640318677,0.562557704513893,0.823962169000879,0
0.292460772208869,0.71811027592048,0.214163916185498,0.358255373314023,0.101533261360601,0.204565210267901,0.93086754810065,0.770229618996382,0.519553310470656,0.816115711582825,0
0.758731828769669,0.26888142246753,0.712352630216628,0.0168016292154789,0.0081991795450449,0.258840536465868,0.279288055608049,0.413639257661998,0.740127923665568,0.442793591413647,0
0.0690346616320312,0.4242546944879,0.344762866618112,0.589328078553081,0.373973945854232,0.270202880259603,0.233085059560835,0.118605037452653,0.727516543585807,0.527357927057892,0
0.793189266463742,0.239915085956454,0.992226950358599,0.371276629623026,0.876244100276381,0.0496926987543702,0.509622250916436,0.137730143032968,0.199414948467165,0.550042183836922,0
0.0993335507810116,0.68802281585522,0.346250769449398,0.485308474628255,0.599241835996509,0.0113350425381213,0.534944525454193,0.829898985102773,0.194699637126178,0.732154106721282,0
0.981385757913813,0.989180184900761,0.0086486388463527,0.728128687245771,0.953251880826429,0.17036578967236,0.73464220832102,0.316594285424799,0.383864281931892,0.495055558625609,0
0.632325726794079,0.191944473888725,0.546925160102546,0.689494173973799,0.0504179066047072,0.140366019913927,0.289626451674849,0.275171431247145,0.622252030298114,0.546511473366991,0
0.0240168769378215,0.0950433218386024,0.430329486960545,0.344514745054767,0.183432896621525,0.0105842920020223,0.966591000324115,0.927910951431841,0.809048037044704,0.912662108428776,0
0.351040615467355,0.891827837796882,0.237177145667374,0.638936917064711,0.12751734466292,0.800772496964782,0.500958889955655,0.384535424644127,0.337228369200602,0.371253981720656,0
0.614504732191563,0.094043921912089,0.0869219545274973,0.703531850129366,0.670709350844845,0.650069162482396,0.281249474268407,0.985569249372929,0.283000734634697,0.590650937752798,0
0.995785258943215,0.159389596898109,0.684856282779947,0.017872580094263,0.830238854745403,0.712830943288282,0.266627263277769,0.749871683074161,0.350255380617455,0.833506802562624,0
0.210887566907331,0.78959608450532,0.44213351374492,0.822027576621622,0.622010759077966,0.973671238403767,0.601692421827465,0.597602624213323,0.144667293177918,0.427355303894728,0
0.222718355245888,0.850735410815105,0.241032854886726,0.786574609577656,0.47818713565357,0.907116517424583,0.174929226748645,0.353157874429598,0.63060828554444,0.586274477187544,0
0.184243059018627,0.320189729332924,0.00489129638299346,0.756652165204287,0.92770915152505,0.171709801303223,0.653881081845611,0.762843870325014,0.46986197005026,0.920409322250634,0
0.457213632529601,0.121526622213423,0.915412895614281,0.556177906459197,0.0967803054954857,0.934528804617003,0.287978617474437,0.999152907170355,0.930794746847823,0.849477309035137,0
0.926034286385402,0.935829942347482,0.121069888817146,0.496093937195837,0.263073733774945,0.552560548996553,0.961371449986473,0.940247489139438,0.77750824065879,0.328940832987428,0
0.994916475145146,0.68818038306199,0.688962283311412,0.0720518329180777,0.811067183734849,0.787927321624011,0.254179652547464,0.359658340224996,0.86080419877544,0.327761886408553,0
0.350922501878813,0.848052961286157,0.560743358684704,0.607752818148583,0.460566254565492,0.488158074440435,0.696562231751159,0.676120789721608,0.587122136028484,0.235935927368701,0
0.664801673730835,0.65774379321374,0.859467356931418,0.621038043405861,0.47651958395727,0.339563815388829,0.585927726468071,0.98173732124269,0.0447173237334937,0.458865697029978,0
0.895495963282883,0.744899386074394,0.891075272113085,0.94180117896758,0.89166916324757,0.413592586992308,0.417226164834574,0.780203558970243,0.0409989070612937,0.759237445425242,0
0.897759336711746,0.274496637548227,0.995757539523765,0.171342760790139,0.52189598698169,0.644435666734353,0.292724494822323,0.812424704665318,0.312352421227843,0.505924767116085,0
0.368846158264205,0.0289360913448036,0.99993872595951,0.832930849865079,0.42919160798192,0.197157333604991,0.875620331382379,0.810049594612792,0.540323498426005,0.152997783152387,0
0.161968325264752,0.11313587334007,0.894175062421709,0.929021231131628,0.610099634155631,0.00850942963734269,0.597980041988194,0.335954309441149,0.607100329594687,0.154056043131277,0
0.188723044702783,0.894950084388256,0.647254388779402,0.983635145472363,0.00454222038388252,0.957962041022256,0.223063795361668,0.065655282465741,0.239740061108023,0.854890047572553,0
0.668887985637411,0.485085763968527,0.00454549095593393,0.295573404291645,0.0744497450068593,0.690284956712276,0.835604679770768,0.645960080903023,0.441405174322426,0.0886157299391925,0
0.627853603800759,0.470729471184313,0.210055681178346,0.930071689654142,0.616200116695836,0.860476390225813,0.0468478125985712,0.307922861305997,0.273099572164938,0.817194908158854,0
0.409928215667605,0.176885982276872,0.554821946658194,0.0159680405631661,0.0151944565586746,0.309557609492913,0.331971776438877,0.358746817335486,0.165850371820852,0.331792216515169,0
0.969570546876639,0.813065545400605,0.169081218773499,0.986441382206976,0.662824324565008,0.96990042924881,0.361364244250581,0.795657197013497,0.60458577494137,0.71667531458661,0
0.103356378851458,0.160568959778175,0.692126026842743,0.576263345312327,0.677954974351451,0.575011475244537,0.992810909403488,0.640878566307947,0.310678789857775,0.0974590419791639,0
0.885503977304325,0.904319205554202,0.971083969110623,0.0809811181388795,0.942288361256942,0.505544972140342,0.0124600932467729,0.256844718940556,0.323364211246371,0.799674155889079,0
0.455551292514428,0.145273928297684,0.226914859609678,0.111301652388647,0.885901578003541,0.766009864863008,0.137354244478047,0.74062731792219,0.967093964805827,0.230668699834496,0
0.424870046554133,0.193710591644049,0.259159925859421,0.315386714413762,0.505470033967867,0.988140717381611,0.571066745556891,0.990104674128816,0.863314369460568,0.812171841505915,0
0.583030883222818,0.155884857755154,0.591873173369095,0.891469373600557,0.0127606566529721,0.67124710441567,0.595107164466754,0.622385035967454,0.0609601361211389,0.719645598670468,0
0.627847007652,0.563740866792947,0.563790513668209,0.146673407871276,0.989255694439635,0.0944668080192059,0.461656129918993,0.673275608802214,0.00176393217407167,0.0948997265659273,0
0.215405189432204,0.629169531166553,0.512866725679487,0.0822960967198014,0.753831989364699,0.0894051638897508,0.800561007577926,0.145924375858158,0.897656183689833,0.674045812571421,0
0.268579725641757,0.905742237810045,0.276659450260922,0.49571482068859,0.304604773875326,0.347411290975288,0.127506898483261,0.712508795550093,0.673413587268442,0.389802247518674,0
0.0931201712228358,0.716985252685845,0.968693880364299,0.69606874207966,0.761924856342375,0.285663034068421,0.941872698720545,0.440414467826486,0.0391459751408547,0.8054052607622,0
0.034557890612632,0.932785323588178,0.8040686766617,0.605312424711883,0.011505663394928,0.406723434105515,0.593480204464868,0.0337719565723091,0.51162223983556,0.779119249200448,0
0.312264477601275,0.312275907024741,0.462058588629588,0.393015951151028,0.0747593962587416,0.249303191434592,0.843569280579686,0.714386846404523,0.0593225234188139,0.69187428499572,0
0.916311961598694,0.577687716810033,0.886980224400759,0.347617884865031,0.204332126770169,0.915363367181271,0.988961795112118,0.877365599153563,0.957335637416691,0.643941829213873,0
0.162827484309673,0.740744531387463,0.977106700185686,0.220700649544597,0.804112085839733,0.166235930053517,0.252172642853111,0.835505563067272,0.682625909801573,0.826958768535405,0
0.921179621247575,0.872047022217885,0.754631669493392,0.375172384548932,0.426748391939327,0.926025533350185,0.924566907109693,0.128383561735973,0.065916282357648,0.77461666543968,0
0.408583199605346,0.6041930669453,0.0103831163141876,0.69368599052541,0.330443301936612,0.715558492345735,0.326528437435627,0.365188008407131,0.927642674883828,0.465766373323277,0
0.800734111340716,0.935243829386309,0.00630645523779094,0.92582960263826,0.477723681135103,0.827830352820456,0.790111401118338,0.729826212627813,0.424982740776613,0.045641717966646,0
0.955550972372293,0.21162348636426,0.0522623432334512,0.301584110129625,0.954951534280553,0.16489312867634,0.158531658351421,0.641402705339715,0.505290365312248,0.932778723537922,0
0.85150459385477,0.0585946440696716,0.417264153482392,0.0101079693995416,0.351620881585404,0.261656205169857,0.201741333818063,0.590828655520454,0.412961461348459,0.639612679602578,0
0.332853949861601,0.780320250894874,0.835483156144619,0.17563926265575,0.952293359208852,0.470864273840562,0.286695674760267,0.84366099210456,0.698022128781304,0.35976021620445,0
0.219711657380685,0.469847346888855,0.988954536383972,0.637733241077513,0.827268804656342,0.545438178814948,0.0575238957535475,0.679603741737083,0.524340569740161,0.702762698521838,0
0.535155351040885,0.464395362650976,0.0951432581059635,0.936246959725395,0.914894283981994,0.431819041492417,0.192287080222741,0.987257849192247,0.394985783612356,0.591976941563189,0
0.6043382557109,0.352700169431046,0.390998028451577,0.809756346978247,0.0682999535929412,0.501930358819664,0.976290489081293,0.549753996776417,0.374575554858893,0.15538627281785,0
0.496376137016341,0.384328674059361,0.222040326334536,0.217585213948041,0.989005140261725,0.905608184169978,0.102922178339213,0.115261598490179,0.960421633441001,0.442715646699071,0
0.655328863546997,0.526410478813015,0.603928873781115,0.410721481777728,0.196741112042218,0.527569676516578,0.577412279089913,0.352738558547571,0.461357903201133,0.819609528640285,0
0.993019436253235,0.285807985812426,0.952611505752429,0.793731931596994,0.709737070370466,0.0320278848521411,0.554872712353244,0.594045303063467,0.0476860336493701,0.637918491847813,0
0.230758023006469,0.877685048659891,0.991740152705461,0.450444784248248,0.651179844280705,0.37016330100596,0.664761823136359,0.348266570596024,0.908693109638989,0.0857659580651671,0
0.272187285823748,0.118649004492909,0.40190886403434,0.0236485097557306,0.683829376008362,0.665422128280625,0.484791312133893,0.944566326448694,0.861840382218361,0.529075255151838,0
0.683232519542798,0.639136223122478,0.876750304596499,0.0407172234263271,0.90045735007152,0.87342140218243,0.605997054371983,0.398705565137789,0.173355265054852,0.986074098851532,0
0.304314668290317,0.712760698515922,0.384801095118746,0.578175449278206,0.806093090213835,0.526022451929748,0.486151800956577,0.180255474289879,0.418632539920509,0.894897428806871,0
0.723584026563913,0.613961527356878,0.89585714507848,0.662636407185346,0.248078576521948,0.426774319261312,0.0335183991119266,0.343427093466744,0.908375455765054,0.565665869740769,0
0.913396789925173,0.623873636126518,0.0981111207511276,0.39639726979658,0.367792747914791,0.793904128950089,0.480892473366112,0.809726360719651,0.0759108744096011,0.4776576096192,0
0.0535894103813916,0.77135857869871,0.139724188949913,0.225170582300052,0.086818013805896,0.942338423104957,0.834678024984896,0.643182742176577,0.873210635967553,0.533942651702091,0
0.651664532488212,0.2681443344336,0.224639915861189,0.0528467996045947,0.339033823693171,0.626543447142467,0.316921298857778,0.648486745310947,0.017751909326762,0.518748460104689,0
0.586149452254176,0.739196348935366,0.0267333819065243,0.648100004997104,0.369696780107915,0.52502788300626,0.874084188137203,0.918328926898539,0.716247038682923,0.033614038489759,0
0.450224975124002,0.524017903488129,0.785068177850917,0.344479907071218,0.381577954161912,0.245800372911617,0.388066662708297,0.723146010423079,0.794476582668722,0.957660571672022,0
0.657951685367152,0.920928869163617,0.925278024049476,0.662753114243969,0.45674010948278,0.195459557697177,0.354192067170516,0.623315228614956,0.868771110894158,0.671338672051206,0
0.36615962930955,0.11759778438136,0.673451801063493,0.872441217070445,0.325622035888955,0.827779582235962,0.261667436454445,0.674389099702239,0.901880437741056,0.0619823362212628,0
0.859973246231675,0.0345735137816519,0.0728670794051141,0.762438689824194,0.534973608562723,0.655839803861454,0.31884498312138,0.636303693754598,0.609042504569516,0.103927271440625,0
0.0636699446476996,0.383651796262711,0.913781077601016,0.781007851008326,0.935008553089574,0.246487367432564,0.917030286509544,0.787205052794889,0.406313779531047,0.484715644270182,0
0.223485929658636,0.165682075778022,0.962931061629206,0.17174339457415,0.118357974104583,0.0387171623297036,0.149390092585236,0.119554341305047,0.260346642229706,0.086253774119541,0
0.931068971287459,0.986351010855287,0.671576148131862,0.999450105475262,0.513661803444847,0.431623425567523,0.41544980276376,0.931680749868974,0.0461076353676617,0.542104340624064,0
0.803632568800822,0.923918165266514,0.834918884094805,0.291097699664533,0.0515361605212092,0.750058216275647,0.608843063702807,0.167115058284253,0.740907995030284,0.609388644807041,0
0.0351417828351259,0.199918220285326,0.30941805569455,0.785295821260661,0.20312029402703,0.397445776965469,0.488124842755497,0.924248988507316,0.162726842798293,0.5360259313602,0
0.90591208008118,0.591237384825945,0.190986830275506,0.492864475818351,0.637435055337846,0.114174350397661,0.148490730207413,0.428306268062443,0.206440600333735,0.41061031864956,0
0.996617884607986,0.808694724924862,0.212075990857556,0.805332015268505,0.353867044206709,0.713373679900542,0.484842206118628,0.793324088677764,0.337416193215176,0.0768286583479494,0
0.653566070366651,0.523834792431444,0.00595272146165371,0.767730972031131,0.808950357139111,0.644243643153459,0.0772837374825031,0.0297793168574572,0.688820177456364,0.147316774353385,0
0.902525298530236,0.13024790212512,0.289044696604833,0.434909421484917,0.064045735867694,0.926154435379431,0.0613355163950473,0.479629243258387,0.743024877272546,0.995169737143442,0
0.273496523266658,0.994804637273774,0.424078532028943,0.636629285989329,0.551327905850485,0.198650748003274,0.207454136805609,0.348092035856098,0.369806506438181,0.318542110733688,0
0.756471491675545,0.975658736476209,0.586912281345576,0.829164939466864,0.825868268031627,0.104958299780264,0.583888305816799,0.377133346162736,0.534096748800948,0.488854892319068,0
0.0579668469727039,0.87579412991181,0.6059592126403,0.89659286569804,0.922956926980987,0.5441954722628,0.765024645719677,0.807196757290512,0.44910479709506,0.761731735896319,0
0.319982284680009,0.502288283547387,0.636566566303372,0.376437787897885,0.766410935437307,0.352135692024603,0.64319008612074,0.842115904204547,0.465276355156675,0.621837534941733,0
0.878152336692438,0.931155864382163,0.234408625867218,0.0740158190019429,0.77164994715713,0.597362887579948,0.63163093989715,0.756344066699967,0.49565718555823,0.813106210669503,0
0.0504093873314559,0.051968420157209,0.3319951237645,0.276691076112911,0.323082277784124,0.0364573558326811,0.635565506760031,0.0470907581038773,0.813508531544358,0.866750587010756,0
0.594897345639765,0.290682770311832,0.202089832397178,0.598749718628824,0.12989886617288,0.285622934112325,0.19878262700513,0.413555703591555,0.980488993925974,0.463556563481688,0
0.939346708590165,0.359811539994553,0.327924051089212,0.66155610862188,0.260310867102817,0.868627718649805,0.493636605096981,0.684690150432289,0.607235597679392,0.0786715790163726,0
0.826697081094608,0.158135804114863,0.326486910926178,0.726888821460307,0.525985148036852,0.82851539645344,0.410439182072878,0.599467296153307,0.66853887680918,0.251558884279802,0
0.489773276139516,0.371960574091412,0.0920489102136344,0.728896671440452,0.309143989114091,0.0548788467422128,0.42681980622001,0.333620479563251,0.406172420131043,0.613446025876328,0
0.775501200230792,0.00889559625647962,0.0654003715608269,0.00979053392075002,0.40875883330591,0.223938990617171,0.557064663153142,0.399926513200626,0.91252537467517,0.289653294254094,0
0.471240899991244,0.824654051102698,0.415024041663855,0.549155744956806,0.388878567144275,0.895515576237813,0.74812311376445,0.69193665869534,0.11274626175873,0.823562004836276,0
0.539978346088901,0.87122859316878,0.467825541971251,0.357635219814256,0.988718125037849,0.490103761665523,0.455365439876914,0.35216141003184,0.306079906178638,0.864696679869667,0
0.749985511647537,0.400419357931241,0.260443485109136,0.0575806957203895,0.698695555329323,0.12009710422717,0.736354235326871,0.29159175651148,0.719809239264578,0.787039233371615,0
0.131828903220594,0.21398713439703,0.0433646107558161,0.921694957418367,0.614966082153842,0.42286232043989,0.927099787164479,0.79491160530597,0.901993332663551,0.500413035973907,0
0.800115858670324,0.708605930674821,0.279417055426165,0.0615836149081588,0.580383256310597,0.0163451025728136,0.416018691379577,0.852351011708379,0.15961519558914,0.507993211504072,0
0.91151924058795,0.570814315695316,0.273506275378168,0.866137211211026,0.61309706280008,0.550263848155737,0.778194724814966,0.154019004665315,0.760877521941438,0.31913351546973,0
0.0244315946474671,0.916322553530335,0.236746919807047,0.234237026423216,0.787703209323809,0.842573457397521,0.850026587024331,0.956284513697028,0.828473806846887,0.279235514579341,0
0.179535563336685,0.80457853176631,0.523737354436889,0.354808517964557,0.423195335548371,0.31422725925222,0.0690035053994507,0.0725794227328151,0.501588460057974,0.527654327452183,0
0.887483103343751,0.782919435041025,0.929965168237686,0.893637009663507,0.359674145001918,0.142480585491285,0.875424757134169,0.612053258810192,0.330147153232247,0.685669041937217,0
0.797034299233928,0.922615029383451,0.4842960734386,0.110550018027425,0.11577166011557,0.790022392990068,0.946269290754572,0.0561318909749389,0.432941182749346,0.963213796494529,0
0.658215226372704,0.917797641362995,0.485701167490333,0.165967823937535,0.053512328537181,0.248531855642796,0.624721768079326,0.257722429931164,0.253795589786023,0.157232277095318,0
0.64091207620129,0.838796635494754,0.498660335317254,0.06219601794146,0.293080372037366,0.263005876680836,0.79136042483151,0.415753891691566,0.541770783718675,0.516880034701899,0
0.80213434365578,0.467163048684597,0.92767778923735,0.485694677103311,0.0471673689316958,0.611743400571868,0.826384298270568,0.0655414299108088,0.235468578059226,0.026313402922824,0
