II
-0.20507632589815675
0.03798966294185327
0.014738726480041412
-0.030017683855834934
-0.09918347218965054
0.1858605506895568
0.16677333164977007
0.2871131296035937
0.7301451860390291
1.125293481548698
1.2944894005817358
0.8754971081050237
0.5834282700179941
0.3897141264396681
0.3641957015535312
-0.04596093761431813
-0.024341787557543643
0.12907857484377863
-0.059730666407476846
0.12197030498336206
-0.03956710472064387
0.06197573889640061
-0.20739914934672748
-0.437840760057021
-0.2086244226218768
-0.404796184079774
-0.1052667539471265
-0.16568162716488014
-0.5256655321647976
0.09294534736515676
-0.17204320991421407
-0.14669818958241718
0.07632852290187038
0.11910457707700307
-0.268295492573404
-0.2568796830252044
-0.19846921429003891
-0.1475049260930229
-0.2139736414128493
-0.16973177708509174
0.19791788096727975
-0.13216849994473148
-0.11626793028811971
0.1312201695763372
0.30909607185268595
0.46970634352361046
0.5865890254033024
0.8068875415457877
1.13468470378616
1.2477637858429076
