Synthetic Data Stream
=====================

Parameters
----------

Number of steps:	 1
Proportion of outliers:	 0.05
Proportion type:	 proportional
Number of Dimensions:	 10
Minimum number of dim:	 2
Maximum number of dim:	 4
Possible margin values:	 0.1 0.2 0.3 0.4 0.5 0.6 0.7 0.8 0.9
Cycle length:		 0
Volatility:		 0.1
Dependency:		 Linear
Overlap Allowed:		 
Discrete:		 0

Data
----

Number of points:	 10000
Number of outliers:	 1502 

- Contingency Table

  subspaces count
1     1,2,3  1502

- Patterns

Index		Subspaces
7		1,2,3		
9		1,2,3		
10		1,2,3		
17		1,2,3		
18		1,2,3		
21		1,2,3		
27		1,2,3		
29		1,2,3		
36		1,2,3		
38		1,2,3		
40		1,2,3		
45		1,2,3		
56		1,2,3		
66		1,2,3		
72		1,2,3		
73		1,2,3		
103		1,2,3		
130		1,2,3		
136		1,2,3		
139		1,2,3		
169		1,2,3		
178		1,2,3		
182		1,2,3		
188		1,2,3		
193		1,2,3		
197		1,2,3		
198		1,2,3		
211		1,2,3		
228		1,2,3		
232		1,2,3		
236		1,2,3		
247		1,2,3		
253		1,2,3		
258		1,2,3		
266		1,2,3		
267		1,2,3		
277		1,2,3		
293		1,2,3		
295		1,2,3		
307		1,2,3		
313		1,2,3		
324		1,2,3		
325		1,2,3		
330		1,2,3		
337		1,2,3		
343		1,2,3		
359		1,2,3		
363		1,2,3		
364		1,2,3		
375		1,2,3		
376		1,2,3		
395		1,2,3		
400		1,2,3		
409		1,2,3		
420		1,2,3		
435		1,2,3		
440		1,2,3		
449		1,2,3		
457		1,2,3		
458		1,2,3		
467		1,2,3		
471		1,2,3		
475		1,2,3		
478		1,2,3		
489		1,2,3		
504		1,2,3		
505		1,2,3		
506		1,2,3		
507		1,2,3		
511		1,2,3		
519		1,2,3		
521		1,2,3		
523		1,2,3		
526		1,2,3		
527		1,2,3		
528		1,2,3		
531		1,2,3		
562		1,2,3		
571		1,2,3		
579		1,2,3		
580		1,2,3		
587		1,2,3		
590		1,2,3		
599		1,2,3		
604		1,2,3		
606		1,2,3		
613		1,2,3		
619		1,2,3		
622		1,2,3		
632		1,2,3		
640		1,2,3		
642		1,2,3		
643		1,2,3		
644		1,2,3		
646		1,2,3		
658		1,2,3		
659		1,2,3		
661		1,2,3		
669		1,2,3		
680		1,2,3		
683		1,2,3		
692		1,2,3		
696		1,2,3		
715		1,2,3		
737		1,2,3		
741		1,2,3		
746		1,2,3		
748		1,2,3		
755		1,2,3		
757		1,2,3		
773		1,2,3		
777		1,2,3		
780		1,2,3		
786		1,2,3		
788		1,2,3		
789		1,2,3		
790		1,2,3		
791		1,2,3		
793		1,2,3		
800		1,2,3		
810		1,2,3		
814		1,2,3		
821		1,2,3		
828		1,2,3		
829		1,2,3		
842		1,2,3		
858		1,2,3		
860		1,2,3		
865		1,2,3		
885		1,2,3		
896		1,2,3		
916		1,2,3		
919		1,2,3		
921		1,2,3		
941		1,2,3		
945		1,2,3		
946		1,2,3		
950		1,2,3		
955		1,2,3		
959		1,2,3		
969		1,2,3		
970		1,2,3		
977		1,2,3		
981		1,2,3		
986		1,2,3		
988		1,2,3		
991		1,2,3		
992		1,2,3		
999		1,2,3		
1001		1,2,3		
1022		1,2,3		
1032		1,2,3		
1035		1,2,3		
1045		1,2,3		
1048		1,2,3		
1051		1,2,3		
1069		1,2,3		
1081		1,2,3		
1082		1,2,3		
1092		1,2,3		
1096		1,2,3		
1098		1,2,3		
1106		1,2,3		
1113		1,2,3		
1118		1,2,3		
1121		1,2,3		
1126		1,2,3		
1146		1,2,3		
1152		1,2,3		
1157		1,2,3		
1159		1,2,3		
1168		1,2,3		
1179		1,2,3		
1190		1,2,3		
1198		1,2,3		
1199		1,2,3		
1200		1,2,3		
1204		1,2,3		
1207		1,2,3		
1208		1,2,3		
1212		1,2,3		
1214		1,2,3		
1231		1,2,3		
1237		1,2,3		
1244		1,2,3		
1246		1,2,3		
1262		1,2,3		
1265		1,2,3		
1270		1,2,3		
1280		1,2,3		
1285		1,2,3		
1290		1,2,3		
1294		1,2,3		
1307		1,2,3		
1310		1,2,3		
1314		1,2,3		
1324		1,2,3		
1326		1,2,3		
1328		1,2,3		
1336		1,2,3		
1337		1,2,3		
1342		1,2,3		
1347		1,2,3		
1351		1,2,3		
1352		1,2,3		
1354		1,2,3		
1358		1,2,3		
1360		1,2,3		
1363		1,2,3		
1370		1,2,3		
1372		1,2,3		
1381		1,2,3		
1384		1,2,3		
1398		1,2,3		
1404		1,2,3		
1412		1,2,3		
1413		1,2,3		
1414		1,2,3		
1415		1,2,3		
1426		1,2,3		
1429		1,2,3		
1431		1,2,3		
1432		1,2,3		
1438		1,2,3		
1442		1,2,3		
1447		1,2,3		
1453		1,2,3		
1459		1,2,3		
1467		1,2,3		
1471		1,2,3		
1474		1,2,3		
1479		1,2,3		
1481		1,2,3		
1490		1,2,3		
1508		1,2,3		
1512		1,2,3		
1513		1,2,3		
1516		1,2,3		
1518		1,2,3		
1520		1,2,3		
1524		1,2,3		
1548		1,2,3		
1556		1,2,3		
1567		1,2,3		
1570		1,2,3		
1575		1,2,3		
1583		1,2,3		
1586		1,2,3		
1588		1,2,3		
1589		1,2,3		
1593		1,2,3		
1600		1,2,3		
1605		1,2,3		
1606		1,2,3		
1612		1,2,3		
1617		1,2,3		
1625		1,2,3		
1631		1,2,3		
1634		1,2,3		
1636		1,2,3		
1645		1,2,3		
1646		1,2,3		
1663		1,2,3		
1668		1,2,3		
1669		1,2,3		
1683		1,2,3		
1684		1,2,3		
1685		1,2,3		
1694		1,2,3		
1699		1,2,3		
1711		1,2,3		
1715		1,2,3		
1716		1,2,3		
1723		1,2,3		
1725		1,2,3		
1731		1,2,3		
1732		1,2,3		
1734		1,2,3		
1738		1,2,3		
1747		1,2,3		
1762		1,2,3		
1771		1,2,3		
1775		1,2,3		
1776		1,2,3		
1804		1,2,3		
1806		1,2,3		
1811		1,2,3		
1834		1,2,3		
1851		1,2,3		
1857		1,2,3		
1860		1,2,3		
1868		1,2,3		
1872		1,2,3		
1880		1,2,3		
1886		1,2,3		
1889		1,2,3		
1899		1,2,3		
1906		1,2,3		
1910		1,2,3		
1919		1,2,3		
1921		1,2,3		
1922		1,2,3		
1934		1,2,3		
1935		1,2,3		
1942		1,2,3		
1955		1,2,3		
1957		1,2,3		
1967		1,2,3		
1976		1,2,3		
1977		1,2,3		
1979		1,2,3		
1987		1,2,3		
2010		1,2,3		
2011		1,2,3		
2020		1,2,3		
2033		1,2,3		
2039		1,2,3		
2043		1,2,3		
2046		1,2,3		
2048		1,2,3		
2049		1,2,3		
2054		1,2,3		
2058		1,2,3		
2090		1,2,3		
2095		1,2,3		
2100		1,2,3		
2105		1,2,3		
2106		1,2,3		
2107		1,2,3		
2112		1,2,3		
2124		1,2,3		
2126		1,2,3		
2144		1,2,3		
2149		1,2,3		
2157		1,2,3		
2159		1,2,3		
2160		1,2,3		
2165		1,2,3		
2167		1,2,3		
2170		1,2,3		
2185		1,2,3		
2206		1,2,3		
2215		1,2,3		
2217		1,2,3		
2218		1,2,3		
2219		1,2,3		
2224		1,2,3		
2225		1,2,3		
2228		1,2,3		
2234		1,2,3		
2236		1,2,3		
2240		1,2,3		
2251		1,2,3		
2253		1,2,3		
2263		1,2,3		
2264		1,2,3		
2267		1,2,3		
2268		1,2,3		
2272		1,2,3		
2274		1,2,3		
2276		1,2,3		
2285		1,2,3		
2291		1,2,3		
2292		1,2,3		
2302		1,2,3		
2303		1,2,3		
2305		1,2,3		
2311		1,2,3		
2313		1,2,3		
2314		1,2,3		
2321		1,2,3		
2329		1,2,3		
2332		1,2,3		
2335		1,2,3		
2338		1,2,3		
2349		1,2,3		
2359		1,2,3		
2366		1,2,3		
2373		1,2,3		
2392		1,2,3		
2396		1,2,3		
2397		1,2,3		
2404		1,2,3		
2421		1,2,3		
2425		1,2,3		
2447		1,2,3		
2449		1,2,3		
2454		1,2,3		
2457		1,2,3		
2460		1,2,3		
2464		1,2,3		
2465		1,2,3		
2503		1,2,3		
2506		1,2,3		
2509		1,2,3		
2519		1,2,3		
2521		1,2,3		
2535		1,2,3		
2537		1,2,3		
2563		1,2,3		
2566		1,2,3		
2568		1,2,3		
2590		1,2,3		
2591		1,2,3		
2607		1,2,3		
2608		1,2,3		
2612		1,2,3		
2618		1,2,3		
2629		1,2,3		
2642		1,2,3		
2649		1,2,3		
2653		1,2,3		
2661		1,2,3		
2665		1,2,3		
2667		1,2,3		
2684		1,2,3		
2685		1,2,3		
2692		1,2,3		
2698		1,2,3		
2701		1,2,3		
2704		1,2,3		
2705		1,2,3		
2716		1,2,3		
2730		1,2,3		
2737		1,2,3		
2743		1,2,3		
2752		1,2,3		
2761		1,2,3		
2772		1,2,3		
2775		1,2,3		
2781		1,2,3		
2782		1,2,3		
2791		1,2,3		
2792		1,2,3		
2808		1,2,3		
2809		1,2,3		
2813		1,2,3		
2817		1,2,3		
2818		1,2,3		
2825		1,2,3		
2833		1,2,3		
2836		1,2,3		
2838		1,2,3		
2842		1,2,3		
2843		1,2,3		
2847		1,2,3		
2850		1,2,3		
2873		1,2,3		
2882		1,2,3		
2890		1,2,3		
2907		1,2,3		
2924		1,2,3		
2931		1,2,3		
2946		1,2,3		
2947		1,2,3		
2949		1,2,3		
2952		1,2,3		
2957		1,2,3		
2959		1,2,3		
2961		1,2,3		
2965		1,2,3		
2967		1,2,3		
2982		1,2,3		
2983		1,2,3		
2986		1,2,3		
2990		1,2,3		
2991		1,2,3		
2993		1,2,3		
2994		1,2,3		
2999		1,2,3		
3002		1,2,3		
3010		1,2,3		
3014		1,2,3		
3018		1,2,3		
3025		1,2,3		
3036		1,2,3		
3039		1,2,3		
3040		1,2,3		
3052		1,2,3		
3056		1,2,3		
3064		1,2,3		
3068		1,2,3		
3074		1,2,3		
3075		1,2,3		
3081		1,2,3		
3082		1,2,3		
3083		1,2,3		
3085		1,2,3		
3099		1,2,3		
3120		1,2,3		
3132		1,2,3		
3134		1,2,3		
3144		1,2,3		
3160		1,2,3		
3164		1,2,3		
3170		1,2,3		
3175		1,2,3		
3177		1,2,3		
3179		1,2,3		
3183		1,2,3		
3186		1,2,3		
3191		1,2,3		
3209		1,2,3		
3213		1,2,3		
3214		1,2,3		
3225		1,2,3		
3229		1,2,3		
3233		1,2,3		
3241		1,2,3		
3252		1,2,3		
3255		1,2,3		
3263		1,2,3		
3264		1,2,3		
3268		1,2,3		
3272		1,2,3		
3278		1,2,3		
3287		1,2,3		
3296		1,2,3		
3297		1,2,3		
3301		1,2,3		
3306		1,2,3		
3312		1,2,3		
3325		1,2,3		
3329		1,2,3		
3331		1,2,3		
3332		1,2,3		
3337		1,2,3		
3344		1,2,3		
3354		1,2,3		
3356		1,2,3		
3359		1,2,3		
3360		1,2,3		
3377		1,2,3		
3382		1,2,3		
3403		1,2,3		
3410		1,2,3		
3419		1,2,3		
3422		1,2,3		
3423		1,2,3		
3428		1,2,3		
3429		1,2,3		
3436		1,2,3		
3440		1,2,3		
3444		1,2,3		
3468		1,2,3		
3474		1,2,3		
3487		1,2,3		
3490		1,2,3		
3496		1,2,3		
3506		1,2,3		
3512		1,2,3		
3526		1,2,3		
3562		1,2,3		
3579		1,2,3		
3581		1,2,3		
3582		1,2,3		
3583		1,2,3		
3607		1,2,3		
3623		1,2,3		
3638		1,2,3		
3647		1,2,3		
3675		1,2,3		
3677		1,2,3		
3681		1,2,3		
3684		1,2,3		
3693		1,2,3		
3694		1,2,3		
3700		1,2,3		
3704		1,2,3		
3705		1,2,3		
3707		1,2,3		
3709		1,2,3		
3714		1,2,3		
3718		1,2,3		
3721		1,2,3		
3724		1,2,3		
3736		1,2,3		
3751		1,2,3		
3756		1,2,3		
3763		1,2,3		
3764		1,2,3		
3765		1,2,3		
3775		1,2,3		
3790		1,2,3		
3794		1,2,3		
3796		1,2,3		
3797		1,2,3		
3811		1,2,3		
3819		1,2,3		
3820		1,2,3		
3824		1,2,3		
3826		1,2,3		
3835		1,2,3		
3839		1,2,3		
3864		1,2,3		
3891		1,2,3		
3901		1,2,3		
3908		1,2,3		
3930		1,2,3		
3943		1,2,3		
3950		1,2,3		
3953		1,2,3		
3956		1,2,3		
3957		1,2,3		
3960		1,2,3		
3963		1,2,3		
3968		1,2,3		
3970		1,2,3		
3971		1,2,3		
3973		1,2,3		
3975		1,2,3		
3978		1,2,3		
3984		1,2,3		
3989		1,2,3		
3991		1,2,3		
3997		1,2,3		
4002		1,2,3		
4003		1,2,3		
4005		1,2,3		
4007		1,2,3		
4009		1,2,3		
4018		1,2,3		
4020		1,2,3		
4027		1,2,3		
4030		1,2,3		
4040		1,2,3		
4053		1,2,3		
4055		1,2,3		
4062		1,2,3		
4068		1,2,3		
4085		1,2,3		
4088		1,2,3		
4105		1,2,3		
4106		1,2,3		
4115		1,2,3		
4125		1,2,3		
4126		1,2,3		
4127		1,2,3		
4134		1,2,3		
4160		1,2,3		
4164		1,2,3		
4167		1,2,3		
4171		1,2,3		
4172		1,2,3		
4173		1,2,3		
4174		1,2,3		
4179		1,2,3		
4200		1,2,3		
4231		1,2,3		
4237		1,2,3		
4240		1,2,3		
4244		1,2,3		
4249		1,2,3		
4257		1,2,3		
4259		1,2,3		
4262		1,2,3		
4264		1,2,3		
4266		1,2,3		
4271		1,2,3		
4295		1,2,3		
4309		1,2,3		
4313		1,2,3		
4347		1,2,3		
4358		1,2,3		
4376		1,2,3		
4377		1,2,3		
4383		1,2,3		
4387		1,2,3		
4388		1,2,3		
4398		1,2,3		
4403		1,2,3		
4408		1,2,3		
4410		1,2,3		
4419		1,2,3		
4420		1,2,3		
4422		1,2,3		
4429		1,2,3		
4450		1,2,3		
4459		1,2,3		
4462		1,2,3		
4463		1,2,3		
4471		1,2,3		
4483		1,2,3		
4498		1,2,3		
4501		1,2,3		
4508		1,2,3		
4522		1,2,3		
4526		1,2,3		
4527		1,2,3		
4533		1,2,3		
4534		1,2,3		
4536		1,2,3		
4543		1,2,3		
4551		1,2,3		
4552		1,2,3		
4553		1,2,3		
4556		1,2,3		
4559		1,2,3		
4565		1,2,3		
4566		1,2,3		
4567		1,2,3		
4569		1,2,3		
4570		1,2,3		
4572		1,2,3		
4573		1,2,3		
4589		1,2,3		
4592		1,2,3		
4606		1,2,3		
4609		1,2,3		
4615		1,2,3		
4616		1,2,3		
4619		1,2,3		
4620		1,2,3		
4624		1,2,3		
4635		1,2,3		
4640		1,2,3		
4644		1,2,3		
4653		1,2,3		
4656		1,2,3		
4659		1,2,3		
4662		1,2,3		
4675		1,2,3		
4682		1,2,3		
4684		1,2,3		
4685		1,2,3		
4698		1,2,3		
4707		1,2,3		
4708		1,2,3		
4714		1,2,3		
4716		1,2,3		
4718		1,2,3		
4732		1,2,3		
4733		1,2,3		
4745		1,2,3		
4751		1,2,3		
4753		1,2,3		
4769		1,2,3		
4771		1,2,3		
4782		1,2,3		
4784		1,2,3		
4793		1,2,3		
4794		1,2,3		
4808		1,2,3		
4812		1,2,3		
4818		1,2,3		
4828		1,2,3		
4831		1,2,3		
4838		1,2,3		
4839		1,2,3		
4853		1,2,3		
4858		1,2,3		
4862		1,2,3		
4872		1,2,3		
4882		1,2,3		
4894		1,2,3		
4898		1,2,3		
4906		1,2,3		
4910		1,2,3		
4918		1,2,3		
4921		1,2,3		
4923		1,2,3		
4931		1,2,3		
4934		1,2,3		
4943		1,2,3		
4955		1,2,3		
4956		1,2,3		
4958		1,2,3		
4959		1,2,3		
4960		1,2,3		
4961		1,2,3		
5000		1,2,3		
5003		1,2,3		
5014		1,2,3		
5020		1,2,3		
5025		1,2,3		
5028		1,2,3		
5030		1,2,3		
5032		1,2,3		
5034		1,2,3		
5043		1,2,3		
5051		1,2,3		
5053		1,2,3		
5062		1,2,3		
5086		1,2,3		
5095		1,2,3		
5100		1,2,3		
5103		1,2,3		
5107		1,2,3		
5121		1,2,3		
5122		1,2,3		
5135		1,2,3		
5142		1,2,3		
5149		1,2,3		
5164		1,2,3		
5168		1,2,3		
5169		1,2,3		
5183		1,2,3		
5191		1,2,3		
5197		1,2,3		
5198		1,2,3		
5211		1,2,3		
5224		1,2,3		
5227		1,2,3		
5228		1,2,3		
5236		1,2,3		
5243		1,2,3		
5247		1,2,3		
5266		1,2,3		
5269		1,2,3		
5272		1,2,3		
5273		1,2,3		
5314		1,2,3		
5318		1,2,3		
5331		1,2,3		
5349		1,2,3		
5354		1,2,3		
5375		1,2,3		
5376		1,2,3		
5378		1,2,3		
5395		1,2,3		
5407		1,2,3		
5416		1,2,3		
5418		1,2,3		
5433		1,2,3		
5437		1,2,3		
5454		1,2,3		
5469		1,2,3		
5471		1,2,3		
5472		1,2,3		
5475		1,2,3		
5477		1,2,3		
5480		1,2,3		
5481		1,2,3		
5486		1,2,3		
5487		1,2,3		
5489		1,2,3		
5490		1,2,3		
5505		1,2,3		
5515		1,2,3		
5534		1,2,3		
5535		1,2,3		
5544		1,2,3		
5552		1,2,3		
5560		1,2,3		
5566		1,2,3		
5577		1,2,3		
5581		1,2,3		
5600		1,2,3		
5606		1,2,3		
5612		1,2,3		
5614		1,2,3		
5621		1,2,3		
5629		1,2,3		
5633		1,2,3		
5636		1,2,3		
5637		1,2,3		
5647		1,2,3		
5648		1,2,3		
5656		1,2,3		
5658		1,2,3		
5660		1,2,3		
5669		1,2,3		
5670		1,2,3		
5676		1,2,3		
5692		1,2,3		
5695		1,2,3		
5698		1,2,3		
5699		1,2,3		
5708		1,2,3		
5710		1,2,3		
5713		1,2,3		
5719		1,2,3		
5724		1,2,3		
5737		1,2,3		
5740		1,2,3		
5741		1,2,3		
5751		1,2,3		
5759		1,2,3		
5768		1,2,3		
5770		1,2,3		
5771		1,2,3		
5796		1,2,3		
5799		1,2,3		
5800		1,2,3		
5823		1,2,3		
5824		1,2,3		
5826		1,2,3		
5845		1,2,3		
5851		1,2,3		
5860		1,2,3		
5866		1,2,3		
5876		1,2,3		
5878		1,2,3		
5881		1,2,3		
5885		1,2,3		
5888		1,2,3		
5889		1,2,3		
5891		1,2,3		
5896		1,2,3		
5897		1,2,3		
5904		1,2,3		
5909		1,2,3		
5919		1,2,3		
5924		1,2,3		
5928		1,2,3		
5932		1,2,3		
5933		1,2,3		
5934		1,2,3		
5937		1,2,3		
5941		1,2,3		
5945		1,2,3		
5956		1,2,3		
5969		1,2,3		
5971		1,2,3		
5990		1,2,3		
5995		1,2,3		
6000		1,2,3		
6001		1,2,3		
6015		1,2,3		
6021		1,2,3		
6028		1,2,3		
6031		1,2,3		
6037		1,2,3		
6038		1,2,3		
6049		1,2,3		
6053		1,2,3		
6055		1,2,3		
6063		1,2,3		
6078		1,2,3		
6089		1,2,3		
6095		1,2,3		
6099		1,2,3		
6100		1,2,3		
6114		1,2,3		
6124		1,2,3		
6128		1,2,3		
6129		1,2,3		
6140		1,2,3		
6141		1,2,3		
6147		1,2,3		
6150		1,2,3		
6156		1,2,3		
6169		1,2,3		
6171		1,2,3		
6178		1,2,3		
6188		1,2,3		
6191		1,2,3		
6203		1,2,3		
6209		1,2,3		
6210		1,2,3		
6218		1,2,3		
6220		1,2,3		
6233		1,2,3		
6237		1,2,3		
6241		1,2,3		
6243		1,2,3		
6246		1,2,3		
6287		1,2,3		
6290		1,2,3		
6291		1,2,3		
6293		1,2,3		
6299		1,2,3		
6323		1,2,3		
6326		1,2,3		
6338		1,2,3		
6341		1,2,3		
6344		1,2,3		
6357		1,2,3		
6365		1,2,3		
6378		1,2,3		
6387		1,2,3		
6402		1,2,3		
6405		1,2,3		
6410		1,2,3		
6415		1,2,3		
6419		1,2,3		
6423		1,2,3		
6431		1,2,3		
6439		1,2,3		
6440		1,2,3		
6465		1,2,3		
6474		1,2,3		
6477		1,2,3		
6481		1,2,3		
6492		1,2,3		
6496		1,2,3		
6510		1,2,3		
6512		1,2,3		
6514		1,2,3		
6516		1,2,3		
6517		1,2,3		
6525		1,2,3		
6527		1,2,3		
6542		1,2,3		
6549		1,2,3		
6562		1,2,3		
6563		1,2,3		
6571		1,2,3		
6578		1,2,3		
6579		1,2,3		
6580		1,2,3		
6584		1,2,3		
6591		1,2,3		
6599		1,2,3		
6605		1,2,3		
6612		1,2,3		
6613		1,2,3		
6615		1,2,3		
6633		1,2,3		
6636		1,2,3		
6644		1,2,3		
6649		1,2,3		
6652		1,2,3		
6654		1,2,3		
6660		1,2,3		
6661		1,2,3		
6676		1,2,3		
6683		1,2,3		
6688		1,2,3		
6700		1,2,3		
6701		1,2,3		
6707		1,2,3		
6714		1,2,3		
6725		1,2,3		
6727		1,2,3		
6753		1,2,3		
6757		1,2,3		
6762		1,2,3		
6765		1,2,3		
6768		1,2,3		
6798		1,2,3		
6810		1,2,3		
6816		1,2,3		
6820		1,2,3		
6828		1,2,3		
6830		1,2,3		
6833		1,2,3		
6834		1,2,3		
6837		1,2,3		
6842		1,2,3		
6848		1,2,3		
6849		1,2,3		
6851		1,2,3		
6856		1,2,3		
6859		1,2,3		
6870		1,2,3		
6897		1,2,3		
6901		1,2,3		
6906		1,2,3		
6910		1,2,3		
6912		1,2,3		
6914		1,2,3		
6931		1,2,3		
6933		1,2,3		
6951		1,2,3		
6952		1,2,3		
6960		1,2,3		
6963		1,2,3		
6965		1,2,3		
6979		1,2,3		
6980		1,2,3		
6987		1,2,3		
6993		1,2,3		
7003		1,2,3		
7004		1,2,3		
7006		1,2,3		
7007		1,2,3		
7009		1,2,3		
7011		1,2,3		
7018		1,2,3		
7019		1,2,3		
7038		1,2,3		
7046		1,2,3		
7049		1,2,3		
7064		1,2,3		
7067		1,2,3		
7072		1,2,3		
7091		1,2,3		
7093		1,2,3		
7094		1,2,3		
7106		1,2,3		
7109		1,2,3		
7111		1,2,3		
7123		1,2,3		
7139		1,2,3		
7146		1,2,3		
7149		1,2,3		
7158		1,2,3		
7163		1,2,3		
7167		1,2,3		
7188		1,2,3		
7205		1,2,3		
7207		1,2,3		
7210		1,2,3		
7214		1,2,3		
7217		1,2,3		
7225		1,2,3		
7230		1,2,3		
7233		1,2,3		
7236		1,2,3		
7251		1,2,3		
7252		1,2,3		
7264		1,2,3		
7271		1,2,3		
7273		1,2,3		
7285		1,2,3		
7298		1,2,3		
7301		1,2,3		
7303		1,2,3		
7315		1,2,3		
7320		1,2,3		
7323		1,2,3		
7327		1,2,3		
7346		1,2,3		
7352		1,2,3		
7372		1,2,3		
7374		1,2,3		
7380		1,2,3		
7385		1,2,3		
7386		1,2,3		
7387		1,2,3		
7390		1,2,3		
7395		1,2,3		
7404		1,2,3		
7411		1,2,3		
7413		1,2,3		
7416		1,2,3		
7418		1,2,3		
7423		1,2,3		
7429		1,2,3		
7432		1,2,3		
7434		1,2,3		
7440		1,2,3		
7441		1,2,3		
7444		1,2,3		
7454		1,2,3		
7467		1,2,3		
7468		1,2,3		
7473		1,2,3		
7479		1,2,3		
7486		1,2,3		
7507		1,2,3		
7508		1,2,3		
7509		1,2,3		
7510		1,2,3		
7514		1,2,3		
7518		1,2,3		
7519		1,2,3		
7520		1,2,3		
7525		1,2,3		
7532		1,2,3		
7545		1,2,3		
7549		1,2,3		
7551		1,2,3		
7554		1,2,3		
7579		1,2,3		
7584		1,2,3		
7602		1,2,3		
7606		1,2,3		
7624		1,2,3		
7648		1,2,3		
7652		1,2,3		
7659		1,2,3		
7663		1,2,3		
7667		1,2,3		
7676		1,2,3		
7696		1,2,3		
7703		1,2,3		
7712		1,2,3		
7713		1,2,3		
7719		1,2,3		
7725		1,2,3		
7729		1,2,3		
7730		1,2,3		
7732		1,2,3		
7736		1,2,3		
7741		1,2,3		
7756		1,2,3		
7760		1,2,3		
7764		1,2,3		
7769		1,2,3		
7776		1,2,3		
7782		1,2,3		
7789		1,2,3		
7792		1,2,3		
7805		1,2,3		
7811		1,2,3		
7815		1,2,3		
7823		1,2,3		
7829		1,2,3		
7834		1,2,3		
7835		1,2,3		
7839		1,2,3		
7874		1,2,3		
7875		1,2,3		
7876		1,2,3		
7883		1,2,3		
7893		1,2,3		
7903		1,2,3		
7906		1,2,3		
7909		1,2,3		
7916		1,2,3		
7920		1,2,3		
7930		1,2,3		
7942		1,2,3		
7958		1,2,3		
7966		1,2,3		
7967		1,2,3		
7977		1,2,3		
7983		1,2,3		
7992		1,2,3		
7996		1,2,3		
8011		1,2,3		
8033		1,2,3		
8034		1,2,3		
8036		1,2,3		
8057		1,2,3		
8058		1,2,3		
8068		1,2,3		
8070		1,2,3		
8096		1,2,3		
8108		1,2,3		
8114		1,2,3		
8130		1,2,3		
8153		1,2,3		
8167		1,2,3		
8172		1,2,3		
8183		1,2,3		
8196		1,2,3		
8199		1,2,3		
8223		1,2,3		
8225		1,2,3		
8230		1,2,3		
8257		1,2,3		
8260		1,2,3		
8262		1,2,3		
8263		1,2,3		
8271		1,2,3		
8274		1,2,3		
8283		1,2,3		
8287		1,2,3		
8302		1,2,3		
8310		1,2,3		
8314		1,2,3		
8317		1,2,3		
8326		1,2,3		
8334		1,2,3		
8335		1,2,3		
8337		1,2,3		
8353		1,2,3		
8372		1,2,3		
8374		1,2,3		
8379		1,2,3		
8386		1,2,3		
8389		1,2,3		
8399		1,2,3		
8410		1,2,3		
8413		1,2,3		
8424		1,2,3		
8436		1,2,3		
8439		1,2,3		
8446		1,2,3		
8449		1,2,3		
8462		1,2,3		
8469		1,2,3		
8474		1,2,3		
8485		1,2,3		
8489		1,2,3		
8502		1,2,3		
8503		1,2,3		
8509		1,2,3		
8515		1,2,3		
8516		1,2,3		
8518		1,2,3		
8519		1,2,3		
8523		1,2,3		
8524		1,2,3		
8525		1,2,3		
8526		1,2,3		
8527		1,2,3		
8534		1,2,3		
8540		1,2,3		
8543		1,2,3		
8549		1,2,3		
8556		1,2,3		
8559		1,2,3		
8579		1,2,3		
8584		1,2,3		
8587		1,2,3		
8601		1,2,3		
8610		1,2,3		
8618		1,2,3		
8624		1,2,3		
8625		1,2,3		
8639		1,2,3		
8661		1,2,3		
8665		1,2,3		
8672		1,2,3		
8680		1,2,3		
8685		1,2,3		
8688		1,2,3		
8690		1,2,3		
8696		1,2,3		
8713		1,2,3		
8717		1,2,3		
8723		1,2,3		
8782		1,2,3		
8786		1,2,3		
8805		1,2,3		
8807		1,2,3		
8809		1,2,3		
8811		1,2,3		
8821		1,2,3		
8822		1,2,3		
8823		1,2,3		
8828		1,2,3		
8841		1,2,3		
8842		1,2,3		
8861		1,2,3		
8873		1,2,3		
8878		1,2,3		
8883		1,2,3		
8887		1,2,3		
8890		1,2,3		
8907		1,2,3		
8915		1,2,3		
8921		1,2,3		
8925		1,2,3		
8930		1,2,3		
8932		1,2,3		
8933		1,2,3		
8935		1,2,3		
8940		1,2,3		
8945		1,2,3		
8955		1,2,3		
8958		1,2,3		
8968		1,2,3		
8976		1,2,3		
8980		1,2,3		
8982		1,2,3		
8992		1,2,3		
9001		1,2,3		
9004		1,2,3		
9013		1,2,3		
9019		1,2,3		
9024		1,2,3		
9026		1,2,3		
9029		1,2,3		
9033		1,2,3		
9035		1,2,3		
9055		1,2,3		
9056		1,2,3		
9073		1,2,3		
9080		1,2,3		
9098		1,2,3		
9106		1,2,3		
9108		1,2,3		
9115		1,2,3		
9123		1,2,3		
9129		1,2,3		
9132		1,2,3		
9134		1,2,3		
9136		1,2,3		
9140		1,2,3		
9164		1,2,3		
9168		1,2,3		
9182		1,2,3		
9190		1,2,3		
9199		1,2,3		
9203		1,2,3		
9206		1,2,3		
9219		1,2,3		
9232		1,2,3		
9235		1,2,3		
9238		1,2,3		
9241		1,2,3		
9248		1,2,3		
9249		1,2,3		
9250		1,2,3		
9257		1,2,3		
9265		1,2,3		
9278		1,2,3		
9279		1,2,3		
9285		1,2,3		
9286		1,2,3		
9297		1,2,3		
9298		1,2,3		
9305		1,2,3		
9318		1,2,3		
9322		1,2,3		
9323		1,2,3		
9335		1,2,3		
9336		1,2,3		
9342		1,2,3		
9345		1,2,3		
9347		1,2,3		
9360		1,2,3		
9364		1,2,3		
9366		1,2,3		
9377		1,2,3		
9384		1,2,3		
9387		1,2,3		
9394		1,2,3		
9405		1,2,3		
9407		1,2,3		
9409		1,2,3		
9410		1,2,3		
9420		1,2,3		
9427		1,2,3		
9428		1,2,3		
9445		1,2,3		
9456		1,2,3		
9458		1,2,3		
9473		1,2,3		
9483		1,2,3		
9487		1,2,3		
9505		1,2,3		
9529		1,2,3		
9547		1,2,3		
9555		1,2,3		
9559		1,2,3		
9560		1,2,3		
9565		1,2,3		
9567		1,2,3		
9571		1,2,3		
9575		1,2,3		
9579		1,2,3		
9581		1,2,3		
9583		1,2,3		
9588		1,2,3		
9595		1,2,3		
9598		1,2,3		
9607		1,2,3		
9609		1,2,3		
9632		1,2,3		
9634		1,2,3		
9635		1,2,3		
9639		1,2,3		
9648		1,2,3		
9654		1,2,3		
9657		1,2,3		
9663		1,2,3		
9676		1,2,3		
9679		1,2,3		
9680		1,2,3		
9684		1,2,3		
9689		1,2,3		
9691		1,2,3		
9692		1,2,3		
9699		1,2,3		
9720		1,2,3		
9724		1,2,3		
9730		1,2,3		
9747		1,2,3		
9748		1,2,3		
9765		1,2,3		
9767		1,2,3		
9770		1,2,3		
9771		1,2,3		
9778		1,2,3		
9783		1,2,3		
9784		1,2,3		
9786		1,2,3		
9787		1,2,3		
9789		1,2,3		
9796		1,2,3		
9798		1,2,3		
9801		1,2,3		
9802		1,2,3		
9810		1,2,3		
9811		1,2,3		
9816		1,2,3		
9818		1,2,3		
9819		1,2,3		
9828		1,2,3		
9845		1,2,3		
9846		1,2,3		
9854		1,2,3		
9862		1,2,3		
9869		1,2,3		
9878		1,2,3		
9882		1,2,3		
9884		1,2,3		
9890		1,2,3		
9906		1,2,3		
9915		1,2,3		
9916		1,2,3		
9920		1,2,3		
9921		1,2,3		
9924		1,2,3		
9934		1,2,3		
9940		1,2,3		
9944		1,2,3		
9948		1,2,3		
9949		1,2,3		
9956		1,2,3		
9964		1,2,3		
9968		1,2,3		
9989		1,2,3		
9990		1,2,3		
9994		1,2,3		
9999		1,2,3		

Subspace description
--------------------

- Notes

Rows:		subspaces (<start>:<end>)
Columns:	<step_number>.<step_size>
Values:		 0 ='no dependence', 0.9='high dependence'

- Description

1,2,3  :  
### [bt]: Job terminated with an exception [batchtools job.id=7]
### [bt]: Calculation finished!
