"1","2","3","4","5","6","7","8","9","10","class"
0.955717390868813,0.663215598324314,0.778973352629691,0.031749616144225,0.297777124913409,0.444291558815166,0.538009660085663,0.425603904528543,0.910138968611136,0.92468225536868,0
0.738999480381608,0.976333288475871,0.985646170098335,0.00473617552779615,0.483353378018364,0.69974278123118,0.338907741941512,0.0424032937735319,0.266286109108478,0.803793716011569,0
0.653711881255731,0.921718228142709,0.488069289596751,0.192412907490507,0.572971296962351,0.884451077319682,0.00127039011567831,0.737556993961334,0.516765592852607,0.968085905537009,0
0.666887787636369,0.131213279433595,0.359597769798711,0.00773495994508266,0.978413815144449,0.771349613554776,0.037967226235196,0.0477892332710326,0.190769062144682,0.399626120692119,0
0.621629022993147,0.971007891697809,0.511672811582685,0.0216365826781839,0.526594024617225,0.192633951548487,0.446578925941139,0.6325511878822,0.432236505206674,0.138953039189801,0
0.580570626771078,0.257521091603558,0.578267318895087,0.698893102351576,0.520857827737927,0.217235878575593,0.731052089948207,0.605706953443587,0.339841348584741,0.81439620652236,0
0.313201778102666,0.921020455891266,0.546535468427464,0.0286457415204495,0.503604644909501,0.0341862654313445,0.902343891328201,0.853871668921784,0.730534419417381,0.586894749896601,0
0.902108610142022,0.579263840802014,0.823133065365255,0.480201356112957,0.814405905781314,0.00880169635638595,0.772713078185916,0.0423499492462724,0.905101867392659,0.270160716958344,0
0.38654813170433,0.772038134385832,0.451144549995661,0.187657688511536,0.946061016526073,0.550168649293482,0.670060128672048,0.407210427569225,0.39822931913659,0.260357629973441,0
0.264064881717786,0.06270083761774,0.712125468999147,0.691498000174761,0.912922602146864,0.788975432515144,0.736935846274719,0.94182113581337,0.678113551810384,0.628416404826567,0
0.094936024164781,0.781464351108298,0.148705081781372,0.650390292517841,0.820186752127483,0.985467814374715,0.973959339316934,0.298083375673741,0.346498386701569,0.59770398051478,0
0.786904852725356,0.62179102585651,0.423789953580126,0.38388963160105,0.85199283901602,0.625160078750923,0.927152182208374,0.538358516525477,0.217533600516617,0.289766626898199,0
0.397556321695447,0.959788028383628,0.82140179281123,0.469957292545587,0.603074552025646,0.308492357376963,0.151224850444123,0.467904035234824,0.207273492589593,0.535577737493441,0
0.039517761696619,0.274445825256407,0.75267201825045,0.525308961980045,0.205242765601724,0.518636426655576,0.770726433489472,0.669297605054453,0.856293456628919,0.0332008525729179,0
0.683121047681198,0.0324454728979617,0.720475803827867,0.698855100432411,0.549273851094767,0.401824028929695,0.65258066309616,0.120473480783403,0.399809111841023,0.923481144243851,0
0.0913609282579273,0.968289792304859,0.135124311316758,0.00714377802796662,0.247409635456279,0.270427606301382,0.952240965794772,0.443428435828537,0.850191892357543,0.827529346337542,0
0.338506704661995,0.741125047659874,0.272370037157089,0.694589289603755,0.785709453746676,0.242398023139685,0.0929010142572224,0.525862898910418,0.764892918989062,0.872676024911925,0
0.964570607291535,0.160329976351932,0.530281650600955,0.443078771000728,0.1971096531488,0.566173465922475,0.713218641700223,0.0146191897802055,0.710372784873471,0.191216351697221,0
0.0871997222837992,0.629804691765457,0.339612882351503,0.205457631498575,0.768873515538871,0.109193577198312,0.175335525302216,0.050950885983184,0.969859747448936,0.775982261402532,0
0.740726812276989,0.962433085311204,0.0394114051014185,0.895662444876507,0.58791496604681,0.474061604123563,0.328545760596171,0.10122882691212,0.650674057658762,0.762424086919054,0
0.268244384555146,0.885507986182347,0.995734698604792,0.302347401389852,0.657038047676906,0.228659898042679,0.668186878785491,0.532417968614027,0.786015573190525,0.0241578931454569,0
0.782251483993605,0.106573038593866,0.637602532748133,0.911314715165645,0.552568789571524,0.466574284713715,0.332709627225995,0.859781015198678,0.971056977985427,0.681487597292289,0
0.804279974701721,0.39606089820154,0.677848152350634,0.758443532977253,0.0520201043691486,0.214649010915309,0.284550549928099,0.548904964001849,0.0714339681435376,0.79802682925947,0
0.845204165128851,0.137739075347781,0.112148820888251,0.714026134926826,0.159536472754553,0.485760399606079,0.248928324552253,0.575885272584856,0.253885525278747,0.784352834103629,0
0.0972525330726057,0.0229817815124989,0.110025357455015,0.295676958281547,0.0949750521685928,0.911837523104623,0.560177836101502,0.538763626012951,0.482799472520128,0.585094611626118,0
0.815906291506253,0.874416997423396,0.995832728454843,0.843119765166193,0.770045260433108,0.0506724189035594,0.654859191505238,0.643169227987528,0.0842062593437731,0.543051444925368,0
0.0788305152673274,0.294587640091777,0.332416134653613,0.344622561242431,0.0709161751437932,0.609600950265303,0.167651918018237,0.240599906072021,0.262992752948776,0.298743860796094,0
0.708747124765068,0.157111824199161,0.0960384290665388,0.804507750552148,0.881582733709365,0.289580479962751,0.315663647605106,0.410247987834737,0.726939492160454,0.0335541653912514,0
0.123570543946698,0.821362676098943,0.5656890172977,0.0948345235083252,0.409635641612113,0.432142523350194,0.294171010144055,0.448364441748708,0.122497059637681,0.671397264115512,0
0.107837454183027,0.687978417845443,0.117154015228152,0.0156797941308469,0.613213161239401,0.57827460533008,0.00942287873476744,0.0469308455940336,0.370032597100362,0.534884986467659,0
0.363894629059359,0.0105323209427297,0.0893055784981698,0.842223987914622,0.888550684321672,0.85537392902188,0.839560145745054,0.281388893257827,0.573980042943731,0.983499748865142,0
0.116734207840636,0.380849920911714,0.783080636756495,0.834317104890943,0.320222858106717,0.825085723772645,0.772670296952128,0.982137783663347,0.932965955929831,0.782525614369661,0
0.474968471331522,0.787307848484069,0.235256168060005,0.489287356846035,0.636297112796456,0.807519513415173,0.91761549282819,0.111064390745014,0.775383052881807,0.100448749959469,0
0.629237692337483,0.24634170800189,0.277684675063938,0.301110659027472,0.0393542507663369,0.559534198138863,0.465741772204638,0.285446443827823,0.0427780812606215,0.360224917531013,0
0.075391978258267,0.845178098328365,0.935741628985852,0.973983456380665,0.237785845994949,0.820522704394534,0.277166854590178,0.94577275402844,0.776240714592859,0.868238434428349,0
0.0397645044140518,0.348258480196819,0.895985745359212,0.467367140576243,0.235267471522093,0.618081662803888,0.185358612099662,0.898335796082392,0.31488798186183,0.897379478206858,0
0.50352976587601,0.883068672824558,0.578123857965693,0.231769079808146,0.645100059453398,0.568022457649931,0.613909320207313,0.35359212406911,0.810291931731626,0.425189706264064,0
0.615936548449099,0.773521059278189,0.576527711935341,0.216975552262738,0.102864770917222,0.227674851892516,0.510582976741716,0.623934339499101,0.274694183608517,0.261992214480415,0
0.652533130720258,0.111174734309316,0.967433758545667,0.469083404634148,0.206959026167169,0.0990006134379655,0.880558845819905,0.366018742555752,0.586906726006418,0.126532520633191,0
0.0814198995430255,0.865492232842371,0.933149511693045,0.147028667386621,0.397628715494648,0.984657055465505,0.130500128958374,0.996005126973614,0.344058037269861,0.566398167051375,0
0.343710302142426,0.161037206257693,0.366770108696073,0.652325289323926,0.579083704855293,0.158266787650064,0.129438052885234,0.713250079425052,0.572460385970771,0.0123838982544839,0
0.589111025677994,0.943877801066265,0.28829606063664,0.522541456623003,0.250923371408135,0.326407627901062,0.835090771317482,0.858761997427791,0.796541480114684,0.548635945189744,0
0.151070225983858,0.134775173968496,0.10139261954464,0.771539625013247,0.674011065857485,0.180104993516579,0.949741210089996,0.838841842487454,0.539344179444015,0.0360262007452548,0
0.0360061016399413,0.819383660331368,0.192444357322529,0.453086734050885,0.103351379511878,0.206406551180407,0.924473975086585,0.327852451242507,0.491638282081112,0.0267176630441099,0
0.832471779857948,0.133904238464311,0.916093356907368,0.763747591059655,0.644005035515875,0.0428160079754889,0.317052884493023,0.757088841870427,0.588166953762993,0.50475460710004,0
0.529872692655772,0.045496207230608,0.151698359986767,0.569911476690322,0.412273570429534,0.625121135031804,0.284267257899046,0.761240216204897,0.760982139967382,0.193890545517206,0
0.871080442797393,0.0609538201242685,0.0273030700627714,0.287647641729563,0.892254268517718,0.868636050494388,0.988419877365232,0.473794231656939,0.993327550357208,0.349653829121962,0
0.419355819374323,0.294859712198377,0.118569664889947,0.652375109028071,0.859916547546163,0.8634755439125,0.991593906190246,0.204479754902422,0.752131861168891,0.526791806332767,1
0.000533329376578331,0.16703286441043,0.71706642000936,0.478484333027154,0.195652205264196,0.629321339540184,0.461979839019477,0.511411379091442,0.342294364003465,0.291436782106757,0
0.693453594110906,0.795234585455293,0.543720785761252,0.341378020588309,0.421840037219226,0.508246388286352,0.420601330231875,0.231606132118031,0.414626749465242,0.73618937516585,0
0.947967453488382,0.0317339431494474,0.440478486707434,0.0439322430174798,0.980278806062415,0.933934724889696,0.888036223594099,0.359185643028468,0.486326635815203,0.0112435270566493,0
0.358926728833467,0.968406810890883,0.260321812704206,0.871123746270314,0.89928127406165,0.0466280186083168,0.334472219226882,0.700776661280543,0.992826816160232,0.396303333342075,0
0.0497244268190116,0.771028776317649,0.0909212357364595,0.854923299979419,0.211167178349569,0.276510724332184,0.935900227632374,0.361582188401371,0.201468219282106,0.340745634166524,0
0.957088247174397,0.397635045927018,0.630079116439447,0.933047607541084,0.70406252075918,0.443237776868045,0.883448224980384,0.665256102336571,0.755271864356473,0.759031441295519,0
0.695226072799414,0.176952478870517,0.598713415907696,0.723126472905278,0.64203041465953,0.124213419854641,0.589221879141405,0.839435225818306,0.812682952731848,0.423005284043029,0
0.739594162674621,0.89018542249687,0.0408160467632115,0.931724282680079,0.0356134991161525,0.776865642517805,0.484539871569723,0.932450686348602,0.342417126754299,0.337149183498695,0
0.606983536388725,0.0844197641126812,0.982469823211432,0.183511734008789,0.849705290514976,0.0381453302688897,0.042609395692125,0.191850337432697,0.587122715776786,0.839210794772953,0
0.489053623983636,0.982908218911919,0.78625717270188,0.27679316746071,0.815228945808485,0.771080994745716,0.842380969319493,0.416508310008794,0.316533987177536,0.0138117515016347,0
0.26792678097263,0.0924511850060429,0.902693952899426,0.00244313338771462,0.0304244274739176,0.606150377774611,0.698250412475318,0.811606294941157,0.503468592884019,0.95353085314855,0
0.43469060678035,0.023937237681821,0.585565954912454,0.208049217239022,0.272713370388374,0.848142802948132,0.959257677895948,0.0988931215833873,0.314710008911788,0.445233128266409,0
0.245852894149721,0.111029168805107,0.689578545978293,0.782302973559126,0.868620023364201,0.0255338049028069,0.485296536935493,0.603919934015721,0.579183226218447,0.102680275915191,0
0.40573044703342,0.870101041827816,0.683719342574477,0.920548856258392,0.702802171930671,0.307299664011225,0.0919518508017063,0.613880944205448,0.0220942499581724,0.692047169897705,0
0.939594282679399,0.320541922701523,0.253809467190877,0.726659864420071,0.991910302313045,0.484800478676334,0.255487975897267,0.225465369876474,0.585016647353768,0.560682142153382,0
0.189623414665484,0.391287834616378,0.897750587435439,0.921463618054986,0.0756887719035149,0.211709327762946,0.944855424808338,0.974893122212961,0.459689863258973,0.778224038658664,0
0.888862505322322,0.888641642639413,0.361010074382648,0.812102750642225,0.443301028572023,0.512780031422153,0.86777429562062,0.286616407334805,0.285352412611246,0.790244779083878,0
0.589238182641566,0.183986383949989,0.0512400369625539,0.919939969899133,0.50511144218035,0.669428897788748,0.465684857685119,0.497820479096845,0.462708021048456,0.981861249310896,0
0.0647808879667428,0.0537590237800032,0.64351636916399,0.936571649741381,0.514171207789332,0.173231568885967,0.385190968634561,0.758164286613464,0.471769785508513,0.0457277453970164,0
0.930139714753022,0.139500154647976,0.0681867937091738,0.0896815489977598,0.930421263445169,0.477164722979069,0.12666772166267,0.54319468117319,0.0915807459969074,0.654618273954839,0
0.136613977374509,0.86332827455122,0.222139700781554,0.194493166636676,0.197154527530074,0.196501435246319,0.273860976099968,0.811764199752361,0.161231225822121,0.604092924622819,0
0.95420676516369,0.903804661938921,0.251636914210394,0.205042709596455,0.696405011229217,0.194183606654406,0.174046736676246,0.0409852711018175,0.270484246080741,0.814453636528924,0
0.00276506420667283,0.813252987340093,0.568083442049101,0.00451150047592819,0.612929822411388,0.581238845130429,0.0137261033523828,0.478840768802911,0.831811126088724,0.287484791828319,0
0.971463230904192,0.015319462865591,0.81649750424549,0.881563423434272,0.641588060650975,0.697372498223558,0.682587613817304,0.971546540502459,0.962398983538151,0.480977294035256,0
0.0296166313346475,0.623894047457725,0.860143066616729,0.800472478149459,0.619177972897887,0.67476594215259,0.501920351292938,0.306288915453479,0.602671159431338,0.0287840072996914,0
0.130516761448234,0.858112800147221,0.387464158935472,0.153039819328114,0.30550708505325,0.382169316755608,0.929457962280139,0.754711682675406,0.131149688735604,0.916060249321163,0
0.783857902279124,0.0970960205886513,0.511107820551842,0.356952326605096,0.495325648458675,0.809878440340981,0.508251328254119,0.0905586681328714,0.474274753825739,0.480055588763207,0
0.438904379261658,0.144199145390303,0.54225873039104,0.125206771073863,0.633890336146578,0.923032250721008,0.845079617574811,0.833180363057181,0.270069449441507,0.940263766562566,0
0.119599518598989,0.153868494942226,0.145885351579636,0.746336651267484,0.186194544658065,0.263966748025268,0.816981963813305,0.877022986998782,0.85161771834828,0.296017716871575,0
0.132268602318992,0.117720919894055,0.525309931486845,0.735542706912383,0.86245488980785,0.656347737414762,0.438909871736541,0.424258187180385,0.0583739809226245,0.36207311344333,0
0.103987120814202,0.0857571193482727,0.386286770459265,0.297343435697258,0.136429318692535,0.100370555417612,0.417486098129302,0.0239524054341018,0.0936594908125699,0.77536000055261,0
0.0146452576877316,0.044772912748158,0.788102278485894,0.557775593362749,0.81746983830817,0.370752913644537,0.252945222659037,0.0370234581641853,0.623669099528342,0.920968022895977,0
0.463662279769778,0.0756291329562664,0.289639071095735,0.771025077439845,0.348481255350634,0.956912398338318,0.117317527299747,0.288597470149398,0.282261837273836,0.635592823848128,0
0.048725746339187,0.966693348018453,0.91556154191494,0.75261701317504,0.576442829566076,0.0982611381914467,0.422345547704026,0.707473904127255,0.596757097169757,0.688107431167737,0
0.0745905248913914,0.924243566173967,0.91378022916615,0.945680274395272,0.831571989692748,0.901262998580933,0.485006877221167,0.585697280941531,0.147014190675691,0.231604945845902,0
0.174232023794996,0.13481734902598,0.550773124676198,0.317714989650995,0.92972205998376,0.383050824515522,0.91425498155877,0.479480203939602,0.114202580414712,0.342027086997405,0
0.983997652539983,0.489674474112689,0.0425859917886555,0.850097320973873,0.809799711452797,0.975643183104694,0.311413881601766,0.739033755613491,0.891439636237919,0.65507852518931,0
0.521734506590292,0.0761416216677753,0.744238737504929,0.299069793894887,0.691152080660686,0.881463539553806,0.820616749115288,0.812587026273832,0.293482257984579,0.918646177975461,0
0.0383954420035239,0.773144540609792,0.741116723977029,0.178664039121941,0.28535363660194,0.689754240447655,0.284986970713362,0.821161799598485,0.920064145699143,0.197733435546979,0
0.969368151389062,0.0595398931764066,0.502085821935907,0.748213613172993,0.308851988287643,0.880304809659719,0.769404169404879,0.575063548050821,0.374694246798754,0.841599212260917,0
0.833089605335146,0.658437577309087,0.257807960966602,0.689111594576389,0.383648713352159,0.180160666350275,0.45356755098328,0.698725777678192,0.532205564901233,0.0379958811681718,0
0.257888166699558,0.0742555870674551,0.899068516679108,0.989903149893507,0.272648277226835,0.447707661427557,0.913048583082855,0.482586121419445,0.541780080646276,0.890861083287746,0
0.959396895952523,0.914633208187297,0.869845429202542,0.268587587401271,0.171885641058907,0.321498876204714,0.625695455120876,0.55796258081682,0.0522591988556087,0.567286432953551,0
0.849870172152528,0.349438280798495,0.8379580846522,0.733177735237405,0.678024107124656,0.17104411823675,0.498969717416912,0.245493631577119,0.17223423323594,0.710945726139471,0
0.0289684559684247,0.927736801818293,0.0603138199076056,0.679048288846388,0.822586490539834,0.880117509048432,0.502786131808534,0.035664229420945,0.844829777488485,0.750315816374496,0
0.325523123377934,0.939864263636991,0.416367975762114,0.964253922225907,0.6391147589311,0.284308317583054,0.324332804651931,0.0448703852016479,0.656250658677891,0.0921774080488831,0
0.0353213948203716,0.542095608077943,0.835856175748631,0.807776440866292,0.94362630462274,0.216955316485837,0.000360853737220168,0.378821330145001,0.949786760378629,0.908978699706495,0
0.881415915442631,0.906873401254416,0.735315174097195,0.0268986360169947,0.774892831221223,0.751752515556291,0.388212813297287,0.612405595136806,0.0428925580345094,0.884455975843593,0
0.0763676443465054,0.860625762492418,0.618764415150508,0.616357195889577,0.795086241792887,0.0890190368518233,0.54738009441644,0.235973521368578,0.919051151257008,0.0923725829925388,0
0.327799278544262,0.103596166196908,0.181399517692626,0.317823672201484,0.271020354703069,0.61763383122161,0.46508682356216,0.252682930091396,0.744927225867286,0.0269647943787277,0
0.0743796178139746,0.831370200030506,0.468429911881685,0.439838856924325,0.708897098666057,0.992958726361394,0.475503301015124,0.26328319311142,0.789451684337109,0.247802677564323,0
0.190115013222769,0.459474761737511,0.0761186426971108,0.993032359518111,0.0940669723786414,0.386656174901873,0.829594012349844,0.913857701234519,0.764914284227416,0.592644057702273,0
