"1","2","3","4","5","6","7","8","9","10","class"
0.961810478940606,0.815471002133563,0.270410312572494,0.617567458655685,0.62655738205649,0.894570814445615,0.377730657346547,0.662324199918658,0.323782503139228,0.381305400282145,0
0.53878642199561,0.92261873325333,0.649175249505788,0.84357926226221,0.149178603896871,0.751182212261483,0.758674963843077,0.178626639768481,0.756468665320426,0.400334891630337,0
0.154566389974207,0.529332474106923,0.661288026487455,0.324802187271416,0.187319067539647,0.0220042273867875,0.721035914029926,0.00175939756445587,0.723130061291158,0.0322460646275431,0
0.638669626088813,0.0216325265355408,0.159233502810821,0.870676638558507,0.261531773023307,0.350477698491886,0.662011011736467,0.81623978796415,0.213742413325235,0.673671202501282,0
0.32162004779093,0.511668032035232,0.403063623700291,0.244185063289478,0.488183900248259,0.904193572467193,0.517019477440044,0.475024692481384,0.90626612957567,0.24711378198117,0
0.611929131438956,0.638182322261855,0.0681559492368251,0.170062352670357,0.614050346659496,0.401476794155315,0.995708645088598,0.000994660658761859,0.696872822241858,0.837248379131779,0
0.340555279282853,0.627574387472123,0.194810182088986,0.337261678883806,0.242336911847815,0.725067816209048,0.34372086613439,0.282239007297903,0.918910274747759,0.0782933495938778,0
0.0604377114214003,0.915009052958339,0.409774678759277,0.60799571336247,0.0214677071198821,0.283726971363649,0.628277104115114,0.0548285464756191,0.800777297234163,0.541484421119094,0
0.616479863179848,0.119650050764903,0.303485881304368,0.0134388082660735,0.338799608172849,0.750077406875789,0.301120824646205,0.217804131563753,0.172343980055302,0.248858948936686,0
0.980748575180769,0.216357328696176,0.354003441520035,0.00173210864886642,0.811006646603346,0.747710809810087,0.847764180973172,0.694918174296618,0.152558970730752,0.248114372836426,0
0.992075171554461,0.78961166460067,0.453829177189618,0.458505236776546,0.880055344896391,0.752249370096251,0.0403043064288795,0.0537434995640069,0.821015281137079,0.385486935498193,0
0.171146773733199,0.440791405504569,0.954301035497338,0.915422232355922,0.31724323448725,0.810128040844575,0.813167542917654,0.32105511566624,0.299519567517564,0.372813420603052,0
0.807771242922172,0.604339228477329,0.281040602363646,0.895137308863923,0.8040440750774,0.413778810063377,0.658709733281285,0.734967797296122,0.2957960346248,0.966363195795566,0
0.463818739634007,0.794366871472448,0.952261815080419,0.772184720728546,0.637255547801033,0.787258876254782,0.360895826714113,0.588871702319011,0.13155015790835,0.128743309993297,0
0.731430371524766,0.448917695786804,0.414518159115687,0.590493305353448,0.806471295189112,0.0648604861926287,0.501029413891956,0.541799382539466,0.767504123039544,0.610246966360137,0
0.181035193149,0.164903767639771,0.274878035066649,0.72636530874297,0.0836106829810888,0.741591689875349,0.854289888869971,0.423301777336746,0.197531506884843,0.914492198964581,0
0.0462159973103553,0.0775122155901045,0.701183625962585,0.437247053720057,0.477664076024666,0.163483252050355,0.900062567554414,0.643608004553244,0.293456915998831,0.449413824593648,0
0.447918522870168,0.253850270062685,0.188055352307856,0.150502894073725,0.0142234987579286,0.907997395610437,0.324506029020995,0.585871182614937,0.365716580534354,0.497775398427621,0
0.818083902355283,0.693059335229918,0.745584054384381,0.981977893272415,0.827203752007335,0.896675006719306,0.340587532380596,0.515100492862985,0.828044762834907,0.926710451953113,0
0.614035723498091,0.634360228665173,0.417706097709015,0.359310541767627,0.99138560378924,0.458232711302117,0.27139854314737,0.214659213786945,0.0693495054729283,0.671332109021023,0
0.767260625725612,0.857753265881911,0.502062399871647,0.889828591607511,0.690733547089621,0.686402479186654,0.236925519537181,0.282818750012666,0.106917723314837,0.312913237372413,0
0.988414842635393,0.912691364064813,0.943890896858647,0.18390090437606,0.454998955363408,0.534576341044158,0.709660117980093,0.811707957880571,0.507839227560908,0.747493339236826,0
0.884363638004288,0.545313897076994,0.158954981015995,0.610786180244759,0.355491047957912,0.814372238237411,0.672231111908332,0.125466992845759,0.284808851778507,0.983739101560786,0
0.120301162125543,0.41899447934702,0.93934144009836,0.853919682791457,0.662280499003828,0.950629052706063,0.118642480578274,0.458612571470439,0.834203582955524,0.284218843560666,0
0.473990453902632,0.728533853776753,0.183920455165207,0.856605397071689,0.546056898310781,0.369003298459575,0.0793822212144732,0.143948843702674,0.0706365802325308,0.0524794121738523,0
0.939055043039843,0.82577487337403,0.404549734899774,0.627500694477931,0.67839338677004,0.75710708135739,0.691746648866683,0.240561750717461,0.181127782445401,0.194386624265462,0
0.589330038521439,0.73582765343599,0.497227389598265,0.473804896930233,0.51888198684901,0.886741146212444,0.345676605356857,0.977220381377265,0.49157818662934,0.289338731206954,0
0.805042947642505,0.365947474259883,0.0181755684316158,0.223833217285573,0.838909153593704,0.549566318979487,0.0492358515039086,0.476656996179372,0.071948847733438,0.805192322237417,0
0.40747191807963,0.894519361667335,0.668917113449425,0.559882788918912,0.0479450454004109,0.896354843396693,0.00453147268854082,0.308445243863389,0.275716077070683,0.406962772132829,0
0.140805618837476,0.287382708163932,0.882528387708589,0.763828558148816,0.960055359872058,0.670463767135516,0.0213672672398388,0.231429965700954,0.0867213143501431,0.355377156054601,0
0.126910314895213,0.772999946726486,0.0787409287877381,0.127218808047473,0.911370909074321,0.835458080517128,0.905198971740901,0.474309627432376,0.632304800674319,0.679500089725479,0
0.478633791208267,0.00933630927465856,0.714634926756844,0.388551578158513,0.0119659621268511,0.0106135429814458,0.342722825007513,0.475261041196063,0.878985408693552,0.558968626428396,0
0.671298602828756,0.475263242376968,0.27703306498006,0.685326729901135,0.936849474674091,0.206179146654904,0.174026145134121,0.379734916845337,0.530420446768403,0.333350427914411,0
0.225469878409058,0.202259835088626,0.878919430775568,0.482228603214025,0.294756710529327,0.901457524858415,0.286560377106071,0.788717761868611,0.948878625640646,0.763258764054626,0
0.362285207724199,0.264876504894346,0.222884791204706,0.219869182212278,0.771922032115981,0.548923893133178,0.635174525436014,0.0854931229259819,0.72893813229166,0.955233082873747,0
0.877119450364262,0.442550256848335,0.764476247364655,0.324713252251968,0.790936561301351,0.0798282276373357,0.238753818441182,0.818737911991775,0.991524410899729,0.929628398502246,0
0.758095268625766,0.548087272327393,0.432080102385953,0.602727737743407,0.842567154206336,0.660838791867718,0.308842054801062,0.909575829282403,0.891642158385366,0.859945069532841,0
0.237171894172207,0.298045000759885,0.716952720656991,0.163964633829892,0.773813585285097,0.69916256912984,0.564393213484436,0.708597615361214,0.655941698234528,0.734424607129768,0
0.0752544761635363,0.49731947761029,0.382507927948609,0.970086083281785,0.589595631929114,0.15596707793884,0.309155590366572,0.266514045652002,0.745677955448627,0.0684806718491018,0
0.77238822216168,0.729310150956735,0.251631329068914,0.835263805696741,0.575465521076694,0.552885688608512,0.45515095978044,0.671418427024037,0.252255910541862,0.309589104959741,0
0.0826075545046479,0.459708967478946,0.0411991293076426,0.425380724482238,0.266225604806095,0.782587136840448,0.606240378227085,0.908923778915778,0.790953053161502,0.805894084041938,0
0.565542647660337,0.149150979705155,0.948873459361494,0.516781665384769,0.476068006129935,0.701496805297211,0.775446071987972,0.745976931415498,0.431558190844953,0.729028285015374,0
0.807359293568879,0.601463185157627,0.0365173777099699,0.495625652605668,0.889023009222001,0.534353955648839,0.766964136390015,0.162384571507573,0.456454921048135,0.207999917911366,0
0.231283411150798,0.0322089907713234,0.616349676158279,0.487960024969652,0.149684641277418,0.245395631995052,0.286362716695294,0.0796032997313887,0.494685186073184,0.191635612631217,0
0.464280841639265,0.7126469691284,0.891081986017525,0.318424972705543,0.665790517814457,0.453161272220314,0.0791043601930141,0.411682059289888,0.98998302873224,0.467547834152356,0
0.548111111624166,0.986709250370041,0.177410681033507,0.57753338268958,0.700662625720724,0.882873207097873,0.965869220672175,0.853110963245854,0.479583886917681,0.528407883131877,0
0.416081792442128,0.307941321050748,0.260216569295153,0.936407202621922,0.0522522698156536,0.0772101082839072,0.485974546289071,0.494367230683565,0.242343250894919,0.26300609530881,0
0.957167512737215,0.769530932172108,0.102512168930843,0.714618318947032,0.0808769369032234,0.20118425716646,0.0998520173598081,0.160083922790363,0.516927439486608,0.308168009854853,0
0.349416158627719,0.778432749211788,0.807768889470026,0.648494961671531,0.732676453422755,0.0212864435743541,0.794358219718561,0.0489824188407511,0.608773822663352,0.740423833718523,0
0.369007050292566,0.797886125510558,0.254558889195323,0.349040196277201,0.399021914694458,0.845428098924458,0.256214247550815,0.123569620074704,0.762665957678109,0.0973857715725899,0
0.370091089513153,0.0437727675307542,0.805287649156526,0.961193049093708,0.974443072685972,0.547558163758367,0.791642667492852,0.206924366299063,0.140634605893865,0.751910629449412,0
0.432137774303555,0.254458886338398,0.827043111436069,0.0783842792734504,0.0830892333760858,0.109078424982727,0.749642840353772,0.526845632586628,0.131864281604066,0.979271629126742,0
0.682141397614032,0.726652805227786,0.579582683043554,0.367239383514971,0.992959760827944,0.467039587209001,0.729470926802605,0.582334640901536,0.915785297518596,0.175019116140902,0
0.796243347693235,0.0465758796781301,0.080878134816885,0.123111231252551,0.0600031341891736,0.750447005499154,0.726169977802783,0.959989893017337,0.395319654373452,0.332959967199713,0
0.513835682300851,0.868304534582421,0.981315545272082,0.432447818806395,0.632645487785339,0.398343268083408,0.292256103130057,0.375998451840132,0.0706394813023508,0.549360951641575,0
0.965965630952269,0.185216961894184,0.843669289024547,0.869243362685665,0.129507430130616,0.91708037420176,0.101944175781682,0.0636187277268618,0.659959003794938,0.385680699255317,0
0.554959375876933,0.217033921740949,0.852100930176675,0.622326530283317,0.849544217810035,0.666394419269636,0.814230242511258,0.847039019223303,0.638891971902922,0.632135977968574,0
0.18043703888543,0.383027756819502,0.0259309515822679,0.0894880585838109,0.472318253712729,0.0939159903209656,0.30375336133875,0.388130773790181,0.909075536765158,0.369354582391679,0
0.496649272739887,0.0369129003956914,0.680600080639124,0.874031849671155,0.472092832438648,0.826403316110373,0.852590861031786,0.202817743644118,0.911037615500391,0.210992446402088,0
0.603312419960275,0.326058939332142,0.970901727909222,0.395564761944115,0.283460369799286,0.185607308754697,0.900568827753887,0.605530099011958,0.862569988705218,0.426608538953587,0
0.729062611916103,0.406616235850379,0.253216279437765,0.668358326191083,0.842654443811625,0.461500263074413,0.750068340450525,0.483266584109515,0.775977185927331,0.135493587469682,0
0.535512527450919,0.761664364952594,0.122758052311838,0.956407825695351,0.108498539542779,0.193510041804984,0.169986800989136,0.848568676505238,0.975013847695664,0.906446784734726,0
0.654136648401618,0.980001190677285,0.706845295149833,0.254976273048669,0.375393218360841,0.582116581732407,0.398002991918474,0.922922861063853,0.868675659410655,0.512022281065583,0
0.133414548356086,0.376004878198728,0.456301879603416,0.293149585602805,0.825652546482161,0.459672989090905,0.676926392130554,0.663015353260562,0.329314891714603,0.897871251916513,0
0.918194473255426,0.421883560717106,0.0847419889178127,0.762760534882545,0.336247037164867,0.439574713818729,0.255044607212767,0.152420633239672,0.462136190384626,0.518187613692135,0
0.98009865405038,0.603887062752619,0.151265587424859,0.74254621961154,0.840807025553659,0.607326075434685,0.0256091479677707,0.457718369318172,0.361348272766918,0.591077937046066,0
0.0279392951019108,0.815061600180343,0.396422548918054,0.175674925092608,0.303258058382198,0.844987865770236,0.0455194900278002,0.989279204513878,0.131349504925311,0.98744514095597,0
0.587301448918879,0.00509562972001731,0.295298198005185,0.146620381856337,0.0836567124351859,0.0852299968246371,0.461853324435651,0.922804286237806,0.0637981898616999,0.747932793572545,0
0.850600184174255,0.639042926253751,0.0628889962099493,0.974579049274325,0.671146389096975,0.317129215225577,0.163523376919329,0.168176476843655,0.556465930538252,0.787899777293205,0
0.938988137524575,0.0875377673655748,0.562382647069171,0.548701560823247,0.0817895410582423,0.286977917188779,0.219609601190314,0.857801903272048,0.0711859362199903,0.812774424673989,0
0.342415337450802,0.994890760164708,0.788038309197873,0.38497227570042,0.914178943028674,0.106077970704064,0.868835434317589,0.631583234295249,0.319393010111526,0.571376621257514,0
0.993500434793532,0.00362499034963548,0.857246082043275,0.499906486598775,0.675636218162253,0.506797589827329,0.523245451273397,0.704714340390638,0.69360407977365,0.423675026744604,0
0.0756639607716352,0.00148543622344732,0.539982562186196,0.800221610115841,0.439858014928177,0.348701811162755,0.134571987902746,0.980638224398717,0.0179541958495975,0.111369698541239,0
0.696367906173691,0.0662039692979306,0.437760612694547,0.541982412803918,0.224944402929395,0.577436083229259,0.585773142753169,0.00809330004267395,0.148526505567133,0.693957342533395,0
0.912998779909685,0.811107893008739,0.101220943033695,0.966149382526055,0.993919113883749,0.308566114632413,0.0668740435503423,0.168544567888603,0.117543119937181,0.861917266855016,0
0.957859959315974,0.580438866047189,0.57684338465333,0.416317200986668,0.141011848580092,0.774162426125258,0.952704881085083,0.459106691647321,0.480364799965173,0.454804068431258,0
0.177860610187054,0.895297355018556,0.523546777898446,0.706012714421377,0.144891151692718,0.701298619620502,0.018248533597216,0.435008687665686,0.516856926493347,0.287191859446466,0
0.165979864774272,0.0413348502479494,0.182943129679188,0.585848244139925,0.832685017492622,0.911075024167076,0.261321895290166,0.039594390662387,0.107544660801068,0.854982082964852,0
0.643598676891997,0.669067572569475,0.843781876610592,0.330873105907813,0.952461525565013,0.14366367040202,0.489661779487506,0.937652355059981,0.192447701701894,0.69216236914508,0
0.557128238026053,0.846557546406984,0.650701969861984,0.901826569112018,0.396064513362944,0.711942461784929,0.0982666199561208,0.463489987421781,0.321190506219864,0.753660703310743,0
0.71173475519754,0.353748353896663,0.312967605423182,0.636086266720667,0.656069807242602,0.745182735612616,0.251668227370828,0.230235647642985,0.511357513722032,0.320308113703504,0
0.76767211034894,0.252801630180329,0.165729545522481,0.0781739270314574,0.452554933028296,0.331283548846841,0.110843551810831,0.756126505322754,0.333130694227293,0.386214051628485,0
0.404701712308452,0.287362151080742,0.427291058702394,0.91100554401055,0.198024415643886,0.755068053491414,0.279797442723066,0.32468573236838,0.128082156879827,0.563682154286653,0
0.00221530487760901,0.571349172620103,0.294671254232526,0.344262708444148,0.573142408160493,0.719662416027859,0.735541177447885,0.442993035539985,0.702167978510261,0.796225581783801,0
0.943283138563856,0.723272949689999,0.0262347587849945,0.452722492162138,0.30752334673889,0.4638480481226,0.7765522536356,0.896183274220675,0.234634092077613,0.473385710734874,0
0.82422620547004,0.532893979456276,0.430119412718341,0.317849618149921,0.607098148204386,0.221058530267328,0.907839877065271,0.935597544535995,0.023337411461398,0.32464067847468,0
0.968175610527396,0.0144178925547749,0.0328720058314502,0.167642862768844,0.42199793481268,0.5831007307861,0.903915884438902,0.416078545385972,0.515318186720833,0.022288381587714,0
0.477700400166214,0.897420532302931,0.79826151416637,0.959425521083176,0.631518825190142,0.747596803121269,0.119999242480844,0.885848933132365,0.0476265263278037,0.987830600002781,0
0.932152424473315,0.657103047473356,0.487019052729011,0.928378997603431,0.489011988043785,0.931590877240524,0.760235896334052,0.829825922148302,0.124619776150212,0.549332993337885,0
0.853080274071544,0.390946122119203,0.976309172576293,0.343416551593691,0.5175686981529,0.763302167877555,0.242712861858308,0.96891982993111,0.610246300930157,0.760103366337717,0
0.839483967749402,0.138444319367409,0.213138536084443,0.13303067558445,0.824095124611631,0.308612984605134,0.3408205981832,0.531357812928036,0.141675710212439,0.313924882095307,0
0.461481273872778,0.703037606552243,0.292314090300351,0.315506811486557,0.507900533266366,0.0346480514854193,0.85364963626489,0.81626370199956,0.75698956521228,0.21468644705601,0
0.421376716578379,0.80939083173871,0.285660410067067,0.0851797163486481,0.980237002717331,0.754067366942763,0.910133802564815,0.231481901369989,0.811173935886472,0.815124578541145,0
0.977194845210761,0.220382064348087,0.75258271349594,0.677755832672119,0.79542375006713,0.773598861182109,0.971305416198447,0.918228094000369,0.148262145696208,0.776172548765317,0
0.825838797027245,0.49805551106371,0.974299520719796,0.118205507053062,0.418507194146514,0.483563955174759,0.796525942161679,0.487159171840176,0.719832632690668,0.822505129734054,0
0.586969274096191,0.303880880819634,0.0103046814911067,0.375532371690497,0.020418182015419,0.741286739008501,0.632188763236627,0.054589755833149,0.489815277978778,0.229516730178148,0
0.752552069025114,0.4095671211835,0.920761430636048,0.532521802233532,0.246599399950355,0.670336286304519,0.850962419062853,0.159643896855414,0.621113084256649,0.84192353580147,0
0.446248230757192,0.0437034692149609,0.94485003198497,0.866507164668292,0.376277749892324,0.000926347682252526,0.511044345097616,0.614442894235253,0.620926639996469,0.418086706660688,0
0.444725578185171,0.686752166454494,0.127656274707988,0.69041778286919,0.0307290048804134,0.661461987067014,0.128717837156728,0.785851012449712,0.61103462218307,0.493921872694045,0
0.862035872647539,0.494449978461489,0.186201706295833,0.243494196794927,0.640817804494873,0.816934960428625,0.884070044150576,0.974662511609495,0.354238876374438,0.243173300754279,0
