"1","2","3","4","5","6","7","8","9","10","class"
0.890658173710108,0.896818917710334,0.0508212288841605,0.0160467098467052,0.599209864623845,0.608101101126522,0.67420437419787,0.88943678769283,0.00298678805120289,0.873487912351266,0
0.969655636465177,0.00406615412794054,0.0977325453422964,0.276890369597822,0.904434720752761,0.279693935066462,0.732972504105419,0.222328771371394,0.849550995975733,0.384315907489508,0
0.788228596327826,0.572192069608718,0.915021232329309,0.622906291857362,0.244364563841373,0.0980480720754713,0.0118485775310546,0.528165842406452,0.540862097404897,0.476589244091883,0
0.733528748853132,0.205719319172204,0.251444007037207,0.853891030419618,0.655820321291685,0.396492565982044,0.642471027793363,0.627625917317346,0.0317213265225291,0.686945540364832,0
0.911760225892067,0.399847207590938,0.408538807416335,0.439067803323269,0.920769851887599,0.979350372683257,0.800386003684253,0.0306866269093007,0.0809849565848708,0.489654916804284,0
0.659524881048128,0.525550907244906,0.640166310826316,0.2307848862838,0.221507366281003,0.890839400468394,0.778272993629798,0.177539030322805,0.411337996367365,0.377678209915757,0
0.758171151392162,0.352876107441261,0.0698039252310991,0.984842716017738,0.402141649043187,0.367179175373167,0.745017475215718,0.208686297992244,0.672632053960115,0.573808984598145,0
0.209102931665257,0.407840077998117,0.634995550382882,0.0819692818913609,0.048877245048061,0.0929401020985097,0.793676559813321,0.472340143285692,0.510181429795921,0.0431958176195621,0
0.441791885299608,0.909899337217212,0.994850046932697,0.138699763687328,0.018115418497473,0.0967323298100382,0.130498254904523,0.791834003757685,0.936191541142762,0.590606887824833,0
0.559075262863189,0.854908816283569,0.918669766047969,0.122703396482393,0.0996247478760779,0.0637868500780314,0.633674669079483,0.216581060551107,0.0942264979239553,0.57757595856674,0
0.516503274906427,0.280067383078858,0.167665547458455,0.444683161797002,0.82341906032525,0.828268111217767,0.224609762430191,0.618577550863847,0.261660003336146,0.541868535103276,0
0.890400403179228,0.893503793515265,0.620515305083245,0.417018142528832,0.959179045632482,0.606160098221153,0.523850036552176,0.832874327898026,0.678926173131913,0.328911958495155,0
0.877960068872198,0.945482421200722,0.835484782699496,0.151318712625653,0.418245299253613,0.125113889575005,0.0941529816482216,0.389882538933307,0.0997411273419857,0.516313696512952,0
0.625721998512745,0.942328175064176,0.725920284865424,0.931135901948437,0.421869676327333,0.791486201575026,0.768110236153007,0.920045813545585,0.917304226430133,0.0417762554716319,0
0.343834001803771,0.490335341310129,0.618524804944173,0.356267714407295,0.875234782928601,0.661554709542543,0.608547456329688,0.139815858565271,0.158542394405231,0.785193980205804,0
0.492030280409381,0.946418352657929,0.997289847815409,0.0951988960150629,0.825653844280168,0.341215703869238,0.230331323109567,0.62021380267106,0.403674136148766,0.722590449498966,0
0.364397532073781,0.841616166057065,0.667002951260656,0.310126164229587,0.261497218860313,0.947378399083391,0.553317229496315,0.512698608683422,0.569044544827193,0.734326185425743,0
0.700508677167818,0.0332097972277552,0.335189678706229,0.738011392299086,0.00339597160927951,0.130342250689864,0.15773095539771,0.632223144173622,0.749910179292783,0.87716115731746,0
0.39894476137124,0.0963810812681913,0.207160064717755,0.493471570778638,0.84539361204952,0.932607472408563,0.29512432240881,0.113657171837986,0.353438202291727,0.82018376654014,0
0.441695657325909,0.326329126022756,0.656045684358105,0.546351775992662,0.326630984665826,0.354178003035486,0.377382219769061,0.033602878684178,0.649065238889307,0.502272183774039,0
0.173539650160819,0.64646687800996,0.856531815603375,0.222687745233998,0.965516884578392,0.0131939146667719,0.000788389937952161,0.882348445942625,0.785539454780519,0.534399187425151,0
0.874072898412123,0.248424609424546,0.0202427206095308,0.309263396076858,0.527640935499221,0.323276214767247,0.502463591750711,0.385104427812621,0.982213935349137,0.828214270761237,0
0.870527050457895,0.0270383900497109,0.273891786811873,0.412531530484557,0.350091879721731,0.224662300432101,0.127578616840765,0.260370721574873,0.214036393212155,0.701621617889032,0
0.565003730356693,0.812925248406827,0.374536437680945,0.104145250981674,0.901875414885581,0.306349013932049,0.234342159004882,0.870819168863818,0.892278249841183,0.11941777728498,0
0.365829868940637,0.850458754925057,0.233796063810587,0.362802697811276,0.64677317859605,0.623080823337659,0.727292307652533,0.557605140376836,0.0131315186154097,0.0909915280062705,0
0.473656160756946,0.35000668396242,0.767131706234068,0.572711443528533,0.946295890025795,0.268236690899357,0.423381282947958,0.751496511977166,0.882971445797011,0.257405899930745,0
0.242348531261086,0.320327073335648,0.334195034345612,0.981763262068853,0.409210882382467,0.633744230493903,0.909951839363202,0.123941092984751,0.0262392361182719,0.176736158784479,0
0.675981561653316,0.783711035735905,0.385044825263321,0.424874296179041,0.424551377538592,0.528738743392751,0.130824794527143,0.19460911094211,0.552799205994233,0.612212931038812,0
0.939672295935452,0.709311673184857,0.670257767895237,0.301802157657221,0.773601541761309,0.343731069238856,0.392611571121961,0.266579627292231,0.641513530630618,0.882192046614364,0
0.432250146288425,0.961005454417318,0.702146711759269,0.831393691245466,0.00384700600989163,0.289081732742488,0.115140354726464,0.707643503090367,0.294898529537022,0.601905243471265,0
0.914648405276239,0.728066620184109,0.93332396959886,0.781974494457245,0.303020790917799,0.324570843018591,0.709949085488915,0.811561406590044,0.392611626768485,0.0956081668846309,0
0.974586710100994,0.543656330788508,0.91536869504489,0.166898918105289,0.196709954179823,0.91964617674239,0.48230002168566,0.389677925268188,0.239935657009482,0.0932951280847192,0
0.25583471218124,0.725694176973775,0.540983066894114,0.35372040909715,0.84901559446007,0.826990528497845,0.518224082654342,0.836508222855628,0.216269285650924,0.959354796912521,0
0.18534829095006,0.352252445882186,0.171079437015578,0.279814848210663,0.260959656909108,0.988229761598632,0.132591674337164,0.809913593810052,0.0796922179870307,0.974257018649951,0
0.494241668609902,0.644242676673457,0.00809503346681595,0.305678686592728,0.889641146175563,0.384930654196069,0.588279761839658,0.00443310965783894,0.478005336364731,0.917887212941423,0
0.871107833459973,0.346750855213031,0.206069810315967,0.607482456136495,0.192795202834532,0.143394615966827,0.15761153656058,0.485240173526108,0.721130807651207,0.378525147447363,0
0.200592029606923,0.869947867467999,0.647599733900279,0.861906146630645,0.545016602845863,0.385104824090376,0.297076593851671,0.196059970883653,0.237617031438276,0.981349261011928,0
0.145136503037065,0.347616003360599,0.0657329461537302,0.655473977094516,0.937311728019267,0.161562902852893,0.630759559338912,0.0406083588022739,0.0878810258582234,0.0225531696341932,0
0.372249172069132,0.014913628809154,0.589972800575197,0.652264681644738,0.0569870062172413,0.271310262847692,0.876737382262945,0.684866019524634,0.610895690741017,0.356074887793511,0
0.4651060460601,0.241207424551249,0.159669069340453,0.516727713402361,0.105406465474516,0.600185616407543,0.173137764446437,0.330381013220176,0.497787651140243,0.277161043137312,0
0.436278357170522,0.677292478270829,0.238990999059752,0.818305066553876,0.903840023791417,0.0913734587375075,0.0980893867090344,0.867479845881462,0.203319282736629,0.163135134149343,0
0.762749787187204,0.668746015289798,0.763534460449591,0.289826907217503,0.211490658810362,0.98138301121071,0.222472866531461,0.914916744688526,0.899219645187259,0.429509541252628,0
0.22909490740858,0.267928645014763,0.630250409478322,0.461859561037272,0.341926300898194,0.602674605557695,0.433895573019981,0.283059658482671,0.776528570102528,0.356730103027076,0
0.946606582263485,0.804315323708579,0.699580319458619,0.117437958950177,0.446635366417468,0.0111351665109396,0.182844609487802,0.823628930607811,0.524615956703201,0.674306547734886,0
0.495416484773159,0.807292938698083,0.195428573992103,0.668082101037726,0.151969353668392,0.437239011051133,0.169013308361173,0.0533501161262393,0.267238279338926,0.228434761054814,0
0.868602749658749,0.144527239957824,0.489453182090074,0.645714000333101,0.45889657153748,0.594024620950222,0.925248651765287,0.389356858097017,0.180690871551633,0.212646491359919,0
0.754444371676072,0.52331190276891,0.37264166190289,0.569750035414472,0.826636658282951,0.168414135929197,0.855959348846227,0.590080118970945,0.953772066161036,0.381051155040041,0
0.0925345432478935,0.800974084064364,0.647170258685946,0.989292606012896,0.910960534354672,0.0439500524662435,0.185299087082967,0.8631252348423,0.63314821338281,0.772331979591399,0
0.428542006295174,0.897220455575734,0.282903177663684,0.297167812474072,0.871051876107231,0.44252571137622,0.833742264192551,0.0855946196243167,0.525787925114855,0.944626836571842,0
0.708810355747119,0.836468923371285,0.113181611755863,0.252449647756293,0.0974160470068455,0.891295913141221,0.863230750896037,0.607446637237445,0.39175224956125,0.0368542226497084,0
0.373129580402747,0.811293273232877,0.174199552508071,0.925575378118083,0.624670340679586,0.951332754455507,0.0892817354761064,0.429700683569536,0.344847460044548,0.943670089123771,0
0.910627749282867,0.479259049287066,0.105897854780778,0.65101666143164,0.285618602996692,0.0252639485988766,0.51525954855606,0.165411984082311,0.0736885853111744,0.703302588546649,0
0.920626587001607,0.127731858752668,0.595777319045737,0.189068558393046,0.51286563067697,0.437543047359213,0.958524273242801,0.101435888558626,0.720593245932832,0.805787672521546,0
0.233836873201653,0.0725490744225681,0.602692413143814,0.0876996524166316,0.758435710333288,0.639811055501923,0.320189063437283,0.70131564582698,0.399400092661381,0.0288367900066078,0
0.669265023898333,0.0291126102674752,0.915209009777755,0.88605668162927,0.769829387543723,0.228332828730345,0.62146538682282,0.00814492790959775,0.967083894414827,0.582279079128057,0
0.780679104849696,0.0528670104686171,0.255525160813704,0.834232912398875,0.466581563698128,0.668391165789217,0.640658269170672,0.163454703753814,0.913143277401105,0.595519546419382,0
0.316643251106143,0.926590135786682,0.678251876495779,0.13123170658946,0.358677799114957,0.768990018637851,0.238419859204441,0.218287998344749,0.70783903519623,0.591846117982641,0
0.583407285390422,0.655131670646369,0.776560534723103,0.752470775041729,0.730990895768628,0.187303047161549,0.843026693444699,0.75043717212975,0.17425413383171,0.466637884499505,0
0.968565402319655,0.184723145794123,0.717168507399037,0.343366544693708,0.199970644665882,0.638227045303211,0.715176853118464,0.581490496173501,0.1872339383699,0.519288117531687,0
0.103815448703244,0.0260688697453588,0.484419608488679,0.796498202485964,0.664528032066301,0.587603481952101,0.687601280398667,0.822049940703437,0.972210632637143,0.181551168905571,0
0.0582255080807954,0.914754755562171,0.285269916057587,0.0286917027551681,0.543203642126173,0.691460990579799,0.474794691894203,0.559991405811161,0.778021914418787,0.288258283864707,0
0.366877627791837,0.422485748771578,0.986372740473598,0.210166181204841,0.383520209463313,0.516773640876636,0.133101827930659,0.957192343659699,0.923413700424135,0.494469995377585,0
0.478930162265897,0.632502648979425,0.366653545293957,0.579961070558056,0.0587835505139083,0.763444783864543,0.802092631347477,0.285955629311502,0.726988871814683,0.751032613217831,0
0.897918313974515,0.00587042071856558,0.529250669525936,0.754365197615698,0.37779153091833,0.559706866042688,0.0368052609264851,0.683726746588945,0.766525037586689,0.458374255336821,0
0.249500166391954,0.578025201102719,0.827662842115387,0.806743759196252,0.123185813426971,0.280428509926423,0.245364698115736,0.49375501810573,0.775627179769799,0.986775905592367,0
0.82310367655009,0.223470009397715,0.704683950636536,0.509467590134591,0.642385896062478,0.034533589379862,0.652556991903111,0.787854898022488,0.218977903714404,0.649596609873697,0
0.215592508669943,0.611354452557862,0.941466899355873,0.490748442010954,0.484922586241737,0.162556319963187,0.125249163480476,0.446175231831148,0.691524393856525,0.463253405177966,0
0.241581136127934,0.16399152460508,0.655481327557936,0.454555119387805,0.813967705704272,0.775565560441464,0.691472161794081,0.167283667251468,0.353404588066041,0.55971121089533,0
0.563771232729778,0.938557788031176,0.0549898762255907,0.708352955523878,0.892885001143441,0.771147801773623,0.193850551964715,0.677920325892046,0.0137975586112589,0.998309003422037,0
0.80955657013692,0.527094497811049,0.28934987867251,0.143786513712257,0.406126181827858,0.562493196921423,0.801150910323486,0.747795339208096,0.697259681299329,0.167216170346364,0
0.0931243773084134,0.371320110978559,0.506786173442379,0.305784843396395,0.703090729657561,0.748800708446652,0.65362692065537,0.0591615650337189,0.778593963477761,0.0273716121446341,0
0.976651759818196,0.87862165691331,0.124933532206342,0.339588894043118,0.892847750103101,0.35660836333409,0.149682314600796,0.962215346284211,0.154017624910921,0.187879713485017,0
0.277715257136151,0.937166495947167,0.527744128834456,0.415475734276697,0.514034941559657,0.154698875034228,0.340797324897721,0.429477150319144,0.444037436274812,0.169470431981608,0
0.419817981543019,0.722171966684982,0.651532942662016,0.309536398155615,0.510636928724125,0.322613394586369,0.35730022075586,0.377849783282727,0.430254035629332,0.738776918733492,0
0.181820781901479,0.0602488585282117,0.816087343730032,0.223729394143447,0.89564563264139,0.791995241772383,0.818278485676274,0.968421411933377,0.799275017809123,0.683184304041788,0
0.342237430624664,0.0153102776966989,0.372375537408516,0.354433500207961,0.179598113056272,0.470467555569485,0.0503415258135647,0.611531750997528,0.884426677599549,0.340736501151696,0
0.649734206032008,0.749929266283289,0.454452327918261,0.815816340735182,0.386916025541723,0.525537097593769,0.0901816969271749,0.582378627266735,0.775163637241349,0.0473809156101197,0
0.759264985565096,0.871875183423981,0.116099159000441,0.849698168225586,0.702428703662008,0.907227229094133,0.126245813444257,0.214641133323312,0.116465567843989,0.96530915540643,0
0.752715463284403,0.859313322696835,0.343988694949076,0.500535819446668,0.585199737688527,0.428842876106501,0.472150922985747,0.273626435315236,0.819649321492761,0.165472472086549,0
0.498213466955349,0.0809114321600646,0.418558219214901,0.789033359847963,0.16406300640665,0.543039218522608,0.958165229065344,0.629661573562771,0.436656740494072,0.799333491362631,0
0.0902472024317831,0.370678970357403,0.866253132233396,0.0884000363294035,0.562692777486518,0.129225682234392,0.258675120072439,0.0848466304596514,0.315012094331905,0.551008694106713,0
0.354083239100873,0.0949786540586501,0.622699087485671,0.697079511592165,0.218730900203809,0.40338667947799,0.203790308441967,0.486703995149583,0.768451003357768,0.0762220360338688,0
0.614431052235886,0.00627075950615108,0.122624944662675,0.81299369991757,0.0816655796952546,0.95419707451947,0.949710050597787,0.327547767898068,0.203561194706708,0.1329263264779,0
0.817447717301548,0.958288976224139,0.130931530380622,0.981941087171435,0.177216445794329,0.930151365697384,0.822995462454855,0.449871917953715,0.572498003486544,0.662343400064856,0
0.34944722102955,0.90426739724353,0.898659092606977,0.527862991672009,0.683819239260629,0.0990453523118049,0.879188700579107,0.737955312244594,0.914116780040786,0.422707311110571,0
0.411271593766287,0.0865680677816272,0.250001987908036,0.746821719687432,0.0521287142764777,0.0899616619572043,0.402991890907288,0.754514424130321,0.167357102734968,0.65146493120119,0
0.171219711890444,0.37161666341126,0.492447963915765,0.378358996473253,0.959528869017959,0.207622115500271,0.483880016254261,0.72612668457441,0.581592713948339,0.748940262710676,0
0.249505115440115,0.871921624289826,0.520250749774277,0.566245242487639,0.5735177914612,0.0950566031970084,0.433857766445726,0.4278851703275,0.833442176459357,0.351384083740413,0
0.42980752652511,0.470360157079995,0.835759323323146,0.976084214868024,0.470833272440359,0.103219439275563,0.99304802599363,0.245138264261186,0.571617671055719,0.715353123610839,0
0.24678799463436,0.628633958753198,0.969173009041697,0.458530926844105,0.105112432967871,0.978354930179194,0.0532939019612968,0.215051565784961,0.331751933321357,0.382520829327404,0
0.708142344141379,0.553971800720319,0.0706515081692487,0.031646222807467,0.315741438651457,0.945509604876861,0.808327545411885,0.149439313914627,0.427589102648199,0.0431986765470356,0
0.810912356479093,0.957215603208169,0.358208222780377,0.819128380389884,0.290750624379143,0.0472767956089228,0.419934338657185,0.3713263804093,0.699066530447453,0.721304902108386,0
0.896393842296675,0.366132362512872,0.282310788752511,0.517645914573222,0.782030911417678,0.992497827159241,0.972951739327982,0.122580199502409,0.535724375164136,0.656949629774317,0
0.791351577499881,0.406899342080578,0.927820434560999,0.0152398713398725,0.825837983749807,0.950714317150414,0.753380195004866,0.43911159853451,0.877829768927768,0.101714587304741,0
0.391228432767093,0.583616656018421,0.615860746474937,0.271233333973214,0.478831592481583,0.998700790805742,0.365704993251711,0.755480327643454,0.194614087929949,0.684904403518885,0
0.25572520471178,0.531051354017109,0.220521117094904,0.246192849474028,0.809786731144413,0.687218131264672,0.591492661740631,0.292270437348634,0.955953273689374,0.467202133964747,0
0.99769268068485,0.233775889268145,0.926920337835327,0.783089861040935,0.126555787399411,0.762248381506652,0.559573444537818,0.733005859423429,0.166125367162749,0.44358268356882,0
0.187465325463563,0.224086186150089,0.757440575631335,0.347421482438222,0.258981790859252,0.804520696401596,0.394269458949566,0.306981624104083,0.729595300275832,0.198398818029091,0
0.0794941803906113,0.41083774343133,0.111528276000172,0.743707644520327,0.979708724888042,0.0925916379783303,0.728338102344424,0.158957435749471,0.293905988801271,0.477800654480234,0
0.795230246847495,0.877509959973395,0.561044409871101,0.577750080497935,0.63413148606196,0.786214601714164,0.275070653762668,0.189329920103773,0.067926149116829,0.0882829376496375,0
