"1","2","3","4","5","6","7","8","9","10","class"
0.894020607541315,0.668744999682531,0.377579317428172,0.328485272126272,0.979111045366153,0.650221356190741,0.629851523786783,0.583297876408324,0.203213464235887,0.127061353297904,0
0.127379244659096,0.8877037698403,0.914828791283071,0.95580043992959,0.338106143986806,0.456489189295098,0.131660690531135,0.155236853519455,0.21890129847452,0.01150555559434,0
0.319736970616132,0.196177586214617,0.0596066773869097,0.935081677278504,0.0427692553494126,0.771489650011063,0.697442119708285,0.0520428135059774,0.975969866383821,0.169292917475104,0
0.15299429721199,0.0259331953711808,0.00630173971876502,0.85513666132465,0.0188745749182999,0.895657213637605,0.0827614176087081,0.472755366005003,0.718839969253168,0.669756136601791,0
0.0882246217224747,0.60939783253707,0.783205665647984,0.168672354659066,0.894950039684772,0.689996146596968,0.549947741441429,0.885410766582936,0.181520510930568,0.940946620656177,0
0.675946747418493,0.0604064327753149,0.986821648897603,0.0082058918196708,0.302121254615486,0.756301397690549,0.667181832250208,0.553590734023601,0.983844054397196,0.902199015719816,0
0.744323149090633,0.00418040482327342,0.665058868238702,0.0299777835607529,0.799501758301631,0.17927174270153,0.081449426477775,0.358841116540134,0.942912512458861,0.0463267809245735,0
0.74379212432541,0.890463094607275,0.819578350987285,0.0749150537885725,0.0336713555734605,0.302152442745864,0.606860174331814,0.0979226452764124,0.544375337893143,0.607515920652077,0
0.0596908808220178,0.786998626035638,0.0505326120182872,0.483214125270024,0.242017302662134,0.451384081039578,0.666556330630556,0.263212625868618,0.154062738409266,0.377165444893762,0
0.137088641524315,0.176373561991937,0.587923252489418,0.397815433098003,0.841960773570463,0.667892792960629,0.619612170848995,0.548157128039747,0.13187992409803,0.0262948393356055,0
0.990464822622016,0.271185810720548,0.921867152210325,0.2024869218003,0.286626611370593,0.901452183024958,0.0711262724362314,0.593431915622205,0.667277554515749,0.599519527051598,0
0.972735822666436,0.714073584480491,0.462015254888684,0.631056079873815,0.604258633684367,0.134190468816087,0.807100572390482,0.528743417002261,0.864127090899274,0.579754231963307,0
0.253016961039975,0.371707188470289,0.0865259610582143,0.327830064576119,0.851433957461268,0.496728866593912,0.567082243738696,0.227267157519236,0.0821690736338496,0.329085077624768,0
0.266228295862675,0.901683246075828,0.330814158543944,0.477570715360343,0.504913184326142,0.876933256164193,0.0787973180413246,0.137680833693594,0.0604841455351561,0.141603659139946,0
0.949721619486809,0.905972415348515,0.791739602340385,0.0786730905529112,0.330547454766929,0.339475224493071,0.414368517464027,0.35900232475251,0.51189674786292,0.0358065746258944,0
0.868163257837296,0.0512724188156426,0.578631216427311,0.381836844142526,0.870069001801312,0.0798969997558743,0.4477704083547,0.58241287060082,0.54251086874865,0.810539264464751,0
0.717016121409834,0.655424748081714,0.6761029206682,0.577421885449439,0.680508650140837,0.894831244833767,0.110958935692906,0.512720472179353,0.532663659425452,0.848063978832215,0
0.82196738012135,0.495417748810723,0.644550689961761,0.902778577059507,0.528884007362649,0.941948268562555,0.0395640186034143,0.999322502175346,0.832650892203674,0.305227009113878,0
0.0054652092512697,0.00730040227063,0.875796049367636,0.354130410589278,0.539502642350271,0.415246254997328,0.954252418363467,0.366723232902586,0.051366348285228,0.49534851545468,0
0.116044639609754,0.508442714111879,0.643592078471556,0.811641272390261,0.555482312338427,0.946654912084341,0.0456305388361216,0.862271879566833,0.944076251937076,0.985684010898694,0
0.661330149043351,0.850993555271998,0.902476149145514,0.937117313966155,0.914798804093152,0.20388796669431,0.631503197364509,0.62855820171535,0.618116689147428,0.771767565282062,0
0.932444670237601,0.282126799458638,0.299638818018138,0.546048526884988,0.957703065592796,0.360826462507248,0.194225327577442,0.812443070113659,0.505703220842406,0.776461464818567,0
0.275835958695412,0.440948457689956,0.31908399774693,0.321940374793485,0.742180042667314,0.93172634486109,0.725010357564315,0.794719321420416,0.194509557913989,0.73728698422201,0
0.144408067688346,0.694748493377119,0.240479055093601,0.478108108276501,0.924979584524408,0.0277822073549032,0.942948536016047,0.903641279553995,0.108856163686141,0.614535560598597,0
0.047090511303395,0.546252076746896,0.0563017337117344,0.424492252059281,0.469826512271538,0.965180509956554,0.273890879470855,0.209664758760482,0.23649144382216,0.454781173961237,0
0.733212000669446,0.900000515859574,0.131874696584418,0.219177817227319,0.0539639934431762,0.708365168655291,0.328076984966174,0.194731325143948,0.94839308061637,0.420634616864845,0
0.624726533424109,0.838536831242964,0.718335296493024,0.74646590766497,0.443133083404973,0.621847888454795,0.808688653632998,0.637058560736477,0.714916821336374,0.104098104638979,0
0.311099195620045,0.973505868343636,0.45546727348119,0.306609726976603,0.197532295482233,0.526758023304865,0.790134249255061,0.198300605872646,0.751776277087629,0.362100842641667,0
0.624575982335955,0.15009810247235,0.420445715310052,0.395499110920355,0.507152003003284,0.90638880408369,0.384561972925439,0.638991839718074,0.0470261925365776,0.370024848729372,0
0.145130134187639,0.898916425183415,0.359132130164653,0.364895681850612,0.278625111794099,0.226620194269344,0.668361050309613,0.301827806746587,0.469796667108312,0.537395167164505,0
0.963973838835955,0.553187509765849,0.192794581176713,0.116497691953555,0.597171402536333,0.713427652139217,0.80072445445694,0.716162535827607,0.0516190947964787,0.180565008427948,0
0.135767638217658,0.209381676279008,0.575739001156762,0.745287944329903,0.630379785317928,0.30765614612028,0.11808717623353,0.384360080584884,0.107499802252278,0.021420365665108,0
0.34185216044113,0.143857874441892,0.382698520086706,0.969794212840497,0.114626680035144,0.00594855449162424,0.289592744316906,0.928719797171652,0.00411312165670097,0.204462963854894,0
0.40113719413057,0.898324594600126,0.646775086876005,0.365059852600098,0.0317122093401849,0.342753065284342,0.499028692487627,0.457581748720258,0.224095907295123,0.998343641636893,0
0.163471847539768,0.619281159713864,0.020604565506801,0.714094595052302,0.840058092959225,0.393562899902463,0.133765830658376,0.779494857881218,0.782882256433368,0.782176231266931,0
0.881573489168659,0.814385364297777,0.771848372649401,0.64951097778976,0.085452453000471,0.587429210776463,0.0149912231136113,0.476322159403935,0.606066845823079,0.329909761901945,0
0.914769602939487,0.050915120402351,0.350654463283718,0.386489692376927,0.790437382180244,0.10143488436006,0.415171726373956,0.805329467868432,0.384344889549538,0.644928814377636,0
0.729033616883308,0.331459068693221,0.518559754127637,0.161733332788572,0.12144511169754,0.383818606613204,0.00244266050867736,0.998105063568801,0.970453513087705,0.725732868071645,0
0.125211325706914,0.512698253151029,0.784030220704153,0.146206450415775,0.972159843659028,0.469012420158833,0.792940002866089,0.729264607420191,0.834151425864547,0.10690277768299,0
0.196114580146968,0.783438626528159,0.487540442729369,0.718495990848169,0.855317629408091,0.371145750861615,0.8683361785952,0.629720718599856,0.456018915399909,0.733043861808255,0
0.903349152766168,0.119817204307765,0.821356173139066,0.399548793211579,0.531521890079603,0.663612129865214,0.262963545741513,0.0281483889557421,0.990645851707086,0.773335949750617,0
0.0641911439597607,0.524057816481218,0.200382559327409,0.345138699747622,0.89043299225159,0.413932377006859,0.793877189047635,0.813527428545058,0.459156879456714,0.724442832637578,0
0.0484425767790526,0.857218303744868,0.686429741093889,0.492583559360355,0.984531600726768,0.660690874792635,0.346595290582627,0.386830218601972,0.349849903257564,0.895445876987651,0
0.176130984140933,0.915513341315091,0.219060747185722,0.0390353321563452,0.796361236600205,0.0285369069315493,0.0452067537698895,0.201518398011103,0.38025511847809,0.478670476935804,0
0.896503033814952,0.216791340149939,0.467918827198446,0.35864298697561,0.21495063463226,0.16736055444926,0.265248688403517,0.737688083667308,0.885501255746931,0.994835871970281,0
0.119182875845581,0.0616019533481449,0.517785968491808,0.800663214642555,0.157996264053509,0.418940099189058,0.00115545769222081,0.724844960262999,0.0307713679503649,0.569608891848475,0
0.348374259742349,0.582969973329455,0.0402746680192649,0.250821937108412,0.242015890078619,0.633464049780741,0.899841398699209,0.303914769785479,0.711710263043642,0.959421420237049,0
0.901323608588427,0.0478463548156433,0.998297399142757,0.702159896725789,0.948579262476414,0.110750196501613,0.580767564708367,0.383020736277103,0.425230383407325,0.470362872816622,0
0.855235765455291,0.973927718354389,0.139300185954198,0.480564970290288,0.561903221532702,0.0277848988771439,0.635841181036085,0.121632379246876,0.742118187481537,0.764664046699181,0
0.543707787524909,0.869327277876437,0.731114064110443,0.612652791896835,0.324264671653509,0.719281034078449,0.691662097116932,0.952657602960244,0.67871746676974,0.913305432768539,0
0.993973615113646,0.0700890909321606,0.527424623724073,0.993855563225225,0.735793011728674,0.403799328021705,0.921003096038476,0.277466868981719,0.918751817429438,0.275213494664058,0
0.157224254449829,0.883236393099651,0.969282175181434,0.142647738102823,0.149141739821061,0.478319230256602,0.67256964626722,0.893035672605038,0.104056053096429,0.779651263961568,0
0.705311907222494,0.0885595199652016,0.549318531760946,0.572648977162316,0.0274844074156135,0.178438996663317,0.457258405629545,0.137751503847539,0.638033390045166,0.909098674077541,0
0.0059971387963742,0.161310608142614,0.654531008098274,0.133379550417885,0.687787006609142,0.864812276093289,0.831970125902444,0.749111941317096,0.143459155689925,0.908928790362552,0
0.936277758097276,0.56132570002228,0.699033054290339,0.982343920040876,0.936994058545679,0.361392733640969,0.189621107187122,0.579298313008621,0.495260631199926,0.652243655174971,0
0.271095325049944,0.715596929425374,0.421037117950618,0.606193765532225,0.559382268460467,0.400881098117679,0.296606295742095,0.216954203788191,0.510782901663333,0.895097285043448,0
0.930610376733355,0.237823923816904,0.146597604267299,0.915998226730153,0.260662419255823,0.701308951014653,0.294408704852685,0.107834299327806,0.463687398238108,0.159790441161022,0
0.749971366720274,0.0245622398097999,0.583954864181578,0.268016941379756,0.805477794725448,0.417862756876275,0.296397824306041,0.645309105981141,0.980375284794718,0.190814418718219,0
0.2556570169691,0.723197512794286,0.102571275783703,0.211877016816288,0.905944755068049,0.784855795791373,0.528493968071416,0.630231483839452,0.168162197107449,0.147225169464946,0
0.290877121733502,0.865980268688872,0.850009865127504,0.512102425098419,0.790323833702132,0.647271658992395,0.086060500703752,0.360337082529441,0.605571041814983,0.330919223604724,0
0.177533269670792,0.334893988678232,0.935302834725007,0.696782854851335,0.68456838070415,0.194754203781486,0.696257517673075,0.489647365640849,0.334380320971832,0.897954979212955,0
0.0347843004573137,0.720531762577593,0.317008193815127,0.2896147754509,0.0041543326806277,0.611976162996143,0.130920457653701,0.291140319779515,0.119296332355589,0.557926725363359,0
0.286592549178749,0.114491893677041,0.361936963396147,0.693018258316442,0.432025473332033,0.388043924234807,0.423558050766587,0.223522289888933,0.136071535525844,0.343218165682629,0
0.771410867804661,0.856260370463133,0.451621188549325,0.940410361858085,0.0645156181417406,0.633032007375732,0.295513718854636,0.735920562408864,0.349410272203386,0.82254601852037,0
0.0928836513776332,0.942053017672151,0.905113183427602,0.879897244041786,0.907697122078389,0.0902786620426923,0.00852464721538126,0.115327285835519,0.624218606390059,0.0320492757018656,0
0.911606099223718,0.863853021990508,0.809755880385637,0.471612152410671,0.974657151615247,0.715180387487635,0.259148890851066,0.422509123105556,0.828339690109715,0.737567300442606,0
0.801100236363709,0.943300005979836,0.256960343336686,0.265034322626889,0.00837179739028215,0.605660952394828,0.224573544692248,0.491942411055788,0.245817803079262,0.258770915446803,0
0.363672623876482,0.162876542657614,0.345698010642081,0.149329870473593,0.23494196170941,0.690290390979499,0.883452586829662,0.898979147430509,0.688925087451935,0.650131267262623,0
0.148912572301924,0.0417287310119718,0.799893998773769,0.910958191845566,0.574248451506719,0.138027857989073,0.315740714548156,0.347435770090669,0.157668051077053,0.00178723991848528,0
0.777578167850152,0.985339950304478,0.97725958423689,0.266242916928604,0.958477269858122,0.570596411591396,0.443558058002964,0.406347976299003,0.762738663703203,0.218150201719254,0
0.229620663216338,0.106863694963977,0.581489513395354,0.00201512291096151,0.306866442319006,0.052904398413375,0.567132935626432,0.128934678388759,0.220336866797879,0.568137746537104,0
0.825793598312885,0.00656799064017832,0.0851110641378909,0.369421165669337,0.613472608849406,0.193580435821787,0.777265396434814,0.287037785165012,0.21064788242802,0.142972910543904,0
0.780239494051784,0.877282972913235,0.443850874900818,0.0364260680507869,0.102521094260737,0.155929160770029,0.359251812333241,0.38734695664607,0.266268016770482,0.767962655518204,0
0.0843949017580599,0.83885508752428,0.61746550258249,0.781180343823507,0.834112955257297,0.0563196383882314,0.529263907345012,0.253704919712618,0.542628136929125,0.200518972473219,0
0.0489101430866867,0.735613551689312,0.469064188189805,0.0888824854046106,0.462568307295442,0.676214293809608,0.178430535597727,0.263962402241305,0.350964766228572,0.77172039845027,0
0.970610869815573,0.872363177360967,0.64276586053893,0.804125866852701,0.959490170469508,0.0427202077116817,0.399719377979636,0.630343011347577,0.0142657009419054,0.0100597201380879,0
0.933317808201537,0.629553072853014,0.263776993378997,0.915605418849736,0.350428013829514,0.267265670467168,0.940082465065643,0.760211710585281,0.217919924994931,0.725845796521753,0
0.0645668723154813,0.862620677566156,0.505486069014296,0.588180139428005,0.857757795136422,0.388674116227776,0.966138219693676,0.257105644792318,0.718009440461174,0.67075337911956,0
0.322925611081719,0.797009979607537,0.411814667517319,0.587904663290828,0.920411520870402,0.779564201831818,0.00435842457227409,0.695867711212486,0.0770565329585224,0.0556283169426024,0
0.286363789063972,0.08872174564749,0.674424663186073,0.169064576271921,0.648196048103273,0.421498174313456,0.0721351609099656,0.90324219269678,0.0736114785540849,0.134569718968123,0
0.816459117457271,0.0200334482360631,0.878811986418441,0.49762820196338,0.686399681959301,0.835440852679312,0.660475390963256,0.933288306230679,0.446120667038485,0.746598174329847,0
0.938088086624257,0.888773972401395,0.281881770119071,0.861886051017791,0.46033962839283,0.906189747387543,0.778094734298065,0.825642133830115,0.583414726424962,0.490943599492311,0
0.402700589969754,0.125991148641333,0.864547052187845,0.00508496421389282,0.355388429481536,0.677817133953795,0.246310020331293,0.187296420102939,0.786510281031951,0.907381878700107,0
0.101043099707644,0.966424925951287,0.787565661361441,0.43993187812157,0.161484113195911,0.330988750560209,0.872905186144635,0.795727967983112,0.287895795190707,0.837775025749579,0
0.0807961286045611,0.211576707467809,0.860176637303084,0.956022504484281,0.671828737715259,0.286226368276402,0.716244547162205,0.110357826342806,0.115828775102273,0.597129127709195,0
0.95887320721522,0.238303781254217,0.338892098283395,0.275510660139844,0.989838903304189,0.281169524649158,0.209674956975505,0.283949241507798,0.442137158242986,0.304363233502954,0
0.39628994371742,0.990689470199868,0.833947325823829,0.930837596766651,0.192267681937665,0.236311596352607,0.401161772897467,0.928593386430293,0.55452236533165,0.780836676480249,0
0.0878769208105281,0.859582375269383,0.134839829755947,0.87781203025952,0.616177686490119,0.00152785377576947,0.432458780473098,0.539769430877641,0.465042270254344,0.192116363206878,0
0.389365707524121,0.0506430671084672,0.0731789979618043,0.637086006812751,0.495701423147693,0.225139497313648,0.221480811014771,0.452684851596132,0.312531587667763,0.303012503078207,0
0.0909165502525866,0.0476992778356187,0.469263846753165,0.896582162706181,0.342169472016394,0.448505169246346,0.316634304122999,0.142001559725031,0.0818074464332312,0.868710509501398,0
0.319588407874107,0.868259896524251,0.0319413882680237,0.0516870792489499,0.154334019869566,0.217550183879212,0.0913330146577209,0.198153861099854,0.675808218074962,0.396160607459024,0
0.73972888989374,0.168895706301555,0.390836919192225,0.471734761726111,0.667829032754526,0.856656878488138,0.272361098555848,0.809184711426497,0.819152610143647,0.580220705131069,0
0.666351936291903,0.130919740771316,0.00433851615525782,0.410819823853672,0.0435311652254313,0.687887855572626,0.174783311551437,0.976765396771953,0.941726093413308,0.489447432570159,0
0.737667761857249,0.161502659553662,0.930230546044186,0.610397541895509,0.8008276023902,0.386647321749479,0.186127017717808,0.467383558861911,0.355054002255201,0.730126574868336,0
0.562917150324211,0.933430236179382,0.50189925939776,0.316091165412217,0.0214916509576142,0.91681518452242,0.65292192180641,0.88402616744861,0.465397181222215,0.0726892361417413,0
0.793252586619928,0.883479209849611,0.79077271418646,0.705875306855887,0.873322678962722,0.402527852682397,0.850085807265714,0.56559095159173,0.488089592428878,0.982512950897217,0
0.126969081582502,0.262774298433214,0.64912662981078,0.38484591874294,0.205782032804564,0.61250261310488,0.184807622339576,0.0382503517903388,0.0394678087905049,0.154716026503593,0
0.95663003439568,0.314505726331845,0.118654092075303,0.218278987100348,0.236001923680305,0.570053498260677,0.28447194583714,0.387265908066183,0.131609403528273,0.874161133076996,0
0.849809262668714,0.243982924194261,0.890081667806953,0.390191229991615,0.121063221013173,0.132188347866759,0.600946264807135,0.999478800687939,0.0533395966049284,0.253797032637522,0
0.835174707463011,0.667667494621128,0.840010231826454,0.0589875765144825,0.363133879611269,0.381422047037631,0.536938164150342,0.570984127698466,0.0993384609464556,0.0815037398133427,0
