"1","2","3","4","5","6","7","8","9","10","class"
0.514004641911015,0.705157130490988,0.0582795192021877,0.00303553859703243,0.139413404976949,0.735490047372878,0.24138891347684,0.474144898820668,0.47046452970244,0.767230081139132,0
0.44581236015074,0.743416833225638,0.337637446122244,0.261411319253966,0.972383010433987,0.523460320662707,0.741593937389553,0.198137393221259,0.557406743289903,0.754798400448635,0
0.626610392704606,0.886631814297289,0.298091759206727,0.706024745479226,0.83680981840007,0.26378158852458,0.876754197757691,0.271137159317732,0.978404921013862,0.841769265709445,0
0.316899593221024,0.306957678403705,0.956877641612664,0.067532671848312,0.958150113467127,0.26052158488892,0.13557613780722,0.476872877916321,0.986038185656071,0.327352323569357,0
0.407864994391985,0.775882015237585,0.904571170685813,0.824852211866528,0.501205499051139,0.271788637619466,0.992374861612916,0.146798031637445,0.658831371227279,0.177419954910874,0
0.328690816182643,0.712105429032817,0.520170342642814,0.213686264585704,0.459235610673204,0.600549092283472,0.133310628822073,0.0556574654765427,0.683796030469239,0.742117533925921,0
0.659295244608074,0.155971285654232,0.603359849192202,0.913030093768612,0.526451345765963,0.370676594320685,0.652315827319399,0.962082060519606,0.804851561551914,0.0165230350103229,0
0.834485594648868,0.886600502999499,0.0660362392663956,0.875607371330261,0.856918206671253,0.66500956681557,0.431577204493806,0.904565796954557,0.889660449698567,0.645721152890474,0
0.371576454723254,0.826512831728905,0.668369138613343,0.729801825946197,0.2258694707416,0.460091420914978,0.937732944032177,0.474855670239776,0.553216813364998,0.808045724174008,0
0.35064393770881,0.971784433349967,0.431573613313958,0.979075944749638,0.517740455688909,0.713311156723648,0.119349088286981,0.56064209737815,0.834764725994319,0.34595079626888,0
0.749259277479723,0.764493878232315,0.835785443894565,0.560712943784893,0.138518821913749,0.37670547934249,0.0294670620933175,0.298792811576277,0.208697266411036,0.710268876282498,0
0.777346321286913,0.241215774090961,0.491286780452356,0.631518831476569,0.0305018632207066,0.790803588693962,0.127045999513939,0.487064891494811,0.986660083988681,0.701752474531531,0
0.75120671116747,0.931760516948998,0.327135933330283,0.523065279237926,0.0542010655626655,0.685160246677697,0.44274857849814,0.222148213535547,0.243708278052509,0.0440724722575396,0
0.789686497766525,0.958706327946857,0.0664770759176463,0.419900513719767,0.313354244222865,0.529088428476825,0.0117156435735524,0.743448590859771,0.52706509269774,0.868932643905282,0
0.671490795910358,0.112001531990245,0.0155293622519821,0.796313408296555,0.291729396209121,0.393589313607663,0.904263193253428,0.1840959507972,0.766301633091643,0.570939722238109,0
0.196397790918127,0.182603256544098,0.583150555146858,0.402351864846423,0.000331880291923881,0.0964200834278017,0.632710356498137,0.438612734666094,0.839042104315013,0.160994315519929,0
0.233926555141807,0.77531395223923,0.586645451607183,0.722544421441853,0.19332442432642,0.452052795095369,0.832388103706762,0.551407336257398,0.920970855746418,0.98961167386733,0
0.488048892468214,0.596757662016898,0.731101803248748,0.294693273492157,0.108941880986094,0.92599135893397,0.761662551900372,0.71215919428505,0.258979849750176,0.167293945560232,0
0.727300501195714,0.470527315279469,0.434815073153004,0.192894640378654,0.641791129019111,0.447061153128743,0.87691204645671,0.520251765614375,0.700282946927473,0.883585161995143,0
0.375450565014035,0.509253510273993,0.939271698705852,0.827847713138908,0.732829246204346,0.901197754079476,0.477064662380144,0.108613880816847,0.610250334721059,0.664507142966613,0
0.837279336759821,0.0338186046574265,0.826556246960536,0.132025670493022,0.403000480029732,0.23561302642338,0.586859782692045,0.826779493363574,0.32472489727661,0.220162835437804,0
0.354186772368848,0.201792511623353,0.894569038879126,0.917655637022108,0.895032586995512,0.255301795201376,0.588987594237551,0.407793138409033,0.172073069494218,0.868428611662239,0
0.0182110606692731,0.68061195849441,0.47518785786815,0.338167227339,0.41742635006085,0.210960804251954,0.0257582766935229,0.0584278905298561,0.921955054858699,0.24484420241788,0
0.471472893375903,0.203172491630539,0.599662464344874,0.0915819916408509,0.441467635100707,0.650712458882481,0.677092347294092,0.857997032580897,0.675017353147268,0.00489653926342726,0
0.921229794621468,0.731659072218463,0.75983040779829,0.891633416991681,0.754863496869802,0.38196772756055,0.750889083137736,0.185198405059054,0.337887560250238,0.537440295098349,0
0.9177285884507,0.0776395346038043,0.149213441414759,0.550426539499313,0.572012981632724,0.643373685656115,0.376076895277947,0.547009914880618,0.677737389924005,0.893279517069459,0
0.746064256643876,0.733451284933835,0.419413712807,0.638776650652289,0.863075211644173,0.775338482344523,0.583595682168379,0.821061841677874,0.0573828453198075,0.947937977733091,0
0.714314274955541,0.61529694753699,0.878469298128039,0.705830801278353,0.593677840661258,0.527140764286742,0.421400344232097,0.89851847034879,0.925160311628133,0.251891830237582,0
0.86035236204043,0.402711938135326,0.753952256403863,0.196503332816064,0.94578557414934,0.67635115259327,0.669417080236599,0.84394816076383,0.455920671112835,0.339950490975752,0
0.372737473342568,0.552526630461216,0.871216509258375,0.305517339380458,0.0371779073029757,0.729275410762057,0.432806718396023,0.164262661943212,0.109546713298187,0.970661272061989,0
0.231025733519346,0.520156442187726,0.041693227365613,0.168259810190648,0.919919700594619,0.604101018281654,0.887697406345978,0.475748813245445,0.393049280392006,0.925657671876252,0
0.37772121001035,0.0546865763608366,0.929218071280047,0.717029319144785,0.884422924835235,0.459238393232226,0.603126612491906,0.879702419042587,0.103109496645629,0.792440615128726,0
0.980597747256979,0.573217001976445,0.835020733764395,0.186528407502919,0.731142487609759,0.352073644055054,0.385850756894797,0.683894560905173,0.0222661185543984,0.492997059365734,0
0.309269543504342,0.3294140342623,0.390009862137958,0.751913468819112,0.0944813264068216,0.816862183157355,0.804488664725795,0.965342888142914,0.804121989058331,0.728854158427566,0
0.461842628195882,0.724343736190349,0.41077875951305,0.179174742195755,0.517939531942829,0.685415039304644,0.0443460843525827,0.527892303653061,0.640003559878096,0.356605098349974,0
0.550388651434332,0.881763529032469,0.601338622393087,0.887963471701369,0.320932649308816,0.209327631164342,0.302859915886074,0.461569052422419,0.903488035313785,0.883848933968693,0
0.0182472653687,0.946166335605085,0.72542986413464,0.612403630744666,0.114584377966821,0.381073188968003,0.312414563260972,0.960790863493457,0.0650175216142088,0.473735184874386,0
0.208836886100471,0.820045460173581,0.846324599348009,0.615560720209032,0.308965501375496,0.887732321862131,0.0545393556822091,0.27897793520242,0.0456132662948221,0.389745620079339,0
0.545811165357009,0.00346805970184505,0.922853235853836,0.670367273967713,0.721195375779644,0.488564912229776,0.46013876167126,0.4908542111516,0.779593434650451,0.746758678928018,0
0.0942695161793381,0.148122089449316,0.260324438801035,0.867592135677114,0.508157809497789,0.242042494006455,0.00985125615261495,0.953056387137622,0.217336237896234,0.677028323756531,0
0.350713614374399,0.118044912349433,0.202351884683594,0.848617931362242,0.416024339385331,0.191188353346661,0.754404038423672,0.211715717799962,0.0354253677651286,0.273587740724906,0
0.0623393126297742,0.225419191410765,0.349634784040973,0.766840498661622,0.771795854438096,0.859167666407302,0.628060207236558,0.110067886300385,0.305360957281664,0.380840815370902,0
0.296350195771083,0.93213901296258,0.794366260059178,0.620680678403005,0.980458891484886,0.16365766315721,0.621789209311828,0.09128841990605,0.0840974494349211,0.78698465321213,0
0.900501348311082,0.141787245636806,0.201108417939395,0.775273005478084,0.361560853198171,0.919850991573185,0.478368339594454,0.45633524027653,0.826015533180907,0.207269915379584,0
0.73734586732462,0.261638455092907,0.051484921015799,0.320737273432314,0.109169990289956,0.0863815690390766,0.693739121546969,0.828326871851459,0.214606296503916,0.214999616146088,0
0.598155647050589,0.793080379487947,0.212232775986195,0.130762684391811,0.760048981290311,0.322803536197171,0.211562108248472,0.09275868604891,0.573833127971739,0.346452431753278,0
0.203477653441951,0.542759287171066,0.615022950805724,0.888758816290647,0.303804689319804,0.930942618753761,0.343612545868382,0.0593095102813095,0.535241615958512,0.314112350810319,0
0.739131899550557,0.206529156770557,0.601646726951003,0.636196783278137,0.317232551285997,0.109211210161448,0.0639168012421578,0.456150925485417,0.535705035086721,0.877565114060417,0
0.719344573328272,0.51178128272295,0.468981448560953,0.856244414579123,0.604027546243742,0.630310657899827,0.740642801159993,0.455711498856544,0.357078150613233,0.773359092418104,0
0.713795525720343,0.727191435871646,0.767133249435574,0.509420407703146,0.972898289561272,0.831344179110602,0.567832622909918,0.0403037103824317,0.815158680547029,0.4023270055186,0
0.910928672878072,0.904306493001059,0.875419985270128,0.852322884136811,0.561484335223213,0.388816617196426,0.729767764685676,0.626646099379286,0.92893867357634,0.61472009588033,0
0.573708523530513,0.369644300546497,0.0339812466409057,0.237848946591839,0.814988476689905,0.9155044821091,0.236068728379905,0.332960308529437,0.924784761387855,0.402561132563278,0
0.55703193298541,0.132080544950441,0.139941595494747,0.66959390998818,0.784009225666523,0.96982131828554,0.902442456223071,0.0665039604064077,0.457272186176851,0.203104969114065,0
0.140507356496528,0.314404285047203,0.0872162294108421,0.202842961763963,0.99286975665018,0.342800474958494,0.583300719968975,0.713142504915595,0.843222090275958,0.953915454447269,0
0.55184113397263,0.145701894095168,0.769087996566668,0.606787983095273,0.982955017825589,0.513041818281636,0.880627625621855,0.15052127186209,0.289949552156031,0.291518870741129,0
0.771541251568124,0.847204727353528,0.108656594296917,0.418819164391607,0.90986470063217,0.10082896752283,0.525380169507116,0.399092986714095,0.533136736601591,0.230835331138223,0
0.66325910273008,0.0288453234825283,0.578775107627735,0.220084749162197,0.297733416315168,0.128681416856125,0.379290902288631,0.739338581683114,0.533223822247237,0.332302801776677,0
0.897950033424422,0.0457837167195976,0.0590448966249824,0.236433828715235,0.485113566275686,0.399923172779381,0.705430225469172,0.672913254937157,0.00298955943435431,0.8808760184329,0
0.927276275120676,0.82046088646166,0.443242764100432,0.104685738682747,0.131462713005021,0.483094758586958,0.432652643183246,0.282515436876565,0.19502803706564,0.527042584959418,0
0.726500413147733,0.514061403926462,0.0280520999804139,0.48751669912599,0.272348475642502,0.571554097579792,0.864857151173055,0.0841996592935175,0.0427812922280282,0.65239357133396,0
0.503200929611921,0.930930437287316,0.347707753768191,0.209477650700137,0.0474766700062901,0.706284495769069,0.603707707254216,0.597224971279502,0.966560498345643,0.10626260121353,0
0.351229853229597,0.970639035804197,0.258308471180499,0.261470118537545,0.767392385052517,0.295391967287287,0.509047893341631,0.912364359479398,0.695761437993497,0.933440551860258,0
0.754028856987134,0.512947150506079,0.29523381148465,0.295864025363699,0.555377594195306,0.618419347098097,0.918867570813745,0.954294928582385,0.792438509408385,0.963795643066987,0
0.894039106089622,0.47875268664211,0.8004433773458,0.0886558154597878,0.104036013828591,0.146807926474139,0.195901975035667,0.500295353354886,0.013987923739478,0.640340106328949,0
0.212094394024462,0.90739976381883,0.748787043616176,0.954887742642313,0.161062269238755,0.474485844606534,0.777395514538512,0.621588576352224,0.0117062509525567,0.339223925955594,0
0.115456407191232,0.130891902837902,0.136917557101697,0.365870122797787,0.129636905156076,0.36131378216669,0.823203962761909,0.744372421642765,0.518388428492472,0.674276258330792,0
0.97270461381413,0.0391471525654197,0.572386192856357,0.153606868116185,0.904200115473941,0.929742472944781,0.864348190138116,0.739034842466936,0.0345100411213934,0.963407331611961,0
0.108287715818733,0.590328163933009,0.462605288717896,0.556453377474099,0.758992173941806,0.775625922018662,0.736281015444547,0.489660706138238,0.339592065429315,0.107774979202077,0
0.0950454729609191,0.857187085784972,0.194205151638016,0.746754546882585,0.817103669280186,0.296746727777645,0.454563710140064,0.0837463445495814,0.0666331306565553,0.568302299594507,0
0.375601888401434,0.95377983013168,0.132216115482152,0.469100332818925,0.948164386674762,0.405442507471889,0.892505962401628,0.259910240536556,0.0839571000542492,0.825970768462867,0
0.48527636914514,0.983726550126448,0.555601759348065,0.360440666321665,0.61323306011036,0.717892379965633,0.0113353356719017,0.600157417124137,0.99527357169427,0.928757521789521,0
0.496412261854857,0.906581765506417,0.232911103405058,0.294124170672148,0.0900728716515005,0.94508473854512,0.0934997873846442,0.781822747318074,0.726348659489304,0.30104656633921,0
0.229867731686682,0.0363838654011488,0.389161714585498,0.99142837850377,0.8821634685155,0.558372982311994,0.755283936392516,0.558930358616635,0.203832644969225,0.445837224600837,0
0.132938790367916,0.143565517384559,0.642241038847715,0.905138461152092,0.730691075790673,0.267340456834063,0.167042803950608,0.431888704420999,0.405046559870243,0.371799835702404,0
0.458381369709969,0.375889252405614,0.429139376385137,0.627914440119639,0.630929272156209,0.664083751617,0.408388130366802,0.588152500335127,0.951684120111167,0.467099593719468,0
0.520638720830902,0.740271233255044,0.218787814723328,0.716407959349453,0.805499344598502,0.0521588253322989,0.339651339687407,0.817538760602474,0.365178064443171,0.60232121986337,0
0.485984077909961,0.756366666668653,0.794492789311334,0.805244494695216,0.242974288295954,0.855151764815673,0.999426127644256,0.339533694786951,0.48278243560344,0.342920130584389,0
0.87527189264074,0.49658913933672,0.0515818337444216,0.77955581038259,0.101234547561035,0.874520936980844,0.322313137352467,0.496120995143428,0.0825475254096091,0.147226754343137,0
0.918438463937491,0.664845789317042,0.0621369511354715,0.229225287679583,0.153988499660045,0.972583177499473,0.360266079893336,0.282449995167553,0.909527408890426,0.756331097800285,0
0.473125896649435,0.0605365759693086,0.102115119807422,0.573275993345305,0.363743962021545,0.905195939354599,0.599359230836853,0.312826839508489,0.82086649374105,0.294675392331555,0
0.657707110745832,0.580546245677397,0.128278262214735,0.46214890293777,0.244780492968857,0.212978139286861,0.849431489827111,0.230791645124555,0.206289583118632,0.332662616856396,0
0.537902190117165,0.855887512909248,0.894823240349069,0.145396931096911,0.548023931216449,0.578646864276379,0.982531496556476,0.12078543077223,0.696671575773507,0.0258218774106354,0
0.954610322369263,0.441858212696388,0.747872675769031,0.605711342068389,0.307751207612455,0.204139334382489,0.456384126795456,0.43587070517242,0.26682679541409,0.85239596106112,0
0.67939043417573,0.82630179147236,0.947612223681062,0.148551266873255,0.232841690536588,0.343178438954055,0.0454977313056588,0.832563706673682,0.153215962462127,0.907462081871927,0
0.947893262142316,0.446565516991541,0.868925068061799,0.145435455488041,0.888505334500223,0.0966616540681571,0.0272980669979006,0.716960513032973,0.0306954639963806,0.712203229311854,0
0.679962248541415,0.0589324899483472,0.999251724686474,0.768167520640418,0.923492850735784,0.331560727674514,0.777241145726293,0.635217334143817,0.714225656585768,0.0404651232529432,0
0.395313343731686,0.251947654876858,0.581640551798046,0.891788083128631,0.063937348080799,0.173937881365418,0.648151752073318,0.454333112342283,0.628238142235205,0.898900703992695,0
0.583394619869068,0.772021024720743,0.36485082609579,0.55495698354207,0.769866470713168,0.265633299713954,0.523085785796866,0.424465656746179,0.0583597447257489,0.524006333900616,0
0.182217712281272,0.816131806699559,0.933135535335168,0.52607411541976,0.0189624899066985,0.914026816142723,0.40558484219946,0.701962566701695,0.399841402424499,0.625724555458874,0
0.261152530787513,0.221518528880551,0.128378592198715,0.708738907007501,0.413487085606903,0.48309048009105,0.684010484721512,0.0522273450624198,0.622242208570242,0.900244533782825,0
0.734073172789067,0.409952859161422,0.138047608081251,0.113043306395411,0.931980361929163,0.38495503924787,0.607452578376979,0.740356939611956,0.544931975658983,0.414079532958567,0
0.732945957919583,0.944385872222483,0.716920954408124,0.0553653493989259,0.453463094774634,0.770664914511144,0.0873961851466447,0.673189693596214,0.751279641641304,0.866234418936074,0
0.0963664762675762,0.867625019978732,0.258288666605949,0.964671502588317,0.51333402399905,0.796356737613678,0.92209699912928,0.292801739415154,0.101058966014534,0.366951898206025,0
0.187903685029596,0.616830257931724,0.70585426571779,0.995865488192067,0.685828524408862,0.728217272553593,0.21678178361617,0.430145150516182,0.289856497198343,0.0502061396837234,0
0.733668418833986,0.794387248111889,0.945088176755235,0.899729692609981,0.311806507175788,0.683750823838636,0.458563229301944,0.0694443949032575,0.92780899698846,0.25246328022331,0
0.856346994638443,0.478338486980647,0.90562389511615,0.105989708099514,0.946680998895317,0.0634356206282973,0.580554848071188,0.373568913433701,0.608956057578325,0.486280273180455,0
0.748534390470013,0.534480087691918,0.179327039513737,0.519574233796448,0.377378260018304,0.232810931745917,0.642593930941075,0.548848592909053,0.547168409451842,0.138001497136429,0
0.0419820786919445,0.64035688736476,0.827359102666378,0.494914398761466,0.957860076101497,0.645601944997907,0.721662888070568,0.615735563915223,0.366192029090598,0.554212357616052,0
0.605589839164168,0.00365764740854502,0.983241940150037,0.558367936639115,0.969583136728033,0.337575381388888,0.404391975840554,0.194431251613423,0.527365079615265,0.840915154432878,0
0.0161116251256317,0.0137043118011206,0.651213651988655,0.7566743188072,0.139950044685975,0.431880250805989,0.845009098527953,0.774281671270728,0.350714505417272,0.502799134934321,0
