"1","2","3","4","5","6","7","8","9","10","class"
0.566587032750249,0.178474050480872,0.261410953244194,0.44560455228202,0.500950930407271,0.905004129745066,0.305514801992103,0.314324669772759,0.154709902592003,0.568750901380554,0
0.455984866246581,0.208939611213282,0.523557434091344,0.88002249924466,0.278148263227195,0.880377602996305,0.714828415540978,0.968376545934007,0.731324276188388,0.324557527434081,0
0.351410674396902,0.0965914307162166,0.368770709726959,0.84712499473244,0.494608591776341,0.662246588384733,0.71578997396864,0.57351079559885,0.154091450851411,0.094494110904634,0
0.924748893128708,0.840025515761226,0.201887354487553,0.603210633387789,0.246600499842316,0.221386780729517,0.562549232738093,0.67505384190008,0.205023134127259,0.361197628779337,0
0.487751694396138,0.934575645718724,0.201738588046283,0.560815344098955,0.526846193708479,0.0697888217400759,0.300881814211607,0.737873425008729,0.904136634431779,0.756856250809506,0
0.235162045340985,0.923710579285398,0.379111299756914,0.687549272086471,0.0211198057513684,0.441474025603384,0.494808215880767,0.151995543157682,0.505858985939994,0.261019547702745,0
0.251830390188843,0.342245145468041,0.815988317131996,0.15361199923791,0.505496403668076,0.696374933002517,0.757228040136397,0.859839520184323,0.194666342344135,0.0164405847899616,0
0.805460773408413,0.480857295449823,0.10223309439607,0.586300033843145,0.262758673168719,0.488984294468537,0.844627551501617,0.0264823089819402,0.349687590263784,0.266460489947349,0
0.68836977914907,0.813698342535645,0.827548504574224,0.413775386987254,0.0306933582760394,0.248772914288566,0.374980918830261,0.202184677822515,0.180009187199175,0.573382049566135,0
0.289356516906992,0.00904101808555424,0.471475006081164,0.885285030817613,0.16233763564378,0.595139999175444,0.818980350391939,0.687981468159705,0.210098801413551,0.446040838491172,0
0.726762344827875,0.170546792447567,0.84169254777953,0.564865173073485,0.351942989509553,0.994228528114036,0.499487379333004,0.828498471993953,0.852700271876529,0.740596937248483,0
0.601298240013421,0.454524811124429,0.99325897381641,0.399361008079723,0.254411505302414,0.00777810509316623,0.372225743485615,0.808040461502969,0.64164013392292,0.52622110885568,0
0.985232225619256,0.678597931604646,0.392721356358379,0.808226402616128,0.694636817323044,0.231511706952006,0.574054375290871,0.376418394735083,0.247539943549782,0.667753101326525,0
0.916854491224512,0.691425336292014,0.801828989060596,0.0528020728379488,0.0192661203909665,0.351222725119442,0.0995549012441188,0.185505142668262,0.24498565774411,0.617062133038417,0
0.255812976043671,0.688913827994838,0.303467938443646,0.603045475669205,0.714074371382594,0.456978171365336,0.930839912034571,0.31804775306955,0.0812852592207491,0.374559233663604,0
0.0859230514615774,0.272783103166148,0.352720117429271,0.578466138103977,0.897075435146689,0.0898775341920555,0.798986217472702,0.417508073151112,0.537847129628062,0.838689523981884,0
0.644328774651513,0.919780113035813,0.0870076327119023,0.875536751234904,0.5449973216746,0.12624793080613,0.871176824439317,0.216014010366052,0.576249511679634,0.0340553945861757,0
0.779266553930938,0.0657205930911005,0.0380452305544168,0.595056180842221,0.525850870180875,0.396230437094346,0.695769043406472,0.244997805450112,0.0951664512977004,0.383568323915824,0
0.924088560510427,0.83940077200532,0.3021218131762,0.57987683895044,0.691820370266214,0.550150673370808,0.0153456926345825,0.393783809617162,0.660243060672656,0.830326196039096,0
0.170008296845481,0.716340034967288,0.579737144289538,0.424680402269587,0.787925213575363,0.0602677767165005,0.778971138643101,0.78564234287478,0.382224870147184,0.554880875861272,0
0.0842001147102565,0.954908316256478,0.542652133153751,0.223799619358033,0.522387659177184,0.944233000511304,0.928491373313591,0.85292950947769,0.752020781859756,0.472098108148202,0
0.805745363701135,0.879322695080191,0.465279561700299,0.79505650815554,0.924368243431672,0.834446168737486,0.303344674175605,0.214167556958273,0.48046236555092,0.458891528425738,0
0.232889215927571,0.470864813309163,0.356257650302723,0.0394385068211704,0.0126147868577391,0.905528328614309,0.715620723785833,0.583400933537632,0.763870085356757,0.267229484627023,0
0.649644691962749,0.220675245393068,0.358531033387408,0.084212037967518,0.764436383731663,0.429051396902651,0.548743467079476,0.70068302215077,0.138190753757954,0.438208560459316,0
0.311576948966831,0.993737000972033,0.491776017937809,0.249338106950745,0.198651693528518,0.820422341115773,0.119597707409412,0.723260900471359,0.7605376818683,0.495429851347581,0
0.250139540294185,0.952253453899175,0.679311282699928,0.620092923287302,0.32545212469995,0.241840010043234,0.911511139711365,0.055307406000793,0.899876130279154,0.624716010410339,0
0.407775422092527,0.643153646029532,0.160639175679535,0.464300168445334,0.793898317962885,0.96932386001572,0.595094393473119,0.0726014769170433,0.41482321289368,0.171664277790114,0
0.0935729532502592,0.875066048232839,0.909174824599177,0.00535578466951847,0.806486714398488,0.47290262626484,0.0988332491833717,0.241069946903735,0.332633930258453,0.701451239641756,0
0.904047663556412,0.928712794790044,0.359109931159765,0.0547380736097693,0.917175801936537,0.146501403301954,0.414245253428817,0.876505294349045,0.780343777034432,0.923578729154542,0
0.310918766306713,0.15535850240849,0.931878407485783,0.268667205469683,0.983244609087706,0.935740921879187,0.417515962384641,0.622465495718643,0.389071685262024,0.518785978201777,0
0.939687747042626,0.244762160841376,0.139447357039899,0.616240540053695,0.773568514734507,0.749660604866222,0.889009958598763,0.836896776687354,0.602706383215263,0.424414263805375,0
0.00167638552375138,0.890380561817437,0.901721203466877,0.0698944085743278,0.496451416052878,0.118675414239988,0.3316971717868,0.349317847983912,0.481705079087988,0.517137513728812,0
0.767314268974587,0.175874092616141,0.634188278112561,0.980201192433015,0.184946209890768,0.593760237330571,0.567060766974464,0.825124375056475,0.926714304136112,0.299826301401481,0
0.742844330379739,0.247826795792207,0.455280237132683,0.348488799761981,0.459097752580419,0.152223756304011,0.0779042618814856,0.0965283636469394,0.760232358239591,0.506047606933862,0
0.425559788942337,0.796386023750529,0.749783838866279,0.612823066534474,0.227267181500793,0.51411553635262,0.366058510029688,0.730404789093882,0.259371016174555,0.393998511135578,0
0.156071881996468,0.793281120248139,0.821113675367087,0.783107742667198,0.00390622718259692,0.532334668561816,0.736121412599459,0.978913483442739,0.379370205570012,0.804632451152429,0
0.133087859256193,0.570804583840072,0.580298262881115,0.703588738804683,0.0954352433327585,0.610998889198527,0.173973385011777,0.578417240874842,0.758737532421947,0.39072699053213,0
0.157842825865373,0.209868698380888,0.619271799921989,0.669472139794379,0.302590252598748,0.313617205480114,0.552590909646824,0.644783644005656,0.116408992093056,0.39463585591875,0
0.978689945302904,0.672828054055572,0.0999987432733178,0.660800844896585,0.0038093498442322,0.259129755431786,0.00888897874392569,0.209577860310674,0.36261029029265,0.993066861992702,0
0.328288522316143,0.100879121338949,0.284550614189357,0.115248360205442,0.787956763058901,0.320162064861506,0.753950023557991,0.93774512805976,0.742272776784375,0.366322331828997,0
0.816852531861514,0.718951394082978,0.345591891789809,0.84423454827629,0.828333901008591,0.036779098212719,0.423915216699243,0.990143784787506,0.71652604197152,0.859539768192917,0
0.588665032992139,0.478524640668184,0.354226732393727,0.421272855019197,0.169180157361552,0.295412618899718,0.605794113827869,0.685641872463748,0.593778422800824,0.854931553825736,0
0.131257265340537,0.467655541142449,0.474608012009412,0.802829968743026,0.108275011181831,0.0392754920758307,0.512699377257377,0.579228532034904,0.540105005959049,0.634450844954699,0
0.383198057999834,0.806053558364511,0.385397948557511,0.335921960882843,0.441881209146231,0.0999104322399944,0.411182911833748,0.808207840193063,0.421718087047338,0.724506086669862,0
0.811333290534094,0.772629249608144,0.195495917228982,0.449459611438215,0.876360156340525,0.683374560205266,0.0515543210785836,0.365423085866496,0.534202213399112,0.592481797328219,0
0.360645220382139,0.988427865551785,0.969596382696182,0.27659205859527,0.251435082172975,0.795914117014036,0.91125275939703,0.95779040036723,0.197156267007813,0.827452157624066,0
0.469388702418655,0.730984757654369,0.298433143878356,0.0167835992760956,0.704248431138694,0.487999752629548,0.510258333059028,0.224629255011678,0.392783807124943,0.141827700193971,0
0.623655250994489,0.235711359186098,0.589527325937524,0.167168665444478,0.468405220890418,0.759601862402633,0.00385639211162925,0.733159511582926,0.404855069005862,0.711048312718049,0
0.206163966562599,0.587658921023831,0.0333681430201977,0.0370971509255469,0.982106796000153,0.216293008998036,0.860719911754131,0.252852407516912,0.35531513299793,0.951341459294781,0
0.246277728583664,0.745590287027881,0.477609124500304,0.689560087164864,0.871987609891221,0.990920185577124,0.532084974693134,0.399730352684855,0.851453762501478,0.895293132402003,0
0.065243816934526,0.963916232343763,0.525799803435802,0.545923525234684,0.226146753877401,0.676395552465692,0.375588428694755,0.694514107890427,0.126613692846149,0.80173040390946,0
0.184059519553557,0.0244564288295805,0.970045084599406,0.674778077984229,0.361553002148867,0.396959702251479,0.627528873737901,0.643636050866917,0.545239513041452,0.206877587130293,0
0.266142826760188,0.625888993497938,0.933036901056767,0.462459027767181,0.664479382103309,0.6127951934468,0.12809596164152,0.7564054466784,0.918419850757346,0.450540517223999,0
0.252125301398337,0.440690988441929,0.324684685561806,0.941791184013709,0.835138235939667,0.244581372011453,0.373915418284014,0.728577542118728,0.919488938059658,0.170760335400701,0
0.36265926156193,0.62308748671785,0.432437077397481,0.00872749625705183,0.948996396036819,0.705278794514015,0.919493278721347,0.425288161961362,0.606422701384872,0.538100447040051,0
0.041348593775183,0.388438751688227,0.515948918648064,0.678667277097702,0.91335397423245,0.536671533249319,0.389983200468123,0.112273548729718,0.209005755838007,0.124124460387975,0
0.963229217100888,0.552577415248379,0.788672729860991,0.268949445569888,0.213991201715544,0.592194663826376,0.123253714293242,0.978845747420564,0.324484963202849,0.75167095195502,0
0.325159695465118,0.14943311875686,0.20799178397283,0.990638737101108,0.95129034249112,0.00910523417405784,0.284245983464643,0.301844851113856,0.761290881317109,0.32557499082759,0
0.303653908427805,0.774395363638178,0.635131045011804,0.768733510281891,0.886021468788385,0.0574807908851653,0.0725505307782441,0.394604216795415,0.61072867619805,0.243200806900859,0
0.964057543780655,0.701554725179449,0.842522758757696,0.301293361466378,0.612429486820474,0.954159184359014,0.790076376637444,0.493440504651517,0.633082192623988,0.839948035310954,0
0.209571245126426,0.573071338934824,0.742766234092414,0.675984719069675,0.989864758448675,0.609063155949116,0.671709162648767,0.100429946789518,0.634090372594073,0.622831244487315,0
0.765640045981854,0.783427119953558,0.369274064199999,0.345246042357758,0.391345855779946,0.472687359899282,0.619617724791169,0.328874570317566,0.952255885116756,0.89439988299273,0
0.358700286131352,0.137544908560812,0.710726900026202,0.750996822025627,0.678242924390361,0.743475640658289,0.962662579026073,0.802516402443871,0.811608616961166,0.212595868622884,0
0.545531234026793,0.716126763029024,0.921102008083835,0.809734813636169,0.281383232446387,0.996253301156685,0.84045417397283,0.146246759453788,0.377517030341551,0.682046982226893,0
0.279126552632079,0.8962210372556,0.66399668646045,0.379981110105291,0.664829222951084,0.482761705992743,0.778510470176116,0.0332291820086539,0.374584913253784,0.584549550432712,0
0.0962491838727146,0.301083336817101,0.421099811792374,0.30127033800818,0.0803788548801094,0.187450462486595,0.143940137932077,0.766295692417771,0.261380866868421,0.979356779716909,0
0.914049468236044,0.00403501442633569,0.490129473619163,0.917419502045959,0.388713739812374,0.647477337392047,0.402731729671359,0.334969909163192,0.0268294017296284,0.129745043581352,0
0.759162266040221,0.104505698895082,0.76460357895121,0.323421762790531,0.914934433996677,0.603962269611657,0.575551571091637,0.488207451999187,0.798464114544913,0.382719977293164,0
0.681298557901755,0.44251174479723,0.0905399601906538,0.413799009984359,0.570368924178183,0.263680541887879,0.800241629593074,0.720263792434707,0.343142152531072,0.65749885328114,0
0.141001372830942,0.996340905316174,0.0896632897201926,0.439397018169984,0.451263418188319,0.178793425206095,0.306447943439707,0.612688365625218,0.990632168017328,0.818447551457211,0
0.202457423787564,0.847325189737603,0.837912150425836,0.081564562395215,0.538480240385979,0.927198592573404,0.952907668193802,0.442818758776411,0.138867902103812,0.814941795310006,0
0.0501172866206616,0.295282590901479,0.874497330281883,0.576924547320232,0.299343316117302,0.481679184827954,0.00919776223599911,0.5827435052488,0.122316309018061,0.937893014866859,0
0.394507348770276,0.461884775431827,0.398259744979441,0.755066492827609,0.180246612755582,0.635452002985403,0.844867208274081,0.805266712326556,0.899236853932962,0.62325546797365,0
0.684247224126011,0.0321971795056015,0.0541399146895856,0.0574638659600168,0.525167632615194,0.635754700517282,0.570932210423052,0.600421285955235,0.28257981990464,0.489666141802445,0
0.30429686489515,0.237174290930852,0.850408980157226,0.266847146209329,0.368760211160406,0.824280861532316,0.207630479242653,0.651697766967118,0.683392696781084,0.0953897677827626,0
0.938902996014804,0.647564831655473,0.871445197146386,0.2562587603461,0.702634555986151,0.58181322994642,0.0844323011115193,0.694918493041769,0.560366163495928,0.42838282790035,0
0.154094312805682,0.432903588283807,0.311519944109023,0.93657254986465,0.0886390549130738,0.370264219352975,0.933950813487172,0.420028883498162,0.712135347072035,0.0323137533850968,0
0.25991600449197,0.274603304686025,0.425891139777377,0.360584164038301,0.88570063537918,0.301729776663706,0.0659083493519574,0.329077185830101,0.291309637483209,0.785192702664062,0
0.726799090625718,0.449027685215697,0.646137510426342,0.754117654170841,0.619439569767565,0.975290881237015,0.642384163103998,0.94854601402767,0.112950812792405,0.554470263654366,0
0.188864303287119,0.545811227988452,0.0346193530131131,0.911675833631307,0.820843274239451,0.474513427354395,0.710606581531465,0.880715077975765,0.908551229396835,0.66788188344799,0
0.400200135773048,0.829074360663071,0.760126326000318,0.555180619005114,0.70045033749193,0.598886593710631,0.950957528082654,0.951785081066191,0.14168822998181,0.62369908276014,0
0.342213313168101,0.899295606184751,0.603634143946692,0.537454594159499,0.821776932803914,0.333885543979704,0.469218154670671,0.910499327583238,0.0755574118811637,0.444456006865948,0
0.724201139761135,0.948275911388919,0.0197238719556481,0.833058309042826,0.731335000833496,0.557644605636597,0.0768395627383143,0.210161631926894,0.902576531982049,0.138996389927343,0
0.0741734958719462,0.80090519762598,0.80040272558108,0.0915832165628672,0.855155028635636,0.495945844333619,0.988867156906053,0.461633510887623,0.820472817169502,0.767793129896745,0
0.312096826266497,0.594420491484925,0.476557551184669,0.0827626471873373,0.990181579021737,0.200973849510774,0.54976857220754,0.8125304216519,0.203094869153574,0.786344850203022,0
0.261216431623325,0.665102435275912,0.622520863544196,0.503589989617467,0.969735141377896,0.615161523921415,0.411537561332807,0.203746819868684,0.79188265139237,0.668767280178145,0
0.708805989008397,0.258665291126817,0.40107214031741,0.869144772877917,0.992428065510467,0.759000812657177,0.866171449888498,0.0189545813482255,0.686624680645764,0.861070299055427,0
0.265819754218683,0.451816447312012,0.900193512905389,0.347350075608119,0.327675498556346,0.453781196149066,0.810997110093012,0.0462748866993934,0.278113245498389,0.965527365915477,0
0.859004831174389,0.273762941593304,0.272407497977838,0.309082878055051,0.815459131263196,0.968658811412752,0.806204928550869,0.381407781504095,0.517584545537829,0.411245172144845,0
0.777106899302453,0.108212015824392,0.103954490739852,0.70266444562003,0.442109917989001,0.827179203741252,0.275769463274628,0.733590594725683,0.742885161424056,0.917292213765904,0
0.269366969820112,0.203831187449396,0.500204596202821,0.662040078779683,0.515884094173089,0.457595983985811,0.426199487643316,0.583606361877173,0.738251057686284,0.585458717308939,0
0.400257747620344,0.4501612263266,0.792117944918573,0.600658583687618,0.813617725390941,0.458570154383779,0.750731112901121,0.161342857638374,0.538567714393139,0.690436366247013,0
0.524055146612227,0.10901033016853,0.0535849221050739,0.866708276793361,0.727474776096642,0.173525438643992,0.265727812657133,0.261032829526812,0.629187718732283,0.365855849348009,0
0.470270327525213,0.0845361119136214,0.4133561917115,0.295739240245894,0.0126354375388473,0.707245629979298,0.409285887610167,0.693079937482253,0.50494084879756,0.840999591629952,0
0.619864830048755,0.756211125990376,0.0282991058193147,0.0355197244789451,0.452591633424163,0.812328752595931,0.189914709888399,0.483133278088644,0.810268312692642,0.581428026547655,0
0.122149717295542,0.0570360522251576,0.241084081819281,0.878435709513724,0.76599686499685,0.805440929718316,0.95885781571269,0.508274716557935,0.94118115445599,0.635723855346441,0
0.939000137615949,0.386251800460741,0.169071063166484,0.479333884781227,0.548631902551278,0.334076201776043,0.803655246505514,0.775239096721634,0.81847333884798,0.121655599214137,0
0.425283228047192,0.0498817972838879,0.781519910786301,0.450278487289324,0.414038453251123,0.759983893949538,0.64930222206749,0.859999278560281,0.54341904586181,0.406356022693217,0
0.985593921737745,0.720384766347706,0.784861208172515,0.705417335033417,0.669588545337319,0.784619235433638,0.315221190219745,0.345676194410771,0.369619587436318,0.893999661086127,0
0.425753514282405,0.923086214112118,0.869963669218123,0.290265385759994,0.814771869685501,0.476936773164198,0.846406992757693,0.929830805631354,0.617651448585093,0.871656308649108,0
