"1","2","3","4","5","6","7","8","9","10","class"
0.946548031875864,0.0366520397365093,0.74022551975213,0.504562764894217,0.235377298435196,0.688819605391473,0.886550001334399,0.282985696569085,0.160296791233122,0.81381033337675,0
0.404557855101302,0.320723317330703,0.595394876785576,0.389984862646088,0.0889272876083851,0.344205402070656,0.676057070726529,0.616908107185736,0.688250122591853,0.378764172783121,0
0.0587133879307657,0.0842409881297499,0.987746755359694,0.573787675471976,0.752715856069699,0.388242518296465,0.962064302759245,0.857852013548836,0.871934591792524,0.00572529970668256,0
0.190753896720707,0.284579243278131,0.00973587087355554,0.729269639356062,0.066053694114089,0.23543366137892,0.452718488872051,0.0415527436416596,0.911258065141737,0.108837859705091,0
0.615982999792323,0.0434592771343887,0.150556182488799,0.94419158087112,0.135561584262177,0.419121837243438,0.122385888593271,0.792104695457965,0.400862609967589,0.996250963537022,0
0.396570717915893,0.205175556940958,0.271103777689859,0.288003472378477,0.0126546982210129,0.325536882970482,0.786319707753137,0.124382560607046,0.827771449927241,0.516953912796453,0
0.0680738280061632,0.36419899109751,0.063382163643837,0.0222552216146141,0.546651726588607,0.348162490408868,0.40237822313793,0.0319150488357991,0.801599834579974,0.231770219746977,0
0.288848011288792,0.709160724887624,0.115784031106159,0.86351711419411,0.0929723491426557,0.730089966673404,0.926050067413598,0.747659220825881,0.0349877604749054,0.363933178130537,0
0.726051774108782,0.46941257477738,0.290763681055978,0.23590846452862,0.0245893024839461,0.137860854854807,0.981899642385542,0.448277398012578,0.970631123054773,0.509083270328119,0
0.122170832008123,0.939706492470577,0.732451938092709,0.36351609043777,0.862442087149248,0.00105013838037848,0.429369195597246,0.598368430044502,0.107053134590387,0.579083151882514,0
0.762975379591808,0.50281603843905,0.0581750157289207,0.544458189280704,0.246030927635729,0.689652055036277,0.244482960784808,0.674825609661639,0.218369533540681,0.494048909051344,0
0.774233162170276,0.419585063587874,0.847750721266493,0.680427131941542,0.819197366945446,0.56818208983168,0.201126753119752,0.524526578839868,0.961379447951913,0.864577131578699,0
0.862197563517839,0.391935648163781,0.713347759563476,0.660821497905999,0.0487088020890951,0.573963484494016,0.00752729037776589,0.0836047858465463,0.0972765132319182,0.061023646267131,0
0.184055111370981,0.8009359233547,0.469748299801722,0.341919053113088,0.66844471055083,0.257975660497323,0.446826318977401,0.976511908927932,0.544434899231419,0.765585550805554,0
0.491121834376827,0.919542420422658,0.76645826571621,0.498498207656667,0.513415709370747,0.422712742816657,0.681899596005678,0.167733740061522,0.574403670383617,0.117489455733448,0
0.92264025984332,0.313752677291632,0.908109661191702,0.22057348000817,0.280028492445126,0.688317833235487,0.407465093769133,0.424736733548343,0.944085143972188,0.0193889578804374,0
0.567168871872127,0.806285691913217,0.692015495151281,0.517823886824772,0.944477093406022,0.779985571280122,0.54355497751385,0.490504812449217,0.811596693005413,0.375732674729079,0
0.0767706513870507,0.491642207057402,0.385396863333881,0.90364905865863,0.635624151676893,0.985997344134375,0.0699977499898523,0.321830682223663,0.794599215732887,0.102123213931918,0
0.352267537033185,0.444618036504835,0.629302816232666,0.473026750143617,0.702983621507883,0.564926021266729,0.258473039604723,0.40706077334471,0.164482937194407,0.668777435785159,0
0.341252492275089,0.237332698190585,0.799913076683879,0.978460141457617,0.870361871784553,0.268448826158419,0.862380595179275,0.889923583250493,0.19307707506232,0.0752829236444086,0
0.96227955352515,0.763295306824148,0.211443386971951,0.746100093238056,0.735973539296538,0.430027424357831,0.186659588944167,0.95475171180442,0.313234919914976,0.279121603816748,0
0.848266766872257,0.883228378603235,0.655892812646925,0.355617208173499,0.252924134489149,0.511261881329119,0.113247487694025,0.928330248687416,0.444790114182979,0.386596213327721,0
0.874652212951332,0.344371063867584,0.775319784414023,0.0968086668290198,0.673373643541709,0.298529373947531,0.936368916416541,0.937169673619792,0.437398558016866,0.66302675427869,0
0.615605442319065,0.646444910438731,0.533950225217268,0.615717857843265,0.367489831056446,0.459429093869403,0.622995455516502,0.448886810103431,0.643812578869984,0.853234255220741,0
0.336074018618092,0.561481400858611,0.149279168574139,0.0545375416986644,0.40051098447293,0.00736334337852895,0.845075144665316,0.514584524091333,0.200771956006065,0.813680849736556,0
0.0277890283614397,0.000847689753863961,0.259978649672121,0.524838576558977,0.378508442314342,0.940651434939355,0.329778958577663,0.717939693247899,0.00444728974252939,0.200154310557991,0
0.221742254216224,0.204775634687394,0.698828874854371,0.99605662911199,0.884957228088751,0.554039613110945,0.302850362844765,0.269239525077865,0.453646393958479,0.373893150826916,0
0.987828340614215,0.256730546243489,0.838248191867024,0.474843306001276,0.137044006958604,0.103925036732107,0.702664732234553,0.195840242318809,0.754169771447778,0.474496748531237,0
0.183303454890847,0.68550483812578,0.548821203643456,0.289838575525209,0.00883678602986038,0.920914384070784,0.366269580088556,0.978035461856052,0.177838875213638,0.506456060102209,0
0.325262235710397,0.509827965172008,0.894251671852544,0.981877191690728,0.462848449591547,0.741374612087384,0.987689009169117,0.0724759511649609,0.582651461241767,0.274504162138328,0
0.699311983305961,0.568002043524757,0.604621232720092,0.657134875422344,0.753470769850537,0.461670082993805,0.0619791354984045,0.504945514723659,0.138997581088915,0.254054156830534,0
0.625846619019285,0.196743987733498,0.126071983017027,0.850728492951021,0.6778441646602,0.95136330020614,0.134169470518827,0.0324296255130321,0.174843144603074,0.649938865797594,0
0.378055208129808,0.33631294965744,0.416794849792495,0.0382158178836107,0.665326320100576,0.746162204770371,0.645149000221863,0.403822889085859,0.835879922145978,0.941607378190383,0
0.404404848115519,0.129584942711517,0.535000873962417,0.472135754767805,0.608889759983867,0.398769851308316,0.667437125695869,0.962460357928649,0.121992256958038,0.862916924292222,0
0.264976507984102,0.30309984087944,0.52369100577198,0.291866115760058,0.675103083020076,0.347906162729487,0.124308322323486,0.710323471808806,0.103254100540653,0.768619523849338,0
0.602273254655302,0.78141845879145,0.0401906969491392,0.260607786709443,0.575051299296319,0.977696185931563,0.0644862356130034,0.706277360208333,0.814431508770213,0.535488988505676,0
0.00408293586224318,0.588036535307765,0.42821214068681,0.416509474162012,0.595974545693025,0.486645713448524,0.793534034397453,0.902977498015389,0.798285016324371,0.369310305686668,0
0.836350064259022,0.254513940075412,0.5910044235643,0.225421446375549,0.548314742045477,0.138064150232822,0.701946061803028,0.191146733472124,0.163568721385673,0.845929002622142,0
0.361396252230555,0.741773237707093,0.267475485568866,0.636197487358004,0.201269729062915,0.230834942078218,0.329768587369472,0.968705278355628,0.835067165084183,0.77856251434423,0
0.0705768356565386,0.192417565966025,0.163063599728048,0.0472418784629554,0.729064609622583,0.473623582860455,0.677274574758485,0.502380855148658,0.144803447881714,0.0172345670871437,0
0.800599039532244,0.209742317441851,0.94865765562281,0.878147966461256,0.914422027533874,0.549572446150705,0.960245296824723,0.854392143664882,0.843342304695398,0.117957034613937,0
0.268861443037167,0.765097091905773,0.0821486299391836,0.0456294559407979,0.328676481265575,0.854910744354129,0.261692926287651,0.0649479660205543,0.554463346488774,0.382921311538666,0
0.842323464341462,0.168986129807308,0.549927727784961,0.933473329991102,0.0806056233122945,0.478731750743464,0.622890783939511,0.876133189536631,0.553531109588221,0.349311013007537,0
0.670002880971879,0.490294067887589,0.864345598034561,0.576794123509899,0.0330714234150946,0.375027311267331,0.138466517673805,0.336253246059641,0.695045934990048,0.207036507781595,0
0.497488199500367,0.133102321298793,0.0449216538108885,0.80764964595437,0.289466389454901,0.546396720223129,0.979570030467585,0.69575201976113,0.852062489604577,0.552885984769091,0
0.464721207274124,0.918635396286845,0.152727502631024,0.931050506187603,0.178733540931717,0.527882771100849,0.00353426020592451,0.671890024794266,0.0806163360830396,0.556144526926801,0
0.647149709053338,0.333331065950915,0.427888725185767,0.244462471455336,0.324832317885011,0.525389212649316,0.893125090980902,0.234938198234886,0.142888898728415,0.996715755900368,0
0.135742202168331,0.243783466052264,0.927193905692548,0.776544749038294,0.726973852841184,0.434482428478077,0.952905083307996,0.172911106375977,0.28089882270433,0.827208375092596,0
0.686120301717892,0.239488690393046,0.0186570198275149,0.707528407219797,0.0343997704330832,0.642137173330411,0.667212997563183,0.535036824876443,0.508651003008708,0.452002408215776,0
0.175598610425368,0.586802873993292,0.0252001888584346,0.604871740099043,0.350771869532764,0.824515585554764,0.87757360492833,0.356544775888324,0.0533307958394289,0.261860220460221,0
0.735023615183309,0.67713122209534,0.449853646568954,0.67618158692494,0.491850336547941,0.95395697792992,0.737212788779289,0.198731002863497,0.12204285338521,0.925093009602278,0
0.522847216576338,0.0416875102091581,0.642864986788481,0.512871593469754,0.000661438331007957,0.513887207489461,0.68989473185502,0.521360088838264,0.0156937760766596,0.777889782097191,0
0.0731125872116536,0.240116055589169,0.624551317421719,0.245629575336352,0.487110494403169,0.72048285137862,0.953338554129004,0.644535611150786,0.554177898447961,0.794051574077457,0
0.920365785015747,0.218687826767564,0.975681546377018,0.3295329939574,0.168085825862363,0.495121138170362,0.308614964596927,0.774788877693936,0.595107252476737,0.262250799685717,0
0.181281995726749,0.0614460392389446,0.241147605702281,0.607616000110283,0.458903843536973,0.925971395336092,0.837051780894399,0.0642465460114181,0.165781940100715,0.8187500028871,0
0.093965727603063,0.120227600680664,0.0387783769983798,0.532060902565718,0.349976748460904,0.211271687410772,0.272732100449502,0.553752735489979,0.512394587043673,0.66781258652918,0
0.906711520627141,0.145139995263889,0.303584400098771,0.612591484095901,0.0936976897064596,0.0307187479920685,0.857108375057578,0.428010740783066,0.468186748912558,0.154705783585086,0
0.41946559981443,0.766255210153759,0.808011831482872,0.359524031169713,0.943422967102379,0.419166806386784,0.545194524805993,0.196687526302412,0.175867004087195,0.0309889568015933,0
0.74847646523267,0.582230682251975,0.531059767119586,0.0363171827048063,0.095690512098372,0.851504149613902,0.228591973194852,0.746916884789243,0.521116801071912,0.36747293965891,0
0.132808671100065,0.859579761279747,0.55095381080173,0.179327087244019,0.46059228410013,0.696999759878963,0.831506790826097,0.08894082182087,0.474756763549522,0.603011060506105,0
0.95368028152734,0.451605704380199,0.697207394987345,0.404226794373244,0.579013527836651,0.957265031291172,0.463160428684205,0.762119525577873,0.829246517037973,0.608733716420829,0
0.242830530973151,0.737294598016888,0.411819014232606,0.159671899164096,0.454303440637887,0.912076646927744,0.3977182128001,0.597463343990967,0.558589016320184,0.785522602498531,0
0.697911183349788,0.364052727352828,0.0612714109010994,0.0355130925308913,0.542954223463312,0.422861179802567,0.862143540289253,0.940137145342305,0.882630019448698,0.57063635555096,0
0.405328096356243,0.657534877303988,0.881870094453916,0.100557713769376,0.0117238641250879,0.272656872635707,0.502466461155564,0.892187930177897,0.844416029052809,0.135535753099248,0
0.0324262301437557,0.291340552503243,0.214753680862486,0.629504920216277,0.336198523407802,0.447375696850941,0.0627513006329536,0.862992600072175,0.44307445618324,0.976410273695365,0
0.546464370796457,0.0211960826483555,0.243175294715911,0.679147649789229,0.326542438007891,0.179069498786703,0.781004658667371,0.503529500449076,0.538230315549299,0.34527958673425,0
0.273794524837285,0.311330365482718,0.491735606687143,0.937956901267171,0.0754745043814182,0.992170274490491,0.0927831886801869,0.109939977759495,0.661962511250749,0.710075833601877,0
0.718686345033348,0.741365843219683,0.906200471799821,0.99531132588163,0.315643495414406,0.895254062023014,0.0962809035554528,0.282284143613651,0.556952374987304,0.80193159612827,0
0.99219419551082,0.955657463055104,0.413786040386185,0.46732227364555,0.943387428298593,0.323410554323345,0.296443489613011,0.615049286279827,0.261351759079844,0.806052302243188,0
0.677848284365609,0.286957247648388,0.876723971916363,0.897708169883117,0.320868079783395,0.948345321696252,0.839213390601799,0.4290938784834,0.16773702390492,0.534907596418634,0
0.17726937471889,0.106307551264763,0.649001967394724,0.62244188087061,0.611091146478429,0.907186456257477,0.177671166835353,0.793240012833849,0.566245510010049,0.382071820786223,0
0.401088607264683,0.640882804989815,0.699293837882578,0.830898290965706,0.696678014239296,0.817572322208434,0.120917138410732,0.705208966508508,0.72111050109379,0.244110890896991,0
0.503742587286979,0.248489109566435,0.561443912563846,0.0807471245061606,0.17376664141193,0.098966722143814,0.921168027212843,0.673573198728263,0.302685849135742,0.0348845103289932,0
0.578557785600424,0.956483531976119,0.857698385603726,0.490947985788807,0.0171520817093551,0.777740372577682,0.460571868577972,0.691280112834647,0.268999641528353,0.00159209803678095,0
0.737874824320897,0.328202250180766,0.927790404530242,0.684837416978553,0.585240383865312,0.701582247158512,0.264279127120972,0.876919925911352,0.90499397367239,0.610981596633792,0
0.856630806578323,0.402640873799101,0.913519718451425,0.153101721545681,0.0234175350051373,0.997355780564249,0.0887726910877973,0.566175245679915,0.0909410656895489,0.494468606542796,0
0.987770236795768,0.332234090892598,0.255340601084754,0.164824855746701,0.237113791052252,0.177641008514911,0.986208698013797,0.335207040421665,0.914132754318416,0.273637355538085,0
0.731118453433737,0.543671163730323,0.357546092476696,0.831919621909037,0.0784266707487404,0.331971020903438,0.657375944778323,0.586147034773603,0.886103690601885,0.366571892984211,0
0.504654101955146,0.0995354745537043,0.934105733642355,0.495543238939717,0.0539519423618913,0.369010545313358,0.955306760501117,0.718044451670721,0.820887777721509,0.29959743260406,0
0.691382546443492,0.663927113637328,0.468686372973025,0.609481005463749,0.655342123936862,0.796410880284384,0.00710167828947306,0.83333887765184,0.608438676921651,0.927967496914789,0
0.50167216721829,0.995388044742867,0.16308321733959,0.509201396489516,0.27004768117331,0.0241930386982858,0.275409933878109,0.0735754044726491,0.362751204520464,0.375217974418774,0
0.110263898735866,0.290148916887119,0.549399081151932,0.965124535374343,0.217508802190423,0.375053288415074,0.691389025188982,0.464414036367089,0.221524415072054,0.407026117667556,0
0.843438424868509,0.845760572701693,0.345803566277027,0.347293048398569,0.0129538606852293,0.885576809290797,0.584371649427339,0.332199844997376,0.768469081493095,0.378288405714557,0
0.227201780071482,0.886569548165426,0.566197516396642,0.896983830491081,0.509360167197883,0.866719990270212,0.411886094603688,0.324159975862131,0.0254465802572668,0.607550831511617,0
0.413881172193214,0.747627096949145,0.518892923602834,0.299623538739979,0.471591223962605,0.686526468256488,0.989346215967089,0.389208752429113,0.236123634502292,0.651893591508269,0
0.713939990149811,0.274171190336347,0.410516337957233,0.564291093731299,0.384716568980366,0.736015870701522,0.612898911116645,0.318685963051394,0.955866620643064,0.835919812321663,0
0.660612985026091,0.636906228028238,0.728968191659078,0.369531044270843,0.235920787788928,0.843884230358526,0.294672009535134,0.202390585560352,0.253940646303818,0.944012638414279,0
0.834062226582319,0.781169974245131,0.81943318201229,0.342018258292228,0.900361742358655,0.898194890469313,0.150219167117029,0.906941322842613,0.174488107208163,0.0594039841089398,0
0.140962226549163,0.578592659207061,0.481082127429545,0.240303739672527,0.659889892907813,0.222001821035519,0.361447940114886,0.751070608850569,0.265743461204693,0.727080216165632,0
0.43107568891719,0.754123290069401,0.829767650458962,0.28997613536194,0.903836999321356,0.154342108638957,0.795925407204777,0.195546573260799,0.885795779526234,0.671717585995793,0
0.246007952140644,0.83719165995717,0.905657671624795,0.265610964968801,0.224005885887891,0.138150096638128,0.602144870907068,0.369877996388823,0.818496374879032,0.565949027659371,0
0.943149193655699,0.654627427924424,0.157194068422541,0.682310128351673,0.566700030583888,0.050587021978572,0.152451587375253,0.64101242646575,0.160684947390109,0.191559353144839,0
0.798345014685765,0.530257572652772,0.139065395109355,0.215285323560238,0.35393279325217,0.07593367039226,0.486575258430094,0.638871444622055,0.563442748039961,0.720599304651842,0
0.620732204290107,0.0561954020522535,0.672974870773032,0.118937195278704,0.34971538092941,0.846921528456733,0.46083298814483,0.803257929161191,0.722414106829092,0.766602715011686,0
0.29912261525169,0.687276111450046,0.721536782337353,0.498030573129654,0.87037723721005,0.0283267858903855,0.0954657166730613,0.146655355812982,0.89216342032887,0.0733204917050898,0
0.563273083651438,0.787742648972198,0.112366996938363,0.847252943087369,0.457675165729597,0.409901073435321,0.620675670914352,0.683256634045392,0.0634352057240903,0.0981860712636262,0
0.641065413365141,0.685123921604827,0.188768243649974,0.156059484230354,0.631068482296541,0.698428644333035,0.687960439361632,0.300021024420857,0.562618765980005,0.108937555691227,0
0.0132729939650744,0.476506884908304,0.0841334185097367,0.986098268069327,0.580145486630499,0.728349726181477,0.500109651824459,0.492798482300714,0.303344168234617,0.662607821170241,0
0.221368523081765,0.389298983616754,0.0799484075978398,0.73584777279757,0.796204696875066,0.620945684146136,0.288681371835992,0.957745910156518,0.336049999576062,0.590356887085363,0
0.174167316406965,0.511587060987949,0.196502153063193,0.461800616234541,0.423180159647018,0.180581373395398,0.427048963494599,0.22018378903158,0.911155410576612,0.27089089108631,0
