"1","2","3","4","5","6","7","8","9","10","class"
0.145759143633768,0.161808284465224,0.316349742701277,0.242313278838992,0.112529638689011,0.0578620140440762,0.187824728200212,0.0644177023787051,0.0843395523261279,0.104873839067295,0
0.0555360736325383,0.702343002427369,0.301447722129524,0.478990203002468,0.760133106959984,0.389045756077394,0.0348110788036138,0.121261551743373,0.926005693851039,0.865979818161577,0
0.158760127145797,0.172136526089162,0.0279510645195842,0.527212674496695,0.611344963312149,0.815834259148687,0.558887526392937,0.796395719749853,0.113395131425932,0.563920065760612,0
0.731361099053174,0.00740563124418259,0.826431121211499,0.194807813735679,0.314396392554045,0.184007831383497,0.434074779041111,0.231068416265771,0.096868859604001,0.174083328573033,0
0.935397895751521,0.161267709219828,0.45290118153207,0.776726782554761,0.520750985946506,0.607919336063787,0.914568838430569,0.856745255179703,0.642217015149072,0.95275768218562,0
0.194500778801739,0.783557242015377,0.056522453436628,0.253472584765404,0.930148317478597,0.0569089043419808,0.898016677005216,0.218347789021209,0.837598803685978,0.542816882487386,0
0.809848439414054,0.633336370578036,0.470728878630325,0.56763906404376,0.582784962840378,0.433811106020585,0.529839555965737,0.74176429095678,0.193778806598857,0.433172939345241,0
0.842339936643839,0.478511801920831,0.942641470348462,0.675355925923213,0.763535424368456,0.223948908038437,0.829804360633716,0.425362587440759,0.861586292507127,0.512965443311259,0
0.80188682937976,0.283887356519699,0.456494926242158,0.315093894023448,0.54214250552468,0.469503164989874,0.44674672675319,0.488517632475123,0.871530715376139,0.477276330813766,0
0.117177291307598,0.741684367696382,0.465087631018832,0.576773566193879,0.0650706253945827,0.967371430480853,0.73560819751583,0.352628575172275,0.212835364276543,0.579812163254246,0
0.643510543508455,0.207190997432917,0.912326729623601,0.378637783462182,0.135558608919382,0.109632437117398,0.50244244444184,0.124402056215331,0.0787746345158666,0.550456636585295,0
0.990331536624581,0.963716873899102,0.208321305923164,0.306474618846551,0.156912019709125,0.655856676399708,0.309795198496431,0.578753990354016,0.00109413336031139,0.49842195934616,0
0.330716118682176,0.0787526997737586,0.366030448349193,0.42716706963256,0.726631824392825,0.6135245913174,0.281210278393701,0.0369463784154505,0.782900558551773,0.611135947983712,0
0.493989079724997,0.884869147797767,0.227965186117217,0.128044397803023,0.510029887547716,0.0851761566009372,0.742152012186125,0.183979022549465,0.590272293426096,0.456638659583405,0
0.330271069849283,0.263261025305837,0.116993421688676,0.581767853815109,0.137492483016104,0.441905954154208,0.970423852093518,0.910228821681812,0.664472745032981,0.240855312207714,0
0.247557588620111,0.20657327841036,0.452010662062094,0.937599228462204,0.817091420292854,0.512301586102694,0.246085813269019,0.891201472608373,0.852717944886535,0.00185537710785866,0
0.502391648478806,0.274236084791459,0.664335686946288,0.291504324646667,0.677596123423427,0.0854656677693129,0.290693224640563,0.608310937415808,0.945204003481194,0.997384751215577,0
0.611378585686907,0.0744972240645438,0.747926883865148,0.53884435002692,0.595274056307971,0.861744322115555,0.77169165131636,0.986641762312502,0.592956833541393,0.387275052024052,0
0.0804862319491804,0.0388244979925454,0.436781452503055,0.0894952500239015,0.248888412723318,0.731158514274284,0.94337296159938,0.908966069342569,0.151086539495736,0.195687423693016,0
0.366940168431029,0.199539167340845,0.418250361224636,0.765948036918417,0.203316989121959,0.810883179772645,0.311295935651287,0.924498222535476,0.852940554730594,0.41492825280875,0
0.314455711049959,0.896460623014718,0.251883577089757,0.0199210257269442,0.825493080541492,0.607044544769451,0.98680018959567,0.981239335145801,0.937076364643872,0.236935114255175,0
0.810943982331082,0.0812549539841712,0.792651328956708,0.734294302994385,0.555208593839779,0.518556356197223,0.972786590224132,0.22489549475722,0.241340188542381,0.526737675769255,0
0.690455577801913,0.300530238802731,0.990192359313369,0.570869966875762,0.139096277300268,0.863458567298949,0.422853540163487,0.724133213516325,0.638672908535227,0.106261769542471,0
0.641000263858587,0.152000691276044,0.689078002702445,0.796343302121386,0.13576876022853,0.713957611005753,0.146015446167439,0.915858084335923,0.452650384278968,0.508177851093933,0
0.341128007043153,0.855414666933939,0.65558519307524,0.0353886869270355,0.597968576243147,0.489951779600233,0.718156268354505,0.917471813969314,0.529785032616928,0.940872436622158,0
0.822259248699993,0.971139236269519,0.850181824527681,0.356522102840245,0.777201656950638,0.868509882362559,0.31096473429352,0.296511803288013,0.846108040073887,0.378720444161445,0
0.825903105549514,0.0380078383602202,0.805881597101688,0.0795031269080937,0.796374305849895,0.755616691429168,0.621547041460872,0.585425859317183,0.274582875659689,0.705748344073072,0
0.876905134180561,0.475561475846916,0.444799268851057,0.507710294332355,0.551076699513942,0.522175550926477,0.723990793339908,0.68344114208594,0.222782261669636,0.0622953083366156,0
0.0276646146085113,0.512655471684411,0.0844706671778113,0.0696751051582396,0.036230222787708,0.842988552991301,0.747562317643315,0.699256445514038,0.326689213048667,0.884533372940496,0
0.472916637314484,0.579817846477497,0.848616824252531,0.247552436543629,0.687540465733036,0.109521965263411,0.884550353046507,0.310526904650033,0.175307786557823,0.324966949643567,0
0.566004991298541,0.0321316844783723,0.118704581167549,0.480384871829301,0.542108914116398,0.9099255152978,0.103684142930433,0.0217697608750314,0.957456049509346,0.957843131152913,0
0.148249826626852,0.860747022787109,0.613610838074237,0.745180134661496,0.646912347525358,0.859140382613987,0.578949677292258,0.109818566124886,0.825335409259424,0.243017599917948,0
0.914282250450924,0.961225807666779,0.20141593250446,0.924257275182754,0.0424496529158205,0.0758573429193348,0.506013381294906,0.858934224583209,0.237278618616983,0.538249758072197,0
0.672209411859512,0.138599839294329,0.311316501582041,0.47610120777972,0.402577327098697,0.356125020887703,0.278222511755303,0.626266145380214,0.938834269763902,0.565655720653012,0
0.46125792292878,0.210504463993385,0.882901770761237,0.840046038851142,0.739911610726267,0.91396106639877,0.635352955199778,0.302771619753912,0.013601062586531,0.631898856954649,0
0.32549240650842,0.335478181252256,0.141483485000208,0.429558080853894,0.0617137397639453,0.630572628462687,0.560233076335862,0.0551512700039893,0.166571607813239,0.507511152420193,0
0.19722766103223,0.719048681203276,0.245799028081819,0.205915881320834,0.365612261928618,0.995162547798827,0.367475030245259,0.49405566835776,0.618012129561976,0.19579362962395,0
0.581581285921857,0.63711553583853,0.361676834058017,0.198619371047243,0.69187331921421,0.397478960920125,0.769673249917105,0.0684150662273169,0.867323738988489,0.790833215462044,0
0.565440679667518,0.956192215206102,0.4459496922791,0.641923704417422,0.476692805765197,0.369620622834191,0.752973640104756,0.523118557408452,0.440271417377517,0.252815142041072,0
0.966413294663653,0.615605312632397,0.207021227804944,0.99030778510496,0.122281217481941,0.432776831323281,0.700969903264195,0.324841123772785,0.335926624946296,0.139222620986402,0
0.100030026165769,0.076704982900992,0.215579290874302,0.135552109917626,0.385750635527074,0.345631680684164,0.642725071869791,0.900705145904794,0.143651149002835,0.805307468865067,0
0.977385773556307,0.194461810968351,0.0379339328501374,0.443071534391493,0.964976776158437,0.19731942540966,0.349921995541081,0.161170514300466,0.907406385056674,0.626984348753467,0
0.33986939699389,0.0509301647543907,0.474747751373798,0.134315388742834,0.289136783685535,0.663788627134636,0.998270732117817,0.52163646556437,0.871164895826951,0.6030071915593,0
0.885344336507842,0.924384259385988,0.667158297961578,0.71096659055911,0.388503653230146,0.929244577186182,0.0264175473712385,0.263094346038997,0.979137917049229,0.88688877876848,0
0.709228854160756,0.202637794603594,0.404245649231598,0.618965927744284,0.261027179658413,0.49210912710987,0.39902085554786,0.77670579100959,0.338240255136043,0.269298500148579,0
0.960601066006348,0.951903057625052,0.582878123503178,0.445870257215574,0.950523945270106,0.667179325828329,0.0784742168616503,0.434026045491919,0.338580649113283,0.309382070787251,0
0.142623130464926,0.762420995786786,0.385493052192032,0.60218755947426,0.962269647046924,0.286398542812094,0.203288631746545,0.569531961111352,0.470608701696619,0.940217861672863,0
0.211621717084199,0.999763447325677,0.804755418561399,0.348123481497169,0.0877511254511774,0.859664703952149,0.924768753582612,0.458938694791868,0.888443732401356,0.390205626143143,0
0.855099684325978,0.315897021675482,0.0622362340800464,0.597085474757478,0.146632414311171,0.027201522840187,0.911833952879533,0.528340033954009,0.966961761936545,0.22638469748199,0
0.0157049994450063,0.92227335437201,0.835309632588178,0.210899571888149,0.663236024323851,0.0581616126000881,0.60051358724013,0.795483384979889,0.867297380464152,0.284311500843614,0
0.759868036257103,0.0160949968267232,0.307336773723364,0.282138082198799,0.858531068544835,0.341355147771537,0.341764151584357,0.567094525555149,0.38028319273144,0.208439551992342,0
0.264187824679539,0.898842464899644,0.698035158915445,0.561342959525064,0.904603770468384,0.889199286932126,0.0119878889527172,0.273004526272416,0.628091017948464,0.0388231745455414,0
0.541499524144456,0.884780454449356,0.829951631138101,0.514780518133193,0.340542093385011,0.273205642588437,0.948795675067231,0.282849601702765,0.663757571484894,0.709588974481449,0
0.800966354552656,0.354187246412039,0.925556859467179,0.774617585586384,0.921194715425372,0.591450186446309,0.249472490744665,0.63713454734534,0.719076354755089,0.538863436086103,0
0.869708845962584,0.541670316364616,0.807066712528467,0.904922963120043,0.46505730599165,0.225513440556824,0.619277776684612,0.239414379466325,0.530535902595147,0.34746457869187,0
0.971831468166783,0.767153545282781,0.417358436621726,0.979005218716338,0.94686536048539,0.387085140449926,0.896848717238754,0.430961539270356,0.943987283157185,0.0162397946696728,0
0.241410965416208,0.261148417834193,0.780347464606166,0.773431293666363,0.993954957462847,0.458690862171352,0.093481722055003,0.0632417113520205,0.158887661527842,0.323433685582131,0
0.0292915790341794,0.236674622166902,0.896550324978307,0.704111926956102,0.364946719026193,0.6431978889741,0.202982259681448,0.723788601579145,0.0363720075692981,0.89658375759609,0
0.574186102254316,0.0366923024412245,0.935420117108151,0.83583471737802,0.441871925955638,0.590124786831439,0.0254724002443254,0.590631736209616,0.785903825657442,0.0340345841832459,0
0.805296220816672,0.457733933115378,0.282598388846964,0.627747342456132,0.452923479955643,0.670807089423761,0.606826131697744,0.244896665448323,0.545733828097582,0.479884702712297,0
0.015782677737996,0.731266157934442,0.892068301327527,0.536841125926003,0.448573554400355,0.48160096257925,0.182549169985577,0.262501021847129,0.749701218912378,0.842570725828409,0
0.452451712451875,0.831830295734107,0.391617223387584,0.494253775570542,0.119912775699049,0.934845961397514,0.458473071688786,0.807070657145232,0.945624055340886,0.588210733840242,0
0.719324329706281,0.145390288904309,0.0969158955849707,0.146751904394478,0.494113894412294,0.481265849899501,0.716041079722345,0.755066344048828,0.400866743875667,0.370937570463866,0
0.139880540547892,0.141733278287575,0.778605544008315,0.922752154292539,0.31206612684764,0.678091870155185,0.905333810485899,0.159616171848029,0.646799973677844,0.683732738252729,0
0.0360331498086452,0.708280615275726,0.892784052761272,0.413466510595754,0.612099756021053,0.522740920307115,0.701015640981495,0.792292972328141,0.215395434526727,0.685945741366595,0
0.238174570014235,0.122013980057091,0.327101852279156,0.434105288237333,0.931720868684351,0.0219068811275065,0.599445210536942,0.638812982011586,0.571949771838263,0.256757746683434,0
0.431775278877467,0.598743520106003,0.980046223849058,0.680088533787057,0.497271159198135,0.11318498919718,0.372287962352857,0.00899597979150712,0.231949853245169,0.825393816456199,0
0.594520396087319,0.951028725598007,0.523402419639751,0.494183696806431,0.0896319486200809,0.713858055882156,0.988011659821495,0.757204175693914,0.0524837938137352,0.542026435956359,0
0.201168302679434,0.595647018402815,0.0195974388625473,0.263811072101817,0.695551669923589,0.677728283684701,0.944570695282891,0.129160742275417,0.382912122877315,0.375483645824715,0
0.297134259948507,0.953882308561634,0.915334271034226,0.214944803388789,0.97694153804332,0.0773937774356455,0.251246231608093,0.00591887370683253,0.4141776682809,0.508354540215805,0
0.907404870027676,0.130368748679757,0.126922652823851,0.715447099180892,0.334580655675381,0.756035585654899,0.96265948517248,0.921140639809892,0.548044738825411,0.661324639339,0
0.855406361910515,0.835389387328178,0.436771817272529,0.995607067830861,0.945298225153238,0.0809217249043286,0.224552956176922,0.888076557312161,0.22989249159582,0.167042398126796,0
0.0147361799608916,0.132472149314918,0.0120981798972934,0.977563246153295,0.351893022190779,0.815037843305618,0.559002051828429,0.731833805330098,0.719566637882963,0.0922624284867197,0
0.515215960098431,0.850324544124305,0.034247626317665,0.944094722624868,0.0645477580837905,0.251523751532659,0.834018589695916,0.915249026846141,0.470988884102553,0.794943914283067,0
0.899433784419671,0.871143897294253,0.164435315411538,0.676983398152515,0.763558765174821,0.477530447999015,0.266335901338607,0.0237008756957948,0.795985607197508,0.635673718294129,0
0.458739497931674,0.878018156858161,0.388910639099777,0.856694102520123,0.0374246926512569,0.796473955269903,0.259737925836816,0.0984934652224183,0.664683798793703,0.590128696756437,0
0.815094992052764,0.175553576089442,0.356750980950892,0.388518696418032,0.149883032310754,0.853825650643557,0.870533589273691,0.469475576654077,0.610566201852635,0.41041175997816,0
0.829031494446099,0.120359813794494,0.309458083240315,0.309621680295095,0.122825729427859,0.303044513333589,0.822472470346838,0.542400923324749,0.99587428686209,0.851210514781997,0
0.976949448697269,0.788338037906215,0.877516004955396,0.613193745957687,0.652410884154961,0.711241856683046,0.078732349909842,0.31272514234297,0.0911293630488217,0.642503626877442,0
0.995367519557476,0.765057382872328,0.803687415318564,0.47948064096272,0.414325909456238,0.643129669362679,0.818646525265649,0.593656338052824,0.263393973466009,0.742144808638841,0
0.656011148123071,0.156301141018048,0.671224944991991,0.836990290787071,0.564052847446874,0.429459593258798,0.389986967435107,0.48107295949012,0.845248229335994,0.187830100534484,0
0.860985403414816,0.243104340042919,0.210820528678596,0.0789730481337756,0.990789018804207,0.498909354442731,0.766029724152759,0.242488959338516,0.37985118245706,0.603481153724715,0
0.788828325690702,0.195027964888141,0.255233794916421,0.793059445451945,0.23942313529551,0.944137845188379,0.734894260531291,0.765357022872195,0.662173078861088,0.352257941383868,0
0.337006637636106,0.677290787221864,0.534091010689735,0.649082987336442,0.0957288504578173,0.444972532335669,0.502272200770676,0.720140966819599,0.842662311391905,0.180633810581639,0
0.237830399811454,0.679971182253212,0.503047019708902,0.0740408555138856,0.317726651206613,0.236782742897049,0.458647562423721,0.666685308329761,0.122655214508995,0.182383147301152,0
0.537086504977196,0.860932508017868,0.473561371676624,0.0493950403761119,0.472252626903355,0.277279919246212,0.939584658714011,0.0517702505458146,0.670494032325223,0.444942174712196,0
0.45340198953636,0.100003654101491,0.113040480064228,0.651561339385808,0.456902001751587,0.496133640408516,0.02768045803532,0.00769084738567472,0.326454451540485,0.138247702736408,0
0.759550815448165,0.448078715558723,0.555233030114323,0.0433926810510457,0.754704537102953,0.754629329079762,0.692198418313637,0.407253535231575,0.099365150090307,0.145877137314528,0
0.86488016648218,0.613826874643564,0.804191226372495,0.535392945865169,0.395561123965308,0.538302911445498,0.191750818863511,0.533591168234125,0.411333996569738,0.140878240577877,0
0.825302929850295,0.729560438077897,0.216373625444248,0.548136018449441,0.425022774143144,0.833271205658093,0.793448285665363,0.488955261418596,0.506651087896898,0.590967753436416,0
0.026410510065034,0.910320626571774,0.340392724378034,0.811629698844627,0.306774913566187,0.504018375650048,0.194221170153469,0.980841582641006,0.122647950891405,0.173673179931939,0
0.579790791030973,0.898913005640358,0.402094507124275,0.611657619476318,0.588313079439104,0.684722112026066,0.226894938386977,0.077670417027548,0.929405908100307,0.712963774800301,0
0.300313967906311,0.888478245818987,0.9448294097092,0.550565305631608,0.728918263688684,0.599394056713209,0.191811889177188,0.760086768539622,0.346944136545062,0.891252025496215,0
0.313059362350032,0.181561900768429,0.299025840358809,0.289548400323838,0.388567480491474,0.762611821293831,0.968691381625831,0.256624294677749,0.636658881092444,0.789065441116691,0
0.750485608587041,0.96414802665934,0.0762477174866945,0.402699089609087,0.288775735069066,0.788922128267586,0.137200956698507,0.516181884333491,0.753234229050577,0.943892882438377,0
0.111634705215693,0.719745647860691,0.740712539292872,0.908544653793797,0.58631477644667,0.926739820977673,0.572997376555577,0.584986895089969,0.810012774541974,0.883946471381932,0
0.205088533926755,0.184829611564055,0.220475209411234,0.341575009282678,0.216131110908464,0.936485484708101,0.094766991911456,0.793656546389684,0.994942437391728,0.0400037667714059,0
0.234276596456766,0.101220165379345,0.396704579237849,0.401588048320264,0.722799531649798,0.470427252585068,0.407638454111293,0.477212365949526,0.584820666816086,0.73682229896076,0
0.4002579015214,0.85204448364675,0.0788368403445929,0.936623777495697,0.833585376385599,0.861599134746939,0.91461321269162,0.63828051649034,0.866995072225109,0.432194566121325,0
0.93545309221372,0.52056447789073,0.317179817706347,0.542667634552345,0.569542947225273,0.453386667883024,0.0767540228553116,0.0342604322358966,0.348302915459499,0.649272477487102,0
