"1","2","3","4","5","6","7","8","9","10","class"
0.559754627756774,0.375715825008228,0.764268528437242,0.0897911572828889,0.598699211608618,0.16480350214988,0.718015079619363,0.528356142342091,0.887059757951647,0.990633773384616,0
0.138037021504715,0.736906349426135,0.395928180776536,0.332815796369687,0.938114419812337,0.97301020193845,0.25095955748111,0.135470209177583,0.400050302036107,0.048631542827934,0
0.666779392631724,0.631160615943372,0.0390906056854874,0.0858716983348131,0.468319983920082,0.0397503965068609,0.882566661108285,0.216582781635225,0.421938110142946,0.836585562909022,0
0.808660512324423,0.589204847114161,0.749954171711579,0.557657221565023,0.66556726465933,0.758226649602875,0.94966227398254,0.902598415501416,0.27873213798739,0.756125532789156,0
0.502462559379637,0.406297113047913,0.387854853179306,0.730677255196497,0.794134094612673,0.499133417848498,0.589609201997519,0.541425357805565,0.604470420861617,0.492410791339353,0
0.0915893642231822,0.146577027160674,0.631997076328844,0.0711542384233326,0.324276067083701,0.78127342229709,0.973027794854715,0.0445662806741893,0.0378150187898427,0.705080274725333,0
0.322073030518368,0.90540904039517,0.47509417263791,0.31530339922756,0.421326886629686,0.717839026357979,0.604696425842121,0.626350146485493,0.0379269830882549,0.88363995985128,0
0.270468751899898,0.101080228574574,0.466650623828173,0.157387529499829,0.221872074529529,0.900711023481563,0.700195950455964,0.794034570222721,0.0680931298993528,0.780153929023072,0
0.585767802316695,0.341230756370351,0.249681095592678,0.0958715651649982,0.385879726614803,0.0644476877059788,0.577704013790935,0.201944382628426,0.520416720537469,0.989789114799351,0
0.00754597224295139,0.0975714467931539,0.740196742350236,0.263153051258996,0.124842133140191,0.78703165310435,0.101251225918531,0.930984664708376,0.36618750821799,0.409074460621923,0
0.211228601867333,0.230011628009379,0.215568639338017,0.446966910036281,0.593363020569086,0.208881866186857,0.0334930440876633,0.796826869715005,0.0147320053074509,0.509715109830722,0
0.673246858874336,0.725594492862001,0.640050637535751,0.987222893163562,0.603314332896844,0.0184421227313578,0.618459780933335,0.31586031592451,0.480286436388269,0.71379303606227,0
0.802753694588318,0.434284964343533,0.18714045593515,0.387570228194818,0.696655987994745,0.686456827679649,0.308022201992571,0.733206612290815,0.977155380416662,0.977878329344094,0
0.169927855709288,0.977067764014285,0.549796201987192,0.166558150434867,0.12097030156292,0.406627476448193,0.0928904067259282,0.46912024077028,0.16507103247568,0.678351065842435,0
0.503301101503894,0.592609929619357,0.925224978476763,0.0538229404482991,0.0837966804392636,0.562916340306401,0.467421620851383,0.866681500105187,0.0385757035110146,0.937164346221834,0
0.145661076530814,0.637871770886704,0.929142479784787,0.317286883248016,0.988007242325693,0.545726146316156,0.610163326608017,0.560837252065539,0.520555969094858,0.881584496237338,0
0.394746275618672,0.376918252557516,0.129400512902066,0.689815938239917,0.794836915563792,0.822628177935258,0.948609195416793,0.0810474448371679,0.340458874823526,0.924045314313844,0
0.0895973457954824,0.00722620822489262,0.847569984616712,0.623432099586353,0.338168615940958,0.324093298753724,0.102492118719965,0.553950146771967,0.982608420308679,0.285740206949413,0
0.824908135225996,0.69347517634742,0.75104240514338,0.22058438998647,0.22816682420671,0.910452207550406,0.495109179057181,0.770289395470172,0.467339750844985,0.809745115926489,0
0.81656835670583,0.0184848827775568,0.369772548321635,0.479960453463718,0.715190992224962,0.327232133829966,0.858072648057714,0.578469929751009,0.063126752153039,0.678540138527751,0
0.275933664059266,0.884285107254982,0.471547026885673,0.483790819533169,0.547109778504819,0.983573813457042,0.823642796836793,0.13503460213542,0.98155591217801,0.765366234816611,0
0.330463412450626,0.790795086650178,0.687785996124148,0.649755012243986,0.936578826280311,0.522646832512692,0.467430314514786,0.325802110601217,0.816207287833095,0.900465527549386,0
0.324831336736679,0.837322532664984,0.93989205523394,0.748786473181099,0.781717449426651,0.76763123110868,0.864675137680024,0.922922655940056,0.393171417061239,0.0819342257454991,0
0.106318896170706,0.977066864725202,0.484332781750709,0.199373330920935,0.827500272309408,0.396747218677774,0.262048782780766,0.935400026850402,0.899084615521133,0.873615649295971,0
0.673168305540457,0.458034524926916,0.333061868092045,0.220434721559286,0.150132256094366,0.117172988364473,0.946786360582337,0.887201338540763,0.435203042579815,0.12646147236228,0
0.228250578511506,0.40416909288615,0.267953013302758,0.454451154451817,0.28921479312703,0.202199306106195,0.0843180944211781,0.884436732623726,0.435762224486098,0.395751550327986,0
0.888554397039115,0.209840477909893,0.572731758235022,0.413247735705227,0.179343613097444,0.0249288559425622,0.301108574029058,0.923008110141382,0.569111492717639,0.63641863502562,0
0.24220318114385,0.118062817957252,0.511589300585911,0.551634042523801,0.813239860814065,0.110070277936757,0.991456331452355,0.331429505487904,0.478652192046866,0.121663731057197,0
0.934561759931967,0.790876015089452,0.573830849025398,0.27009744127281,0.367820294806734,0.754626928828657,0.0855196497868747,0.278873443137854,0.136403289856389,0.0904995403252542,0
0.172073302557692,0.0641044620424509,0.675949050113559,0.886999067850411,0.465601045172662,0.946766616310924,0.237841171910986,0.186367944115773,0.328051395947114,0.271489321021363,0
0.915521560236812,0.19399512372911,0.438058053376153,0.65692308335565,0.385846205754206,0.281936921179295,0.301290238276124,0.683206671383232,0.983200566843152,0.161027740919963,0
0.64937104517594,0.968300377484411,0.164241370279342,0.265433441149071,0.673663868336007,0.00190133298747241,0.379961589118466,0.88385563204065,0.919721179408953,0.738880458520725,0
0.806203155545518,0.880713830934837,0.521147753344849,0.238685537595302,0.816050340188667,0.401607477571815,0.836923575028777,0.824691767571494,0.516756292898208,0.746313667157665,0
0.784936317009851,0.230851007159799,0.132571428781375,0.235691356938332,0.89213951327838,0.378466717200354,0.847206329926848,0.355628668796271,0.270188458962366,0.411281932378188,0
0.912974121049047,0.0517487523611635,0.930823409929872,0.0924859566148371,0.306083412840962,0.741541394032538,0.503795289900154,0.374956773594022,0.513568913098425,0.974727937486023,0
0.255593372043222,0.147919863928109,0.543921571224928,0.539754102006555,0.565285385353491,0.29477742803283,0.621850822120905,0.557770034298301,0.0713726344984025,0.666396947577596,0
0.419992194510996,0.474615316372365,0.107919654110447,0.482976651750505,0.589189939200878,0.622298164758831,0.277385596651584,0.122190268244594,0.764288645936176,0.239985927939415,0
0.509991860482842,0.368424503598362,0.10120579553768,0.446194797754288,0.564940180396661,0.188016938278452,0.491803281707689,0.653146608732641,0.99002759065479,0.0898339964915067,0
0.872440338600427,0.263976378832012,0.129401425598189,0.149408009834588,0.383423175895587,0.548181906109676,0.490794760873541,0.664774142671376,0.998989231185988,0.302588577847928,0
0.0267856360878795,0.964607741683722,0.056602988159284,0.276866065105423,0.676782032009214,0.0602982400450855,0.460768653079867,0.394505093572661,0.609700802946463,0.45518672792241,0
0.112183589488268,0.470781540265307,0.34948931960389,0.0554560609161854,0.83059245813638,0.44017338892445,0.193323198705912,0.221762956585735,0.523813692387193,0.0062135006301105,0
0.166331669548526,0.425029752310365,0.207089801551774,0.418324692407623,0.506070209201425,0.982635115506127,0.0397800586652011,0.445476569700986,0.295275799697265,0.925589937949553,0
0.939480325207114,0.588431297335774,0.53675755369477,0.241181189892814,0.302136749960482,0.58713209698908,0.169878228567541,0.497507016872987,0.484129710355774,0.836771603906527,0
0.215735035715625,0.404290504287928,0.920024167047814,0.0845398963429034,0.443842354696244,0.578433666843921,0.813573996070772,0.404669867828488,0.608537475811318,0.229002136969939,0
0.958372801542282,0.0613770657218993,0.840940051246434,0.876556510105729,0.268177394522354,0.950576302362606,0.241201597265899,0.4529922909569,0.209563770797104,0.719453868921846,0
0.944665746064857,0.008290178142488,0.646487100049853,0.600889516528696,0.599170499481261,0.0557820328976959,0.626471651019529,0.904102690983564,0.764018320245668,0.783903335919604,0
0.379537660162896,0.771857866784558,0.265716479858384,0.858815809711814,0.212650102796033,0.270281142322347,0.427089454606175,0.404204490827397,0.26705932058394,0.630877572810277,0
0.600842155283317,0.739817346679047,0.721859335899353,0.518671550555155,0.428289597621188,0.700351745355874,0.361388477962464,0.659816187340766,0.780160466209054,0.945404802914709,0
0.623604924650863,0.858857047045603,0.00132952816784382,0.000591486925259233,0.567714089294896,0.629318777937442,0.982759253587574,0.899636875838041,0.687288434011862,0.684503295226023,0
0.363673148211092,0.935947697842494,0.668145595584065,0.291667219484225,0.433913638582453,0.664081283146515,0.367213944206014,0.281665968475863,0.33472075429745,0.340894287917763,0
0.750506452359259,0.346973627675325,0.2628041615244,0.360897338250652,0.601771790767089,0.930378813063726,0.863735143095255,0.292580040870234,0.841927942587063,0.256423344369978,0
0.431576267583296,0.487418292788789,0.401828792877495,0.654291113838553,0.726608633063734,0.0493260943330824,0.570513298036531,0.38279740139842,0.773829291108996,0.920415102271363,0
0.807386370827444,0.0331537575989962,0.02057243604213,0.746353642316535,0.0725205403286964,0.67157397326082,0.397721413522959,0.133930769283324,0.602002185303718,0.305637199897319,0
0.203345823567361,0.773352591786534,0.758107790024951,0.768975571030751,0.385002184193581,0.0151410235557705,0.710153710329905,0.382575080962852,0.654417723184451,0.920884421560913,0
0.224058148451149,0.244960632640868,0.205193381523713,0.930195108288899,0.957858029054478,0.750289299525321,0.105474147945642,0.779136525699869,0.0140529656782746,0.896731752902269,0
0.185906370403245,0.854238536208868,0.403905868763104,0.330797827104107,0.123036272358149,0.064777699764818,0.62423726846464,0.789022025186568,0.285747685935348,0.366363407578319,0
0.303813194390386,0.740398686379194,0.703793166438118,0.118206987623125,0.513155445922166,0.100317224627361,0.817553920205683,0.021931815892458,0.552447640104219,0.141388553194702,0
0.463077325839549,0.486147340387106,0.272505999077111,0.624574069865048,0.0181234967894852,0.949568135431036,0.720911212498322,0.30512792756781,0.845340257976204,0.992085533915088,0
0.670105724129826,0.914906498743221,0.47333097900264,0.784261695574969,0.386454490246251,0.852890765992925,0.0507837925106287,0.238860255805776,0.825488464906812,0.721430434845388,0
0.96795697347261,0.906942716334015,0.406901331618428,0.500630033900961,0.803913483629003,0.0172832214739174,0.919500682735816,0.93327270518057,0.614331822609529,0.439630564535037,0
0.292816939996555,0.770815466996282,0.893690473167226,0.548615378793329,0.793843114981428,0.0686017842963338,0.0692366156727076,0.997391709592193,0.1347521180287,0.611708415439352,0
0.216120014432818,0.399654085747898,0.540750965010375,0.310287950560451,0.476125583285466,0.767656103475019,0.549080787459388,0.023644236382097,0.470817093271762,0.738275760319084,0
0.291909741936252,0.616195663111284,0.842174348887056,0.179336347617209,0.968008882366121,0.127960346871987,0.7150413102936,0.725535092642531,0.185914093628526,0.0314482375979424,0
0.21811462752521,0.528542773565277,0.373813698999584,0.699898842722178,0.441896168515086,0.993998992722481,0.858886377885938,0.534601980820298,0.0976359094493091,0.928189447149634,0
0.187072651460767,0.654371495591477,0.0992013663053513,0.267907196655869,0.734873264562339,0.00335893710143864,0.601151812355965,0.616157686570659,0.92049364070408,0.374102988746017,0
0.672145202290267,0.61146113043651,0.580457971431315,0.587697534821928,0.489498197566718,0.152060482418165,0.990772099699825,0.764100678032264,0.439568643691018,0.681094559608027,0
0.000109426444396377,0.269057694589719,0.196566851809621,0.654387937160209,0.779180048732087,0.36096526728943,0.341352430637926,0.797887278022245,0.85629697307013,0.35615410329774,0
0.82921111327596,0.835023256484419,0.999907842604443,0.0855547394603491,0.60382259869948,0.15160516044125,0.321430654497817,0.99842071137391,0.285753020085394,0.190580507507548,0
0.868391914031282,0.448428373735026,0.777581396978348,0.803866459522396,0.895542663754895,0.351136020384729,0.616445461288095,0.0288792869541794,0.796794656198472,0.178950523724779,0
0.566409894431289,0.822264009509515,0.0154173572082072,0.0702419888693839,0.455546457320452,0.145237074233592,0.351082649081945,0.43306558043696,0.214062022743747,0.310716398060322,0
0.579557950841263,0.47612173948437,0.599282913142815,0.478939990513027,0.428755819099024,0.507350136060268,0.96047241659835,0.675966659095138,0.366362442495301,0.953427507076412,0
0.0904151774011552,0.772581493947655,0.909692339599133,0.947642845800146,0.511332169175148,0.175347814336419,0.89017565199174,0.507181556895375,0.354857805883512,0.946645429357886,0
0.640827621333301,0.467694971943274,0.147533716168255,0.830517439171672,0.828702310565859,0.415592893958092,0.895064211217687,0.667435926618055,0.0439842811319977,0.5016977021005,0
0.610864771297202,0.623476171167567,0.145976500352845,0.82780602783896,0.0600274261087179,0.53619094309397,0.27766496152617,0.668104932177812,0.525499991839752,0.477347358828411,0
0.101207270286977,0.0228379461914301,0.324045363115147,0.247503246413544,0.119291382376105,0.470013475511223,0.850042910547927,0.780354639515281,0.752454636385664,0.0994459977373481,0
0.0967957312241197,0.626509080408141,0.860986444400623,0.268726843642071,0.15495072840713,0.821776348166168,0.495989460265264,0.28657204261981,0.826692186063156,0.385815150337294,0
0.958606142085046,0.81589476345107,0.347543464740738,0.67089733784087,0.841350610833615,0.0596324568614364,0.472974641015753,0.631090556271374,0.529342107474804,0.146848811302334,0
0.98115181713365,0.676776430336758,0.391229348257184,0.639266528422013,0.290869628079236,0.993593576131389,0.574431449873373,0.868887948570773,0.475697424262762,0.192750905640423,0
0.858331852359697,0.327194169396535,0.483444776851684,0.647283545928076,0.120044419774786,0.412177867256105,0.276303450576961,0.025069366209209,0.83106793067418,0.395499781705439,0
0.407760417787358,0.22004660917446,0.513539163162932,0.621101260883734,0.979095560731366,0.603780305944383,0.407802169909701,0.825940226437524,0.123743565520272,0.608671616762877,0
0.585672575980425,0.420021457131952,0.371285656699911,0.726163227809593,0.819980158703402,0.380026865052059,0.300251522334293,0.669256819412112,0.783663137815893,0.91550212004222,0
0.916883936151862,0.690432989504188,0.73009133967571,0.160800259094685,0.670122691895813,0.125930124660954,0.0181298400275409,0.703870998462662,0.701291845645756,0.0152163195889443,0
0.654376658378169,0.802046525059268,0.49015323095955,0.342548941262066,0.933362262323499,0.702389905229211,0.765477859182283,0.775268868310377,0.503607829101384,0.268384857336059,0
0.86256161169149,0.279287331737578,0.892559927655384,0.0416710982099175,0.0668650586158037,0.348527285503224,0.870048937387764,0.345045456197113,0.331084007862955,0.0540526565164328,0
0.677764740023017,0.78336650770437,0.0465770137961954,0.461084284819663,0.572692302754149,0.424458192661405,0.350963039090857,0.204054227797315,0.693235023878515,0.803119181189686,0
0.498230332043022,0.293686917051673,0.197681672172621,0.749769800109789,0.582032672595233,0.0282186937984079,0.905469983583316,0.297480790410191,0.325642295880243,0.788681561592966,0
0.456010448746383,0.524649753933772,0.233835978200659,0.45776958251372,0.905575436539948,0.703153381356969,0.930481457151473,0.335778215900064,0.601801257580519,0.582625517388806,0
0.573012617183849,0.361675857100636,0.575579199707136,0.960502308327705,0.677349841222167,0.911231348058209,0.852540483232588,0.560188595438376,0.827325208345428,0.177684671944007,0
0.838790822541341,0.322130359476432,0.206985045224428,0.324233948253095,0.75843771151267,0.364016705658287,0.0879742316901684,0.163665463449433,0.659266297938302,0.800468804780394,0
0.215567347127944,0.281577700516209,0.798802635166794,0.517894459655508,0.513015138218179,0.948275038274005,0.0760441541206092,0.463993445504457,0.608171320753172,0.691236337646842,0
0.61763159558177,0.922694111941382,0.815897970693186,0.00317984982393682,0.272305011516437,0.667153123067692,0.708600199315697,0.617650297470391,0.628513441421092,0.653463415335864,0
0.329168288735673,0.631667120847851,0.602694423636422,0.0998984212055802,0.451754097593948,0.965454917633906,0.718168718740344,0.255979594076052,0.461587462341413,0.579976068111137,0
0.7574019767344,0.354627741500735,0.729371681576595,0.884391064988449,0.155104657169431,0.988273425493389,0.141554506495595,0.999112998601049,0.729842119384557,0.098278894321993,0
0.240570965223014,0.385730932699516,0.0165020162239671,0.587231993209571,0.254713016794994,0.0847513156477362,0.467491159215569,0.297120526898652,0.125003402354196,0.252161604585126,0
0.857077987166122,0.844698730157688,0.490636198315769,0.241378483129665,0.558056641835719,0.593265797244385,0.765664117410779,0.734454187564552,0.565617029787973,0.978068166878074,0
0.386506163747981,0.455914649646729,0.225237488513812,0.551550017436966,0.801762596704066,0.30890183779411,0.69939109031111,0.216474889777601,0.451447686413303,0.339237071806565,0
0.140139872441068,0.758710333146155,0.564961015013978,0.818485455354676,0.621182295493782,0.903668567305431,0.412643084302545,0.0663791410624981,0.891852010972798,0.324255919782445,0
0.716015950543806,0.887743934057653,0.435071279061958,0.25746071501635,0.214839186286554,0.925161089748144,0.724798233481124,0.785469099879265,0.279321067966521,0.0222568206954747,0
0.940645538736135,0.66796325542964,0.832253637257963,0.930226614931598,0.202619579387829,0.12686900049448,0.239279978442937,0.315784976817667,0.661246943753213,0.227929231710732,0
0.683139362372458,0.467388992663473,0.294132040347904,0.27830157824792,0.881272998871282,0.800631581805646,0.819861772004515,0.470459416974336,0.920467432122678,0.674149098340422,0
