"1","2","3","4","5","6","7","8","9","10","class"
0.421238419832662,0.0110005717724562,0.517849386204034,0.528645031154156,0.63926625228487,0.16595824342221,0.429105455987155,0.275249457685277,0.487097342032939,0.793355762725696,1
0.797347882529721,0.76473488798365,0.916659325128421,0.877376702614129,0.385260605020449,0.762798661366105,0.281509502790868,0.00157855311408639,0.737588638206944,0.528713320847601,0
0.193330939859152,0.468789549078792,0.736060123890638,0.937186000635847,0.503454466350377,0.863765026908368,0.809647809714079,0.777482568984851,0.100121558643878,0.687832675408572,0
0.568891381844878,0.371452241903171,0.416539776138961,0.81082279025577,0.339073218638077,0.123650826280937,0.664078802801669,0.692376484395936,0.831891037989408,0.667260542279109,0
0.472579822642729,0.71982543845661,0.0265510114841163,0.959721071179956,0.969338497612625,0.859651130391285,0.105529686901718,0.165497417328879,0.410845859674737,0.244692901149392,0
0.138679727213457,0.896170784719288,0.0613024041522294,0.250535608734936,0.310405419906601,0.149033673806116,0.977310806512833,0.0657688719220459,0.298591377679259,0.941218088846654,0
0.746333308285102,0.369496791157871,0.113114533480257,0.610449817031622,0.556700204499066,0.906086317729205,0.579457567306235,0.512225087964907,0.177633028710261,0.288232762366533,0
0.599064678186551,0.3070695893839,0.663855697959661,0.666443503927439,0.375995481852442,0.204358853632584,0.918677613371983,0.201379389036447,0.275473394198343,0.0815969342365861,0
0.721609697444364,0.0835717471782118,0.45541060436517,0.108160154428333,0.943571379873902,0.359460973646492,0.391302530886605,0.359269831562415,0.973331166896969,0.921749434899539,0
0.797970688901842,0.418341100448743,0.0279544787481427,0.0471467953175306,0.599604289978743,0.640831660712138,0.179686773102731,0.099267745623365,0.798389747738838,0.839160612318665,0
0.764744965592399,0.987439173739403,0.772378042340279,0.705029284581542,0.492265480570495,0.616311811842024,0.772932440508157,0.521359573351219,0.913739917567,0.736743019893765,0
0.821733477292582,0.109884761506692,0.0568961973767728,0.794759248849005,0.115887825377285,0.100368856685236,0.894031247822568,0.603049541823566,0.223726618802175,0.162931617116556,0
0.400412640534341,0.613295632880181,0.108781681163236,0.357703855494037,0.398645269917324,0.241445847554132,0.662714385660365,0.308916865848005,0.858612224692479,0.0685737624298781,0
0.275409248424694,0.953097881516442,0.663031226955354,0.549299689009786,0.67518533882685,0.529007560340688,0.0586901614442468,0.370873459381983,0.498427279759198,0.277258228044957,0
0.111300913175289,0.831929297107924,0.317494399612769,0.307697263779119,0.606470476370305,0.668675565160811,0.651831315364689,0.121688272571191,0.026768353767693,0.167090742848814,0
0.135840074857697,0.801804050803185,0.166198246646672,0.289926778990775,0.523066857131198,0.844089780701324,0.494599409867078,0.00418871757574379,0.22475013229996,0.313721860293299,0
0.278169211465865,0.0450618853792548,0.155744964722544,0.397746862843633,0.651033388683572,0.365802057785913,0.10400917660445,0.102568621514365,0.176893911091611,0.0180903964210302,0
0.540289090480655,0.350041452562436,0.816527611576021,0.327491318341345,0.533000469207764,0.530239767627791,0.022437317064032,0.716960820136592,0.258034116821364,0.411982066463679,0
0.355612892657518,0.112328314920887,0.863180064829066,0.431475470308214,0.438491903245449,0.169163933722302,0.247032145038247,0.52381662838161,0.771703045349568,0.603966805152595,0
0.124660684727132,0.637921750545502,0.241550360107794,0.0450788177549839,0.270940053742379,0.937949590850621,0.532362710451707,0.77506391890347,0.118205493548885,0.580146477324888,0
0.56594434613362,0.747829692438245,0.483748772880062,0.252454477595165,0.766509255860001,0.0447983478661627,0.0368712092749774,0.845538991270587,0.988981456495821,0.934872696874663,0
0.725699477130547,0.883120401995257,0.786873140837997,0.0881584666203707,0.832004583673552,0.672218769323081,0.0532700705807656,0.0202146358788013,0.839142865268514,0.00718212127685547,0
0.126778020057827,0.0149357956834137,0.528003381565213,0.835629463195801,0.589444375596941,0.0620979201048613,0.912075878353789,0.940417724195868,0.744778069434687,0.0156589418184012,0
0.7904813203495,0.425556531408802,0.619295954005793,0.932954883435741,0.129479899303988,0.294705040752888,0.0310918656177819,0.204504947178066,0.979443907504901,0.329919634386897,0
0.242301064077765,0.490416715620086,0.0153450393117964,0.152552803047001,0.0542732819449157,0.460865253582597,0.703951803967357,0.579804238164797,0.0745368357747793,0.930851792683825,0
0.744950731517747,0.543166166869923,0.274776337202638,0.390872397460043,0.880640058312565,0.716170666506514,0.0242193907033652,0.361253580078483,0.390135081484914,0.511403874959797,0
0.995533925713971,0.987310123397037,0.581139950780198,0.52001640223898,0.674559116596356,0.550197347067297,0.251660076435655,0.983634793432429,0.258789730258286,0.788699295837432,0
0.663713165326044,0.850458080181852,0.482211959315464,0.853479786543176,0.260049703763798,0.732733334880322,0.494725303724408,0.143703171750531,0.636167195392773,0.293813781579956,0
0.0655574575066566,0.908891177037731,0.347529946593568,0.169591290177777,0.769619054626673,0.101644190726802,0.316887278808281,0.81907179323025,0.148907007649541,0.743939966429025,0
0.716723742661998,0.986723083304241,0.0827417739201337,0.542490394786,0.990622032200918,0.789608564926311,0.328510391525924,0.855379040585831,0.331943317083642,0.926463777199388,0
0.0818763973657042,0.0942836219910532,0.813270668964833,0.25613025133498,0.951493456494063,0.197894688695669,0.192135766614228,0.770045708632097,0.241922615095973,0.684722607024014,0
0.847390443156729,0.884868805834115,0.906351223122329,0.180278611369431,0.11646789079532,0.278062743367627,0.914413215359673,0.700642275623977,0.0411981691140682,0.39900790178217,0
0.251239529112354,0.958776509156451,0.827126700198278,0.751419134903699,0.0411293818615377,0.606417071307078,0.901472065597773,0.0975021531339735,0.25352929183282,0.588374609593302,0
0.846337822265923,0.99995221523568,0.653871609363705,0.550906991120428,0.77865388081409,0.562974779400975,0.310849642381072,0.675168517744169,0.0167301406618208,0.228433243697509,0
0.449282280169427,0.440686796791852,0.56353820161894,0.6761582007166,0.489571649115533,0.617886684602126,0.818414730718359,0.950879922602326,0.343460395932198,0.804885550634935,0
0.228171807713807,0.972256530076265,0.551684291567653,0.384275534190238,0.463242689147592,0.690988883376122,0.391796027077362,0.523666184861213,0.332776396535337,0.939405038952827,0
0.28991404781118,0.727902993094176,0.124228674452752,0.913999079260975,0.0311009858269244,0.73346798773855,0.169818112393841,0.148468440398574,0.427585233934224,0.250085437903181,0
0.173783918377012,0.348036892246455,0.41999099845998,0.366345246322453,0.133765839040279,0.252459207316861,0.411756695481017,0.610191905638203,0.332633784273639,0.26368119311519,0
0.906071614241228,0.360448437510058,0.956569958711043,0.867067904677242,0.92538400599733,0.303246272495016,0.164686407195404,0.762502756901085,0.0427804400678724,0.637960840016603,0
0.527402150677517,0.470063059823588,0.150853865314275,0.837763976305723,0.00604619830846786,0.0930099391844124,0.981930505717173,0.832710082875565,0.814417416462675,0.780955174705014,0
0.354593066032976,0.486236400669441,0.387026541866362,0.883146110456437,0.544128822628409,0.783515646588057,0.316094163805246,0.865974091459066,0.719763578381389,0.0321029287297279,0
0.440798197407275,0.645540021592751,0.503459514817223,0.537388226715848,0.0981280673295259,0.568953871261328,0.184159996453673,0.421686212532222,0.413814439903945,0.551656102761626,0
0.947165156248957,0.209803848993033,0.72028166661039,0.0522400850895792,0.351296360371634,0.716442564269528,0.999019603710622,0.918333977460861,0.362783069256693,0.018240608042106,0
0.850761069916189,0.13801953336224,0.690018655499443,0.348775169579312,0.525011734105647,0.627934976480901,0.768652534577996,0.183686413103715,0.356931440299377,0.241161697311327,0
0.216025160159916,0.875719738425687,0.454036553157493,0.537040648283437,0.0998440578114241,0.210007395828143,0.141855538822711,0.982217806624249,0.909896282479167,0.399236330529675,0
0.979809292592108,0.728678779443726,0.312387365149334,0.95647083572112,0.880413183011115,0.509223881876096,0.943864437751472,0.698618943337351,0.386920348741114,0.944652545265853,0
0.851200068136677,0.870992257026955,0.157320828875527,0.661464318400249,0.632248476846144,0.361970684723929,0.342871657107025,0.257747009396553,0.3538865565788,0.821664524264634,0
0.566452042432502,0.425064998911694,0.792773389257491,0.210964922094718,0.792966516455635,0.977769909193739,2.38956417888403e-05,0.514070821227506,0.570456794695929,0.359375862870365,0
0.517769439378753,0.235976534662768,0.717389167752117,0.319412142038345,0.0836303995456547,0.25051471684128,0.366798019735143,0.809361184714362,0.34899739921093,0.128212042618543,0
0.867647457169369,0.74457319942303,0.0967476014047861,0.104572903830558,0.946308952057734,0.576189635321498,0.586342050693929,0.955922151682898,0.107451714808121,0.982820894103497,0
0.226206127554178,0.114637914346531,0.200307911727577,0.728186201304197,0.605416036443785,0.844899957301095,0.614649846451357,0.455808601807803,0.252688090782613,0.0538797697518021,0
0.50964413350448,0.398482997436076,0.263801334425807,0.174232875928283,0.38321786839515,0.977063465863466,0.00675799837335944,0.411874526878819,0.818294774973765,0.861475922400132,0
0.246387785999104,0.0251991855911911,0.253794668707997,0.0355611995328218,0.788116156356409,0.0659507464151829,0.175984085071832,0.1339687530417,0.277176214149222,0.117236483842134,0
0.904690784402192,0.982977879233658,0.280393655179068,0.733815620653331,0.0745398569852114,0.452586586819962,0.694715643534437,0.164660824928433,0.519287710310891,0.557571461657062,0
0.0936864844989032,0.343141803750768,0.414128908887506,0.0999994759913534,0.558235007105395,0.350984350079671,0.755572335794568,0.116681123850867,0.56941557279788,0.682638172293082,0
0.313169275643304,0.0600029826164246,0.533895995933563,0.7623004631605,0.691804509842768,0.821454936871305,0.394304853864014,0.585130512714386,0.257389494916424,0.799931958550587,0
0.802984791109338,0.285527466097847,0.343092555413023,0.778218105435371,0.0553936508949846,0.731685244245455,0.0681605234276503,0.591704220976681,0.42558904341422,0.906732730567455,0
0.301219422603026,0.931387878488749,0.796172659145668,0.139706694288179,0.183946426957846,0.658302777679637,0.674163442105055,0.755109322490171,0.811251249164343,0.46213133726269,0
0.416693683946505,0.778625978156924,0.925129435723647,0.683152340818197,0.600540525279939,0.867026160703972,0.952581280143932,0.460687156533822,0.32745011895895,0.126097198575735,0
0.842619295164384,0.906642810706235,0.634874442359433,0.27054271614179,0.80886670271866,0.303855458041653,0.262410021387041,0.472399515099823,0.649815798038617,0.872027289122343,0
0.630137547793798,0.163978208040353,0.488218315178528,0.560861019650474,0.974728089990094,0.0275663756765425,0.421235804446042,0.418188090436161,0.31323624914512,0.697911381255835,0
0.212566328467801,0.705802941462025,0.546880142297596,0.624027902726084,0.300469978246838,0.700768860755488,0.481168304104358,0.778054776135832,0.84812776115723,0.351809265557677,0
0.770604910561815,0.143484881147742,0.186718924669549,0.535973497666419,0.486809041816741,0.542190964799374,0.909575870493427,0.879199254559353,0.114794865949079,0.696437948616222,0
0.138041299633239,0.952742839967459,0.612771205138415,0.794720521429554,0.176024060230702,0.214558751322329,0.839663796825334,0.54589971806854,0.322224765084684,0.658467010362074,0
0.212535097729415,0.695525725604966,0.0468977859709412,0.99047883390449,0.351706922054291,0.95985799562186,0.692434608470649,0.277508543571457,0.372394087724388,0.505323068238795,0
0.143296034540981,0.239576161606237,0.247818542411551,0.349968566326424,0.564416390145198,0.495570945320651,0.596953113796189,0.99637011368759,0.887134131975472,0.255175243364647,0
0.730531362816691,0.486983680864796,0.380217476980761,0.637516473187134,0.559753846842796,0.639696125406772,0.824543091468513,0.0975067499093711,0.88864586991258,0.770306266145781,0
0.338258540723473,0.545916448812932,0.224659838713706,0.0633525582961738,0.877740509342402,0.125841183355078,0.725895216455683,0.601063413312659,0.139599887421355,0.276822713203728,0
0.28077982342802,0.890359137672931,0.981083410326391,0.325428213225678,0.563224793644622,0.283190845977515,0.553192006889731,0.341760290553793,0.255536360898986,0.0583092703018337,0
0.856414321344346,0.416330110048875,0.00155954784713686,0.281914462102577,0.361123453360051,0.214267418486997,0.565471223788336,0.103456775657833,0.65663615311496,0.99981398996897,0
0.894718136638403,0.676631620852277,0.99395021237433,0.349041475215927,0.185848774388433,0.0669215333182365,0.942467894870788,0.783717622514814,0.833351631881669,0.912381913745776,0
0.0401225499808788,0.978713418822736,0.902262379648164,0.928026152774692,0.772372301202267,0.106287312926725,0.257351477397606,0.991696734447032,0.826942816143855,0.678086281288415,0
0.431976954219863,0.30158588453196,0.964410326909274,0.283867789432406,0.17742347670719,0.690414523473009,0.93711577844806,0.331636452581733,0.529701816849411,0.365334545494989,0
0.190691635012627,0.897008539875969,0.706111480249092,0.205103380605578,0.104097989620641,0.202761312248185,0.232508833752945,0.0234513853210956,0.480358850210905,0.872963157482445,0
0.903956598835066,0.772815720876679,0.597827031742781,0.930345486616716,0.741653906879947,0.171009875833988,0.955679409205914,0.901325494749472,0.429058280773461,0.826018078951165,0
0.491417937912047,0.439150294987485,0.37132468749769,0.252055271994323,0.775939113693312,0.0864080709870905,0.0446806794498116,0.257434561150149,0.270444011548534,0.822015127865598,0
0.469848693115637,0.298746034502983,0.621056707110256,0.601576197659597,0.862550521735102,0.650543646886945,0.523838326334953,0.1109619140625,0.594637624453753,0.986259747995064,0
0.616426317021251,0.872769109904766,0.822381233563647,0.104248648043722,0.495594143401831,0.420382577227429,0.0999018254224211,0.647444641683251,0.294256438268349,0.837460640352219,0
0.882431588601321,0.247998275328428,0.129082799656317,0.657011956209317,0.846618141513318,0.120567416772246,0.268098657950759,0.311773943016306,0.937125992495567,0.996484368806705,0
0.125566172646359,0.826403050450608,0.768559549702331,0.069226523861289,0.841293751262128,0.0439603824634105,0.346211365424097,0.913778700400144,0.759514334378764,0.612432488938794,0
0.844118277076632,0.990510421572253,0.618063195142895,0.207888231379911,0.316666420781985,0.481731264619157,0.541420072782785,0.417973382631317,0.235534567851573,0.112801884766668,0
0.627093899063766,0.150675690965727,0.158214881550521,0.412117908708751,0.717452665790915,0.171634011203423,0.759113065665588,0.902039079461247,0.846723963972181,0.270772165153176,0
0.242897641146556,0.715182508341968,0.61169585515745,0.587579962331802,0.167100909166038,0.810078493086621,0.327749392716214,0.372448085574433,0.188233386725187,0.114041470224038,0
0.282391872955486,0.960704757831991,0.0870311732869595,0.342769001377746,0.355110144009814,0.450685865944251,0.213450083043426,0.0345793101005256,0.0120729035697877,0.997933734208345,0
0.881847117995471,0.107530379766598,0.84346567443572,0.933154988102615,0.870006875367835,0.818577171536162,0.857783050276339,0.470528221689165,0.647274832706898,0.566645690239966,0
0.673545143944561,0.387310994885978,0.00215346179902554,0.132092853542417,0.370016338303685,0.716667214874178,0.123810339719057,0.449316590093076,0.728934920858592,0.360598701052368,0
0.192159985424951,0.734741089399904,0.495004754047841,0.32879356527701,0.30098087200895,0.358584297122434,0.784071710892022,0.995798427611589,0.842641110066324,0.508951222058386,0
0.731385144637898,0.580718095647171,0.358845614362508,0.782012832351029,0.685261854203418,0.333245464600623,0.581930619897321,0.708118592156097,0.152632768964395,0.767852777382359,0
0.0468836247455329,0.083923416910693,0.881446476560086,0.978714131982997,0.261934202630073,0.341038312064484,0.531603264156729,0.315535927889869,0.656850330298766,0.0425610288511962,0
0.304440257372335,0.0543136445339769,0.905511565040797,0.449532616883516,0.814999599242583,0.0930851220618933,0.67204818315804,0.876578338444233,0.297541209729388,0.890075513860211,0
0.00734648271463811,0.942228950792924,0.647379513829947,0.293796577956527,0.105587575118989,0.46891512372531,0.203307324321941,0.475850883405656,0.584329077973962,0.346953350119293,0
0.949292199048004,0.949747409208654,0.304435912054032,0.422160817077383,0.748910990078002,0.796216629212722,0.453315336024389,0.110946325352415,0.205676790326834,0.591075683012605,0
0.903317177668214,0.76093872427009,0.500059463549405,0.749127465998754,0.114101700717583,0.716144258389249,0.110761035932228,0.737216441426426,0.140613155439496,0.0175475182477385,0
0.943399630021304,0.881350221578032,0.367917074356228,0.614981432445347,0.39906531246379,0.995659127831459,0.726576300570741,0.956869125366211,0.93536048126407,0.0350161895621568,0
0.277163967955858,0.930103816790506,0.0234024140518159,0.764040945563465,0.750993037363514,0.004422209225595,0.352965864352882,0.0431534959934652,0.416766960872337,0.805387205211446,0
0.703950804658234,0.755771288182586,0.679450426017866,0.0323473254684359,0.665776163572446,0.688166770618409,0.0899992629420012,0.265505796996877,0.182704149512574,0.87107034213841,0
0.601493458496407,0.534808587981388,0.0162797782104462,0.917589495424181,0.148220112547278,0.544155220966786,0.31151813082397,0.389249315252528,0.701457889983431,0.211467157350853,0
0.078848771750927,0.86112270434387,0.830677749821916,0.0859502935782075,0.352175352396443,0.132847385015339,0.550102363340557,0.978717713616788,0.508897759253159,0.928219573339447,0
0.0478649409487844,0.117486920906231,0.858467957237735,0.815210973378271,0.88042251043953,0.7633854476735,0.364983290433884,0.683411484584212,0.900376277277246,0.515178041066974,0
0.399146375013515,0.237085528904572,0.731287661241367,0.383363566361368,0.979630161775276,0.753075435757637,0.819764846703038,0.883539161412045,0.840528825763613,0.657055668300018,0
