"1","2","3","4","5","6","7","8","9","10","class"
0.764692792436108,0.319108938565478,0.688831681851298,0.238039709161967,0.498476268490776,0.975931239314377,0.512864003190771,0.0303489088546485,0.612884306581691,0.728624873794615,0
0.642538351239637,0.686539975227788,0.27203370211646,0.304735440760851,0.909238437656313,0.68269585352391,0.55254391930066,0.434346783906221,0.0694284765049815,0.462239302461967,0
0.00575570156797767,0.288535432890058,0.56415967294015,0.768739132676274,0.101581810275093,0.120280786417425,0.550915047992021,0.251563870580867,0.00402707862667739,0.418375894427299,0
0.148801474599168,0.419483459787443,0.857086157193407,0.923365629045293,0.159751586383209,0.418639397248626,0.506264968775213,0.685070304200053,0.440751581685618,0.332504077581689,0
0.0147568981628865,0.699584592599422,0.899492871016264,0.686469097388908,0.994607190135866,0.793459766311571,0.615600838325918,0.630538334604353,0.770430919714272,0.797059300588444,0
0.756751654902473,0.0110705648548901,0.794627923052758,0.535544177051634,0.877270066412166,0.153974787797779,0.629812212428078,0.55467396392487,0.131331973709166,0.112289626151323,0
0.692624825285748,0.317652063677087,0.0377747162710875,0.589067586930469,0.774532563984394,0.496209494536743,0.869563410058618,0.813713737064973,0.960758707020432,0.459552364423871,0
0.848219588631764,0.151128042023629,0.969730372540653,0.638054038165137,0.62543580099009,0.66483109863475,0.275871393736452,0.307117473334074,0.0365259740501642,0.126069573685527,0
0.588686337461695,0.306875930167735,0.908339793095365,0.292510870611295,0.485549019649625,0.130443050526083,0.719669555081055,0.594604284502566,0.645764060085639,0.0562213838566095,0
0.756147047271952,0.204015460330993,0.447850784054026,0.230557339265943,0.838012394029647,0.752792567946017,0.950869174674153,0.380134601145983,0.367011026712134,0.880711372476071,0
0.770762571599334,0.177994418190792,0.090238775825128,0.246144297067076,0.100448586978018,0.923432014649734,0.277726425789297,0.193258809158579,0.806405682349578,0.435026680584997,0
0.266786785796285,0.849691014736891,0.0945433506276459,0.522060711169615,0.170890140347183,0.21165133966133,0.699031943688169,0.0423102222848684,0.325372807681561,0.356981321237981,0
0.396115356124938,0.366197262657806,0.0590341105125844,0.789000916527584,0.84061934100464,0.378611153690144,0.921089906478301,0.129284473136067,0.0722292023710907,0.572309657232836,0
0.575271566398442,0.634712280472741,0.443183609750122,0.482576940208673,0.739110834430903,0.719695369480178,0.824471549363807,0.560729315271601,0.528246713802218,0.0857310278806835,0
0.51183643960394,0.877244126517326,0.644844845635816,0.859065283555537,0.00799269252456725,0.640012631425634,0.925045989919454,0.690692444564775,0.509125986136496,0.438157577533275,0
0.89164019539021,0.00721172406338155,0.458827510010451,0.353983036009595,0.559550650184974,0.304834635695443,0.879790008300915,0.176724203163758,0.946191360708326,0.138966165948659,0
0.321085297036916,0.712600131519139,0.341845252085477,0.488784715766087,0.805566010763869,0.92652683891356,0.688424133928493,0.364527890924364,0.0898060244508088,0.106680075405166,0
0.761203845497221,0.249097370542586,0.193876479752362,0.887381819775328,0.845404812367633,0.929588509490713,0.960195530671626,0.275205781683326,0.0793266885448247,0.391697598155588,0
0.411066810134798,0.563987029017881,0.728986457223073,0.55580093502067,0.40899418387562,0.208468561526388,0.32895515114069,0.00586209283210337,0.36616833251901,0.0540322279557586,0
0.827737682266161,0.146623705048114,0.453868357697502,0.840376501670107,0.956972571788356,0.704379915492609,0.550104711903259,0.570037718862295,0.0849326173774898,0.857774802483618,0
0.856440204428509,0.128299376927316,0.334400942316279,0.621691056061536,0.099753564922139,0.125838027335703,0.0788630482275039,0.713572866981849,0.196192007744685,0.958616510266438,0
0.0283278578426689,0.666697647888213,0.170181832741946,0.64847310190089,0.801271443022415,0.46490316465497,0.765304975910112,0.15444953343831,0.804521522019058,0.860391007969156,0
0.611500045983121,0.216148199047893,0.35399226192385,0.763538309372962,0.291214126162231,0.143973177298903,0.840622752904892,0.0361708151176572,0.0347834588028491,0.00639202655293047,0
0.260382200125605,0.115823031868786,0.975906959967688,0.720159058459103,0.162575894966722,0.152214636560529,0.457126992521808,0.0880080775823444,0.582741640508175,0.625896914396435,0
0.184379814891145,0.956183437025174,0.523077971069142,0.783839347306639,0.770628684898838,0.210360120749101,0.916296367533505,0.589324803790078,0.161346301203594,0.100483068963513,0
0.272011614637449,0.441463587805629,0.778834373690188,0.421801343094558,0.675726091256365,0.0327245390508324,0.750046929111704,0.953326263930649,0.5886410465464,0.426565696951002,0
0.686542756389827,0.372255491325632,0.150382320396602,0.411147197475657,0.441143380245194,0.385454963427037,0.883695057826117,0.644674651091918,0.788708659820259,0.131311682984233,0
0.488315695198253,0.133352489443496,0.179070169106126,0.362178896088153,0.266422277316451,0.471054840600118,0.369722399394959,0.940227319486439,0.113676252542064,0.136406747624278,0
0.0734970974735916,0.149583376012743,0.397108684992418,0.392951748101041,0.00546617433428764,0.561895364895463,0.522113528102636,0.862937532132491,0.47050056932494,0.813707581488416,0
0.00791840651072562,0.20905325259082,0.336814992362633,0.545495006721467,0.686790029052645,0.237012602156028,0.107680702814832,0.76146392361261,0.608232241589576,0.406540061812848,0
0.424810091266409,0.271447720937431,0.179852572036907,0.0656561274081469,0.385003264527768,0.361368239857256,0.897458806168288,0.486398958368227,0.0707965337205678,0.514534808462486,0
0.506820887094364,0.0703357162419707,0.84971514577046,0.181796293705702,0.379785903729498,0.437406701268628,0.225511367665604,0.921129824593663,0.33412167802453,0.453959102043882,0
0.657953482121229,0.921561287716031,0.93897708482109,0.508002432063222,0.850285951979458,0.800353954546154,0.110010677017272,0.379885390633717,0.701555646024644,0.365102703450248,0
0.753717936109751,0.713839922333136,0.504838075023144,0.924947538645938,0.955596591811627,0.767873689299449,0.461280472110957,0.656272924039513,0.255471605574712,0.10971928643994,0
0.206174020422623,0.560224027605727,0.0826868340373039,0.205366229638457,0.471662989584729,0.828428950626403,0.818197917426005,0.0154542231466621,0.772135827923194,0.342116205021739,0
0.407354052178562,0.615981414215639,0.753744379384443,0.679512710310519,0.454279233468696,0.837074310984462,0.26736873947084,0.759380009258166,0.85379851795733,0.54258525534533,0
0.214741845149547,0.275146929547191,0.320977753959596,0.228794323978946,0.011953821638599,0.343987243250012,0.298459384590387,0.237287528580055,0.268064485862851,0.0118178338743746,0
0.904025686439127,0.640557147329673,0.618959560524672,0.571325570112094,0.333649598062038,0.707489729626104,0.777749528642744,0.354672086657956,0.562983048846945,0.00600982294417918,0
0.721589305903763,0.981361440848559,0.138923748396337,0.0737885558046401,0.619527298258618,0.492021011887118,0.839148030150682,0.530582812614739,0.3502897254657,0.00238333619199693,0
0.00643232790753245,0.342195865698159,0.882194751873612,0.134118772111833,0.696860993746668,0.21850482467562,0.0694683177862316,0.0550419429782778,0.982518806820735,0.12482173088938,0
0.655596295371652,0.0720418086275458,0.930208754260093,0.83238719869405,0.381483756005764,0.693319084355608,0.931984522379935,0.274042468750849,0.291393551509827,0.751202549785376,0
0.605638670502231,0.491893844213337,0.662310553248972,0.591470259707421,0.732654921477661,0.210472440114245,0.876148849725723,0.786412633955479,0.846668922808021,0.107054647291079,0
0.247104466194287,0.709993882803246,0.00542521034367383,0.0390370613895357,0.0371147245168686,0.922727421624586,0.703781161690131,0.525573346298188,0.653365066275001,0.557722602738068,0
0.70258887228556,0.91934923408553,0.920776365324855,0.580802886979654,0.685498159844428,0.0473108019214123,0.471274876501411,0.299026987981051,0.431679664179683,0.990233031800017,0
0.131994344759732,0.441746185533702,0.326758534414694,0.787148266565055,0.255492369644344,0.746699720621109,0.548571663210168,0.787605034420267,0.96474662492983,0.723187364405021,0
0.261215232778341,0.787870115134865,0.55936718522571,0.901906388346106,0.864822326460853,0.0593402951490134,0.671940592583269,0.557173313805833,0.435002287849784,0.931202049134299,0
0.910371068166569,0.28770661028102,0.0423102215863764,0.589227204211056,0.743202524492517,0.663404810242355,0.4249991949182,0.958264584187418,0.778273158706725,0.38028091029264,0
0.331890760455281,0.416519820224494,0.446842881850898,0.1015667791944,0.131844721734524,0.537312313914299,0.508808754384518,0.129980690311641,0.200801814207807,0.712512152735144,0
0.522995068924502,0.7947770843748,0.41614282457158,0.836125016678125,0.0634172472637147,0.739942725747824,0.33060741936788,0.0712468326091766,0.948772804578766,0.291349324397743,0
0.656000871444121,0.675278648966923,0.272439246065915,0.812694759806618,0.252887653186917,0.927725185640156,0.964790033642203,0.789970309240744,0.225322625366971,0.603029059711844,0
0.976432856870815,0.459379271604121,0.164017854491249,0.875482555478811,0.359658631728962,0.538883798755705,0.187673128442839,0.386273532174528,0.482996706385165,0.766054595587775,0
0.444853464374319,0.425599635113031,0.660376077750698,0.498793714446947,0.250174625543877,0.689955427311361,0.3895325853955,0.347776560578495,0.911040044855326,0.975381604628637,0
0.35812628059648,0.174727634293959,0.400573379127309,0.488662132527679,0.851179553894326,0.923618091270328,0.55155773810111,0.00352508807554841,0.170460348716006,0.843699576333165,0
0.578903650864959,0.150030627846718,0.945509921526536,0.505960781360045,0.884915051516145,0.715785022359341,0.158697970909998,0.0411212765611708,0.795412464533001,0.643112686928362,0
0.688676008488983,0.458412112668157,0.593053136719391,0.0228679256979376,0.970165133010596,0.659203166607767,0.345783583819866,0.174312661401927,0.5475685428828,0.239359678234905,0
0.206725326366723,0.41048046387732,0.396508679492399,0.495008647674695,0.516803614329547,0.394292202312499,0.377864339388907,0.775315409526229,0.00474550644867122,0.490361832780764,0
0.508480205899104,0.797000309219584,0.348479250213131,0.0463903928175569,0.323560539633036,0.384208107134327,0.618805244099349,0.716913217213005,0.706845755456015,0.605396047467366,0
0.8944283046294,0.857117511099204,0.811013193102553,0.419530628947541,0.322136159287766,0.182573894504458,0.797091599320993,0.988583899568766,0.0338818887248635,0.301175381755456,0
0.229204111266881,0.437444978859276,0.0785241886042058,0.174992567161098,0.567587370285764,0.650208748411387,0.233785340329632,0.329258797690272,0.157649606931955,0.220194951631129,0
0.17015888215974,0.129837275482714,0.019489609869197,0.93670212267898,0.415378566132858,0.120295818895102,0.363937522517517,0.733705348568037,0.399158405605704,0.65648938762024,0
0.272230417234823,0.121603224426508,0.654155010357499,0.201319720828906,0.362645738059655,0.398200950119644,0.709744171705097,0.508070963667706,0.17083167959936,0.243724366184324,0
0.779076073551551,0.2764296408277,0.53858968289569,0.325276478892192,0.0942617577966303,0.774764758301899,0.218734706286341,0.744470370933414,0.653445668518543,0.390097688883543,0
0.824974225834012,0.0931851856876165,0.0839195782318711,0.929548881249502,0.625825728522614,0.821696845581755,0.562321660341695,0.180197664769366,0.916984581854194,0.177270076936111,0
0.131674266653135,0.527060158317909,0.12182716676034,0.700523721054196,0.620667309267446,0.474676393670961,0.927444374421611,0.065163936233148,0.300882535753772,0.458728938829154,0
0.718493722612038,0.778665102552623,0.185934367589653,0.381893910001963,0.515405317535624,0.784318428020924,0.808864118531346,0.71034360351041,0.758974753087386,0.0760542084462941,0
0.782624177867547,0.00168059929274023,0.833427942125127,0.951085117412731,0.00840112892910838,0.352700305404142,0.866157132200897,0.21410357626155,0.334688332630321,0.274191810982302,0
0.0098047514911741,0.943384073674679,0.254342389525846,0.267710581421852,0.869086675345898,0.0237960824742913,0.545146231772378,0.0672318253200501,0.190737726399675,0.234957474749535,0
0.824879667488858,0.619649814674631,0.950820420868695,0.21818041196093,0.855838124873117,0.325329416664317,0.571040279464796,0.227308612316847,0.359805641230196,0.742543695960194,0
0.207844509277493,0.00188739574514329,0.207603976130486,0.25307270954363,0.121939696837217,0.0374805694445968,0.251839408185333,0.809303184039891,0.044252784922719,0.28466717666015,0
0.523774101631716,0.679593262262642,0.900415003299713,0.0546167369466275,0.506914986064658,0.0708255984354764,0.264544715872034,0.00572544778697193,0.423540886957198,0.625005138106644,0
0.870034869294614,0.580300675006583,0.00473586330190301,0.270986980292946,0.565593931358308,0.218477049609646,0.30580090591684,0.0569305894896388,0.317998404847458,0.108171078842133,0
0.902625920251012,0.0310721872374415,0.317564849508926,0.677945584990084,0.569292865227908,0.36638496699743,0.589951152913272,0.462067324901,0.4381852990482,0.278761551948264,0
0.451288604876027,0.395767669891939,0.487054970115423,0.338494936935604,0.936946835136041,0.48123680986464,0.168150899233297,0.656760061858222,0.542911706259474,0.810943623073399,0
0.352566936286166,0.121727221878245,0.357344904681668,0.651713724713773,0.0879207563120872,0.661411788780242,0.121016490738839,0.996038362151012,0.314303977414966,0.176988581661135,0
0.65034820814617,0.436969346832484,0.465081076137722,0.377269805874676,0.532946459483355,0.219516110839322,0.457222171593457,0.153960393741727,0.865036660805345,0.344688797136769,0
0.485507152043283,0.962673779344186,0.297020383412018,0.71294791274704,0.259169578552246,0.950640877010301,0.292935516918078,0.523248361423612,0.720665668835863,0.888868737732992,0
0.0486119834240526,0.730154459597543,0.116735939402133,0.900566490599886,0.810906889848411,0.563528284663334,0.775044387439266,0.679770465008914,0.4383039616514,0.748230585129932,0
0.75638099364005,0.402033569989726,0.848877169657499,0.313742789905518,0.57386015728116,0.0230710345786065,0.190134570468217,0.212754752952605,0.0966689905617386,0.0739101895596832,0
0.313954505836591,0.98629605723545,0.41917816339992,0.0114190017338842,0.875338056124747,0.32671059248969,0.42981612845324,0.971018144162372,0.164287585066631,0.237768478924409,0
0.807404877152294,0.637649310054258,0.0936136527452618,0.195840587140992,0.890372350579128,0.547429271042347,0.0909176750574261,0.32821409124881,0.278153636492789,0.587264399509877,0
0.0643497013952583,0.892848321003839,0.114611000521109,0.564896699041128,0.438025922514498,0.549767313990742,0.199935391545296,0.142555691767484,0.747419976862147,0.4481201749295,0
0.151211586315185,0.749510399997234,0.926074853632599,0.178898732876405,0.334852575324476,0.591750990832224,0.755972106941044,0.169212189968675,0.0475431820377707,0.255364931654185,0
0.837632640032098,0.606161067960784,0.799443947151303,0.892315089004114,0.275145921623334,0.0928206071257591,0.724551061866805,0.0269761017989367,0.686072234995663,0.583571111783385,0
0.362435071496293,0.920742893125862,0.980437283637002,0.936603959882632,0.698599880794063,0.459239029092714,0.56752645643428,0.461456530028954,0.72821456938982,0.201302685774863,0
0.393380890600383,0.852048146072775,0.567939645145088,0.455703201238066,0.542311238124967,0.768884302582592,0.936531635699794,0.922334474511445,0.198999190935865,0.261696661356837,0
0.876517449272797,0.730870246421546,0.0592323790770024,0.185705872718245,0.947582078631967,0.228229971136898,0.718867109855637,0.86777882068418,0.560280831996351,0.425761464517564,0
0.57017704541795,0.22474819724448,0.773778042988852,0.246126404264942,0.946688846917823,0.382613690104336,0.0824519663583487,0.238708693301305,0.797481309156865,0.615086313104257,0
0.682054478675127,0.880340578500181,0.880895305657759,0.534548731753603,0.671364862238988,0.126073075924069,0.899381627095863,0.0687504438683391,0.698448553215712,0.42615650058724,0
0.0147775718942285,0.472286723321304,0.483040886232629,0.776006979634985,0.616010451922193,0.0654327999800444,0.130458347965032,0.741904915077612,0.226539134280756,0.146092400420457,0
0.674390914849937,0.208383208839223,0.123633721610531,0.5396007981617,0.971389083890244,0.7272531054914,0.830702838022262,0.729184312745929,0.752154230605811,0.310386630007997,0
0.158325494965538,0.48489445168525,0.925374295329675,0.987245588796213,0.133972160518169,0.376814501127228,0.0224897693842649,0.244323635473847,0.803844085894525,0.809218080481514,0
0.86390994489193,0.061802611220628,0.285396120743826,0.331297226948664,0.0535004758276045,0.0690616685897112,0.669775318121538,0.00860639358870685,0.0321870795451105,0.641982119530439,0
0.876447268528864,0.16126915696077,0.0800457126460969,0.720622830558568,0.520145275630057,0.532862753141671,0.0488810709211975,0.141819966258481,0.197005178546533,0.97207947075367,0
0.640266828006133,0.932447181316093,0.0665931643452495,0.637010158039629,0.348455469124019,0.30833351239562,0.725311087677255,0.685356075875461,0.417924561072141,0.615086830453947,0
0.164454912068322,0.735220895381644,0.0502742391545326,0.38663819571957,0.267237558960915,0.681607700418681,0.158404215471819,0.0762199349701405,0.768063356634229,0.0113537064753473,0
0.10186697752215,0.776473633013666,0.87489895708859,0.204099275171757,0.672469689510763,0.124591955915093,0.230897797038779,0.0952215823344886,0.660301694879308,0.791223993292078,0
0.923833293374628,0.122198594035581,0.0300351299811155,0.126636950997636,0.744812087155879,0.0613542990759015,0.998068826040253,0.744831059826538,0.377870392985642,0.44785275682807,0
0.13312901253812,0.193212458165362,0.626842461526394,0.852626148378477,0.558629092527553,0.0538842789828777,0.938784899190068,0.655846124282107,0.114841098198667,0.321144097717479,0
0.151203934336081,0.209145706612617,0.341653632232919,0.0672268411144614,0.433388857636601,0.893421168904752,0.515848180279136,0.957673841156065,0.355814132606611,0.835303087253124,0
0.488118098815903,0.869578819721937,0.885277851717547,0.905895860400051,0.0597065275069326,0.636491526849568,0.592955397907645,0.249283868353814,0.108977491501719,0.447044276166707,0
