"1","2","3","4","5","6","7","8","9","10","class"
0.485817634500563,0.553073674906045,0.590018143644556,0.279089248040691,0.370882036397234,0.261674790177494,0.633795176167041,0.778487868141383,0.508612705161795,0.653201913228258,0
0.937592710833997,0.772366757504642,0.584316559368744,0.150201624725014,0.959707990754396,0.620387242408469,0.593227874720469,0.689938836963847,0.442777292104438,0.367815691744909,0
0.162744610337541,0.670783933484927,0.16783280717209,0.709821310825646,0.536610233131796,0.603232546709478,0.00467880605719984,0.446740475483239,0.660808574873954,0.189739249181002,0
0.686901764478534,0.30832910281606,0.645942611154169,0.137572723207995,0.453681351849809,0.198207856621593,0.457290007267147,0.980686769587919,0.404336711158976,0.199051978765056,0
0.0841441575903445,0.574237412540242,0.458425472490489,0.918535002041608,0.470134281553328,0.273904402041808,0.648745984304696,0.410942983347923,0.402150903362781,0.449235981330276,0
0.488010850036517,0.57661835453473,0.0649572615511715,0.308756226906553,0.37920037470758,0.170808240305632,0.679755162913352,0.416962362360209,0.511099591851234,0.812350714113563,0
0.436198364710435,0.353164575062692,0.0424132975749671,0.904847174650058,0.164840664947405,0.524563011014834,0.14677909296006,0.154988017631695,0.281041694106534,0.403294649906456,0
0.39189615775831,0.283101971494034,0.477602727012709,0.127666908781976,0.667557411128655,0.786903054919094,0.852293327683583,0.757037806557491,0.139833020046353,0.971725893905386,0
0.131452721310779,0.817043425980955,0.135088658658788,0.367892320733517,0.000573563389480114,0.036605995381251,0.0785610822495073,0.947885881178081,0.493585764197633,0.220649098046124,0
0.269639893667772,0.901814971817657,0.0696529287379235,0.185928269056603,0.818414479261264,0.344103472540155,0.802331563550979,0.997971415286884,0.288352507399395,0.115256718359888,0
0.659230575663969,0.334948748582974,0.748905767686665,0.576211882987991,0.514006764162332,0.706708348589018,0.346425852738321,0.0398203686345369,0.854339436860755,0.335613756207749,0
0.437738952692598,0.0075521063990891,0.071763179730624,0.703135790303349,0.954612086294219,0.24666352965869,0.0185799114406109,0.235809954348952,0.0945782074704766,0.410113082733005,0
0.441685358760878,0.0049471037928015,0.184236160246655,0.177743377862498,0.286156512098387,0.539457683917135,0.204599643358961,0.829547570552677,0.618656890932471,0.244513694662601,0
0.555868288502097,0.289678567321971,0.155052692163736,0.493512897053733,0.0274456872139126,0.521481089061126,0.629391193389893,0.181099728215486,0.760747897904366,0.903279804624617,0
0.228753631934524,0.0268467890564352,0.652859017718583,0.0414296668022871,0.0151368398219347,0.401817022589967,0.0196654205210507,0.547999259550124,0.982380803208798,0.681849787011743,0
0.980729321483523,0.788741811644286,0.108948046108708,0.870528172701597,0.174641215009615,0.319334392668679,0.190772813977674,0.559760780073702,0.571789537090808,0.132651835680008,0
0.830306640593335,0.348507706075907,0.718225043732673,0.0986739990767092,0.759063324192539,0.00643513421528041,0.558606961742043,0.604375473456457,0.374867052771151,0.164885770296678,0
0.199399148114026,0.723490240750834,0.530233789002523,0.163301995722577,0.529719323385507,0.0597670637071133,0.11042684270069,0.844142464688048,0.520952841034159,0.825611991342157,0
0.0293532726354897,0.199324996909127,0.848389017861336,0.833241345360875,0.493302934104577,0.616944207344204,0.35968030616641,0.150354695506394,0.36124962545,0.576228034915403,0
0.293215301819146,0.562883828999475,0.783458143705502,0.77754944912158,0.493821044685319,0.527142717968673,0.605111791752279,0.93058036849834,0.388412110041827,0.905962687218562,0
0.845290187746286,0.311425954801962,0.66853489051573,0.76397870038636,0.47123799752444,0.253026137128472,0.872452985495329,0.258518242044374,0.845093662617728,0.575320529052988,0
0.700721104629338,0.279099430656061,0.721150598954409,0.0442955638282001,0.868471451569349,0.33306998712942,0.58602084685117,0.691769079770893,0.611653712810948,0.282248256029561,0
0.354375404538587,0.208820019848645,0.452091840561479,0.403513981262222,0.104590534698218,0.106624041218311,0.0473302649334073,0.883559433277696,0.589104457059875,0.00503065250813961,0
0.868482331279665,0.145902938442305,0.0832635646220297,0.532180701615289,0.739830605685711,0.741911014774814,0.884680942865089,0.544013969600201,0.122809631284326,0.0340803354047239,0
0.74484404688701,0.728564017917961,0.309404948493466,0.405707151629031,0.816825349116698,0.770130885997787,0.132152388803661,0.708702039904892,0.744263309985399,0.0818046249914914,0
0.505422448040918,0.0351095297373831,0.614322109846398,0.485884783556685,0.785352571401745,0.0818697160575539,0.474643361987546,0.52462355652824,0.900472021894529,0.46667398721911,0
0.346884207101539,0.409502450376749,0.742566100787371,0.996116981608793,0.485489948652685,0.918378000846133,0.10484146582894,0.550378930522129,0.512011097976938,0.498395004076883,0
0.367253848584369,0.692522482713684,0.617339486256242,0.448205740191042,0.351986461319029,0.0314154559746385,0.0271506847348064,0.892351855058223,0.327019467251375,0.356440231204033,0
0.718060519080609,0.327148342039436,0.895839410601184,0.985217820387334,0.729084232822061,0.632375600282103,0.860273792175576,0.7152959050145,0.00396512146107852,0.890247781993821,0
0.237488652812317,0.057233544299379,0.454660373739898,0.927108407253399,0.38849143171683,0.525323874782771,0.508611171040684,0.590852472232655,0.273188472725451,0.00587952602654696,0
0.550883792340755,0.0870134779252112,0.589304420631379,0.911705298582092,0.183034060057253,0.669996686745435,0.740610518725589,0.617480717133731,0.99744442361407,0.195417790440843,0
0.555010650074109,0.705077868653461,0.467921227915213,0.73177059716545,0.393999215913936,0.46434938814491,0.381351103773341,0.331744604511186,0.652317885542288,0.42084417399019,0
0.885185783030465,0.148946409346536,0.369602074148133,0.993348903255537,0.928175266366452,0.323024497600272,0.0840513226576149,0.277015509083867,0.107547967461869,0.128397584194317,0
0.992563069332391,0.0733384569175541,0.1493925685063,0.501501959282905,0.167725330917165,0.292436852818355,0.931945844786242,0.192817722680047,0.602738141315058,0.66335739241913,0
0.171390049625188,0.615058938041329,0.796870011137798,0.876071064034477,0.697054417571053,0.813757686875761,0.162489999784157,0.74416918004863,0.690616176463664,0.985101355239749,0
0.568095466587692,0.970082869520411,0.00989902042783797,0.549195347819477,0.37752375472337,0.494412404019386,0.341213200474158,0.886349482228979,0.094122824491933,0.418035857845098,0
0.286006409674883,0.881980365375057,0.48480033245869,0.472852822393179,0.895189966075122,0.995445718988776,0.626328795682639,0.709469052730128,0.127233922015876,0.716960500460118,0
0.834938171319664,0.910658216103911,0.95496527873911,0.127929637208581,0.253006026148796,0.12935500103049,0.695135800400749,0.777691470691934,0.196420052321628,0.709999364567921,0
0.69914196128957,0.958415021188557,0.0329587457235903,0.928480160655454,0.798801736207679,0.421515559777617,0.580582918832079,0.773035299964249,0.675264726625755,0.0338731273077428,0
0.560309311142191,0.988519626436755,0.897810216527432,0.15564536396414,0.736130005214363,0.692773249000311,0.742608438944444,0.802012219559401,0.301415347028524,0.586126411566511,0
0.30640587117523,0.157531771808863,0.797979927854612,0.835306358523667,0.134629731066525,0.351297287270427,0.617791652679443,0.544946551090106,0.267848560586572,0.560404378687963,0
0.942758013028651,0.810762220760807,0.130170993274078,0.806277540512383,0.0974124362692237,0.652469963533804,0.252951332135126,0.856113211251795,0.483139730524272,0.916006387909874,0
0.55503070098348,0.454722261289135,0.212791204685345,0.571708529721946,0.44118464156054,0.730959074338898,0.534839403815567,0.586750047514215,0.64843129273504,0.193008791189641,0
0.962515800027177,0.185247705318034,0.581465910654515,0.209132839227095,0.443859309423715,0.185226908419281,0.138034194242209,0.371301707578823,0.691912525333464,0.155823106179014,0
0.395993607118726,0.800092524150386,0.611157661303878,0.495484333718196,0.781633384292945,0.336475153220817,0.947764358948916,0.757314042886719,0.338646298041567,0.912319256225601,0
0.08702332386747,0.150334963109344,0.588127689436078,0.820544146001339,0.98494547791779,0.725061794742942,0.747652467805892,0.112786500481889,0.0880774443503469,0.778431586455554,0
0.72469229856506,0.357621747301891,0.682506431825459,0.0403376412577927,0.283208786975592,0.179067435208708,0.136526099639013,0.65127135720104,0.476255425717682,0.816867019748315,0
0.109684792580083,0.327631820226088,0.963893377687782,0.0631685422267765,0.630724574206397,0.664486413821578,0.966989637818187,0.0362816597335041,0.879520158749074,0.0042959270067513,0
0.41980977403,0.862924363464117,0.0419333497993648,0.982477525481954,0.757593899965286,0.164811360649765,0.374957507476211,0.0301888836547732,0.0921216714195907,0.875802325783297,0
0.802446285728365,0.119407625170425,0.279655566904694,0.714427324710414,0.0458168117329478,0.212986859958619,0.849169804481789,0.90647125383839,0.639785228995606,0.421205223537982,0
0.225155036896467,0.307433693669736,0.552780006779358,0.163653922034428,0.737308006500825,0.667507277568802,0.146038743434474,0.484835589071736,0.886092384345829,0.672875262796879,0
0.41748991725035,0.939518240978941,0.529115820303559,0.3592066350393,0.491834008367732,0.191628813045099,0.578956422396004,0.757738408166915,0.301432031439617,0.94973654486239,0
0.0396982417441905,0.809711364796385,0.830546437995508,0.397150180535391,0.976484423968941,0.265427406178787,0.406646250281483,0.494942924007773,0.564067483413965,0.813230465166271,0
0.566038301214576,0.617391329491511,0.780428118538111,0.121714421082288,0.804388337070122,0.525108084548265,0.0332532441243529,0.569053712766618,0.790320786181837,0.282646518666297,0
0.492235352750868,0.184921227628365,0.897575252922252,0.656664422480389,0.642233249498531,0.252327410038561,0.712204721523449,0.99035006784834,0.758731505833566,0.271015565143898,0
0.465509483823553,0.719550947658718,0.209943416761234,0.250518928747624,0.450660389382392,0.973501058062539,0.666866891551763,0.227030005538836,0.585775633575395,0.883945003617555,0
0.601657605497167,0.478524600155652,0.865817096317187,0.468332888558507,0.215256296331063,0.350239324616268,0.657607539789751,0.533433059230447,0.196231193840504,0.223332382272929,0
0.681527966167778,0.841546926647425,0.366481219185516,0.524193874327466,0.15270334109664,0.301273704040796,0.337001513456926,0.976765826810151,0.694877631263807,0.625986183062196,0
0.448179717641324,0.668353185523301,0.599589902209118,0.333838602062315,0.671833928441629,0.0873743551783264,0.0199722971301526,0.612819662084803,0.283695277059451,0.709795328322798,0
0.0725012344773859,0.316417842637748,0.300081812543795,0.225200051441789,0.329369431827217,0.995494775706902,0.231287020258605,0.802363728871569,0.891017992980778,0.859191574389115,0
0.822694918839261,0.0804691910743713,0.250959727680311,0.802677257219329,0.666957514360547,0.171146514359862,0.802623322466388,0.501304202713072,0.964335896540433,0.61792855267413,0
0.535069600213319,0.954483438981697,0.340794679475948,0.328254077583551,0.731200973968953,0.686898204497993,0.588512641610578,0.907882755389437,0.0582818386610597,0.458289549686015,0
0.639470471302047,0.649732565274462,0.0582810146734118,0.600721903610975,0.788805867312476,0.840502360835671,0.840762780746445,0.942187398439273,0.511867308290675,0.594518363941461,0
0.587634262861684,0.232888190541416,0.984273781999946,0.00780972861684859,0.115276155760512,0.622595725115389,0.853856560774148,0.529550492065027,0.74540271051228,0.149912907043472,0
0.0738191432319582,0.625868590315804,0.88928310573101,0.223202024353668,0.887281939620152,0.254697205033153,0.338375164661556,0.71506519545801,0.726915230276063,0.154351799516007,0
0.262692754622549,0.282314799493179,0.269541873363778,0.269581978674978,0.372023397358134,0.949190431507304,0.0399412347469479,0.292860065819696,0.80357975861989,0.502720520365983,0
0.69370843982324,0.447949192021042,0.308371077757329,0.206963477423415,0.564401405630633,0.995229179272428,0.266091742087156,0.691550831543282,0.465004087425768,0.0357341503258795,0
0.881542165530846,0.399142610840499,0.357755054254085,0.254116002470255,0.867217157967389,0.399243409279734,0.732169336872175,0.681299060350284,0.0106294429861009,0.503687042277306,0
0.485652232076973,0.898221866926178,0.898885875009,0.522216359851882,0.610216374276206,0.788581669563428,0.558260559570044,0.808736154576764,0.721827085362747,0.0657238201238215,0
0.403180721681565,0.217826189938933,0.902978085214272,0.473916694754735,0.116991778602824,0.0428584003821015,0.476105131674558,0.382644856348634,0.0903240006882697,0.0372584220021963,0
0.0513559919781983,0.393634787295014,0.340803107945248,0.377346407156438,0.710647893836722,0.594359990675002,0.707032862817869,0.43914005998522,0.819307734724134,0.142916427925229,0
0.841991568217054,0.214613199001178,0.310386156663299,0.753080974100158,0.90372285596095,0.16250439058058,0.99332105810754,0.669372016564012,0.310641389107332,0.415639352751896,0
0.827287528663874,0.866392077179626,0.414006815990433,0.995923751732334,0.924682532902807,0.887830333318561,0.906324808718637,0.623412044486031,0.183926881756634,0.871371346525848,0
0.936765955993906,0.244515109108761,0.106097592972219,0.800296236062422,0.936840118840337,0.616434275871143,0.0427892953157425,0.6837455292698,0.180434917565435,0.639330690260977,0
0.109031054656953,0.234074676642194,0.874202711740509,0.395606167381629,0.274980689631775,0.635565141914412,0.162409749114886,0.00198685890063643,0.456390593433753,0.0196452834643424,0
0.639331844868138,0.997001143638045,0.834354053484276,0.186779224313796,0.890318660065532,0.675280338851735,0.0684504322707653,0.402266778750345,0.861923847813159,0.492967235390097,0
0.232851470820606,0.300219450844452,0.0997870075516403,0.628919936949387,0.346475864527747,0.356066799489781,0.134718871908262,0.718005053000525,0.518537548370659,0.27708371123299,0
0.600373180583119,0.0814798788633198,0.718927599024028,0.840073487255722,0.110937942285091,0.152661491185427,0.270887265214697,0.973147514276206,0.000483876792714,0.697111353045329,0
0.950513977790251,0.695621394785121,0.505480998195708,0.794899697415531,0.418612469453365,0.231123208999634,0.600549720460549,0.512657669140026,0.285281602991745,0.43963106139563,0
0.0468591728713363,0.16383796511218,0.00380762107670307,0.0652765268459916,0.367026706459001,0.00382721447385848,0.646412960952148,0.353663183981553,0.990746465045959,0.877452192828059,0
0.144703055964783,0.076955339172855,0.152831658022478,0.62414463958703,0.56205700780265,0.365662994328886,0.842752498341724,0.342824058840051,0.0649772917386144,0.183443441055715,0
0.293009481858462,0.970007223077118,0.494250609306619,0.74870255542919,0.876974449958652,0.245622065616772,0.84803264006041,0.479681410128251,0.0339592590462416,0.321819589706138,0
0.536330236354843,0.555903039639816,0.687284843763337,0.59045076649636,0.0255161286331713,0.818063826533034,0.897039761999622,0.151903319871053,0.712868509115651,0.0620592858176678,0
0.360788392834365,0.276222256012261,0.691898851422593,0.597613645484671,0.39078917587176,0.123509350698441,0.960391806904227,0.117716202046722,0.526033909991384,0.441431333776563,0
0.688993084011599,0.50172607996501,0.495168594643474,0.686444177292287,0.681366829900071,0.441554906545207,0.223417066037655,0.797333222813904,0.272689467296004,0.269878913415596,0
0.252422692719847,0.739908654009923,0.204957764595747,0.546610080869868,0.872591571649536,0.76712608220987,0.106967038242146,0.993379751220345,0.879308121744543,0.961825342150405,0
0.596746466588229,0.929648821242154,0.850514742778614,0.841497101821005,0.945561453234404,0.65084652020596,0.440473729744554,0.938276648754254,0.0415488369762897,0.279144829837605,0
0.679022869328037,0.455253011081368,0.702952850144356,0.892898685764521,0.485686160856858,0.596762006171048,0.54446202237159,0.492922104895115,0.666254449170083,0.00688655115664005,0
0.0605498056393117,0.0623563826084137,0.0522058340720832,0.475062974262983,0.984847051789984,0.279527756618336,0.188485815888271,0.192851780448109,0.969365811441094,0.859264316502959,0
0.736312484834343,0.33371021063067,0.263192827347666,0.926753206178546,0.633381420047954,0.904271583072841,0.291457354323938,0.678780477726832,0.462737552821636,0.807586534880102,0
0.719791033538058,0.669007580028847,0.274782610591501,0.886103300144896,0.463677109219134,0.097298332490027,0.889244467718527,0.0978314839303493,0.286186671582982,0.383588039316237,0
0.392896397970617,0.789052183041349,0.481190811144188,0.82163612334989,0.384762712521479,0.366316185332835,0.95060150208883,0.757107990793884,0.321881093783304,0.00510869990102947,0
0.863209518603981,0.454776824917644,0.56306971074082,0.858689069282264,0.961461625993252,0.540118414675817,0.0301354634575546,0.343048158800229,0.889816131675616,0.547472534002736,0
0.800712857861072,0.0112584426533431,0.519206478260458,0.0384430265985429,0.98763435264118,0.49375774525106,0.971818377031013,0.856669988948852,0.841539948480204,0.760864848271012,0
0.541063149692491,0.784365668194368,0.664208106230944,0.717831583693624,0.599580224370584,0.861706351861358,0.356207587057725,0.978560272371396,0.838400969980285,0.0581905024591833,0
0.722412464674562,0.501091191079468,0.321739007020369,0.451269447337836,0.87516119540669,0.364735329523683,0.200665519339964,0.77455433877185,0.327364615164697,0.484293150948361,0
0.642632447415963,0.342668541707098,0.99909321567975,0.137732334434986,0.242691864725202,0.209088082192466,0.406284527853131,0.566474078223109,0.622425821376964,0.61143939034082,0
0.938760981662199,0.679471640381962,0.0380881070159376,0.939772691577673,0.0362847384531051,0.563594366656616,0.0581323178485036,0.274801246356219,0.562599289696664,0.327517157187685,0
0.667202766286209,0.0861538017634302,0.644889427348971,0.129708832828328,0.268737201346084,0.181561385281384,0.0644056817982346,0.311656648758799,0.859698928659782,0.761438476620242,0
0.227722943760455,0.289392661070451,0.655832321383059,0.819521265337244,0.180924434680492,0.130250598071143,0.0850781514309347,0.0485140418168157,0.441093475557864,0.232409747317433,0
