"1","2","3","4","5","6","7","8","9","10","class"
0.228190217143856,0.746354672964662,0.207679828396067,0.557865492766723,0.612524797907099,0.0142687831539661,0.721591071691364,0.802008488448337,0.503127260832116,0.858225689968094,0
0.721191038040724,0.744412093041278,0.0538846487179399,0.0832233279943466,0.763709702296183,0.361921855947003,0.353443307103589,0.86936663929373,0.0583469124976546,0.740253304829821,0
0.294051137259975,0.673709148969129,0.839639200363308,0.157504804898053,0.0787971762474626,0.301003304775804,0.435123742092401,0.0778586845844984,0.252490349113941,0.428307252703235,0
0.0697604764613323,0.930621939997375,0.844797652447596,0.970513162435964,0.989291712408885,0.142167155398056,0.779957990627736,0.351113298442215,0.520587232662365,0.69958723988384,0
0.546334999617189,0.465602561754175,0.370727718342096,0.908097195671871,0.407038484467193,0.197470687329769,0.0496843662112951,0.464833879144862,0.454001581296325,0.416054914239794,0
0.873097968953662,0.874184630582575,0.401138325687498,0.545552150346339,0.429774656426162,0.57469011680223,0.427130902418867,0.641466307919472,0.692833529552445,0.559789702296257,0
0.651728283269331,0.327412159721926,0.263226960552856,0.759370975196362,0.947227942058817,0.403474720660597,0.193543600616977,0.253877495648339,0.606484487187117,0.482165790162981,0
0.451975176745001,0.553090513396822,0.478467987850308,0.400566630531102,0.947895388817415,0.166605165228248,0.707553743151948,0.122585100587457,0.160505460342392,0.639640961075202,0
0.860793596286699,0.914722827065736,0.13069067383185,0.649276056094095,0.476969853974879,0.122993139317259,0.916843027342111,0.0905366002116352,0.575080048758537,0.529464941238984,0
0.123082570964471,0.889113916782662,0.529613339109346,0.638540240004659,0.100093568908051,0.605778050841764,0.95276250760071,0.174880256410688,0.424873431446031,0.884701910195872,0
0.174133038444445,0.825969740247354,0.260429827496409,0.968994948780164,0.973298676079139,0.0330931968055665,0.178684351034462,0.0607067234814167,0.427547085564584,0.98168961214833,0
0.0796250909796916,0.962562373362016,0.239253298612311,0.646124604158103,0.296750908950344,0.812490632990375,0.30820023897104,0.358449699589983,0.489073472563177,0.896210168022662,0
0.515008300310001,0.459057539235801,0.214106247760355,0.97089751670137,0.285050641279668,0.775179932359606,0.467783045955002,0.727389410603791,0.0143593044485897,0.876854623667896,0
0.445945424352027,0.470201980968379,0.413527131779119,0.911480173934251,0.916923263575882,0.394664339721203,0.306392636848614,0.920583385974169,0.661530612502247,0.315558260073885,0
0.863350914568827,0.907657924832031,0.982566616265103,0.457253592088819,0.527590438025072,0.578936381498352,0.0960420903284103,0.313557568471879,0.608689548447728,0.229433143045753,0
0.674843587912619,0.657956436043605,0.365241864230484,0.584338801680133,0.416008568834513,0.984267125139013,0.711896400200203,0.775563420029357,0.11696652485989,0.0608848638366908,0
0.179342762301303,0.193096476784721,0.353259258437902,0.752710695145652,0.495865246048197,0.2311112342868,0.89653976703994,0.263542582746595,0.565670356620103,0.110191171523184,0
0.712196072992496,0.237262509880774,0.0735996987204999,0.841742072952911,0.853968099923804,0.215350766200572,0.579890675842762,0.540660490514711,0.82080816058442,0.746274947188795,0
0.898184640333056,0.117856276454404,0.945312636904418,0.00785701884888113,0.232475964119658,0.429348640376702,0.180967949796468,0.833688779268414,0.0852258927188814,0.830795626156032,0
0.232006424173713,0.300085030074511,0.675481693120673,0.0550260983873159,0.256829774007201,0.450118945911527,0.120744634885341,0.101961389649659,0.581621018704027,0.553714987589046,0
0.0677396402601153,0.973789156538434,0.195661080302671,0.572624083608389,0.0693536489270627,0.0567820800933987,0.655217597028241,0.0648160160053521,0.866041332716122,0.984730642987415,0
0.191589971305802,0.825286446372047,0.0539236846379936,0.318778542568907,0.535623038187623,0.660807015374303,0.590629821876064,0.0504612026270479,0.740172690479085,0.137209518114105,0
0.718214223827422,0.723471881471574,0.861950790975243,0.799152725609019,0.126071605598554,0.0254205320961773,0.179303723620251,0.466106714913622,0.520308933919296,0.486294359667227,0
0.278461113106459,0.761590669862926,0.999316109577194,0.965097837615758,0.0269680474884808,0.871778238331899,0.813513463595882,0.465997483814135,0.278822650201619,0.10479977959767,0
0.86342855822295,0.872918263543397,0.128518425161019,0.80798175628297,0.433628311846405,0.115233359392732,0.312762822490185,0.553510966245085,0.981176459928975,0.64357506018132,0
0.904495000611059,0.954202335409354,0.88081029499881,0.826023530447856,0.282011613016948,0.499943779082969,0.254371566697955,0.30860949633643,0.541299038100988,0.667564913630486,0
0.714994261274114,0.21800853474997,0.192985647590831,0.932222795672715,0.568994890199974,0.888531144242734,0.981485973577946,0.507601630641147,0.850033931666985,0.938037374056876,0
0.198527915868908,0.875391323817894,0.270748051814735,0.678221887908876,0.44966789893806,0.923657767241821,0.929391112178564,0.0162330993916839,0.969385530566797,0.911949863424525,0
0.540746139129624,0.404311224352568,0.0904632105957717,0.434635904617608,0.295404230011627,0.439374301582575,0.883510434068739,0.75756547995843,0.303238845663145,0.867582818958908,0
0.875822435474209,0.103404751837347,0.230727845570073,0.472824299242347,0.758249209728092,0.992263055406511,0.987596967723221,0.545626610983163,0.915928425500169,0.147576770512387,0
0.0508756341878325,0.00171277089975774,0.338581030489877,0.521598875056952,0.744703488657251,0.405202545458451,0.431892732856795,0.538587521528825,0.658612023573369,0.831076513510197,0
0.160512390027847,0.195884408638906,0.0596650585066527,0.409850929165259,0.683787822723389,0.430080848746002,0.0103906432632357,0.487380960257724,0.169188607716933,0.970632512820885,0
0.882956257258169,0.950464350335486,0.0445039505138993,0.913585585076362,0.240495832869783,0.876990651944652,0.0758411483839154,0.68704739282839,0.701567574869841,0.459778001066297,0
0.565299623878673,0.442661344073713,0.564554990269244,0.515618918463588,0.181912948610261,0.558939824812114,0.725857212208211,0.277631543809548,0.993106475099921,0.880196664948016,0
0.619481234578416,0.368473066249862,0.656661956571043,0.717754204524681,0.198715093079954,0.481386735104024,0.256174823734909,0.189226655522361,0.573058808920905,0.0579406660981476,0
0.202104995492846,0.270744524197653,0.714927753899246,0.457185589941218,0.651972752995789,0.773959043435752,0.417201153002679,0.828923118999228,0.519804525887594,0.199303255183622,0
0.628893903456628,0.310097409877926,0.916272783884779,0.691356285475194,0.842470773030072,0.0173601191490889,0.296328225871548,0.267970915185288,0.963565078098327,0.448091985657811,0
0.423160338972975,0.426772405985836,0.253484582761303,0.385370389558375,0.904809676343575,0.490087251877412,0.874604179756716,0.987741721328348,0.836637142812833,0.328869496705011,0
0.0918607075680047,0.90881620211117,0.727382271550596,0.00886765820905566,0.880953984102234,0.344299724325538,0.562333106994629,0.628433116478845,0.138754377141595,0.639243433717638,0
0.229120127997454,0.848505769630987,0.605088456301019,0.698157279053703,0.658319475362077,0.620079935295507,0.268345201620832,0.455449819564819,0.846269129542634,0.697944737970829,0
0.642460417002439,0.405373577494174,0.33465890516527,0.456046340055764,0.834699331084266,0.316268740454689,0.736212246119976,0.973770944168791,0.335453671868891,0.761409171391279,0
0.7250055372715,0.200603654840961,0.558681366033852,0.602376328781247,0.473259985214099,0.504315305035561,0.953701250022277,0.0901595130562782,0.000643090112134814,0.113237283891067,0
0.370213650456443,0.646890261117369,0.409047604771331,0.771374023985118,0.340168936178088,0.0755195408128202,0.528571341885254,0.562488769646734,0.224168077809736,0.963753153104335,0
0.10223476190744,0.100586904125474,0.99662344227545,0.374999555293471,0.282698031514883,0.12916389061138,0.054124312242493,0.511231729993597,0.2669849738013,0.590513106435537,0
0.887183887349069,0.137563228731416,0.138700562529266,0.258641805266961,0.827007648069412,0.599848434329033,0.626161055173725,0.0677492613904178,0.464992342283949,0.327936847461388,0
0.626872512369882,0.363698781337589,0.585248561343178,0.846280776429921,0.775237024761736,0.0935201609972864,0.204611361259595,0.83480598567985,0.204388584708795,0.181610571919009,0
0.172071313293278,0.121098809420317,0.472169476095587,0.809005623683333,0.889259388670325,0.218545632902533,0.395150324562564,0.746348260203376,0.590233010239899,0.582534863380715,0
0.072130381828174,0.0613836743868887,0.767405661055818,0.8606243270915,0.196073513710871,0.922834684839472,0.0170560488477349,0.896270756144077,0.531591056380421,0.241224609548226,0
0.557917014928535,0.506966120563447,0.185594864655286,0.0604424404446036,0.0603964235633612,0.81485528126359,0.00851697567850351,0.565862742252648,0.230523892212659,0.947583005065098,0
0.573703347702045,0.657431888621673,0.010362958535552,0.308757907012478,0.956113555235788,0.377853985177353,0.908450270770118,0.534510611090809,0.118097666883841,0.35204066731967,0
0.404393624980003,0.380481956060976,0.996561986627057,0.9960825543385,0.474931310163811,0.489536821376532,0.126415906473994,0.621417240705341,0.283283748896793,0.666535476921126,0
0.517843726201542,0.431304776491225,0.837796843610704,0.877015329431742,0.0560131669044495,0.271041724365205,0.136581624858081,0.175815594149753,0.383387607056648,0.799720729701221,0
0.0913277096115053,0.168148884084076,0.38213962642476,0.0331785515882075,0.485711849294603,0.331815082812682,0.606069916160777,0.946826375555247,0.637586683034897,0.135772412642837,0
0.809991071233526,0.847498051589355,0.456285994965583,0.500492039136589,0.732593131484464,0.62042302521877,0.0283969263546169,0.438469768036157,0.969820798141882,0.183025232283399,0
0.229752573895454,0.716955711062253,0.426387650193647,0.197534865932539,0.666953244479373,0.827686599921435,0.0618479726836085,0.261559663340449,0.394343824358657,0.621565748238936,0
0.121156906098593,0.944592739364598,0.0759832388721406,0.635380758438259,0.4760290782433,0.755499938502908,0.499308610567823,0.448198354803026,0.637020814698189,0.964544308371842,0
0.706338276233897,0.648575111501664,0.890573997749016,0.763381546130404,0.717970666009933,0.0360763291828334,0.525669233174995,0.0205877723637968,0.391090347897261,0.803869977826253,0
0.559691244901624,0.415317502665985,0.618638444226235,0.819557683775201,0.366298706270754,0.927941405214369,0.576222706120461,0.505359611008316,0.85450160689652,0.335099084535614,0
0.729362839659676,0.738826247243956,0.774076110916212,0.392876499332488,0.70384800224565,0.701012440724298,0.126102225156501,0.827619476942345,0.757340561365709,0.665231022052467,0
0.511917196071427,0.513533250491135,0.0498175558168441,0.989350106799975,0.529545187717304,0.713671545730904,0.858757778769359,0.33606477943249,0.741513547953218,0.0434190744999796,0
0.295656702765264,0.268102500996552,0.709230814361945,0.58021530136466,0.264276542933658,0.475616099080071,0.367936240509152,0.915749347070232,0.595289873424917,0.554583510151133,0
0.447887137953564,0.654150589101855,0.470521643524989,0.913051737006754,0.366587788099423,0.413514239015058,0.879904746077955,0.799154398497194,0.168721281923354,0.859282517340034,0
0.735427017090842,0.770721834851429,0.327146100113168,0.512871376238763,0.566580936079845,0.440375338075683,0.830261095659807,0.562977778958157,0.298270876985043,0.572234756313264,0
0.891264756716415,0.922626183277462,0.957436451921239,0.970658502774313,0.740998872322962,0.0346908690407872,0.506430452223867,0.393556521972641,0.923211958492175,0.931273794500157,0
0.748904250562191,0.297971997410059,0.671786930877715,0.36297928658314,0.627296265913174,0.063807510305196,0.319648135220632,0.827002564910799,0.477004996268079,0.578866513445973,0
0.518212279471569,0.477024942818098,0.901355014881119,0.895684307441115,0.438034663442522,0.708884681575,0.0743034186307341,0.983463649870828,0.241213145665824,0.82237477786839,0
0.403402613708749,0.470139153767377,0.784294898388907,0.492965715005994,0.236290144501254,0.490451814839616,0.687890035798773,0.95570539101027,0.552459076279774,0.408658247906715,0
0.799050042627472,0.864696983340383,0.427511226851493,0.752041833242401,0.054229958448559,0.961213688831776,0.68011136399582,0.450572006171569,0.315422216663137,0.539832793641835,0
0.0843815558975562,0.07460534631107,0.808158201165497,0.846791081363335,0.70548626058735,0.569682052126154,0.108924814499915,0.165537441615015,0.315973629476503,0.642256769351661,0
0.815000186708476,0.770298819768801,0.6876053691376,0.708264726679772,0.887878498528153,0.371541907545179,0.963420684682205,0.563106256071478,0.474184418097138,0.517249464755878,0
0.693763964382932,0.740476724771783,0.482049705460668,0.0743604092858732,0.0326054545585066,0.115110650425777,0.969747220166028,0.38926151371561,0.478517324430868,0.140279468148947,0
0.774106111843139,0.234362078597769,0.687922699376941,0.352076346054673,0.191946613136679,0.473809698130935,0.752896519377828,0.262012803927064,0.672222535591573,0.881921356776729,0
0.869233186383173,0.825600162229128,0.144652026472613,0.404983596177772,0.0688708489760756,0.557489990489557,0.243311177240685,0.159234082093462,0.800918773049489,0.0610165065154433,0
0.708649990381673,0.252330870367587,0.0397401340305805,0.179433267796412,0.293635503388941,0.196073235245422,0.267379062483087,0.355060016503558,0.268831599038094,0.0932777321431786,0
0.61111440214254,0.548075140630826,0.529016039101407,0.00503049558028579,0.89673181110993,0.843886340968311,0.640011864248663,0.856315911281854,0.696408511605114,0.886070102918893,0
0.917492432466242,0.185133288453799,0.966080377576873,0.698324073338881,0.295876531396061,0.834495012415573,0.105184418847784,0.937472904566675,0.429791236529127,0.923883367795497,0
0.129707961799391,0.150286626563594,0.745018668705598,0.356781244510785,0.67099262913689,0.0612757341004908,0.612038975115865,0.403879321180284,0.710363064426929,0.0138677591457963,0
0.272344890516251,0.34816307737492,0.708693663589656,0.914186797803268,0.280599026242271,0.396682192338631,0.134713435778394,0.397243256680667,0.749006951227784,0.845009499462321,0
0.107005295075476,0.187172050917149,0.511335850693285,0.581775466213003,0.0196505831554532,0.603434564545751,0.261646362720057,0.588818939169869,0.511192283825949,0.00116804335266352,0
0.302712383214384,0.685617469716817,0.58294654567726,0.540881195338443,0.705189189407974,0.570425156736746,0.27637057332322,0.100343732396141,0.579534901771694,0.473475143779069,0
0.401348733110353,0.643303298857063,0.853324652416632,0.467026381054893,0.703073231736198,0.85987271880731,0.0355452613439411,0.156210377113894,0.440146068809554,0.443109059240669,0
0.930208319515269,0.0147202522728592,0.327949509490281,0.991086258087307,0.106202449649572,0.554638507543132,0.854028269648552,0.736592640634626,0.29905991256237,0.477890567155555,0
0.0988203210026026,0.849168643392622,0.593850176781416,0.660809168126434,0.164897825801745,0.38257936341688,0.963882114971057,0.359910524683073,0.569786616833881,0.859893937828019,0
0.740259720012546,0.807074631098658,0.984760203631595,0.274256125790998,0.095593687845394,0.00239763502031565,0.169102323008701,0.953785011311993,0.638750918209553,0.462206948315725,0
0.359787342957221,0.329536797721125,0.286329078953713,0.605435208184645,0.470800276147202,0.348126481054351,0.33580364799127,0.821373800281435,0.194039903115481,0.973413917701691,0
0.154487550517078,0.829488195296377,0.0888051674701273,0.538517262088135,0.0993816044647247,0.350993926171213,0.83539253147319,0.347221372183412,0.573915635002777,0.388809613185003,0
0.487663184262812,0.552697503142059,0.344090100610629,0.0493130336981267,0.468990435823798,0.859970708144829,0.951195485657081,0.500349504640326,0.556012811139226,0.212991212261841,0
0.728145198758226,0.207733608789928,0.811261683003977,0.445932321250439,0.81949557736516,0.455522781936452,0.494817984756082,0.919100601226091,0.553079990902916,0.900054960511625,0
0.311877444619313,0.593846008414403,0.00664606341160834,0.552853522822261,0.545953612774611,0.181306315585971,0.755110171157867,0.0854553433600813,0.555933172581717,0.0847098107915372,0
0.251517093714606,0.848892185694631,0.667881323257461,0.568251286400482,0.197149016428739,0.407232528785244,0.271356296492741,0.197180825285614,0.85013544652611,0.838710322976112,0
0.495399099076167,0.415725375758484,0.103091569151729,0.584266807651147,0.70934006688185,0.69081004941836,0.705247192643583,0.339283549692482,0.394705139100552,0.121269545052201,0
0.0488817543367855,0.0467656318312511,0.940564161166549,0.799476066837087,0.166568612447008,0.909805927192792,0.604233594844118,0.659790865378454,0.161264129681513,0.0537266784813255,0
0.231320345420949,0.801883514208347,0.395221049431711,0.0321534348186105,0.505982248578221,0.0515237064100802,0.610628585796803,0.22839483898133,0.680406714556739,0.686702999286354,0
0.877483177464455,0.0711569639388472,0.959445630433038,0.746338553493842,0.00923370919190347,0.496908922214061,0.365639865165576,0.857702271081507,0.568799803266302,0.036985892103985,0
0.887199106578901,0.191383810927346,0.24978071032092,0.666112951235846,0.258414185373113,0.494306555017829,0.286418142495677,0.556807833956555,0.0799449651967734,0.520569744519889,0
0.346405997173861,0.40522714657709,0.825481164269149,0.423751902068034,0.940092185046524,0.0183234671130776,0.932865454815328,0.435045644873753,0.626666380558163,0.683199123013765,0
0.827138222611882,0.182788024838082,0.0823917530942708,0.0328797968104482,0.0862957427743822,0.128634653519839,0.889603318879381,0.774523909669369,0.793672825908288,0.500080399215221,0
0.61555718514137,0.349250156898052,0.236933413194492,0.28532991069369,0.486774862045422,0.946779306279495,0.329840161604807,0.974751360947266,0.758173043141142,0.460257074097171,0
0.720306681003422,0.655791763914749,0.344497308367863,0.163096115924418,0.0902689245995134,0.750159094110131,0.210183318937197,0.362785673467442,0.676556355785578,0.734014009824023,0
0.555395297418628,0.513184980986454,0.390980580123141,0.236943896394223,0.3037415149156,0.58971804054454,0.983282936736941,0.561414435273036,0.230999631574377,0.212177688721567,0
