"1","2","3","4","5","6","7","8","9","10","class"
0.2965514191892,0.285187829518691,0.0724022060167044,0.285533206537366,0.333819079911336,0.72505565918982,0.755301143741235,0.800359101267532,0.62894056760706,0.398048692848533,0
0.345743836024217,0.108390129976347,0.820796651765704,0.797282582614571,0.931850255466998,0.69961158093065,0.817114793229848,0.276064913487062,0.571300917072222,0.251264911843464,0
0.724195356015116,0.390228489413857,0.549681125674397,0.0329932717140764,0.0195323957595974,0.354324320796877,0.274982542032376,0.58458852302283,0.29247280722484,0.482467676745728,0
0.379152136621997,0.610728583298624,0.849960491759703,0.710286684334278,0.975303751882166,0.127681903541088,0.00462712859734893,0.776826536050066,0.872445379849523,0.305865636095405,0
0.688437402481213,0.150666827801615,0.560480919200927,0.0383518307935447,0.647418487351388,0.722864244598895,0.896945291664451,0.672205504029989,0.447607294423506,0.918539899401367,0
0.316579841087107,0.833492838444654,0.847759896656498,0.73175363522023,0.395990991499275,0.614386831410229,0.715535149211064,0.281359963351861,0.586790370987728,0.717383248033002,0
0.852034771814942,0.904452096205205,0.0140283305663615,0.89653694210574,0.775058148894459,0.730223472462967,0.116014014231041,0.823595995316282,0.315149219473824,0.803175773937255,0
0.707713059423678,0.703767370833363,0.810536013217643,0.247896878514439,0.907316158758476,0.136593573493883,0.0157293141819537,0.111594491871074,0.639500361867249,0.513330139685422,0
0.624036270401999,0.685155029363371,0.584863084601238,0.789778937352821,0.94566154689528,0.607126536779106,0.217389487428591,0.98765465663746,0.712983781471848,0.748489627847448,0
0.78417868562974,0.0269181455951184,0.767319235950708,0.267044167034328,0.866783150238916,0.443844159366563,0.108769215643406,0.147779687307775,0.394206597702578,0.372498764889315,0
0.939528315793723,0.836926242569461,0.794403686188161,0.889337980188429,0.0871869751717895,0.0542944890912622,0.320608461508527,0.96812448836863,0.160004979465157,0.636856191558763,0
0.00604718853719532,0.882754498627037,0.216475062770769,0.447186812991276,0.922058817464858,0.281561573036015,0.204927545040846,0.631118863588199,0.659696384798735,0.808879414806142,0
0.861656906570494,0.23488757730592,0.453202494885772,0.996175222564489,0.818670987151563,0.989095778204501,0.99402874824591,0.551625027321279,0.191312675829977,0.20861289720051,0
0.536068185931072,0.683289846405387,0.44623767118901,0.00705425092019141,0.45283192419447,0.728364647366107,0.472683082101867,0.488732480444014,0.320124038262293,0.376206706278026,0
0.398643458665162,0.697615719845146,0.173474907875061,0.877568474737927,0.254303969210014,0.735830555669963,0.294345012865961,0.20670349500142,0.31519902125001,0.904133955948055,0
0.953716123243794,0.783666351577267,0.47295420547016,0.0275050417985767,0.369655076880008,0.874209185596555,0.749999932246283,0.807594283483922,0.466669292189181,0.448930607875809,0
0.694879309972748,0.342221416998655,0.0995327597483993,0.64801615010947,0.295951532898471,0.0845937828999013,0.0720102812629193,0.676180667709559,0.878016496775672,0.418291558278725,0
0.603033601391222,0.801962402363867,0.153452125377953,0.100282817846164,0.673218014417216,0.555080724647269,0.763505612500012,0.613205017521977,0.44466710393317,0.380834917770699,0
0.149215412791818,0.292131741996855,0.182448838837445,0.616709326859564,0.726188212633133,0.2216244218871,0.287475254386663,0.637116197729483,0.471188243944198,0.201770148938522,0
0.101796703645959,0.789962601382285,0.0199841232970357,0.478122427361086,0.901296020718291,0.0758061362430453,0.904702224070206,0.264135227771476,0.482673939783126,0.35192436282523,0
0.510530848824419,0.54163610285148,0.875572211109102,0.901279878336936,0.96799108129926,0.676203878363594,0.918858928838745,0.0866569147910923,0.184775975067168,0.71841091173701,0
0.678715586835518,0.354496033837646,0.592847313499078,0.921793146757409,0.987824835814536,0.867887379368767,0.293160485802218,0.0110577344894409,0.942155858036131,0.156106721609831,0
0.820869104238227,0.12989960052073,0.518026628531516,0.376242264872417,0.957270773593336,0.516998236998916,0.423955149482936,0.0358768082223833,0.633067950140685,0.687911334680393,0
0.469314744287729,0.338033023133222,0.321707609808072,0.319478050805628,0.530321279074997,0.971349327359349,0.437797514721751,0.330835994333029,0.200538252247497,0.718636422418058,0
0.115456212777644,0.0984525671228766,0.89047956909053,0.989694759948179,0.562386251986027,0.847808035090566,0.195667611202225,0.286750549683347,0.532496434170753,0.845344986999407,0
0.175445793895051,0.0332326623611152,0.554679677588865,0.536754089640453,0.166964617092162,0.339814744424075,0.380695363739505,0.0872600809670985,0.0324127960484475,0.619773699901998,0
0.791493173921481,0.350372069980949,0.111773514188826,0.0780484138522297,0.779870352009311,0.107986704446375,0.142416730988771,0.766080616274849,0.0867610233835876,0.0509936441667378,0
0.642188269877806,0.828349025454372,0.40603028726764,0.50849343650043,0.649995002662763,0.357362451963127,0.408095690654591,0.4635480993893,0.474320470355451,0.355748354690149,0
0.335307451430708,0.607285122852772,0.763650606153533,0.0330935490783304,0.15028529567644,0.523036988917738,0.29615927557461,0.97944650775753,0.824626289308071,0.426534688100219,0
0.532039489131421,0.433048813836649,0.28540090052411,0.19116588216275,0.975945256883278,0.598239714745432,0.387607560725883,0.746887965593487,0.0863605404738337,0.122675222111866,0
0.364016541760415,0.422966362025589,0.956561653641984,0.634415403474122,0.667097859084606,0.789033421315253,0.913761891657487,0.000494420761242509,0.737605375470594,0.171659407904372,0
0.663555663777515,0.196398905245587,0.966661841375753,0.458402012009174,0.243903944734484,0.730809918604791,0.678465544246137,0.253356827655807,0.358997596194968,0.131238045403734,0
0.948420151777752,0.926199334827811,0.159779014997184,0.588819646043703,0.0761004746891558,0.5632482948713,0.522047504084185,0.267228376818821,0.823526034131646,0.798986674053594,0
0.407999167917296,0.710421628784388,0.458656438393518,0.357170565286651,0.308916517300531,0.905463261762634,0.774519158527255,0.987032704055309,0.255437056766823,0.259118214482442,0
0.818071970483288,0.310663944808766,0.926605259301141,0.591216898756102,0.701100846752524,0.373422355391085,0.562453062972054,0.583032985683531,0.407025199616328,0.768923414172605,0
0.951436065901537,0.266344557870179,0.530494927894324,0.443709730636328,0.922842257888988,0.235068375244737,0.873873291071504,0.836742540122941,0.840524913510308,0.474431003909558,0
0.198894193628803,0.191593680763617,0.326929967850447,0.354552754433826,0.554680319968611,0.207861803937703,0.498851663200185,0.853030574508011,0.588930126279593,0.491560326889157,0
0.849988562520593,0.11852691299282,0.825381461298093,0.53164172754623,0.698340884642676,0.324636543635279,0.784889128059149,0.875512484228238,0.801412360975519,0.915016399463639,0
0.062724079586938,0.0551215410564095,0.24419735209085,0.429678135784343,0.727705624653026,0.333023604704067,0.456584907369688,0.0434120963327587,0.628412653226405,0.347863854374737,0
0.413153087953106,0.743503438774496,0.270870068809018,0.184211382176727,0.630383754847571,0.42972640064545,0.972259665606543,0.971044435864314,0.804061704780906,0.209477012278512,0
0.751920700307004,0.563591830957681,0.00620097597129643,0.656405249144882,0.516974726924673,0.0499815163202584,0.926848843228072,0.857254891656339,0.508258651942015,0.427293322747573,0
0.691109418869019,0.668405277421698,0.931169010465965,0.101442623417825,0.41868864512071,0.983162186807021,0.0735233223531395,0.254705727798864,0.724481332814321,0.152121551800519,0
0.964580576401204,0.816041641170159,0.551281708292663,0.667282641632482,0.610528533579782,0.12740816315636,0.896141981007531,0.00276241637766361,0.933786324923858,0.605686513707042,0
0.563377810176462,0.756633899873123,0.905341621953994,0.0634980583563447,0.734229881083593,0.373254359699786,0.357560797827318,0.835202038986608,0.694791992893443,0.504330346593633,0
0.767357032280415,0.676016068551689,0.0866697744932026,0.993742975639179,0.521581385517493,0.766647127456963,0.101306570693851,0.322347783017904,0.200361363589764,0.427981259301305,0
0.139286888763309,0.935885640094057,0.788716894574463,0.979231911245733,0.64779506274499,0.734175905119628,0.905649231281132,0.421299007721245,0.9415639906656,0.911508197896183,0
0.409937496762723,0.627478925744072,0.538804431678727,0.160574833396822,0.629484761273488,0.853665963513777,0.981239843415096,0.24066387093626,0.836831570137292,0.680621686158702,0
0.497830606065691,0.64664440928027,0.696234674192965,0.95525465044193,0.404468674212694,0.150215666275471,0.941766201052815,0.652511392952874,0.572808701777831,0.555147837847471,0
0.14271080121398,0.336745887063444,0.451372031588107,0.39563746470958,0.410725485766307,0.78496590256691,0.866540449671447,0.79518614965491,0.270579154370353,0.385588717414066,0
0.568826458416879,0.463885843753815,0.446724248118699,0.152958215679973,0.911836230196059,0.737717949785292,0.0400933264754713,0.448779916390777,0.685564485611394,0.724556456319988,0
0.356830851174891,0.680984588107094,0.926185239106417,0.340082623530179,0.522703342838213,0.979729937622324,0.990158676402643,0.0683570487890393,0.646782990777865,0.936365064000711,0
0.213943017181009,0.898187446175143,0.891935128485784,0.284568684175611,0.230919717578217,0.998105008853599,0.676021441817284,0.277496104128659,0.0359417693689466,0.0753023044671863,0
0.687345663784072,0.503205962479115,0.913551318924874,0.913754640845582,0.321119927801192,0.0159854153171182,0.592401972273365,0.172466284129769,0.00273893377743661,0.918515031924471,0
0.763220547232777,0.593512075953186,0.394391740206629,0.359303535660729,0.935607589315623,0.204335222486407,0.504055332625285,0.942043544957414,0.248722759075463,0.46397313917987,0
0.810565104475245,0.0752534961793572,0.798151580849662,0.383998966543004,0.567575472639874,0.674653253285214,0.230561883188784,0.903987034456804,0.565391262527555,0.306522858794779,0
0.264907750301063,0.142372085945681,0.95797749562189,0.698417452163994,0.944181184982881,0.668314182665199,0.840967167867348,0.678807978052646,0.17952796514146,0.97201867448166,0
0.733210482168943,0.180787962861359,0.698889149585739,0.356272582430393,0.176092260750011,0.507923535769805,0.763276994926855,0.00380655052140355,0.923968396615237,0.278773352503777,0
0.299199470438063,0.225199425263982,0.766716182930395,0.401817029574886,0.540139039978385,0.726106782676652,0.433242974802852,0.43997875531204,0.420735812978819,0.405034847091883,0
0.692633681930602,0.433290098793805,0.495029133511707,0.298532411688939,0.573990323347971,0.174531024647877,0.585975140798837,0.27421255945228,0.363219623686746,0.605835222871974,0
0.310621308469027,0.630410750738811,0.658956920728087,0.87631562189199,0.478586815297604,0.963645858922973,0.734741831198335,0.487893071724102,0.299547763541341,0.848614142509177,0
0.920702959769405,0.0901044258624315,0.374163408763707,0.913696687668562,0.101437052711844,0.830195486079901,0.337215145118535,0.169413541210815,0.455829156329855,0.79325948166661,0
0.0295693250373006,0.969390189973637,0.332350292475894,0.894926524721086,0.199006791459396,0.0300345125142485,0.491951147094369,0.801006112946197,0.842300105141476,0.550621882779524,0
0.235184591030702,0.91085296147503,0.208218307234347,0.824946057284251,0.898818593239412,0.488352316664532,0.969553065486252,0.32255135057494,0.179658942855895,0.608789780410007,0
0.234939814597089,0.963611427459214,0.445532731711864,0.969892170513049,0.0868479458149523,0.632120970636606,0.278526153881103,0.779310539131984,0.0969255552627146,0.931782766245306,0
0.815724749821983,0.130157554720156,0.474808326922357,0.522713663289323,0.862663201987743,0.899396858876571,0.567019430920482,0.635320089990273,0.579324759310111,0.548812883440405,0
0.247773910639808,0.573216836433858,0.956139213871211,0.129868193296716,0.350822868058458,0.081441602203995,0.783732244279236,0.548997659934685,0.2177782158833,0.831895806128159,0
0.276524145156145,0.73974905977957,0.691831485368311,0.364182350924239,0.173830406973138,0.810038580093533,0.307247371645644,0.245297703659162,0.93180691706948,0.323707657167688,0
0.181503859581426,0.103633045218885,0.371393732959405,0.91656857309863,0.52615938638337,0.349431805312634,0.405817850958556,0.615746235009283,0.317549211671576,0.591669283807278,0
0.919931373036094,0.103599644030072,0.882088689366356,0.172949082218111,0.827680404996499,0.623990361113101,0.0325134641025215,0.254323267377913,0.817570200422779,0.0261040774639696,0
0.336705512943864,0.865376393707935,0.0925468823406845,0.680154609959573,0.27519329614006,0.133412402356043,0.351728227455169,0.432790787192062,0.157539163250476,0.722779430216178,0
0.0247384662050754,0.902564473660663,0.305069046095014,0.261903313454241,0.224247119855136,0.524309211410582,0.476878322893754,0.899677571607754,0.455650793621317,0.648345626424998,0
0.804296865475457,0.861562688052841,0.489389558089897,0.835680324351415,0.207753649214283,0.44865458807908,0.320512628881261,0.872095833066851,0.192701975116506,0.929049883503467,0
0.0328359573613852,0.0557751278392971,0.0800771447829902,0.98433171515353,0.349738720105961,0.174529951065779,0.903734265128151,0.827756449580193,0.400391646893695,0.52064028615132,0
0.37958562746644,0.60564457019791,0.384852303890511,0.111879834439605,0.173719294602051,0.285436726408079,0.257848341949284,0.823064769385383,0.648982744198292,0.815571257611737,0
0.16562858941257,0.936161799766868,0.262697458500043,0.439426440279931,0.445666709449142,0.773542186012492,0.879647496389225,0.4036643744912,0.655639131553471,0.585375017486513,0
0.312517418968491,0.551150584195275,0.145471323514357,0.920358300209045,0.536184618249536,0.0345173601526767,0.627131088869646,0.944177877157927,0.40630971477367,0.881253445520997,0
0.0701020548585802,0.231714165536687,0.466691984096542,0.141832262743264,0.856511957012117,0.771597776096314,0.703672224422917,0.491158756427467,0.483233428560197,0.851457551820204,0
0.338155644480139,0.840966784162447,0.0696487913373858,0.695141308940947,0.905517654726282,0.50838286918588,0.697817807551473,0.766126874135807,0.978578815469518,0.357859592884779,0
0.844037738991156,0.849542780438438,0.175020839087665,0.549547768896446,0.112284266622737,0.0825360224116594,0.046111071947962,0.428854342550039,0.993571787839755,0.0861950358375907,0
0.826818908099085,0.289213211042807,0.175514194648713,0.847623812267557,0.482296045403928,0.854395416099578,0.824218298308551,0.169845222961158,0.893774442607537,0.50343618215993,0
0.0782539315987378,0.973748042248189,0.860039377817884,0.470272833714262,0.547957232454792,0.15486850659363,0.193169671809301,0.237246555509046,0.0395127651281655,0.377174889668822,0
0.810698115900997,0.124614174505603,0.271719193086028,0.150191004853696,0.318035966949537,0.791366164805368,0.719973932718858,0.505483605200425,0.341327727539465,0.646266577998176,0
0.676187584642321,0.214302530046552,0.546638914383948,0.585818197578192,0.437071251682937,0.45894407783635,0.45153946778737,0.0671567982062697,0.61293168598786,0.874683260452002,0
0.237730039982125,0.70171902445145,0.671244123019278,0.87395469727926,0.0621546350885183,0.554682294372469,0.82451630756259,0.00297503918409348,0.51925707818009,0.710219230735675,0
0.342882043914869,0.257858435623348,0.134685884462669,0.152026787400246,0.814795518061146,0.373952724039555,0.285379146691412,0.366245871875435,0.507604559417814,0.71530962921679,0
0.839183864436112,0.757290023132227,0.567345185671002,0.642789135221392,0.808950394857675,0.178571986500174,0.319676744285971,0.750296083046123,0.408531167777255,0.423846241086721,0
0.735354171320051,0.185460331398249,0.573170171817765,0.417486866936088,0.776108174817637,0.259821508778259,0.620743341743946,0.343357799341902,0.426990021951497,0.864894240628928,0
0.172733441228047,0.64979865308851,0.29898007819429,0.1001639906317,0.0243893256410956,0.17852175864391,0.456910877954215,0.365071014966816,0.156993351643905,0.464951789937913,0
0.398709802115709,0.775689449309371,0.15798574895598,0.914068930549547,0.940548856044188,0.257715592393652,0.471144578885287,0.502765834098682,0.562390880659223,0.255298026604578,0
0.393032050225884,0.673497540643439,0.673901428934187,0.90993833146058,0.597563120070845,0.187878624536097,0.540815501706675,0.401047176215798,0.852908519329503,0.230027134064585,0
0.137923349946737,0.846587775478139,0.637783931801096,0.1243950673379,0.982467682333663,0.812575427116826,0.217604751698673,0.199822451220825,0.77601035637781,0.389741531806067,0
0.840096702479571,0.78768142070435,0.72734386054799,0.219817647477612,0.688729642424732,0.634092998923734,0.724005169002339,0.322096528252587,0.917521876748651,0.609104866627604,0
0.0986752633471042,0.0668437380809337,0.317819267744198,0.234728923300281,0.548332075588405,0.660455319331959,0.988973087863997,0.927325712051243,0.125082103302702,0.745930283796042,0
0.733906096155383,0.774595962436777,0.974120473256335,0.984936131164432,0.614594002021477,0.296087141847238,0.115838801721111,0.661121032433584,0.884809195064008,0.997523565776646,0
0.249925561482087,0.743267118465155,0.796377864899114,0.942795858252794,0.78352965041995,0.334844078402966,0.843465693295002,0.528957321075723,0.678215871797875,0.121062817052007,0
0.698850955115631,0.226190720219165,0.160053442465141,0.389604637864977,0.0458906220737845,0.312964621931314,0.91434121876955,0.300280788447708,0.282682952936739,0.99488014052622,0
0.164207101101056,0.0031461869366467,0.640591186005622,0.924935777438805,0.652862909249961,0.785398439038545,0.700585058890283,0.114648455521092,0.038709290092811,0.836478487355635,0
0.970988407032564,0.852587134111673,0.161110180895776,0.928557512583211,0.495709086768329,0.602002802770585,0.273342256201431,0.224125693319365,0.141809340100735,0.0546443117782474,0
0.590975135797635,0.528174940962344,0.707745626103133,0.964441489893943,0.151110908016562,0.561940684681758,0.182379894657061,0.636567138601094,0.0745245753787458,0.786446896381676,0
0.387512499233708,0.0969304242171347,0.706404526950791,0.642869930015877,0.544590309029445,0.240058779018,0.186071291565895,0.464424630161375,0.220451125409454,0.813775930088013,1
