"1","2","3","4","5","6","7","8","9","10","class"
0.611690594349056,0.420280742458999,0.48188827605918,0.213015786604956,0.534553973004222,0.501540306024253,0.198911253130063,0.705353330122307,0.341732149245217,0.957311585079879,0
0.531478347023949,0.411478529917076,0.633289800724015,0.789620656752959,0.892687579151243,0.998481022194028,0.598220593295991,0.0299342351499945,0.729074100032449,0.15913937613368,0
0.320224771043286,0.752893269993365,0.39180452353321,0.478755311341956,0.390331229194999,0.644928020890802,0.401114383712411,0.350503478664905,0.786234807688743,0.556684903567657,0
0.0810196793172508,0.80146686010994,0.595870988210663,0.579704659758136,0.913949026027694,0.376998563064262,0.243665241403505,0.46185608394444,0.788923655869439,0.25626589381136,0
0.993457086617127,0.938961823005229,0.371181573020294,0.0687684970907867,0.191522663924843,0.135203397134319,0.473166746320203,0.582930165342987,0.839949998538941,0.246102974982932,0
0.0879469446372241,0.290199779672548,0.613891154294834,0.477005861466751,0.824072346556932,0.124248005449772,0.124394133454189,0.169598395237699,0.793980051996186,0.995013297535479,0
0.872496526455507,0.76962320599705,0.452902279328555,0.679864689707756,0.307866096496582,0.266291043488309,0.379402691498399,0.879603100009263,0.910096908453852,0.124201841186732,0
0.584088491508737,0.456230068812147,0.0150648273993284,0.437357511371374,0.575607996666804,0.272564041428268,0.866126018110663,0.673158001853153,0.925183480605483,0.612488825805485,0
0.8306468592491,0.0125883754808456,0.898926401278004,0.651522765634581,0.0221269247122109,0.976727501722053,0.0306564152706414,0.707341932924464,0.613016118528321,0.383009351091459,0
0.319984143832698,0.968797747045755,0.2949286212679,0.051284386543557,0.367340269964188,0.31900064018555,0.563423413317651,0.815875523490831,0.0937315530609339,0.412243585567921,0
0.183980327798054,0.949306372785941,0.22322912234813,0.738861150573939,0.0666261301375926,0.644033647608012,0.865345477126539,0.455782202305272,0.0254761769901961,0.51544571085833,0
0.753621086711064,0.533280754461884,0.547029613982886,0.775348122930154,0.257829217938706,0.91828351910226,0.0546339254360646,0.959763889899477,0.248089198721573,0.993556678295135,0
0.15024524088949,0.220213454915211,0.0523040890693665,0.671970766503364,0.4094096373301,0.900292203295976,0.340281335404143,0.178085534600541,0.85326221678406,0.399772468721494,0
0.437649792060256,0.785441384417936,0.0535673333797604,0.196176058379933,0.936613373225555,0.167578952619806,0.314127952326089,0.885211933637038,0.797947927145287,0.443635920062661,0
0.254238325636834,0.968229185091332,0.921315689804032,0.605052478145808,0.120274056680501,0.0601551947183907,0.561644631205127,0.476484005106613,0.180252898018807,0.453929004492238,0
0.896236321423203,0.966407231986523,0.232298854505643,0.855383793823421,0.78716550488025,0.0808658432215452,0.505090070655569,0.401552439201623,0.823360953480005,0.132497247774154,0
0.467506702058017,0.0994548751041293,0.569670321652666,0.974428561050445,0.801592623349279,0.154244999866933,0.788446593098342,0.746919945348054,0.486152951838449,0.459392955992371,0
0.695722497068346,0.718911087140441,0.396040190709755,0.270472281612456,0.484376003732905,0.256721017183736,0.327333462890238,0.181976125109941,0.750189698068425,0.585823576431721,0
0.989887277362868,0.51600554632023,0.611261567333713,0.624768459936604,0.794572935206816,0.186872999416664,0.732029910665005,0.640031534479931,0.794573978986591,0.836914751911536,0
0.700406003510579,0.57324236840941,0.63149808277376,0.573969271965325,0.835621734848246,0.746614889008924,0.448853119974956,0.5727688097395,0.0766970231197774,0.743198550306261,0
0.957603671588004,0.813870914746076,0.584997612982988,0.87607234576717,0.185846172040328,0.23077428736724,0.745280224829912,0.0220413643401116,0.420898976968601,0.354600724996999,0
0.684404594358057,0.988950281636789,0.851674244506285,0.936046474613249,0.493531511398032,0.880739175248891,0.886063665617257,0.384766272734851,0.72271666675806,0.395507129840553,0
0.327721940353513,0.27525687078014,0.437225075438619,0.894380080280825,0.475963240955025,0.789801134262234,0.726490068482235,0.125146661885083,0.77189155202359,0.593276947038248,0
0.302403127076104,0.839673421811312,0.6091597401537,0.829012264031917,0.653722243616357,0.326197203248739,0.430467463331297,0.549455223372206,0.456449778517708,0.146446694387123,0
0.682229556143284,0.336258359486237,0.958703086012974,0.865685279481113,0.622162541607395,0.176015995442867,0.662327435798943,0.465338485781103,0.0258976730983704,0.510930262738839,0
0.600235237041488,0.0976578244008124,0.304653205908835,0.224762963363901,0.256734345341101,0.10865222918801,0.566642106045038,0.626497292658314,0.366396550554782,0.814551348797977,0
0.872653159080073,0.179297761060297,0.750946963904426,0.144648992922157,0.831088753649965,0.553693731781095,0.579200476640835,0.288994244299829,0.567745964275673,0.435161421075463,0
0.476017137756571,0.444329236866906,0.936874995473772,0.556851571658626,0.276579702040181,0.652117490302771,0.578544041374698,0.211639258079231,0.127341849496588,0.712814868660644,0
0.197693970985711,0.535568606341258,0.158184119965881,0.540340837091208,0.387942040571943,0.383361580781639,0.0574648941401392,0.814338185358793,0.877484152559191,0.121549726929516,0
0.503919031005353,0.925146464956924,0.511069289175794,0.530433206120506,0.0885857732500881,0.0608956953510642,0.77871457929723,0.520548558328301,0.0958435982465744,0.620614378480241,0
0.2760415810626,0.67720661079511,0.906553987413645,0.338316851994023,0.660023042932153,0.619399309856817,0.188211348839104,0.493956947233528,0.0343842750880867,0.422643903177232,0
0.00404531299136579,0.321901542600244,0.807212030282244,0.37420017994009,0.299944018712267,0.673778614029288,0.90006062341854,0.846383894328028,0.172280991449952,0.15559327416122,0
0.725225713569671,0.93883706163615,0.24555327789858,0.267387191066518,0.759711384307593,0.531734495190904,0.562723828945309,0.486863438272849,0.848654667381197,0.969312773784623,0
0.979320560116321,0.861110866535455,0.412742729764432,0.31614814279601,0.914326009340584,0.481951124034822,0.996178586268798,0.882299097953364,0.988488798961043,0.109998015221208,0
0.102233860641718,0.878880512202159,0.739375637378544,0.523556444561109,0.154086984694004,0.362594946753234,0.563879978610203,0.574953762581572,0.0903052727226168,0.975853260839358,0
0.104904925916344,0.92753545823507,0.211692814948037,0.208094691392034,0.689483849098906,0.578471431974322,0.454895726172253,0.880933072417974,0.0475559555925429,0.421479854732752,0
0.721502150641754,0.401020128745586,0.981371705885977,0.67300772620365,0.96146141923964,0.80457953014411,0.940153353381902,0.127387236105278,0.406876291846856,0.524513522628695,0
0.95436297939159,0.272099044639617,0.759889722103253,0.382877258816734,0.274355756351724,0.948258963413537,0.731343355029821,0.962610927643254,0.714897006517276,0.29866443388164,0
0.296478565083817,0.0716998202260584,0.165483864024282,0.223912765970454,0.483498060377315,0.816198385553434,0.904872914543375,0.307066230801865,0.651800346327946,0.125713656190783,0
0.872423991328105,0.156785935396329,0.985038459999487,0.00836364598944783,0.531362468609586,0.598737822845578,0.860868227668107,0.24521446810104,0.00657144444994628,0.586752373259515,0
0.919817900517955,0.348951432388276,0.484539767727256,0.747524537146091,0.853066340321675,0.726114637218416,0.267108992906287,0.33155872952193,0.208871737122536,0.189182271249592,0
0.687858597608283,0.930974608985707,0.375052006915212,0.152994518168271,0.736983980285004,0.250934946350753,0.0581875494681299,0.894108102889732,0.990275890333578,0.371331797912717,0
0.931731128832325,0.832237684633583,0.624226037645712,0.907613080227748,0.500567353097722,0.664969129953533,0.538246452575549,0.950643344083801,0.401754390215501,0.534388994798064,0
0.516360656591132,0.887458459474146,0.834377414546907,0.836908002849668,0.505963885691017,0.279764347011223,0.414517477387562,0.535469140158966,0.345790223916993,0.315394062781706,0
0.257097901776433,0.889921041904017,0.041991034289822,0.545173363527283,0.0782798156142235,0.887069601099938,0.765458724927157,0.256616815226153,0.412628330988809,0.68364689219743,0
0.156583152711391,0.0624161250889301,0.530006533954293,0.730218035867438,0.78128732717596,0.505259476602077,0.540096650831401,0.856103437021375,0.25486874114722,0.489099798491225,0
0.999355938285589,0.687961575808004,0.844476114725694,0.314714131643996,0.433797403937206,0.159940426470712,0.592941557290033,0.480083498870954,0.10577367967926,0.121688987594098,0
0.476961460663006,0.464337849291041,0.0876236369367689,0.645964480238035,0.596315885894001,0.50423786137253,0.956227198475972,0.845758729614317,0.213462408864871,0.294049934716895,0
0.624315304681659,0.238420296926051,0.29824933828786,0.201039188541472,0.867698410758749,0.183172057615593,0.811370634939522,0.223096097121015,0.966615376295522,0.0848189573734999,0
0.495433426927775,0.129776828922331,0.193870337447152,0.309155580354854,0.465860747266561,0.00679755606688559,0.418156899511814,0.0402559065259993,0.166178202722222,0.805196621920913,0
0.810313156805933,0.359844299964607,0.552028309321031,0.401824628934264,0.672839506529272,0.0127827906981111,0.930504816584289,0.115056215319782,0.670050858985633,0.276387052843347,0
0.681407516822219,0.784791371785104,0.201470794156194,0.943397158291191,0.533959730062634,0.373242232715711,0.125537479296327,0.807795248227194,0.530545726651326,0.108306623995304,0
0.673743863357231,0.616768169449642,0.837125743739307,0.953305291710421,0.00840958300977945,0.138725658645853,0.0633492928463966,0.76507773832418,0.51416753185913,0.248906038235873,0
0.91395493876189,0.364849799079821,0.984018719056621,0.0085878383833915,0.962397685274482,0.884240178856999,0.150000557070598,0.190369317308068,0.125860708532855,0.675872534513474,0
0.638816193444654,0.451183232711628,0.722024669870734,0.0603686154354364,0.368916172068566,0.442570120794699,0.532209831057116,0.942384406225756,0.411945086671039,0.903087571961805,0
0.219049751525745,0.171227156184614,0.873517145868391,0.983907352900133,0.106271935394034,0.0055827684700489,0.171793370507658,0.00316733913496137,0.691241776337847,0.0132590206339955,0
0.701015059836209,0.513085771817714,0.536773507483304,0.772729757241905,0.597311014309525,0.767100428463891,0.441623703110963,0.0184875589329749,0.019513183273375,0.996340774465352,0
0.331146458629519,0.586856575682759,0.828919846331701,0.0130399540066719,0.302012403029948,0.557899773353711,0.215421045897529,0.254678833996877,0.968155181501061,0.176548743387684,0
0.913329003378749,0.969899137271568,0.633495316142216,0.520307105500251,0.665736243827268,0.108468983322382,0.00507798511534929,0.0540093954186887,0.436265140539035,0.689823212334886,0
0.865535114426166,0.162061435170472,0.258527509169653,0.965901179006323,0.00363278039731085,0.208019271725789,0.416140401968732,0.475898484466597,0.495952282566577,0.223696791101247,0
0.684347540140152,0.717768186703324,0.60045318538323,0.576412778580561,0.674377331743017,0.14592060726136,0.858585260575637,0.670471254270524,0.131563575007021,0.530068085063249,0
0.509078872855753,0.0902909780852497,0.531690993579105,0.841391283785924,0.279948194976896,0.400341025786474,0.657247307011858,0.342329579638317,0.256871413206682,0.252269148826599,0
0.457832229323685,0.856909956317395,0.726453344104812,0.712169959675521,0.541865010047331,0.72089603357017,0.301367965759709,0.136410449398682,0.86052778433077,0.685509344097227,0
0.086228012572974,0.963270847452804,0.0887394221499562,0.96043817140162,0.282983734505251,0.423625643132254,0.976436590543017,0.574564618756995,0.253196622477844,0.690399456070736,0
0.436252985149622,0.454454890219495,0.711282091448084,0.178168752230704,0.16309796855785,0.441938751377165,0.588181010447443,0.0495009843725711,0.453960884362459,0.920979744521901,0
0.117600641911849,0.386412922292948,0.179817289113998,0.751266156090423,0.478659196058288,0.330476016737521,0.795134970918298,0.863778213737532,0.722823409829289,0.0600904724560678,0
0.772785977926105,0.742027524393052,0.340774555457756,0.939746825024486,0.580475802533329,0.303003735141829,0.996010066010058,0.479195101652294,0.255484696477652,0.283439717255533,0
0.40772917564027,0.226561260176823,0.891479555051774,0.831472440855578,0.410445730434731,0.434836643980816,0.697846760973334,0.920466538984329,0.0776659992989153,0.587779062567279,0
0.413069410715252,0.637244445504621,0.931611745618284,0.452510713599622,0.273619026411325,0.231354561867192,0.807861517881975,0.924202112713829,0.0396792797837406,0.258667331887409,0
0.198812684975564,0.0407471389044076,0.127155034802854,0.0434554361272603,0.645617606583983,0.752621899591759,0.0968407900072634,0.972583707654849,0.71959468908608,0.58495044708252,0
0.66877702344209,0.401236205361784,0.609903229866177,0.642197539098561,0.654139357618988,0.440859397873282,0.22860042587854,0.0512626129202545,0.989267299417406,0.546152170049027,0
0.0816223956644535,0.176070681540295,0.242232729215175,0.219075900968164,0.867263104300946,0.967857062350959,0.250990240834653,0.745963549474254,0.0626998576335609,0.750380858778954,0
0.790878552244976,0.324380266945809,0.386469388846308,0.63098075799644,0.0871439676266164,0.627730347914621,0.0719800214283168,0.448584489524364,0.608449782943353,0.934190734289587,0
0.772862329846248,0.442076861858368,0.589165820740163,0.756630754331127,0.381610089447349,0.299555003643036,0.876532439375296,0.927763227373362,0.256265748757869,0.201091593131423,0
0.435634082648903,0.000875169411301613,0.644486701115966,0.314703800715506,0.294514679349959,0.796237493865192,0.87431942904368,0.543767401250079,0.888225647388026,0.132287193089724,0
0.107799524674192,0.913537462474778,0.555850738892332,0.13615150609985,0.929839329328388,0.775169397005811,0.95558473886922,0.482077710097656,0.391175479162484,0.86831436981447,0
0.594500109087676,0.41645525326021,0.350496004335582,0.554978947620839,0.746439795708284,0.701936748111621,0.391427002614364,0.604043480707332,0.863216766621917,0.663839000277221,0
0.867805416695774,0.24470840790309,0.72754470910877,0.801534043624997,0.335612237919122,0.353869075654075,0.787530682981014,0.895586565136909,0.437918917508796,0.337992037413642,0
0.893204652937129,0.017130373744294,0.982997651910409,0.706400689668953,0.243823771132156,0.941907099448144,0.0785219792742282,0.836283573880792,0.0385093712247908,0.818755774991587,0
0.692235170630738,0.960709194187075,0.617716303793713,0.468616273486987,0.234332535415888,0.65865364507772,0.235641505103558,0.918924999888986,0.123480732785538,0.509473603684455,0
0.109051180304959,0.665902961976826,0.858023165958002,0.987045537913218,0.115851067472249,0.137050765100867,0.769559722160921,0.247790670953691,0.21685101184994,0.337324114283547,0
0.527921222848818,0.933292637811974,0.833637606818229,0.665172692853957,0.574220786336809,0.598366019316018,0.8036095907446,0.138466579141095,0.861575544578955,0.544120924081653,0
0.747544847428799,0.880673432722688,0.0271412830334157,0.732514043571427,0.370232192100957,0.28162070736289,0.0960253856610507,0.168769842945039,0.687539543258026,0.539095928426832,0
0.314790269127116,0.0349325411953032,0.580867161042988,0.0196638747584075,0.817433634074405,0.849574689054862,0.458190231118351,0.994983982061967,0.633604623842984,0.248884639935568,0
0.677373972488567,0.697769635356963,0.533919751876965,0.189694814849645,0.362633834127337,0.692758794873953,0.0333154029212892,0.634381629293784,0.988914141431451,0.730398413259536,0
0.307109925663099,0.312729724450037,0.626706019509584,0.341431185835972,0.0169409671798348,0.403710109414533,0.126010998617858,0.372087546857074,0.175442862790078,0.100186448777094,0
0.73137336736545,0.0431403804104775,0.528330991044641,0.244192288955674,0.327071161707863,0.178436411079019,0.365806089481339,0.0748402317985892,0.867596691707149,0.00591231463477015,0
0.277280834736302,0.538177527720109,0.76233697286807,0.142766712931916,0.495877742301673,0.586114360718057,0.37288927542977,0.0848836619406939,0.814314840361476,0.396737981354818,0
0.211596234468743,0.362836039159447,0.92952848598361,0.646079060155898,0.99516858253628,0.754050821298733,0.832318699220195,0.66824900615029,0.900463137309998,0.949950655456632,0
0.823224373627454,0.949707699706778,0.0202817479148507,0.015725890873,0.016494284151122,0.425756629556417,0.223062317119911,0.404768805718049,0.032602530438453,0.169543981319293,0
0.172780159628019,0.0914628345053643,0.0120723601430655,0.0589897835161537,0.591382291400805,0.105090494034812,0.169916238868609,0.5532886039,0.391315727727488,0.514165320666507,0
0.675030165351927,0.0338561634998769,0.342479046434164,0.824851439800113,0.477184341754764,0.625392877031118,0.457632329547778,0.890732238767669,0.104073366615921,0.652474429225549,0
0.234181026462466,0.0075139757245779,0.699284802656621,0.853732290212065,0.0624146070331335,0.345757346367463,0.559949597576633,0.919310513650998,0.0534410870168358,0.212266270304099,0
0.332266791258007,0.883989196037874,0.513805375667289,0.332495612325147,0.131790584186092,0.665274140890688,0.816950991284102,0.258779793279245,0.03052406036295,0.365583674283698,0
0.212791311787441,0.780893542338163,0.568663203157485,0.711382667999715,0.437461185734719,0.380555986426771,0.107760949293151,0.0245580491609871,0.256721339188516,0.0522246570326388,0
0.106452201725915,0.852026435313746,0.968321088701487,0.93884480278939,0.668036599177867,0.101758114527911,0.360994557850063,0.0990457194857299,0.692256639711559,0.808024242287502,0
0.656014946987852,0.00726853893138468,0.732523587532341,0.410524430219084,0.821012406609952,0.0171496826224029,0.0746701245661825,0.942108349641785,0.912731724092737,0.415300630265847,0
0.828030774835497,0.586384762311354,0.219693695195019,0.258633525343612,0.0092512546107173,0.44097439525649,0.223455148050562,0.890852117678151,0.241094012279063,0.980699321720749,0
0.532084213802591,0.840330869657919,0.660562740406021,0.85893737571314,0.500303237931803,0.611725153401494,0.530731122475117,0.0552666340954602,0.446105934912339,0.446799946716055,0
0.099862337578088,0.873238634783775,0.0485411796253175,0.0633400364313275,0.206894018454477,0.186889379285276,0.462167237186804,0.765299049671739,0.656203293474391,0.0457096470054239,0
