"1","2","3","4","5","6","7","8","9","10","class"
0.938910841709003,0.808097252389416,0.708487765397877,0.190060496795923,0.404769868124276,0.261086063692346,0.738992903381586,0.101391688920557,0.647012772038579,0.690376364160329,0
0.223887606989592,0.438067945418879,0.974640902597457,0.323051314102486,0.317810823675245,0.712323671206832,0.0600168572273105,0.225254715420306,0.717614939203486,0.224721078760922,0
0.791677877772599,0.444082856178284,0.247781262500212,0.380838719429448,0.40277514164336,0.0255376105196774,0.527986679691821,0.929790367837995,0.661765735363588,0.201310153352097,0
0.446780561935157,0.579439796041697,0.603462831117213,0.635480067227036,0.0321246921084821,0.0107695125043392,0.272364627802745,0.771856578299776,0.490204231580719,0.13281149091199,0
0.46128078433685,0.607475584605709,0.596056809881702,0.982101852074265,0.373996700160205,0.805391672067344,0.587067729793489,0.811107746558264,0.795298317680135,0.296121714869514,0
0.518766042543575,0.299146479228511,0.230718780308962,0.127337412210181,0.537081616465002,0.692535007605329,0.161057471996173,0.209285636199638,0.365020192461088,0.381849403260276,0
0.296004709652439,0.742078220902383,0.329967929050326,0.766388013260439,0.980671375757083,0.352146421326324,0.413009220035747,0.485408494714648,0.672967995516956,0.666328351013362,0
0.0414422260919586,0.871698354192823,0.148344586137682,0.191224627196789,0.0917648656759411,0.977514887694269,0.0946410470642149,0.383295845007524,0.377166377613321,0.218354528769851,0
0.181582616176456,0.810287539847195,0.208121384959668,0.434972481569275,0.911056941840798,0.997589984675869,0.626201297622174,0.706287214765325,0.202113922685385,0.721657257061452,0
0.815271336352453,0.732938516652212,0.0158431846648455,0.76610977598466,0.222870452562347,0.353685753419995,0.389560052426532,0.502393920673057,0.861267944565043,0.245204761624336,0
0.00379785941913724,0.255097617395222,0.978017009561881,0.376030812971294,0.550884477328509,0.435232657007873,0.76388399861753,0.355998666491359,0.651443754322827,0.574693451402709,0
0.907147486694157,0.776088932994753,0.429167112568393,0.325954619562253,0.149238028563559,0.978911767946556,0.310324250953272,0.540883471723646,0.260144552215934,0.374720270512626,0
0.343613229924813,0.81760566169396,0.404451510868967,0.0221617189235985,0.241255230503157,0.472871505189687,0.611959863454103,0.205437175929546,0.804098307853565,0.809926650254056,0
0.267174721695483,0.908707232680172,0.16428450262174,0.560949151869863,0.676729385275394,0.437580591300502,0.746405289275572,0.646529105724767,0.555206065764651,0.976322046713904,0
0.711478770943359,0.111576076829806,0.116089041577652,0.132598948432133,0.632088359445333,0.0225071220193058,0.477875657379627,0.0173918688669801,0.637481327867135,0.90557638485916,0
0.271408929023892,0.427728566806763,0.05544897262007,0.84510635654442,0.227965891826898,0.472389008617029,0.777924600988626,0.270623501390219,0.549816814716905,0.977382724173367,0
0.930479680336639,0.265783479281887,0.632182423491031,0.0896405223757029,0.595635908655822,0.371245613321662,0.958792462944984,0.744061495410278,0.599041485926136,0.906925828428939,0
0.192517277571745,0.924377624319401,0.567156341392547,0.95126551319845,0.637212826870382,0.712987339356914,0.781204495811835,0.701728707179427,0.327335908310488,0.571773052914068,0
0.237357965204865,0.930524338502437,0.308641688432544,0.471242386149243,0.761688267113641,0.124208635883406,0.0987787588965148,0.546678936807439,0.966115693794563,0.371649238746613,0
0.299327043583617,0.898977920180187,0.246801717206836,0.324265186674893,0.369594818679616,0.682614822639152,0.896715916227549,0.250760735711083,0.578809051774442,0.367185058072209,0
0.342029638821259,0.55154393427074,0.731970111839473,0.210320048034191,0.899492173921317,0.632166062714532,0.444889904698357,0.585755810141563,0.31746770022437,0.0275120241567492,0
0.326828403165564,0.330445850268006,0.665487999562174,0.713333875639364,0.861901545198634,0.66330863465555,0.0579762056004256,0.219469906762242,0.666849188040942,0.459902275586501,0
0.180413819567859,0.741692419920489,0.481228794669732,0.227372500114143,0.67482216656208,0.7904490577057,0.758503113174811,0.0929546758998185,0.837783738737926,0.200571631081402,0
0.618202050682157,0.210570591734722,0.107675620354712,0.452795914374292,0.85573628009297,0.43949769786559,0.102086230413988,0.784103159792721,0.863882498349994,0.245780915254727,0
0.23560638492927,0.391755419783294,0.59219834767282,0.80085976771079,0.884455215418711,0.469671411672607,0.301880490733311,0.323109933873639,0.380630032159388,0.149485774571076,0
0.0791803763713688,0.849045271286741,0.0910042705945671,0.321619774214923,0.232390229590237,0.559814476873726,0.613700504647568,0.498215299332514,0.38905988028273,0.14556821086444,0
0.0816428740508854,0.947912103962153,0.796369296265766,0.352408481761813,0.457821233896539,0.33738666260615,0.322749726241454,0.501308772247285,0.410793724702671,0.0440322931390256,0
0.217949424794875,0.11767330198735,0.315064159687608,0.0593859788496047,0.66625898773782,0.63581886771135,0.531845720950514,0.147788925329223,0.121983460150659,0.328221857314929,0
0.699036797974259,0.684882560512051,0.868061224929988,0.637130459072068,0.420655006309971,0.0689763410482556,0.49074397678487,0.178912951843813,0.872934522805735,0.0421148925088346,0
0.650757333558332,0.424112540485803,0.244838378159329,0.980096207233146,0.603712925454602,0.341793837957084,0.580638416111469,0.1040166139137,0.869420452509075,0.778312370413914,0
0.315895741339773,0.676762484945357,0.325012087123469,0.347509689861909,0.584393742028624,0.707441105041653,0.898755463305861,0.0179440602660179,0.231559188570827,0.549021059181541,0
0.864047211129218,0.793862447375432,0.336094096768647,0.630497692385688,0.164147175382823,0.0594513637479395,0.537217163247988,0.504118439042941,0.926988139050081,0.692436114419252,0
0.797308281296864,0.427532612578943,0.767358898883685,0.554127619601786,0.68635085830465,0.713764490559697,0.0132703359704465,0.478174415882677,0.117645269958302,0.521346168592572,0
0.596217936622631,0.381400202531461,0.980431033764035,0.405919610988349,0.287762370193377,0.223095112480223,0.313084125285968,0.107976330677047,0.889101913431659,0.238229503855109,0
0.0591456193942577,0.737380320671946,0.550993361044675,0.264945509145036,0.40151026006788,0.405341698089615,0.661245275987312,0.504465253092349,0.422633797861636,0.438824677141383,0
0.296777747338638,0.594936386449262,0.846820635488257,0.560748030198738,0.159356156829745,0.322113303700462,0.451922152889892,0.208421712508425,0.266103611560538,0.082886213902384,0
0.941551182068139,0.0865197589280084,0.698705172399059,0.972362979548052,0.839091934962198,0.0203544623218477,0.114860899047926,0.997119726613164,0.177741525694728,0.61713767866604,0
0.175722137792036,0.634116707369685,0.667844974435866,0.186749928165227,0.567348465323448,0.0947275238577276,0.325181408785284,0.0602379674091935,0.282218550797552,0.744155910098925,0
0.914725050562993,0.0318404496647418,0.487486021826044,0.638291008304805,0.892341952072456,0.640832846751437,0.557179789291695,0.292341546388343,0.717857897514477,0.537879867944866,0
0.0786647963187657,0.868124681027513,0.475611195201054,0.915808640653268,0.667779387673363,0.425766184926033,0.932338578160852,0.403850205941126,0.258573332102969,0.345663250656798,0
0.814844673965126,0.62359830737114,0.193195979110897,0.724066546885297,0.259514866163954,0.501372008118778,0.38789002248086,0.369375976268202,0.180144590558484,0.460277031874284,0
0.558677656576037,0.281564774224535,0.747043683426455,0.901665143901482,0.807137805735692,0.354347681393847,0.74801199673675,0.767004812136292,0.978180758655071,0.25764035130851,0
0.97262484091334,0.822226000251248,0.290722807636485,0.271002538735047,0.27957506175153,0.157922942657024,0.795988629106432,0.458558743819594,0.841974464477971,0.15038599842228,0
0.214809609111398,0.595399001613259,0.52398702991195,0.429786915658042,0.545589645393193,0.189912309637293,0.982451111776754,0.541765409754589,0.870668444549665,0.745670892531052,0
0.420370705192909,0.232475467491895,0.267398093594238,0.121578479651362,0.0194831476546824,0.396224186755717,0.330382227897644,0.371926533756778,0.409694898640737,0.00710028316825628,0
0.102187748067081,0.885055414400995,0.98669378249906,0.934928173199296,0.880636055953801,0.498569609830156,0.72643936984241,0.629989556735381,0.740154147148132,0.0655379821546376,0
0.281371286138892,0.539860148914158,0.859651755541563,0.399705397896469,0.105685075046495,0.370829098625109,0.777695939643309,0.153657866409048,0.775371452327818,0.753779789898545,0
0.237230661790818,0.0706122822593898,0.105521807679906,0.444106030510738,0.97144237998873,0.36171300872229,0.704154429025948,0.0101869839709252,0.64899927796796,0.659995038527995,0
0.729130810359493,0.297823997912928,0.520504101412371,0.564362024422735,0.667366368928924,0.422056264011189,0.48532879515551,0.548515701433644,0.782538681756705,0.79365009511821,0
0.0473124387208372,0.127610605442896,0.85627502319403,0.362492076354101,0.288599279010668,0.101934109581634,0.854382044170052,0.417099931510165,0.00816527847200632,0.0551763605326414,0
0.3026570873335,0.883268184261397,0.97581748245284,0.359678344568238,0.775009667500854,0.977934101596475,0.793393464758992,0.275783092016354,0.0941085563972592,0.168154456885532,0
0.351481364108622,0.207667462527752,0.504472495289519,0.467020908370614,0.829262459650636,0.218702024314553,0.308224783046171,0.955367838032544,0.874952709767967,0.765649558277801,0
0.405699699418619,0.350176445906982,0.652878798777238,0.96610715193674,0.414049493614584,0.108409394044429,0.363562379730865,0.627198690315709,0.131890262942761,0.438804929610342,0
0.267406067112461,0.963168292772025,0.514277492882684,0.211676114471629,0.260879075387493,0.940425964538008,0.0270764785818756,0.654739344725385,0.53796074911952,0.590033397777006,0
0.316999994125217,0.471289242213965,0.675786381354555,0.194011737592518,0.0760212505701929,0.906454011099413,0.993095694342628,0.807742684613913,0.570459621259943,0.57022855640389,0
0.991090011634864,0.0930405256482773,0.917689008638263,0.478238600073382,0.372882761759683,0.0878412367310375,0.652483304729685,0.576691440539435,0.900836176937446,0.0363720327150077,0
0.289887914899737,0.150191717315465,0.292075610952452,0.377081495942548,0.876931127626449,0.618565602228045,0.601696268422529,0.667661006329581,0.625879362691194,0.659442867385224,0
0.215962732637394,0.925173320529703,0.287061676150188,0.640625041909516,0.653650880092755,0.519255054416135,0.274946689838544,0.286466795019805,0.575894911075011,0.105137688340619,0
0.428083058912307,0.44142198539339,0.950140008935705,0.137116492027417,0.970581351546571,0.483309876872227,0.606117826187983,0.834174226038158,0.501922999043018,0.269556435989216,0
0.344370542326942,0.816679653478786,0.692825591890141,0.663781283423305,0.652323313290253,0.567177106626332,0.154676633886993,0.824027017690241,0.40033339522779,0.515904492232949,0
0.619781616143882,0.375123661709949,0.573702856665477,0.807729331078008,0.361700321314856,0.657857304206118,0.446826391387731,0.450804912252352,0.932300721295178,0.500738914590329,0
0.634323208592832,0.540894860867411,0.37521847221069,0.950753301847726,0.224672019481659,0.547773719066754,0.387261193012819,0.995833162683994,0.0259249561931938,0.40569593757391,0
0.137756359996274,0.884644792415202,0.402715503238142,0.636577500263229,0.955053702462465,0.387297427980229,0.949162718607113,0.519263439578936,0.206982436589897,0.337593530071899,0
0.504461754811928,0.630816787946969,0.437006638851017,0.251692144898698,0.872349447570741,0.181605129502714,0.0104575306177139,0.785951226716861,0.248884796397761,0.113381348084658,0
0.257367523852736,0.670548801543191,0.634320589946583,0.528224233072251,0.0102883940562606,0.0887141991406679,0.589781140442938,0.415212026797235,0.897492971736938,0.691283198306337,0
0.501851694425568,0.611704803071916,0.872032276820391,0.474065124522895,0.867643394041806,0.0455277806613594,0.241326989140362,0.326550651108846,0.718886002898216,0.908530430635437,0
0.748199093388394,0.940574656939134,0.148553726961836,0.180854562437162,0.65734703047201,0.914456387981772,0.24784065131098,0.52756148413755,0.328827250981703,0.459381768479943,0
0.129990035668015,0.695349656045437,0.139926396310329,0.168504820903763,0.848099528346211,0.9669467699714,0.212989913998172,0.322843873640522,0.882307833991945,0.701194144552574,0
0.0975581530947238,0.975934662623331,0.821174246724695,0.402700213948265,0.878022624878213,0.097661996493116,0.383980095386505,0.195973507827148,0.622242429060861,0.330167386913672,0
0.540359700331464,0.602416459703818,0.485909617738798,0.265683951787651,0.449099847115576,0.132429731776938,0.422548454022035,0.831983108539134,0.682928207796067,0.939954172587022,0
0.711281966418028,0.030480412999168,0.777748105349019,0.17956815008074,0.846183966379613,0.507195225218311,0.494240001076832,0.621733626583591,0.935736787039787,0.70309160836041,0
0.284104661783203,0.618891450576484,0.607027171412483,0.716187535552308,0.00753036793321371,0.0313797553535551,0.906295650172979,0.380740403896198,0.0858753139618784,0.0447592951823026,0
0.403569272952154,0.605450710747391,0.00571093591861427,0.460839972598478,0.863765871850774,0.966727358521894,0.712801016867161,0.303920780308545,0.167176478542387,0.638716477435082,0
0.587448097532615,0.370470378780738,0.468387624248862,0.961138090817258,0.511693237815052,0.669220914365724,0.383971696253866,0.365063293138519,0.914535958552733,0.169383342610672,0
0.39251923491247,0.663043036358431,0.512198726879433,0.35153134772554,0.160181874874979,0.374796700431034,0.161194283282384,0.69242864404805,0.105909736827016,0.857325146207586,0
0.302253422937356,0.628352489920799,0.197145332116634,0.587383532663807,0.388951759086922,0.750007934402674,0.835457103094086,0.17254666890949,0.0927507025189698,0.724909256910905,0
0.262561125215143,0.667990382993594,0.107286331709474,0.280478903325275,0.609057513996959,0.199817204382271,0.813771181274205,0.801775371190161,0.660654861712828,0.876360128633678,0
0.47839799313806,0.559466702397913,0.210548384813592,0.72623888682574,0.807820281712338,0.441860861610621,0.0633107947651297,0.75278983428143,0.617581128841266,0.909247826552019,0
0.140713298938051,0.802261379902065,0.301923624239862,0.648628192488104,0.869127902202308,0.628038019407541,0.172930269734934,0.523719272576272,0.308094770181924,0.344103357754648,0
0.863222138956189,0.389996201498434,0.420769500546157,0.84880624525249,0.82361998455599,0.682878466788679,0.221602457342669,0.969244104111567,0.994171399623156,0.34942618990317,0
0.701396877411753,0.351316783111542,0.762662909226492,0.0126410021912307,0.937067008111626,0.248616154305637,0.96024187002331,0.473619661992416,0.850046053295955,0.00731094554066658,0
0.383158508921042,0.900443214690313,0.942760690813884,0.367461437359452,0.483481331029907,0.95378638105467,0.805373252835125,0.764393839752302,0.14482300565578,0.665774050401524,0
0.905871351249516,0.202023280551657,0.816220316803083,0.912989993579686,0.552118697203696,0.145370783982798,0.792464932659641,0.921254597371444,0.00566790625452995,0.0388532225042582,0
0.725848377205338,0.67124013446942,0.340217240620404,0.0369266518391669,0.326515093212947,0.607553594047204,0.319886296521872,0.587864742614329,0.298736048396677,0.586185399675742,0
0.835880134953186,0.741790272761136,0.70213604462333,0.133837844012305,0.32632072083652,0.32778537273407,0.978229083120823,0.326680180616677,0.64921983028762,0.772759162355214,0
0.379327841127291,0.441425014589447,0.825601584278047,0.155238354112953,0.237596381222829,0.258402053266764,0.88513179612346,0.681874208850786,0.7718206923455,0.410542419878766,0
0.340849550906569,0.838393300306052,0.996744462056085,0.108568326570094,0.191087421961129,0.196044929791242,0.579070766456425,0.817319569876418,0.770172009710222,0.691822646418586,0
0.577736713225022,0.46809873287566,0.300126543501392,0.034006514120847,0.777245957404375,0.230117739876732,0.990001204190776,0.691362679935992,0.555443954654038,0.990313204471022,0
0.5177251259638,0.4738988840729,0.568039291771129,0.404887631768361,0.745940088061616,0.261098412098363,0.877005728892982,0.849291394231841,0.293943953933194,0.7156957606785,0
0.421636714367196,0.627976054092869,0.264240830903873,0.833214626880363,0.932085032342002,0.372426565969363,0.105475082295015,0.701509446371347,0.632411376107484,0.0820006155408919,0
0.208062493242323,0.54952223226428,0.462507097516209,0.908266188111156,0.719205839792266,0.000289165647700429,0.0103041308466345,0.949755407636985,0.225303774699569,0.563075656071305,0
0.186697421828285,0.704876569565386,0.48666238412261,0.739775472087786,0.0740526609588414,0.744938038289547,0.563146671978757,0.0593942853156477,0.478467466309667,0.13043967843987,0
0.899681836366653,0.945226625306532,0.575341560412198,0.18531336192973,0.199425830272958,0.611210487317294,0.84827011404559,0.0377786096651107,0.705903037684038,0.728106964379549,0
0.523689996451139,0.35962665383704,0.353563967859372,0.898327853297815,0.966750717489049,0.58084428566508,0.0493807538878173,0.149486131966114,0.909161694347858,0.134492177283391,0
0.00339426938444376,0.0309461944270879,0.438174830051139,0.164159704232588,0.419785572215915,0.780406537698582,0.0586138311773539,0.552210156107321,0.609716637292877,0.750887657981366,0
0.645116878906265,0.513766801916063,0.932828621705994,0.42527723684907,0.191648363601416,0.691313045099378,0.435494746081531,0.423028765013441,0.311656342586502,0.856592383701354,0
0.493196611052752,0.780866547209583,0.499843240249902,0.970711247529835,0.493137063458562,0.33806214062497,0.668694759020582,0.675078563857824,0.296173877781257,0.787658393615857,0
0.0106055303476751,0.944765742402524,0.732833503047004,0.0907621001824737,0.28370735514909,0.132042987970635,0.734401213470846,0.136314172064885,0.680327482288703,0.0694327659439296,0
0.422475175466388,0.277557799825445,0.0959210514556617,0.864690693095326,0.803426842670888,0.876036383444443,0.714555762009695,0.111386728705838,0.469848946901038,0.524653283879161,0
0.605840031057596,0.0999172287993133,0.606950596673414,0.837005079723895,0.993249671999365,0.949387777131051,0.480121981352568,0.671265760669485,0.650976695353165,0.440765698440373,0
