Synthetic Data Stream
=====================

Parameters
----------

Number of steps:	 1
Proportion of outliers:	 0.05
Proportion type:	 proportional
Number of Dimensions:	 10
Minimum number of dim:	 2
Maximum number of dim:	 4
Possible margin values:	 0.1 0.2 0.3 0.4 0.5 0.6 0.7 0.8 0.9
Cycle length:		 0
Volatility:		 0.1
Dependency:		 Linear
Overlap Allowed:		 
Discrete:		 0

Data
----

Number of points:	 10000
Number of outliers:	 2685 

- Contingency Table

  subspaces count
1     1,2,3  2685

- Patterns

Index		Subspaces
1		1,2,3		
5		1,2,3		
7		1,2,3		
8		1,2,3		
12		1,2,3		
15		1,2,3		
16		1,2,3		
21		1,2,3		
22		1,2,3		
23		1,2,3		
26		1,2,3		
28		1,2,3		
33		1,2,3		
38		1,2,3		
40		1,2,3		
44		1,2,3		
46		1,2,3		
51		1,2,3		
53		1,2,3		
54		1,2,3		
55		1,2,3		
60		1,2,3		
62		1,2,3		
65		1,2,3		
69		1,2,3		
72		1,2,3		
73		1,2,3		
74		1,2,3		
75		1,2,3		
77		1,2,3		
79		1,2,3		
87		1,2,3		
89		1,2,3		
90		1,2,3		
91		1,2,3		
94		1,2,3		
96		1,2,3		
99		1,2,3		
101		1,2,3		
104		1,2,3		
111		1,2,3		
113		1,2,3		
120		1,2,3		
130		1,2,3		
132		1,2,3		
133		1,2,3		
136		1,2,3		
137		1,2,3		
138		1,2,3		
143		1,2,3		
144		1,2,3		
145		1,2,3		
166		1,2,3		
173		1,2,3		
175		1,2,3		
179		1,2,3		
180		1,2,3		
190		1,2,3		
191		1,2,3		
193		1,2,3		
199		1,2,3		
205		1,2,3		
207		1,2,3		
211		1,2,3		
213		1,2,3		
214		1,2,3		
217		1,2,3		
230		1,2,3		
232		1,2,3		
234		1,2,3		
235		1,2,3		
236		1,2,3		
238		1,2,3		
239		1,2,3		
241		1,2,3		
243		1,2,3		
247		1,2,3		
254		1,2,3		
261		1,2,3		
262		1,2,3		
267		1,2,3		
270		1,2,3		
276		1,2,3		
278		1,2,3		
281		1,2,3		
282		1,2,3		
295		1,2,3		
298		1,2,3		
300		1,2,3		
302		1,2,3		
303		1,2,3		
308		1,2,3		
311		1,2,3		
318		1,2,3		
321		1,2,3		
327		1,2,3		
329		1,2,3		
332		1,2,3		
333		1,2,3		
335		1,2,3		
339		1,2,3		
342		1,2,3		
344		1,2,3		
345		1,2,3		
349		1,2,3		
352		1,2,3		
353		1,2,3		
357		1,2,3		
360		1,2,3		
363		1,2,3		
364		1,2,3		
365		1,2,3		
368		1,2,3		
374		1,2,3		
375		1,2,3		
376		1,2,3		
385		1,2,3		
386		1,2,3		
387		1,2,3		
391		1,2,3		
395		1,2,3		
407		1,2,3		
411		1,2,3		
414		1,2,3		
415		1,2,3		
423		1,2,3		
427		1,2,3		
432		1,2,3		
436		1,2,3		
437		1,2,3		
444		1,2,3		
448		1,2,3		
459		1,2,3		
460		1,2,3		
461		1,2,3		
464		1,2,3		
471		1,2,3		
472		1,2,3		
473		1,2,3		
477		1,2,3		
479		1,2,3		
484		1,2,3		
485		1,2,3		
488		1,2,3		
489		1,2,3		
490		1,2,3		
493		1,2,3		
495		1,2,3		
497		1,2,3		
503		1,2,3		
506		1,2,3		
507		1,2,3		
510		1,2,3		
514		1,2,3		
515		1,2,3		
516		1,2,3		
517		1,2,3		
532		1,2,3		
533		1,2,3		
534		1,2,3		
535		1,2,3		
536		1,2,3		
540		1,2,3		
549		1,2,3		
552		1,2,3		
554		1,2,3		
557		1,2,3		
570		1,2,3		
572		1,2,3		
575		1,2,3		
576		1,2,3		
577		1,2,3		
586		1,2,3		
592		1,2,3		
593		1,2,3		
599		1,2,3		
614		1,2,3		
618		1,2,3		
621		1,2,3		
633		1,2,3		
642		1,2,3		
644		1,2,3		
660		1,2,3		
666		1,2,3		
669		1,2,3		
673		1,2,3		
674		1,2,3		
677		1,2,3		
678		1,2,3		
680		1,2,3		
684		1,2,3		
686		1,2,3		
689		1,2,3		
690		1,2,3		
695		1,2,3		
701		1,2,3		
702		1,2,3		
706		1,2,3		
709		1,2,3		
711		1,2,3		
712		1,2,3		
713		1,2,3		
714		1,2,3		
718		1,2,3		
723		1,2,3		
727		1,2,3		
729		1,2,3		
732		1,2,3		
733		1,2,3		
734		1,2,3		
741		1,2,3		
744		1,2,3		
747		1,2,3		
752		1,2,3		
754		1,2,3		
764		1,2,3		
767		1,2,3		
772		1,2,3		
773		1,2,3		
777		1,2,3		
782		1,2,3		
791		1,2,3		
794		1,2,3		
795		1,2,3		
796		1,2,3		
801		1,2,3		
804		1,2,3		
805		1,2,3		
807		1,2,3		
808		1,2,3		
812		1,2,3		
813		1,2,3		
815		1,2,3		
822		1,2,3		
824		1,2,3		
830		1,2,3		
832		1,2,3		
836		1,2,3		
837		1,2,3		
838		1,2,3		
840		1,2,3		
845		1,2,3		
849		1,2,3		
851		1,2,3		
853		1,2,3		
857		1,2,3		
858		1,2,3		
861		1,2,3		
862		1,2,3		
863		1,2,3		
865		1,2,3		
866		1,2,3		
874		1,2,3		
879		1,2,3		
884		1,2,3		
886		1,2,3		
890		1,2,3		
893		1,2,3		
894		1,2,3		
895		1,2,3		
896		1,2,3		
899		1,2,3		
902		1,2,3		
906		1,2,3		
919		1,2,3		
925		1,2,3		
926		1,2,3		
933		1,2,3		
937		1,2,3		
938		1,2,3		
939		1,2,3		
940		1,2,3		
943		1,2,3		
951		1,2,3		
956		1,2,3		
959		1,2,3		
966		1,2,3		
971		1,2,3		
973		1,2,3		
981		1,2,3		
984		1,2,3		
988		1,2,3		
992		1,2,3		
993		1,2,3		
1000		1,2,3		
1008		1,2,3		
1011		1,2,3		
1016		1,2,3		
1017		1,2,3		
1021		1,2,3		
1024		1,2,3		
1025		1,2,3		
1033		1,2,3		
1036		1,2,3		
1037		1,2,3		
1042		1,2,3		
1052		1,2,3		
1053		1,2,3		
1054		1,2,3		
1056		1,2,3		
1062		1,2,3		
1068		1,2,3		
1070		1,2,3		
1076		1,2,3		
1079		1,2,3		
1090		1,2,3		
1092		1,2,3		
1095		1,2,3		
1097		1,2,3		
1099		1,2,3		
1101		1,2,3		
1104		1,2,3		
1108		1,2,3		
1113		1,2,3		
1115		1,2,3		
1116		1,2,3		
1124		1,2,3		
1126		1,2,3		
1130		1,2,3		
1136		1,2,3		
1138		1,2,3		
1144		1,2,3		
1145		1,2,3		
1146		1,2,3		
1147		1,2,3		
1152		1,2,3		
1156		1,2,3		
1157		1,2,3		
1159		1,2,3		
1160		1,2,3		
1163		1,2,3		
1166		1,2,3		
1176		1,2,3		
1178		1,2,3		
1181		1,2,3		
1183		1,2,3		
1186		1,2,3		
1188		1,2,3		
1189		1,2,3		
1197		1,2,3		
1198		1,2,3		
1200		1,2,3		
1201		1,2,3		
1202		1,2,3		
1204		1,2,3		
1205		1,2,3		
1206		1,2,3		
1207		1,2,3		
1208		1,2,3		
1209		1,2,3		
1214		1,2,3		
1216		1,2,3		
1217		1,2,3		
1219		1,2,3		
1224		1,2,3		
1225		1,2,3		
1229		1,2,3		
1231		1,2,3		
1233		1,2,3		
1234		1,2,3		
1238		1,2,3		
1240		1,2,3		
1241		1,2,3		
1244		1,2,3		
1246		1,2,3		
1254		1,2,3		
1258		1,2,3		
1263		1,2,3		
1264		1,2,3		
1266		1,2,3		
1271		1,2,3		
1274		1,2,3		
1279		1,2,3		
1313		1,2,3		
1324		1,2,3		
1327		1,2,3		
1332		1,2,3		
1334		1,2,3		
1335		1,2,3		
1338		1,2,3		
1339		1,2,3		
1342		1,2,3		
1349		1,2,3		
1351		1,2,3		
1365		1,2,3		
1366		1,2,3		
1373		1,2,3		
1379		1,2,3		
1381		1,2,3		
1384		1,2,3		
1385		1,2,3		
1386		1,2,3		
1391		1,2,3		
1392		1,2,3		
1396		1,2,3		
1401		1,2,3		
1411		1,2,3		
1412		1,2,3		
1420		1,2,3		
1423		1,2,3		
1424		1,2,3		
1425		1,2,3		
1436		1,2,3		
1438		1,2,3		
1440		1,2,3		
1443		1,2,3		
1447		1,2,3		
1448		1,2,3		
1449		1,2,3		
1450		1,2,3		
1451		1,2,3		
1453		1,2,3		
1457		1,2,3		
1460		1,2,3		
1462		1,2,3		
1463		1,2,3		
1467		1,2,3		
1470		1,2,3		
1471		1,2,3		
1472		1,2,3		
1474		1,2,3		
1480		1,2,3		
1481		1,2,3		
1482		1,2,3		
1485		1,2,3		
1490		1,2,3		
1493		1,2,3		
1494		1,2,3		
1498		1,2,3		
1499		1,2,3		
1504		1,2,3		
1505		1,2,3		
1506		1,2,3		
1510		1,2,3		
1515		1,2,3		
1516		1,2,3		
1517		1,2,3		
1523		1,2,3		
1524		1,2,3		
1532		1,2,3		
1535		1,2,3		
1540		1,2,3		
1541		1,2,3		
1545		1,2,3		
1548		1,2,3		
1550		1,2,3		
1554		1,2,3		
1557		1,2,3		
1559		1,2,3		
1561		1,2,3		
1571		1,2,3		
1572		1,2,3		
1579		1,2,3		
1582		1,2,3		
1586		1,2,3		
1587		1,2,3		
1594		1,2,3		
1599		1,2,3		
1600		1,2,3		
1606		1,2,3		
1607		1,2,3		
1608		1,2,3		
1609		1,2,3		
1613		1,2,3		
1619		1,2,3		
1623		1,2,3		
1624		1,2,3		
1634		1,2,3		
1636		1,2,3		
1637		1,2,3		
1646		1,2,3		
1650		1,2,3		
1651		1,2,3		
1652		1,2,3		
1656		1,2,3		
1657		1,2,3		
1658		1,2,3		
1661		1,2,3		
1664		1,2,3		
1666		1,2,3		
1670		1,2,3		
1676		1,2,3		
1677		1,2,3		
1679		1,2,3		
1680		1,2,3		
1682		1,2,3		
1690		1,2,3		
1694		1,2,3		
1697		1,2,3		
1702		1,2,3		
1704		1,2,3		
1707		1,2,3		
1708		1,2,3		
1711		1,2,3		
1712		1,2,3		
1716		1,2,3		
1717		1,2,3		
1718		1,2,3		
1721		1,2,3		
1722		1,2,3		
1724		1,2,3		
1727		1,2,3		
1728		1,2,3		
1732		1,2,3		
1734		1,2,3		
1736		1,2,3		
1740		1,2,3		
1747		1,2,3		
1755		1,2,3		
1756		1,2,3		
1760		1,2,3		
1767		1,2,3		
1770		1,2,3		
1772		1,2,3		
1776		1,2,3		
1777		1,2,3		
1778		1,2,3		
1786		1,2,3		
1788		1,2,3		
1797		1,2,3		
1798		1,2,3		
1801		1,2,3		
1803		1,2,3		
1804		1,2,3		
1805		1,2,3		
1807		1,2,3		
1811		1,2,3		
1814		1,2,3		
1815		1,2,3		
1824		1,2,3		
1829		1,2,3		
1830		1,2,3		
1831		1,2,3		
1837		1,2,3		
1843		1,2,3		
1845		1,2,3		
1847		1,2,3		
1848		1,2,3		
1851		1,2,3		
1855		1,2,3		
1858		1,2,3		
1859		1,2,3		
1861		1,2,3		
1862		1,2,3		
1869		1,2,3		
1875		1,2,3		
1878		1,2,3		
1881		1,2,3		
1885		1,2,3		
1888		1,2,3		
1889		1,2,3		
1891		1,2,3		
1902		1,2,3		
1906		1,2,3		
1909		1,2,3		
1913		1,2,3		
1916		1,2,3		
1920		1,2,3		
1926		1,2,3		
1929		1,2,3		
1930		1,2,3		
1934		1,2,3		
1935		1,2,3		
1937		1,2,3		
1941		1,2,3		
1943		1,2,3		
1947		1,2,3		
1948		1,2,3		
1953		1,2,3		
1962		1,2,3		
1965		1,2,3		
1969		1,2,3		
1977		1,2,3		
1981		1,2,3		
1982		1,2,3		
1983		1,2,3		
1987		1,2,3		
1988		1,2,3		
1990		1,2,3		
1993		1,2,3		
1994		1,2,3		
1999		1,2,3		
2000		1,2,3		
2001		1,2,3		
2002		1,2,3		
2009		1,2,3		
2014		1,2,3		
2017		1,2,3		
2018		1,2,3		
2025		1,2,3		
2027		1,2,3		
2029		1,2,3		
2032		1,2,3		
2033		1,2,3		
2034		1,2,3		
2035		1,2,3		
2050		1,2,3		
2051		1,2,3		
2052		1,2,3		
2059		1,2,3		
2062		1,2,3		
2064		1,2,3		
2069		1,2,3		
2078		1,2,3		
2083		1,2,3		
2091		1,2,3		
2093		1,2,3		
2094		1,2,3		
2096		1,2,3		
2097		1,2,3		
2103		1,2,3		
2112		1,2,3		
2123		1,2,3		
2124		1,2,3		
2125		1,2,3		
2134		1,2,3		
2138		1,2,3		
2140		1,2,3		
2142		1,2,3		
2145		1,2,3		
2147		1,2,3		
2148		1,2,3		
2149		1,2,3		
2158		1,2,3		
2165		1,2,3		
2174		1,2,3		
2176		1,2,3		
2177		1,2,3		
2180		1,2,3		
2182		1,2,3		
2189		1,2,3		
2195		1,2,3		
2196		1,2,3		
2198		1,2,3		
2199		1,2,3		
2206		1,2,3		
2210		1,2,3		
2214		1,2,3		
2223		1,2,3		
2228		1,2,3		
2229		1,2,3		
2230		1,2,3		
2240		1,2,3		
2247		1,2,3		
2261		1,2,3		
2265		1,2,3		
2273		1,2,3		
2275		1,2,3		
2279		1,2,3		
2287		1,2,3		
2289		1,2,3		
2292		1,2,3		
2296		1,2,3		
2299		1,2,3		
2300		1,2,3		
2305		1,2,3		
2306		1,2,3		
2307		1,2,3		
2313		1,2,3		
2317		1,2,3		
2321		1,2,3		
2322		1,2,3		
2323		1,2,3		
2325		1,2,3		
2330		1,2,3		
2332		1,2,3		
2338		1,2,3		
2340		1,2,3		
2353		1,2,3		
2355		1,2,3		
2357		1,2,3		
2358		1,2,3		
2360		1,2,3		
2362		1,2,3		
2364		1,2,3		
2365		1,2,3		
2368		1,2,3		
2375		1,2,3		
2376		1,2,3		
2378		1,2,3		
2379		1,2,3		
2386		1,2,3		
2391		1,2,3		
2398		1,2,3		
2402		1,2,3		
2403		1,2,3		
2407		1,2,3		
2410		1,2,3		
2411		1,2,3		
2424		1,2,3		
2427		1,2,3		
2428		1,2,3		
2429		1,2,3		
2432		1,2,3		
2434		1,2,3		
2436		1,2,3		
2443		1,2,3		
2445		1,2,3		
2446		1,2,3		
2447		1,2,3		
2451		1,2,3		
2453		1,2,3		
2457		1,2,3		
2467		1,2,3		
2469		1,2,3		
2472		1,2,3		
2473		1,2,3		
2474		1,2,3		
2492		1,2,3		
2494		1,2,3		
2495		1,2,3		
2498		1,2,3		
2504		1,2,3		
2508		1,2,3		
2510		1,2,3		
2513		1,2,3		
2516		1,2,3		
2517		1,2,3		
2521		1,2,3		
2523		1,2,3		
2524		1,2,3		
2525		1,2,3		
2529		1,2,3		
2534		1,2,3		
2540		1,2,3		
2543		1,2,3		
2548		1,2,3		
2549		1,2,3		
2552		1,2,3		
2554		1,2,3		
2558		1,2,3		
2561		1,2,3		
2562		1,2,3		
2563		1,2,3		
2567		1,2,3		
2569		1,2,3		
2571		1,2,3		
2574		1,2,3		
2575		1,2,3		
2579		1,2,3		
2584		1,2,3		
2588		1,2,3		
2593		1,2,3		
2594		1,2,3		
2602		1,2,3		
2605		1,2,3		
2608		1,2,3		
2609		1,2,3		
2612		1,2,3		
2613		1,2,3		
2618		1,2,3		
2622		1,2,3		
2630		1,2,3		
2633		1,2,3		
2636		1,2,3		
2637		1,2,3		
2638		1,2,3		
2641		1,2,3		
2645		1,2,3		
2649		1,2,3		
2653		1,2,3		
2654		1,2,3		
2664		1,2,3		
2665		1,2,3		
2669		1,2,3		
2672		1,2,3		
2675		1,2,3		
2677		1,2,3		
2682		1,2,3		
2686		1,2,3		
2688		1,2,3		
2689		1,2,3		
2692		1,2,3		
2695		1,2,3		
2699		1,2,3		
2701		1,2,3		
2707		1,2,3		
2710		1,2,3		
2720		1,2,3		
2722		1,2,3		
2728		1,2,3		
2733		1,2,3		
2738		1,2,3		
2739		1,2,3		
2754		1,2,3		
2756		1,2,3		
2758		1,2,3		
2761		1,2,3		
2762		1,2,3		
2763		1,2,3		
2768		1,2,3		
2774		1,2,3		
2780		1,2,3		
2782		1,2,3		
2785		1,2,3		
2791		1,2,3		
2792		1,2,3		
2793		1,2,3		
2799		1,2,3		
2810		1,2,3		
2812		1,2,3		
2829		1,2,3		
2831		1,2,3		
2833		1,2,3		
2842		1,2,3		
2843		1,2,3		
2844		1,2,3		
2845		1,2,3		
2850		1,2,3		
2858		1,2,3		
2859		1,2,3		
2860		1,2,3		
2862		1,2,3		
2863		1,2,3		
2868		1,2,3		
2870		1,2,3		
2873		1,2,3		
2874		1,2,3		
2876		1,2,3		
2878		1,2,3		
2884		1,2,3		
2886		1,2,3		
2887		1,2,3		
2888		1,2,3		
2890		1,2,3		
2896		1,2,3		
2898		1,2,3		
2899		1,2,3		
2901		1,2,3		
2902		1,2,3		
2907		1,2,3		
2909		1,2,3		
2910		1,2,3		
2911		1,2,3		
2918		1,2,3		
2919		1,2,3		
2921		1,2,3		
2924		1,2,3		
2931		1,2,3		
2938		1,2,3		
2951		1,2,3		
2956		1,2,3		
2962		1,2,3		
2964		1,2,3		
2971		1,2,3		
2972		1,2,3		
2974		1,2,3		
2976		1,2,3		
2981		1,2,3		
2982		1,2,3		
2983		1,2,3		
2985		1,2,3		
2991		1,2,3		
3000		1,2,3		
3009		1,2,3		
3015		1,2,3		
3017		1,2,3		
3019		1,2,3		
3026		1,2,3		
3035		1,2,3		
3041		1,2,3		
3043		1,2,3		
3044		1,2,3		
3046		1,2,3		
3053		1,2,3		
3054		1,2,3		
3055		1,2,3		
3058		1,2,3		
3059		1,2,3		
3061		1,2,3		
3064		1,2,3		
3068		1,2,3		
3070		1,2,3		
3079		1,2,3		
3085		1,2,3		
3087		1,2,3		
3090		1,2,3		
3100		1,2,3		
3101		1,2,3		
3105		1,2,3		
3107		1,2,3		
3111		1,2,3		
3113		1,2,3		
3117		1,2,3		
3121		1,2,3		
3127		1,2,3		
3134		1,2,3		
3135		1,2,3		
3141		1,2,3		
3153		1,2,3		
3158		1,2,3		
3161		1,2,3		
3164		1,2,3		
3169		1,2,3		
3170		1,2,3		
3171		1,2,3		
3172		1,2,3		
3179		1,2,3		
3181		1,2,3		
3182		1,2,3		
3185		1,2,3		
3188		1,2,3		
3189		1,2,3		
3191		1,2,3		
3195		1,2,3		
3196		1,2,3		
3197		1,2,3		
3203		1,2,3		
3209		1,2,3		
3212		1,2,3		
3213		1,2,3		
3214		1,2,3		
3218		1,2,3		
3221		1,2,3		
3224		1,2,3		
3226		1,2,3		
3232		1,2,3		
3245		1,2,3		
3249		1,2,3		
3253		1,2,3		
3255		1,2,3		
3261		1,2,3		
3264		1,2,3		
3266		1,2,3		
3270		1,2,3		
3271		1,2,3		
3280		1,2,3		
3291		1,2,3		
3304		1,2,3		
3305		1,2,3		
3317		1,2,3		
3320		1,2,3		
3322		1,2,3		
3326		1,2,3		
3327		1,2,3		
3331		1,2,3		
3332		1,2,3		
3336		1,2,3		
3337		1,2,3		
3339		1,2,3		
3340		1,2,3		
3344		1,2,3		
3347		1,2,3		
3354		1,2,3		
3356		1,2,3		
3357		1,2,3		
3360		1,2,3		
3361		1,2,3		
3362		1,2,3		
3371		1,2,3		
3372		1,2,3		
3382		1,2,3		
3386		1,2,3		
3387		1,2,3		
3390		1,2,3		
3394		1,2,3		
3401		1,2,3		
3404		1,2,3		
3412		1,2,3		
3416		1,2,3		
3423		1,2,3		
3427		1,2,3		
3431		1,2,3		
3434		1,2,3		
3440		1,2,3		
3444		1,2,3		
3446		1,2,3		
3448		1,2,3		
3449		1,2,3		
3451		1,2,3		
3452		1,2,3		
3456		1,2,3		
3461		1,2,3		
3465		1,2,3		
3466		1,2,3		
3467		1,2,3		
3471		1,2,3		
3473		1,2,3		
3477		1,2,3		
3482		1,2,3		
3483		1,2,3		
3484		1,2,3		
3485		1,2,3		
3489		1,2,3		
3493		1,2,3		
3498		1,2,3		
3502		1,2,3		
3504		1,2,3		
3505		1,2,3		
3507		1,2,3		
3519		1,2,3		
3524		1,2,3		
3525		1,2,3		
3530		1,2,3		
3531		1,2,3		
3536		1,2,3		
3537		1,2,3		
3542		1,2,3		
3546		1,2,3		
3551		1,2,3		
3552		1,2,3		
3572		1,2,3		
3573		1,2,3		
3581		1,2,3		
3590		1,2,3		
3593		1,2,3		
3598		1,2,3		
3602		1,2,3		
3604		1,2,3		
3615		1,2,3		
3617		1,2,3		
3625		1,2,3		
3627		1,2,3		
3631		1,2,3		
3633		1,2,3		
3640		1,2,3		
3643		1,2,3		
3644		1,2,3		
3645		1,2,3		
3646		1,2,3		
3647		1,2,3		
3648		1,2,3		
3654		1,2,3		
3658		1,2,3		
3668		1,2,3		
3669		1,2,3		
3675		1,2,3		
3678		1,2,3		
3681		1,2,3		
3688		1,2,3		
3692		1,2,3		
3696		1,2,3		
3701		1,2,3		
3702		1,2,3		
3703		1,2,3		
3707		1,2,3		
3709		1,2,3		
3710		1,2,3		
3714		1,2,3		
3716		1,2,3		
3719		1,2,3		
3721		1,2,3		
3724		1,2,3		
3735		1,2,3		
3740		1,2,3		
3741		1,2,3		
3745		1,2,3		
3759		1,2,3		
3763		1,2,3		
3764		1,2,3		
3765		1,2,3		
3773		1,2,3		
3775		1,2,3		
3777		1,2,3		
3779		1,2,3		
3781		1,2,3		
3789		1,2,3		
3791		1,2,3		
3795		1,2,3		
3797		1,2,3		
3798		1,2,3		
3800		1,2,3		
3801		1,2,3		
3803		1,2,3		
3805		1,2,3		
3806		1,2,3		
3808		1,2,3		
3813		1,2,3		
3815		1,2,3		
3816		1,2,3		
3817		1,2,3		
3823		1,2,3		
3824		1,2,3		
3825		1,2,3		
3830		1,2,3		
3840		1,2,3		
3842		1,2,3		
3845		1,2,3		
3846		1,2,3		
3848		1,2,3		
3849		1,2,3		
3850		1,2,3		
3853		1,2,3		
3859		1,2,3		
3862		1,2,3		
3863		1,2,3		
3864		1,2,3		
3865		1,2,3		
3869		1,2,3		
3881		1,2,3		
3884		1,2,3		
3890		1,2,3		
3891		1,2,3		
3900		1,2,3		
3906		1,2,3		
3915		1,2,3		
3918		1,2,3		
3920		1,2,3		
3921		1,2,3		
3922		1,2,3		
3924		1,2,3		
3925		1,2,3		
3934		1,2,3		
3935		1,2,3		
3939		1,2,3		
3942		1,2,3		
3943		1,2,3		
3950		1,2,3		
3957		1,2,3		
3958		1,2,3		
3963		1,2,3		
3967		1,2,3		
3968		1,2,3		
3969		1,2,3		
3973		1,2,3		
3977		1,2,3		
3978		1,2,3		
3981		1,2,3		
3992		1,2,3		
3997		1,2,3		
3998		1,2,3		
3999		1,2,3		
4004		1,2,3		
4009		1,2,3		
4012		1,2,3		
4013		1,2,3		
4017		1,2,3		
4021		1,2,3		
4023		1,2,3		
4030		1,2,3		
4034		1,2,3		
4036		1,2,3		
4043		1,2,3		
4045		1,2,3		
4053		1,2,3		
4060		1,2,3		
4061		1,2,3		
4062		1,2,3		
4066		1,2,3		
4074		1,2,3		
4077		1,2,3		
4078		1,2,3		
4085		1,2,3		
4092		1,2,3		
4095		1,2,3		
4097		1,2,3		
4099		1,2,3		
4101		1,2,3		
4115		1,2,3		
4119		1,2,3		
4121		1,2,3		
4125		1,2,3		
4130		1,2,3		
4134		1,2,3		
4135		1,2,3		
4137		1,2,3		
4138		1,2,3		
4141		1,2,3		
4150		1,2,3		
4153		1,2,3		
4154		1,2,3		
4155		1,2,3		
4165		1,2,3		
4166		1,2,3		
4177		1,2,3		
4182		1,2,3		
4186		1,2,3		
4193		1,2,3		
4200		1,2,3		
4207		1,2,3		
4210		1,2,3		
4211		1,2,3		
4216		1,2,3		
4226		1,2,3		
4229		1,2,3		
4230		1,2,3		
4232		1,2,3		
4239		1,2,3		
4241		1,2,3		
4242		1,2,3		
4245		1,2,3		
4248		1,2,3		
4264		1,2,3		
4267		1,2,3		
4272		1,2,3		
4276		1,2,3		
4278		1,2,3		
4280		1,2,3		
4285		1,2,3		
4293		1,2,3		
4294		1,2,3		
4296		1,2,3		
4299		1,2,3		
4300		1,2,3		
4301		1,2,3		
4302		1,2,3		
4303		1,2,3		
4305		1,2,3		
4311		1,2,3		
4314		1,2,3		
4318		1,2,3		
4322		1,2,3		
4324		1,2,3		
4325		1,2,3		
4327		1,2,3		
4328		1,2,3		
4330		1,2,3		
4331		1,2,3		
4335		1,2,3		
4346		1,2,3		
4353		1,2,3		
4356		1,2,3		
4364		1,2,3		
4366		1,2,3		
4367		1,2,3		
4369		1,2,3		
4372		1,2,3		
4376		1,2,3		
4379		1,2,3		
4382		1,2,3		
4389		1,2,3		
4394		1,2,3		
4395		1,2,3		
4398		1,2,3		
4399		1,2,3		
4406		1,2,3		
4409		1,2,3		
4416		1,2,3		
4423		1,2,3		
4429		1,2,3		
4431		1,2,3		
4441		1,2,3		
4442		1,2,3		
4444		1,2,3		
4447		1,2,3		
4455		1,2,3		
4456		1,2,3		
4460		1,2,3		
4470		1,2,3		
4475		1,2,3		
4483		1,2,3		
4490		1,2,3		
4493		1,2,3		
4495		1,2,3		
4496		1,2,3		
4498		1,2,3		
4502		1,2,3		
4505		1,2,3		
4511		1,2,3		
4519		1,2,3		
4520		1,2,3		
4521		1,2,3		
4522		1,2,3		
4525		1,2,3		
4537		1,2,3		
4540		1,2,3		
4541		1,2,3		
4542		1,2,3		
4548		1,2,3		
4560		1,2,3		
4562		1,2,3		
4574		1,2,3		
4575		1,2,3		
4576		1,2,3		
4578		1,2,3		
4579		1,2,3		
4580		1,2,3		
4589		1,2,3		
4600		1,2,3		
4602		1,2,3		
4605		1,2,3		
4613		1,2,3		
4615		1,2,3		
4621		1,2,3		
4623		1,2,3		
4624		1,2,3		
4630		1,2,3		
4641		1,2,3		
4642		1,2,3		
4650		1,2,3		
4652		1,2,3		
4655		1,2,3		
4656		1,2,3		
4661		1,2,3		
4664		1,2,3		
4666		1,2,3		
4670		1,2,3		
4673		1,2,3		
4678		1,2,3		
4681		1,2,3		
4683		1,2,3		
4691		1,2,3		
4692		1,2,3		
4696		1,2,3		
4700		1,2,3		
4712		1,2,3		
4726		1,2,3		
4728		1,2,3		
4730		1,2,3		
4736		1,2,3		
4750		1,2,3		
4753		1,2,3		
4754		1,2,3		
4755		1,2,3		
4758		1,2,3		
4761		1,2,3		
4774		1,2,3		
4775		1,2,3		
4782		1,2,3		
4784		1,2,3		
4786		1,2,3		
4787		1,2,3		
4794		1,2,3		
4798		1,2,3		
4806		1,2,3		
4809		1,2,3		
4810		1,2,3		
4813		1,2,3		
4818		1,2,3		
4819		1,2,3		
4825		1,2,3		
4826		1,2,3		
4831		1,2,3		
4832		1,2,3		
4835		1,2,3		
4849		1,2,3		
4853		1,2,3		
4855		1,2,3		
4857		1,2,3		
4867		1,2,3		
4872		1,2,3		
4873		1,2,3		
4875		1,2,3		
4876		1,2,3		
4882		1,2,3		
4884		1,2,3		
4887		1,2,3		
4890		1,2,3		
4896		1,2,3		
4899		1,2,3		
4902		1,2,3		
4905		1,2,3		
4915		1,2,3		
4919		1,2,3		
4920		1,2,3		
4922		1,2,3		
4934		1,2,3		
4935		1,2,3		
4936		1,2,3		
4944		1,2,3		
4948		1,2,3		
4955		1,2,3		
4967		1,2,3		
4976		1,2,3		
4977		1,2,3		
4982		1,2,3		
4985		1,2,3		
4992		1,2,3		
4996		1,2,3		
4998		1,2,3		
4999		1,2,3		
5009		1,2,3		
5010		1,2,3		
5016		1,2,3		
5020		1,2,3		
5021		1,2,3		
5024		1,2,3		
5027		1,2,3		
5032		1,2,3		
5033		1,2,3		
5041		1,2,3		
5042		1,2,3		
5043		1,2,3		
5049		1,2,3		
5058		1,2,3		
5062		1,2,3		
5063		1,2,3		
5065		1,2,3		
5067		1,2,3		
5082		1,2,3		
5083		1,2,3		
5086		1,2,3		
5087		1,2,3		
5097		1,2,3		
5100		1,2,3		
5109		1,2,3		
5115		1,2,3		
5123		1,2,3		
5124		1,2,3		
5130		1,2,3		
5132		1,2,3		
5136		1,2,3		
5137		1,2,3		
5143		1,2,3		
5147		1,2,3		
5148		1,2,3		
5156		1,2,3		
5160		1,2,3		
5163		1,2,3		
5164		1,2,3		
5172		1,2,3		
5173		1,2,3		
5178		1,2,3		
5189		1,2,3		
5190		1,2,3		
5191		1,2,3		
5192		1,2,3		
5193		1,2,3		
5195		1,2,3		
5204		1,2,3		
5208		1,2,3		
5211		1,2,3		
5221		1,2,3		
5223		1,2,3		
5226		1,2,3		
5227		1,2,3		
5234		1,2,3		
5239		1,2,3		
5244		1,2,3		
5248		1,2,3		
5258		1,2,3		
5260		1,2,3		
5261		1,2,3		
5272		1,2,3		
5276		1,2,3		
5282		1,2,3		
5287		1,2,3		
5289		1,2,3		
5291		1,2,3		
5292		1,2,3		
5296		1,2,3		
5297		1,2,3		
5299		1,2,3		
5300		1,2,3		
5301		1,2,3		
5310		1,2,3		
5314		1,2,3		
5320		1,2,3		
5329		1,2,3		
5335		1,2,3		
5338		1,2,3		
5339		1,2,3		
5342		1,2,3		
5345		1,2,3		
5350		1,2,3		
5354		1,2,3		
5359		1,2,3		
5360		1,2,3		
5361		1,2,3		
5364		1,2,3		
5372		1,2,3		
5375		1,2,3		
5376		1,2,3		
5380		1,2,3		
5386		1,2,3		
5392		1,2,3		
5400		1,2,3		
5406		1,2,3		
5408		1,2,3		
5409		1,2,3		
5410		1,2,3		
5426		1,2,3		
5429		1,2,3		
5430		1,2,3		
5432		1,2,3		
5435		1,2,3		
5439		1,2,3		
5440		1,2,3		
5442		1,2,3		
5443		1,2,3		
5449		1,2,3		
5450		1,2,3		
5451		1,2,3		
5456		1,2,3		
5466		1,2,3		
5467		1,2,3		
5471		1,2,3		
5475		1,2,3		
5479		1,2,3		
5482		1,2,3		
5483		1,2,3		
5487		1,2,3		
5489		1,2,3		
5491		1,2,3		
5492		1,2,3		
5497		1,2,3		
5498		1,2,3		
5499		1,2,3		
5506		1,2,3		
5516		1,2,3		
5517		1,2,3		
5519		1,2,3		
5525		1,2,3		
5528		1,2,3		
5530		1,2,3		
5533		1,2,3		
5535		1,2,3		
5536		1,2,3		
5547		1,2,3		
5549		1,2,3		
5562		1,2,3		
5563		1,2,3		
5565		1,2,3		
5566		1,2,3		
5567		1,2,3		
5569		1,2,3		
5582		1,2,3		
5587		1,2,3		
5589		1,2,3		
5599		1,2,3		
5601		1,2,3		
5606		1,2,3		
5608		1,2,3		
5609		1,2,3		
5613		1,2,3		
5616		1,2,3		
5620		1,2,3		
5623		1,2,3		
5624		1,2,3		
5633		1,2,3		
5637		1,2,3		
5641		1,2,3		
5643		1,2,3		
5644		1,2,3		
5647		1,2,3		
5648		1,2,3		
5649		1,2,3		
5650		1,2,3		
5651		1,2,3		
5659		1,2,3		
5660		1,2,3		
5664		1,2,3		
5666		1,2,3		
5668		1,2,3		
5675		1,2,3		
5677		1,2,3		
5678		1,2,3		
5685		1,2,3		
5688		1,2,3		
5689		1,2,3		
5692		1,2,3		
5693		1,2,3		
5694		1,2,3		
5696		1,2,3		
5698		1,2,3		
5702		1,2,3		
5714		1,2,3		
5720		1,2,3		
5728		1,2,3		
5740		1,2,3		
5741		1,2,3		
5746		1,2,3		
5747		1,2,3		
5750		1,2,3		
5759		1,2,3		
5762		1,2,3		
5770		1,2,3		
5772		1,2,3		
5773		1,2,3		
5775		1,2,3		
5777		1,2,3		
5778		1,2,3		
5780		1,2,3		
5781		1,2,3		
5786		1,2,3		
5793		1,2,3		
5795		1,2,3		
5796		1,2,3		
5801		1,2,3		
5802		1,2,3		
5806		1,2,3		
5810		1,2,3		
5811		1,2,3		
5813		1,2,3		
5817		1,2,3		
5822		1,2,3		
5824		1,2,3		
5833		1,2,3		
5836		1,2,3		
5837		1,2,3		
5840		1,2,3		
5842		1,2,3		
5844		1,2,3		
5845		1,2,3		
5853		1,2,3		
5860		1,2,3		
5867		1,2,3		
5868		1,2,3		
5871		1,2,3		
5873		1,2,3		
5880		1,2,3		
5881		1,2,3		
5884		1,2,3		
5887		1,2,3		
5888		1,2,3		
5892		1,2,3		
5899		1,2,3		
5905		1,2,3		
5906		1,2,3		
5913		1,2,3		
5925		1,2,3		
5929		1,2,3		
5930		1,2,3		
5935		1,2,3		
5940		1,2,3		
5946		1,2,3		
5950		1,2,3		
5951		1,2,3		
5952		1,2,3		
5954		1,2,3		
5955		1,2,3		
5956		1,2,3		
5959		1,2,3		
5960		1,2,3		
5965		1,2,3		
5968		1,2,3		
5973		1,2,3		
5974		1,2,3		
5976		1,2,3		
5981		1,2,3		
5989		1,2,3		
5996		1,2,3		
5999		1,2,3		
6009		1,2,3		
6010		1,2,3		
6012		1,2,3		
6014		1,2,3		
6018		1,2,3		
6019		1,2,3		
6026		1,2,3		
6030		1,2,3		
6032		1,2,3		
6033		1,2,3		
6037		1,2,3		
6040		1,2,3		
6044		1,2,3		
6050		1,2,3		
6055		1,2,3		
6058		1,2,3		
6060		1,2,3		
6061		1,2,3		
6066		1,2,3		
6067		1,2,3		
6071		1,2,3		
6074		1,2,3		
6075		1,2,3		
6077		1,2,3		
6082		1,2,3		
6083		1,2,3		
6086		1,2,3		
6090		1,2,3		
6092		1,2,3		
6094		1,2,3		
6095		1,2,3		
6099		1,2,3		
6101		1,2,3		
6116		1,2,3		
6117		1,2,3		
6120		1,2,3		
6125		1,2,3		
6127		1,2,3		
6145		1,2,3		
6146		1,2,3		
6151		1,2,3		
6155		1,2,3		
6156		1,2,3		
6160		1,2,3		
6165		1,2,3		
6173		1,2,3		
6179		1,2,3		
6184		1,2,3		
6185		1,2,3		
6191		1,2,3		
6195		1,2,3		
6198		1,2,3		
6209		1,2,3		
6210		1,2,3		
6212		1,2,3		
6213		1,2,3		
6218		1,2,3		
6227		1,2,3		
6228		1,2,3		
6234		1,2,3		
6236		1,2,3		
6239		1,2,3		
6240		1,2,3		
6243		1,2,3		
6251		1,2,3		
6253		1,2,3		
6255		1,2,3		
6258		1,2,3		
6263		1,2,3		
6265		1,2,3		
6269		1,2,3		
6270		1,2,3		
6271		1,2,3		
6273		1,2,3		
6280		1,2,3		
6284		1,2,3		
6289		1,2,3		
6300		1,2,3		
6302		1,2,3		
6303		1,2,3		
6305		1,2,3		
6310		1,2,3		
6311		1,2,3		
6312		1,2,3		
6321		1,2,3		
6331		1,2,3		
6334		1,2,3		
6335		1,2,3		
6341		1,2,3		
6345		1,2,3		
6351		1,2,3		
6352		1,2,3		
6353		1,2,3		
6361		1,2,3		
6362		1,2,3		
6364		1,2,3		
6365		1,2,3		
6368		1,2,3		
6369		1,2,3		
6373		1,2,3		
6374		1,2,3		
6375		1,2,3		
6379		1,2,3		
6382		1,2,3		
6384		1,2,3		
6394		1,2,3		
6397		1,2,3		
6398		1,2,3		
6403		1,2,3		
6404		1,2,3		
6409		1,2,3		
6410		1,2,3		
6411		1,2,3		
6412		1,2,3		
6414		1,2,3		
6426		1,2,3		
6427		1,2,3		
6429		1,2,3		
6430		1,2,3		
6434		1,2,3		
6435		1,2,3		
6438		1,2,3		
6443		1,2,3		
6450		1,2,3		
6452		1,2,3		
6454		1,2,3		
6472		1,2,3		
6473		1,2,3		
6474		1,2,3		
6484		1,2,3		
6502		1,2,3		
6504		1,2,3		
6511		1,2,3		
6512		1,2,3		
6521		1,2,3		
6523		1,2,3		
6527		1,2,3		
6532		1,2,3		
6540		1,2,3		
6544		1,2,3		
6545		1,2,3		
6549		1,2,3		
6552		1,2,3		
6554		1,2,3		
6562		1,2,3		
6563		1,2,3		
6569		1,2,3		
6571		1,2,3		
6572		1,2,3		
6574		1,2,3		
6582		1,2,3		
6585		1,2,3		
6588		1,2,3		
6589		1,2,3		
6593		1,2,3		
6605		1,2,3		
6606		1,2,3		
6613		1,2,3		
6618		1,2,3		
6621		1,2,3		
6622		1,2,3		
6625		1,2,3		
6627		1,2,3		
6631		1,2,3		
6632		1,2,3		
6637		1,2,3		
6640		1,2,3		
6641		1,2,3		
6644		1,2,3		
6648		1,2,3		
6656		1,2,3		
6663		1,2,3		
6666		1,2,3		
6667		1,2,3		
6670		1,2,3		
6674		1,2,3		
6676		1,2,3		
6679		1,2,3		
6688		1,2,3		
6691		1,2,3		
6692		1,2,3		
6696		1,2,3		
6697		1,2,3		
6698		1,2,3		
6701		1,2,3		
6702		1,2,3		
6703		1,2,3		
6705		1,2,3		
6711		1,2,3		
6713		1,2,3		
6714		1,2,3		
6715		1,2,3		
6718		1,2,3		
6722		1,2,3		
6733		1,2,3		
6738		1,2,3		
6746		1,2,3		
6748		1,2,3		
6759		1,2,3		
6760		1,2,3		
6763		1,2,3		
6770		1,2,3		
6771		1,2,3		
6772		1,2,3		
6779		1,2,3		
6780		1,2,3		
6784		1,2,3		
6785		1,2,3		
6789		1,2,3		
6790		1,2,3		
6801		1,2,3		
6803		1,2,3		
6806		1,2,3		
6813		1,2,3		
6821		1,2,3		
6824		1,2,3		
6825		1,2,3		
6828		1,2,3		
6830		1,2,3		
6835		1,2,3		
6838		1,2,3		
6840		1,2,3		
6847		1,2,3		
6851		1,2,3		
6852		1,2,3		
6853		1,2,3		
6855		1,2,3		
6860		1,2,3		
6861		1,2,3		
6867		1,2,3		
6868		1,2,3		
6870		1,2,3		
6878		1,2,3		
6880		1,2,3		
6881		1,2,3		
6885		1,2,3		
6889		1,2,3		
6891		1,2,3		
6897		1,2,3		
6904		1,2,3		
6909		1,2,3		
6932		1,2,3		
6933		1,2,3		
6939		1,2,3		
6941		1,2,3		
6948		1,2,3		
6952		1,2,3		
6957		1,2,3		
6958		1,2,3		
6961		1,2,3		
6962		1,2,3		
6963		1,2,3		
6965		1,2,3		
6966		1,2,3		
6971		1,2,3		
6974		1,2,3		
6975		1,2,3		
6976		1,2,3		
6978		1,2,3		
6983		1,2,3		
6984		1,2,3		
6988		1,2,3		
6990		1,2,3		
6999		1,2,3		
7001		1,2,3		
7004		1,2,3		
7007		1,2,3		
7008		1,2,3		
7012		1,2,3		
7018		1,2,3		
7025		1,2,3		
7026		1,2,3		
7027		1,2,3		
7034		1,2,3		
7035		1,2,3		
7044		1,2,3		
7048		1,2,3		
7049		1,2,3		
7050		1,2,3		
7052		1,2,3		
7054		1,2,3		
7065		1,2,3		
7070		1,2,3		
7071		1,2,3		
7072		1,2,3		
7075		1,2,3		
7078		1,2,3		
7080		1,2,3		
7081		1,2,3		
7082		1,2,3		
7083		1,2,3		
7084		1,2,3		
7086		1,2,3		
7094		1,2,3		
7095		1,2,3		
7096		1,2,3		
7097		1,2,3		
7101		1,2,3		
7106		1,2,3		
7108		1,2,3		
7109		1,2,3		
7115		1,2,3		
7116		1,2,3		
7119		1,2,3		
7121		1,2,3		
7122		1,2,3		
7125		1,2,3		
7126		1,2,3		
7133		1,2,3		
7140		1,2,3		
7143		1,2,3		
7145		1,2,3		
7150		1,2,3		
7151		1,2,3		
7153		1,2,3		
7160		1,2,3		
7162		1,2,3		
7163		1,2,3		
7171		1,2,3		
7173		1,2,3		
7176		1,2,3		
7179		1,2,3		
7185		1,2,3		
7187		1,2,3		
7188		1,2,3		
7192		1,2,3		
7196		1,2,3		
7203		1,2,3		
7207		1,2,3		
7209		1,2,3		
7210		1,2,3		
7221		1,2,3		
7223		1,2,3		
7225		1,2,3		
7227		1,2,3		
7231		1,2,3		
7241		1,2,3		
7253		1,2,3		
7254		1,2,3		
7260		1,2,3		
7265		1,2,3		
7266		1,2,3		
7270		1,2,3		
7276		1,2,3		
7277		1,2,3		
7279		1,2,3		
7284		1,2,3		
7287		1,2,3		
7292		1,2,3		
7305		1,2,3		
7309		1,2,3		
7310		1,2,3		
7316		1,2,3		
7318		1,2,3		
7323		1,2,3		
7326		1,2,3		
7328		1,2,3		
7329		1,2,3		
7331		1,2,3		
7336		1,2,3		
7338		1,2,3		
7339		1,2,3		
7342		1,2,3		
7344		1,2,3		
7348		1,2,3		
7355		1,2,3		
7356		1,2,3		
7362		1,2,3		
7364		1,2,3		
7373		1,2,3		
7374		1,2,3		
7381		1,2,3		
7384		1,2,3		
7386		1,2,3		
7388		1,2,3		
7390		1,2,3		
7400		1,2,3		
7401		1,2,3		
7402		1,2,3		
7403		1,2,3		
7406		1,2,3		
7411		1,2,3		
7417		1,2,3		
7425		1,2,3		
7426		1,2,3		
7434		1,2,3		
7436		1,2,3		
7440		1,2,3		
7445		1,2,3		
7448		1,2,3		
7451		1,2,3		
7464		1,2,3		
7484		1,2,3		
7488		1,2,3		
7489		1,2,3		
7493		1,2,3		
7500		1,2,3		
7501		1,2,3		
7505		1,2,3		
7513		1,2,3		
7514		1,2,3		
7518		1,2,3		
7524		1,2,3		
7525		1,2,3		
7526		1,2,3		
7529		1,2,3		
7530		1,2,3		
7534		1,2,3		
7539		1,2,3		
7541		1,2,3		
7552		1,2,3		
7553		1,2,3		
7556		1,2,3		
7561		1,2,3		
7567		1,2,3		
7573		1,2,3		
7574		1,2,3		
7576		1,2,3		
7582		1,2,3		
7583		1,2,3		
7584		1,2,3		
7586		1,2,3		
7587		1,2,3		
7591		1,2,3		
7599		1,2,3		
7604		1,2,3		
7613		1,2,3		
7614		1,2,3		
7627		1,2,3		
7631		1,2,3		
7632		1,2,3		
7634		1,2,3		
7637		1,2,3		
7638		1,2,3		
7641		1,2,3		
7669		1,2,3		
7675		1,2,3		
7676		1,2,3		
7686		1,2,3		
7687		1,2,3		
7693		1,2,3		
7694		1,2,3		
7695		1,2,3		
7699		1,2,3		
7702		1,2,3		
7704		1,2,3		
7708		1,2,3		
7712		1,2,3		
7716		1,2,3		
7718		1,2,3		
7722		1,2,3		
7726		1,2,3		
7730		1,2,3		
7739		1,2,3		
7741		1,2,3		
7743		1,2,3		
7746		1,2,3		
7748		1,2,3		
7754		1,2,3		
7755		1,2,3		
7759		1,2,3		
7761		1,2,3		
7769		1,2,3		
7774		1,2,3		
7776		1,2,3		
7778		1,2,3		
7782		1,2,3		
7815		1,2,3		
7817		1,2,3		
7818		1,2,3		
7821		1,2,3		
7822		1,2,3		
7823		1,2,3		
7828		1,2,3		
7836		1,2,3		
7837		1,2,3		
7840		1,2,3		
7841		1,2,3		
7845		1,2,3		
7849		1,2,3		
7865		1,2,3		
7869		1,2,3		
7870		1,2,3		
7877		1,2,3		
7880		1,2,3		
7881		1,2,3		
7891		1,2,3		
7894		1,2,3		
7897		1,2,3		
7899		1,2,3		
7901		1,2,3		
7905		1,2,3		
7908		1,2,3		
7909		1,2,3		
7915		1,2,3		
7917		1,2,3		
7919		1,2,3		
7923		1,2,3		
7926		1,2,3		
7927		1,2,3		
7928		1,2,3		
7941		1,2,3		
7945		1,2,3		
7947		1,2,3		
7949		1,2,3		
7952		1,2,3		
7956		1,2,3		
7960		1,2,3		
7963		1,2,3		
7972		1,2,3		
7975		1,2,3		
7978		1,2,3		
7983		1,2,3		
7984		1,2,3		
7987		1,2,3		
7989		1,2,3		
7990		1,2,3		
7994		1,2,3		
7995		1,2,3		
7996		1,2,3		
7997		1,2,3		
8005		1,2,3		
8007		1,2,3		
8009		1,2,3		
8010		1,2,3		
8020		1,2,3		
8027		1,2,3		
8032		1,2,3		
8033		1,2,3		
8035		1,2,3		
8038		1,2,3		
8040		1,2,3		
8047		1,2,3		
8051		1,2,3		
8052		1,2,3		
8054		1,2,3		
8057		1,2,3		
8060		1,2,3		
8061		1,2,3		
8064		1,2,3		
8068		1,2,3		
8073		1,2,3		
8076		1,2,3		
8078		1,2,3		
8080		1,2,3		
8090		1,2,3		
8093		1,2,3		
8094		1,2,3		
8096		1,2,3		
8097		1,2,3		
8099		1,2,3		
8100		1,2,3		
8107		1,2,3		
8112		1,2,3		
8116		1,2,3		
8118		1,2,3		
8120		1,2,3		
8126		1,2,3		
8131		1,2,3		
8135		1,2,3		
8136		1,2,3		
8145		1,2,3		
8155		1,2,3		
8158		1,2,3		
8165		1,2,3		
8176		1,2,3		
8178		1,2,3		
8179		1,2,3		
8180		1,2,3		
8183		1,2,3		
8184		1,2,3		
8204		1,2,3		
8208		1,2,3		
8210		1,2,3		
8216		1,2,3		
8219		1,2,3		
8221		1,2,3		
8232		1,2,3		
8234		1,2,3		
8236		1,2,3		
8239		1,2,3		
8245		1,2,3		
8248		1,2,3		
8252		1,2,3		
8253		1,2,3		
8256		1,2,3		
8257		1,2,3		
8259		1,2,3		
8272		1,2,3		
8274		1,2,3		
8278		1,2,3		
8285		1,2,3		
8287		1,2,3		
8288		1,2,3		
8294		1,2,3		
8296		1,2,3		
8297		1,2,3		
8298		1,2,3		
8302		1,2,3		
8309		1,2,3		
8317		1,2,3		
8319		1,2,3		
8320		1,2,3		
8321		1,2,3		
8335		1,2,3		
8339		1,2,3		
8343		1,2,3		
8344		1,2,3		
8347		1,2,3		
8349		1,2,3		
8355		1,2,3		
8356		1,2,3		
8358		1,2,3		
8359		1,2,3		
8362		1,2,3		
8368		1,2,3		
8375		1,2,3		
8378		1,2,3		
8390		1,2,3		
8391		1,2,3		
8395		1,2,3		
8402		1,2,3		
8404		1,2,3		
8405		1,2,3		
8407		1,2,3		
8408		1,2,3		
8412		1,2,3		
8413		1,2,3		
8414		1,2,3		
8418		1,2,3		
8423		1,2,3		
8427		1,2,3		
8428		1,2,3		
8432		1,2,3		
8448		1,2,3		
8450		1,2,3		
8454		1,2,3		
8462		1,2,3		
8465		1,2,3		
8466		1,2,3		
8468		1,2,3		
8470		1,2,3		
8471		1,2,3		
8482		1,2,3		
8483		1,2,3		
8484		1,2,3		
8490		1,2,3		
8492		1,2,3		
8493		1,2,3		
8497		1,2,3		
8505		1,2,3		
8506		1,2,3		
8507		1,2,3		
8510		1,2,3		
8511		1,2,3		
8515		1,2,3		
8516		1,2,3		
8520		1,2,3		
8522		1,2,3		
8523		1,2,3		
8537		1,2,3		
8541		1,2,3		
8545		1,2,3		
8549		1,2,3		
8560		1,2,3		
8562		1,2,3		
8563		1,2,3		
8564		1,2,3		
8568		1,2,3		
8576		1,2,3		
8579		1,2,3		
8585		1,2,3		
8588		1,2,3		
8589		1,2,3		
8592		1,2,3		
8593		1,2,3		
8596		1,2,3		
8597		1,2,3		
8599		1,2,3		
8603		1,2,3		
8608		1,2,3		
8609		1,2,3		
8610		1,2,3		
8618		1,2,3		
8621		1,2,3		
8622		1,2,3		
8624		1,2,3		
8625		1,2,3		
8628		1,2,3		
8632		1,2,3		
8633		1,2,3		
8636		1,2,3		
8637		1,2,3		
8647		1,2,3		
8651		1,2,3		
8653		1,2,3		
8654		1,2,3		
8657		1,2,3		
8661		1,2,3		
8675		1,2,3		
8681		1,2,3		
8687		1,2,3		
8689		1,2,3		
8692		1,2,3		
8698		1,2,3		
8707		1,2,3		
8708		1,2,3		
8710		1,2,3		
8712		1,2,3		
8714		1,2,3		
8719		1,2,3		
8722		1,2,3		
8727		1,2,3		
8729		1,2,3		
8730		1,2,3		
8731		1,2,3		
8733		1,2,3		
8737		1,2,3		
8738		1,2,3		
8746		1,2,3		
8749		1,2,3		
8751		1,2,3		
8752		1,2,3		
8754		1,2,3		
8760		1,2,3		
8763		1,2,3		
8764		1,2,3		
8766		1,2,3		
8767		1,2,3		
8771		1,2,3		
8781		1,2,3		
8789		1,2,3		
8791		1,2,3		
8795		1,2,3		
8798		1,2,3		
8799		1,2,3		
8801		1,2,3		
8807		1,2,3		
8811		1,2,3		
8812		1,2,3		
8818		1,2,3		
8819		1,2,3		
8820		1,2,3		
8821		1,2,3		
8837		1,2,3		
8843		1,2,3		
8844		1,2,3		
8854		1,2,3		
8855		1,2,3		
8860		1,2,3		
8863		1,2,3		
8874		1,2,3		
8876		1,2,3		
8877		1,2,3		
8878		1,2,3		
8879		1,2,3		
8893		1,2,3		
8899		1,2,3		
8900		1,2,3		
8904		1,2,3		
8907		1,2,3		
8910		1,2,3		
8911		1,2,3		
8919		1,2,3		
8924		1,2,3		
8939		1,2,3		
8942		1,2,3		
8944		1,2,3		
8947		1,2,3		
8948		1,2,3		
8957		1,2,3		
8958		1,2,3		
8961		1,2,3		
8962		1,2,3		
8973		1,2,3		
8978		1,2,3		
8980		1,2,3		
8981		1,2,3		
8987		1,2,3		
8991		1,2,3		
8994		1,2,3		
8998		1,2,3		
9001		1,2,3		
9005		1,2,3		
9009		1,2,3		
9010		1,2,3		
9011		1,2,3		
9015		1,2,3		
9020		1,2,3		
9021		1,2,3		
9024		1,2,3		
9025		1,2,3		
9029		1,2,3		
9031		1,2,3		
9032		1,2,3		
9033		1,2,3		
9048		1,2,3		
9049		1,2,3		
9054		1,2,3		
9055		1,2,3		
9057		1,2,3		
9061		1,2,3		
9062		1,2,3		
9064		1,2,3		
9069		1,2,3		
9075		1,2,3		
9078		1,2,3		
9080		1,2,3		
9085		1,2,3		
9088		1,2,3		
9092		1,2,3		
9094		1,2,3		
9100		1,2,3		
9101		1,2,3		
9105		1,2,3		
9110		1,2,3		
9115		1,2,3		
9119		1,2,3		
9121		1,2,3		
9126		1,2,3		
9128		1,2,3		
9134		1,2,3		
9139		1,2,3		
9142		1,2,3		
9143		1,2,3		
9151		1,2,3		
9154		1,2,3		
9159		1,2,3		
9161		1,2,3		
9165		1,2,3		
9174		1,2,3		
9178		1,2,3		
9184		1,2,3		
9186		1,2,3		
9193		1,2,3		
9196		1,2,3		
9200		1,2,3		
9203		1,2,3		
9204		1,2,3		
9205		1,2,3		
9213		1,2,3		
9214		1,2,3		
9216		1,2,3		
9217		1,2,3		
9218		1,2,3		
9221		1,2,3		
9224		1,2,3		
9227		1,2,3		
9239		1,2,3		
9244		1,2,3		
9247		1,2,3		
9259		1,2,3		
9266		1,2,3		
9268		1,2,3		
9275		1,2,3		
9279		1,2,3		
9286		1,2,3		
9288		1,2,3		
9297		1,2,3		
9302		1,2,3		
9303		1,2,3		
9305		1,2,3		
9306		1,2,3		
9311		1,2,3		
9314		1,2,3		
9315		1,2,3		
9319		1,2,3		
9320		1,2,3		
9321		1,2,3		
9324		1,2,3		
9326		1,2,3		
9328		1,2,3		
9329		1,2,3		
9331		1,2,3		
9333		1,2,3		
9336		1,2,3		
9337		1,2,3		
9341		1,2,3		
9345		1,2,3		
9347		1,2,3		
9351		1,2,3		
9354		1,2,3		
9366		1,2,3		
9368		1,2,3		
9371		1,2,3		
9380		1,2,3		
9387		1,2,3		
9394		1,2,3		
9401		1,2,3		
9402		1,2,3		
9403		1,2,3		
9408		1,2,3		
9411		1,2,3		
9414		1,2,3		
9418		1,2,3		
9419		1,2,3		
9422		1,2,3		
9425		1,2,3		
9428		1,2,3		
9430		1,2,3		
9434		1,2,3		
9435		1,2,3		
9437		1,2,3		
9438		1,2,3		
9440		1,2,3		
9444		1,2,3		
9450		1,2,3		
9454		1,2,3		
9455		1,2,3		
9456		1,2,3		
9462		1,2,3		
9465		1,2,3		
9466		1,2,3		
9467		1,2,3		
9471		1,2,3		
9473		1,2,3		
9475		1,2,3		
9476		1,2,3		
9478		1,2,3		
9480		1,2,3		
9482		1,2,3		
9484		1,2,3		
9486		1,2,3		
9487		1,2,3		
9492		1,2,3		
9497		1,2,3		
9508		1,2,3		
9514		1,2,3		
9515		1,2,3		
9526		1,2,3		
9528		1,2,3		
9529		1,2,3		
9533		1,2,3		
9534		1,2,3		
9539		1,2,3		
9540		1,2,3		
9542		1,2,3		
9548		1,2,3		
9552		1,2,3		
9555		1,2,3		
9559		1,2,3		
9563		1,2,3		
9568		1,2,3		
9570		1,2,3		
9574		1,2,3		
9578		1,2,3		
9580		1,2,3		
9581		1,2,3		
9586		1,2,3		
9590		1,2,3		
9599		1,2,3		
9601		1,2,3		
9606		1,2,3		
9612		1,2,3		
9618		1,2,3		
9619		1,2,3		
9621		1,2,3		
9625		1,2,3		
9628		1,2,3		
9629		1,2,3		
9632		1,2,3		
9649		1,2,3		
9650		1,2,3		
9655		1,2,3		
9656		1,2,3		
9657		1,2,3		
9659		1,2,3		
9673		1,2,3		
9678		1,2,3		
9680		1,2,3		
9681		1,2,3		
9683		1,2,3		
9685		1,2,3		
9687		1,2,3		
9688		1,2,3		
9689		1,2,3		
9696		1,2,3		
9697		1,2,3		
9701		1,2,3		
9705		1,2,3		
9706		1,2,3		
9708		1,2,3		
9711		1,2,3		
9716		1,2,3		
9719		1,2,3		
9729		1,2,3		
9734		1,2,3		
9739		1,2,3		
9744		1,2,3		
9750		1,2,3		
9751		1,2,3		
9752		1,2,3		
9759		1,2,3		
9761		1,2,3		
9765		1,2,3		
9766		1,2,3		
9767		1,2,3		
9770		1,2,3		
9771		1,2,3		
9772		1,2,3		
9777		1,2,3		
9784		1,2,3		
9786		1,2,3		
9793		1,2,3		
9794		1,2,3		
9795		1,2,3		
9802		1,2,3		
9809		1,2,3		
9813		1,2,3		
9814		1,2,3		
9815		1,2,3		
9816		1,2,3		
9818		1,2,3		
9820		1,2,3		
9833		1,2,3		
9840		1,2,3		
9846		1,2,3		
9848		1,2,3		
9854		1,2,3		
9859		1,2,3		
9860		1,2,3		
9862		1,2,3		
9864		1,2,3		
9867		1,2,3		
9868		1,2,3		
9871		1,2,3		
9873		1,2,3		
9874		1,2,3		
9877		1,2,3		
9879		1,2,3		
9885		1,2,3		
9886		1,2,3		
9888		1,2,3		
9889		1,2,3		
9892		1,2,3		
9893		1,2,3		
9896		1,2,3		
9897		1,2,3		
9900		1,2,3		
9904		1,2,3		
9905		1,2,3		
9907		1,2,3		
9918		1,2,3		
9925		1,2,3		
9931		1,2,3		
9932		1,2,3		
9935		1,2,3		
9936		1,2,3		
9953		1,2,3		
9954		1,2,3		
9955		1,2,3		
9963		1,2,3		
9964		1,2,3		
9967		1,2,3		
9974		1,2,3		
9981		1,2,3		
9982		1,2,3		
9987		1,2,3		
9988		1,2,3		
9989		1,2,3		
9997		1,2,3		
9998		1,2,3		

Subspace description
--------------------

- Notes

Rows:		subspaces (<start>:<end>)
Columns:	<step_number>.<step_size>
Values:		 0 ='no dependence', 0.9='high dependence'

- Description

1,2,3  :  
### [bt]: Job terminated with an exception [batchtools job.id=1]
### [bt]: Calculation finished!
