"1","2","3","4","5","6","7","8","9","10","class"
0.655884034233168,0.210336627671495,0.0491524948738515,0.125805516494438,0.946041238727048,0.976829365827143,0.161247079493478,0.411702294368297,0.736869651358575,0.626952867256477,0
0.281654405407608,0.514573351480067,0.496405155397952,0.42223951080814,0.834830464329571,0.487788836937398,0.141678354935721,0.232746967347339,0.14408589201048,0.0409850075375289,0
0.239350705873221,0.197861052816734,0.25938163115643,0.204630012391135,0.733259329106659,0.588614215143025,0.243465225677937,0.741938475286588,0.927480177488178,0.333980851341039,0
0.389562264800258,0.49743073200807,0.236966663738713,0.283422596054152,0.343486529542133,0.412267811829224,0.124431003583595,0.18166851834394,0.883387698093429,0.033119997009635,0
0.358370954636484,0.706679144641384,0.364028087351471,0.848440943984315,0.401279440149665,0.250366751803085,0.163578960346058,0.817340873647481,0.90898406249471,0.924524327740073,0
0.709465038729832,0.314134173095226,0.383251308696344,0.98034059908241,0.342751073418185,0.580594168510288,0.101824977668002,0.637201755307615,0.93334448733367,0.109082861803472,0
0.462771010585129,0.032094071386382,0.176550046773627,0.611019677016884,0.103156259981915,0.193014113930985,0.523014238802716,0.141044420655817,0.10939041338861,0.730995444115251,0
0.395204327302054,0.181124102324247,0.256339126266539,0.70556249958463,0.395496823592111,0.939641791395843,0.125471521401778,0.336783186998218,0.0956735697109252,0.90267486567609,0
0.347346132854,0.38643035874702,0.676189144374803,0.286410468164831,0.807834225706756,0.995073741069064,0.976640212815255,0.0459802788682282,0.902753099333495,0.73220737464726,0
0.345964687876403,0.495089216390625,0.610909287817776,0.543559895362705,0.175055444473401,0.544110547052696,0.547022690065205,0.536665426101536,0.395646172342822,0.099543085321784,0
0.266114217462018,0.182332491502166,0.522769410861656,0.885767774656415,0.07190609164536,0.917606197763234,0.566621006699279,0.974809431005269,0.368153241230175,0.642718312330544,0
0.34305044519715,0.511412349063903,0.516575698973611,0.969865978229791,0.353877089219168,0.132155904779211,0.811660162173212,0.980396047467366,0.658489336259663,0.775393025716767,0
0.0222218276467174,0.523430687608197,0.652414790121838,0.027761009754613,0.143083335831761,0.568435466149822,0.714222519425675,0.789745060028508,0.597623165696859,0.0212088047992438,0
0.399267696077004,0.291323752142489,0.0563096449663863,0.319559301482514,0.794011232210323,0.134063710691407,0.346229369519278,0.892564500449225,0.199790219310671,0.907063451595604,0
0.394377713557333,0.773317423183471,0.221042186487466,0.859872529515997,0.934824385913089,0.84338795975782,0.591201562900096,0.699162379838526,0.184016859158874,0.911976055707783,0
0.233353790594265,0.551358989905566,0.82175568677485,0.491396243218333,0.596550186164677,0.744276891695336,0.781316148350015,0.217170749092475,0.864748365944251,0.219423413276672,0
0.326264765579253,0.832497282652184,0.378349155886099,0.678400778211653,0.796631717588753,0.365538785234094,0.728169791167602,0.689591572154313,0.539393918355927,0.769183675292879,0
0.156079289736226,0.756588276475668,0.685402932576835,0.372822641162202,0.25348864402622,0.624069415265694,0.756158845266327,0.771904600085691,0.563459609635174,0.268270758213475,0
0.711518635042012,0.190731104696169,0.75477783405222,0.394287289120257,0.311420434853062,0.0270653776824474,0.685611138818786,0.238764974055812,0.648429325083271,0.206605949206278,0
0.294251318089664,0.754585731541738,0.886391224106774,0.548807785147801,0.723736917134374,0.265094333095476,0.0707356743514538,0.638975116657093,0.970303918235004,0.518384532304481,0
0.796402795938775,0.53402498876676,0.780849532457069,0.3765839333646,0.460000133374706,0.43267808877863,0.891978820320219,0.722419587662444,0.761494813021272,0.637840483570471,0
0.428341502090916,0.178507149452344,0.349796413443983,0.109472481301054,0.401551357237622,0.842503117164597,0.733467714162543,0.970521336654201,0.52146261301823,0.906266929814592,0
0.333058730699122,0.566563177620992,0.398135667433962,0.756593961501494,0.438027363037691,0.235983305145055,0.814048163127154,0.770799102494493,0.331307224929333,0.131041005719453,0
0.642567410832271,0.657732871826738,0.404624688904732,0.664226104971021,0.62823937064968,0.255741243017837,0.848270097980276,0.710881053702906,0.155398714588955,0.858372111571953,0
0.964821903267875,0.758180993143469,0.942591822240502,0.232434889767319,0.935549745336175,0.437024772865698,0.900413433322683,0.0353875642176718,0.438885058276355,0.748719634721056,0
0.524856759235263,0.515982969664037,0.497973800171167,0.130123540060595,0.411522357957438,0.465240641031414,0.0508374595083296,0.339724799850956,0.503752594813704,0.479230951750651,0
0.670819076243788,0.159172981278971,0.663872458972037,0.0169874695129693,0.656446107197553,0.324606571812183,0.706116138258949,0.11204515513964,0.730342325521633,0.725869204383343,0
0.559507407480851,0.399456507060677,0.717554345726967,0.492900832090527,0.735721844481304,0.702378030633554,0.887743884464726,0.717887435574085,0.95280497148633,0.291083930293098,0
0.193743255687878,0.884860062273219,0.85416079708375,0.465514284092933,0.411554874386638,0.734918039757758,0.969748430419713,0.262727555818856,0.927799731027335,0.605650639161468,0
0.285075963241979,0.183345291530713,0.532876853598282,0.579570134170353,0.102867591427639,0.454870228655636,0.00275927921757102,0.954330960987136,0.931560321478173,0.360568842617795,0
0.235410902416334,0.134476472390816,0.888504093978554,0.574569473974407,0.325998935382813,0.0243795635178685,0.756547442404553,0.140453610103577,0.63473117724061,0.605681279208511,0
0.219746119808406,0.492446934105828,0.0507451284211129,0.343591696582735,0.84732756530866,0.424246780574322,0.780742711387575,0.294564486248419,0.722698252648115,0.17914187326096,0
0.687898800009862,0.45031815674156,0.644721843535081,0.966813236474991,0.182356162229553,0.502606049412861,0.453466634266078,0.208113038213924,0.824727339437231,0.608548589982092,0
0.284105323487893,0.949792791157961,0.283478659112006,0.00684349844232202,0.409439694369212,0.0791946907993406,0.675244873389602,0.839089945657179,0.863976213149726,0.803592787357047,0
0.831281968159601,0.783967808820307,0.999010298866779,0.591497105080634,0.365326505620033,0.00812772219069302,0.103071713354439,0.695151667110622,0.656965154455975,0.919741762103513,0
0.480179589241743,0.517729939660057,0.544149962486699,0.0317876746412367,0.56467505148612,0.448773897718638,0.861043635290116,0.484967244789004,0.659305910812691,0.00704477448016405,0
0.763242819812149,0.305825551273301,0.656967549584806,0.149133730912581,0.781328117474914,0.802112738136202,0.0781308468431234,0.0475311244372278,0.739054639125243,0.619474691338837,0
0.0564736539963633,0.426200706977397,0.656900633824989,0.825304464204237,0.265670439461246,0.201894941506907,0.0203262595459819,0.437188360374421,0.593629355542362,0.208465808071196,0
0.540280191227794,0.922658675583079,0.246402338612825,0.685377998277545,0.273517240770161,0.516663102433085,0.247967204079032,0.105901770759374,0.722473461413756,0.591873124241829,0
0.159470642916858,0.494076278293505,0.338878953130916,0.294921955792233,0.413249827921391,0.181889447616413,0.907632742775604,0.635248253820464,0.725740410387516,0.461577771231532,0
0.862502896459773,0.961768037639558,0.483190064784139,0.00278322887606919,0.658967962721363,0.887578332563862,0.602723643649369,0.0777012298349291,0.968989271437749,0.621287625748664,0
0.603815564652905,0.866834221407771,0.419788431143388,0.219747184077278,0.791919129900634,0.828560869209468,0.358900498598814,0.0270243717823178,0.491942358901724,0.770801122067496,0
0.607635125750676,0.321142945671454,0.70035549509339,0.949267413234338,0.222571068443358,0.76018867152743,0.773432151880115,0.628173998557031,0.120773734059185,0.113617826486006,0
0.307211205363274,0.292890263721347,0.822317586047575,0.11195837170817,0.936429697321728,0.143244075123221,0.611637978581712,0.634181569330394,0.802645225077868,0.151560256956145,0
0.0617954086046666,0.8193737603724,0.0472314970102161,0.32199288206175,0.125075606629252,0.77886905008927,0.160432238597423,0.493961841333658,0.206829505739734,0.788439576514065,0
0.360501383664086,0.598912957124412,0.0822704907041043,0.393838655669242,0.626478495309129,0.232148817041889,0.936666478868574,0.985978949349374,0.313777251169086,0.992781140375882,0
0.0774267083033919,0.347728602821007,0.46960122208111,0.229887055465952,0.839729217346758,0.323568488238379,0.788166234036908,0.989097072742879,0.257174629950896,0.341045514214784,0
0.253144339425489,0.867479391628876,0.0698864490259439,0.0166058144532144,0.937457088613883,0.0180686141829938,0.58453102549538,0.92926117987372,0.975201605586335,0.849810536950827,0
0.854949634289369,0.456094077322632,0.256284158909693,0.993014862760901,0.951649105641991,0.176228802418336,0.200297340285033,0.58949403418228,0.703434773720801,0.211366798728704,0
0.595236124005169,0.683483954519033,0.199506888398901,0.984986220952123,0.301406003534794,0.620153024094179,0.767355786403641,0.295413451967761,0.764585508732125,0.752525056246668,0
0.801630986621603,0.51392644783482,0.228985201567411,0.346649123355746,0.531822059769183,0.95334014785476,0.6585314697586,0.756366883637384,0.656799783697352,0.696359342429787,0
0.289399719797075,0.978583057178184,0.227870201924816,0.0222766366787255,0.536842185072601,0.31547707086429,0.141623801086098,0.739963126834482,0.933108126046136,0.672140089096501,0
0.0276305705774575,0.912771764909849,0.393881731433794,0.41749007627368,0.183430450735614,0.508131292881444,0.510061743669212,0.12402458768338,0.625209979712963,0.863931982545182,0
0.955885699717328,0.888047054875642,0.789087546756491,0.098789588548243,0.456826710375026,0.0982281181495637,0.901052974164486,0.495888628065586,0.514947031857446,0.411384736420587,0
0.41307047335431,0.658715912140906,0.402765646576881,0.907909656874835,0.179662465117872,0.799172719707713,0.0502286716364324,0.580769692547619,0.225357531337067,0.158632613020018,0
0.301460918504745,0.355706323869526,0.600630935281515,0.445735224988312,0.70017805043608,0.16256543318741,0.602223922731355,0.793477135477588,0.0291441441513598,0.125215654959902,0
0.537456586491317,0.284114747308195,0.286203374097496,0.373631693888456,0.0167619565036148,0.80682110786438,0.52487093093805,0.960546117275953,0.220891897799447,0.376458907965571,0
0.98426056234166,0.289464971283451,0.334259953116998,0.217652982799336,0.88496211823076,0.875018928200006,0.225613813847303,0.55526884412393,0.849326118826866,0.73095751251094,0
0.847595104016364,0.488167986040935,0.742717286106199,0.212752397637814,0.95925230300054,0.965449191397056,0.560059463605285,0.680584853515029,0.887980533298105,0.116999892285094,0
0.601751365931705,0.0815443573519588,0.097815231885761,0.416882483055815,0.372389655094594,0.7811632999219,0.519237478030846,0.953297799220309,0.050222484394908,0.222056325059384,0
0.17056459095329,0.939591869013384,0.379206273239106,0.214202359085903,0.937425031792372,0.464232137426734,0.829879922093824,0.994089379906654,0.212758206995204,0.42031366052106,0
0.370264515513554,0.643881278345361,0.1813484353479,0.63779841340147,0.761416813125834,0.988016087794676,0.534712708787993,0.0596481594257057,0.0957634740043432,0.0513225197792053,0
0.707845840137452,0.769219254609197,0.106463108444586,0.508494768757373,0.967419310472906,0.266089380253106,0.797382672084495,0.725112446350977,0.483306722715497,0.373539105290547,0
0.909219800960273,0.767572914017364,0.760096773970872,0.533058037282899,0.207453015260398,0.79181976406835,0.80282563297078,0.847338627558202,0.228715017205104,0.0861975706648082,0
0.464611299801618,0.352642410201952,0.98963282816112,0.0615213855635375,0.742333602160215,0.475262550404295,0.0662636887282133,0.758588208584115,0.0504299646709114,0.566159296780825,0
0.640137374168262,0.998106241226196,0.623988995561376,0.221522476058453,0.00124519402580336,0.818016210570931,0.986101142829284,0.537314388435334,0.978774996474385,0.489229866303504,0
0.719204989494756,0.946696211816743,0.862758304690942,0.0945380264893174,0.118869978236035,0.867105677258223,0.997316853841767,0.907751901308075,0.238881424535066,0.0294326704461128,0
0.772990599274635,0.988002289552242,0.924424029886723,0.503957813605666,0.0479956462513655,0.258546452736482,0.627615427598357,0.186182523146272,0.589364361483604,0.175022665178403,0
0.179439645726234,0.414560465142131,0.374523258535191,0.989932511001825,0.930311057716608,0.717479907441884,0.239026806782931,0.0392957236617804,0.98346456931904,0.831760741071776,0
0.801261238520965,0.71599201974459,0.0727941405493766,0.109357800800353,0.315820728661492,0.909251371165738,0.603172197239473,0.68511949153617,0.939662718214095,0.494944146601483,0
0.441477861022577,0.208337400341406,0.939642701530829,0.126143944915384,0.87659444892779,0.876687098760158,0.326218509115279,0.510767911793664,0.730688617099077,0.621707847574726,0
0.272538818186149,0.0484794462099671,0.0340923825278878,0.225936701288447,0.449055540608242,0.828732806257904,0.984517239499837,0.348918035393581,0.394987806677818,0.887261039111763,0
0.289040943607688,0.626674042548984,0.134405625984073,0.546956814127043,0.275385587709025,0.761427658377215,0.291048353770748,0.0271187033504248,0.788339908467606,0.445655511924997,0
0.683804445434362,0.659468156285584,0.884009771514684,0.666880774311721,0.366823617834598,0.491358305327594,0.11416022782214,0.684747936902568,0.403459480730817,0.0792998534161597,0
0.75351710151881,0.615499626146629,0.576579922810197,0.470278076827526,0.194817015668377,0.0179314697161317,0.666411424987018,0.0202041633892804,0.451542956056073,0.259547438006848,0
0.533123288070783,0.858386501437053,0.0434214496053755,0.653004573425278,0.866961598163471,0.850081193028018,0.935372392414138,0.158655051141977,0.269394502043724,0.80620240047574,0
0.474066280061379,0.872388234594837,0.137003828771412,0.888663944322616,0.775888588977978,0.140007212059572,0.979887095978484,0.64069097279571,0.07887676008977,0.465618809685111,0
0.567177556222305,0.280817222082987,0.0903392659965903,0.204201220301911,0.497339623048902,0.00820757774636149,0.216169354971498,0.417976252967492,0.624721392756328,0.186417814344168,0
0.953917081234977,0.647844478022307,0.017282878048718,0.575087669538334,0.55273666116409,0.858322596177459,0.295497509883717,0.60471416823566,0.142207713797688,0.248427560552955,0
0.181220552418381,0.485789498314261,0.947859442094341,0.539863874902949,0.18392760748975,0.137859703972936,0.756800514645875,0.208112858003005,0.360242746304721,0.744570220354944,0
0.927846179809421,0.454389894613996,0.295402444433421,0.171585074393079,0.913482464151457,0.788726987550035,0.0304768141359091,0.0601759001147002,0.173471377464011,0.640559883322567,0
0.139121825108305,0.411638820543885,0.615192293655127,0.788319431478158,0.706208512885496,0.618466202169657,0.673007320379838,0.509130438091233,0.924605697859079,0.129172465996817,0
0.185044285608456,0.810418971581385,0.85959525918588,0.48065640614368,0.589581002481282,0.476808335632086,0.976497869007289,0.753240469377488,0.325077143730596,0.150896378792822,0
0.474725844804198,0.385693250223994,0.460142711410299,0.676636325195432,0.288361813873053,0.941438452806324,0.846271823858842,0.616149599198252,0.971756608923897,0.898929288377985,0
0.122129877563566,0.208060757257044,0.185936307767406,0.987320161890239,0.396609732415527,0.738491031806916,0.899493205593899,0.72074122261256,0.347819135524333,0.372777592623606,0
0.142151057953015,0.0523675591684878,0.61044032429345,0.788277489133179,0.834106489550322,0.0991057169158012,0.0832400745712221,0.544394527794793,0.338481750804931,0.0758958985097706,0
0.428676821989939,0.519927901215851,0.898962021572515,0.011683456832543,0.781867887126282,0.92261577071622,0.330748129636049,0.0371790528297424,0.66156438481994,0.423553683562204,0
0.0319311248604208,0.41424159379676,0.241931574419141,0.411686005769297,0.863247229252011,0.495634249411523,0.552890122402459,0.994075032882392,0.475938937393948,0.206089848186821,0
0.194338424131274,0.152797692455351,0.376934064552188,0.971817087149248,0.806981896748766,0.133930247742683,0.158161541447043,0.337334209820256,0.108072387753054,0.772969418205321,0
0.295159309636801,0.386474880157039,0.223589558620006,0.848094295011833,0.852667697006837,0.0360079556703568,0.0485308077186346,0.647449597716331,0.965658559929579,0.291863391408697,0
0.0736730727367103,0.00720523716881871,0.0725623972248286,0.679911802755669,0.489170674234629,0.817942500347272,0.567922785878181,0.926162838935852,0.623075037496164,0.282120305579156,0
0.015299397520721,0.427540057804435,0.0757435273844749,0.344817135948688,0.925979534164071,0.563054126687348,0.629940272308886,0.183490509167314,0.677210660651326,0.8273536702618,0
0.935847613960505,0.285368812736124,0.894530237419531,0.0694871640298516,0.223821303807199,0.912154279416427,0.888285690685734,0.048788896529004,0.895133574260399,0.578089949907735,0
0.508175512775779,0.692726874025539,0.440826001111418,0.869839635211974,0.565762641374022,0.489441030658782,0.876978656277061,0.870456812204793,0.00512727699242532,0.738346211612225,0
0.35856859665364,0.580274407053366,0.397638978436589,0.140841764397919,0.305481662740931,0.895871235057712,0.806880050338805,0.35428117448464,0.344254562631249,0.0630011456087232,0
0.117903391364962,0.807819824898615,0.938772300491109,0.663627771427855,0.149378821952268,0.0478361968416721,0.44533657678403,0.258474137168378,0.508315567625687,0.410466026049107,0
0.788542378460988,0.0569443821441382,0.737764772726223,0.506347412010655,0.882671146653593,0.309973169118166,0.198874551570043,0.954056884162128,0.058147496310994,0.0209076188039035,0
0.439505799906328,0.454785409849137,0.681124858558178,0.357509353896603,0.724372952710837,0.828793070744723,0.267591614974663,0.235521679045632,0.193965625716373,0.113547052256763,0
0.919749295571819,0.0364688173867762,0.144090377725661,0.781202757963911,0.753166034352034,0.186902749119326,0.570958814350888,0.803373957285658,0.167926819762215,0.906029071426019,0
0.108953425195068,0.889481208287179,0.923584545264021,0.781989888986573,0.539376633241773,0.997073299018666,0.275229889899492,0.241660999134183,0.74049346591346,0.870283333584666,0
