"1","2","3","4","5","6","7","8","9","10","class"
0.12680287566036,0.729759384412318,0.748042783467099,0.0656760539859533,0.10528340912424,0.580311781726778,0.716166109312326,0.820203623268753,0.104101856006309,0.240497002378106,0
0.0728260008618236,0.822947464417666,0.43581332382746,0.0512562424410135,0.52364127128385,0.629962459439412,0.0862325804773718,0.606168716214597,0.149781131418422,0.896249274490401,0
0.140113181667402,0.62792298477143,0.15153669170104,0.689436751650646,0.319617769448087,0.743141307262704,0.127893842523918,0.866796786664054,0.498157841851935,0.188413943396881,0
0.0868951762095094,0.0766791007481515,0.348730308469385,0.548519329633564,0.446608490310609,0.0889313041698188,0.62247897265479,0.980006432160735,0.486074904212728,0.530906199477613,0
0.947847269941121,0.15986703382805,0.579515229677781,0.526834323536605,0.863849127897993,0.286900639999658,0.338456736877561,0.338626148877665,0.234606650425121,0.132905513048172,0
0.748048749985173,0.573132785968482,0.347034255275503,0.924686599522829,0.0929330612998456,0.104791089426726,0.219262586906552,0.817506536608562,0.455079985782504,0.81755284848623,0
0.578726357314736,0.166822959203273,0.195262095425278,0.78525533596985,0.680363837629557,0.461625033523887,0.251791713526472,0.630919600371271,0.286805008770898,0.46983771212399,0
0.572372104972601,0.309790850616992,0.589872484328225,0.788814678089693,0.0287471739575267,0.319818544434384,0.0991813738364726,0.379537712084129,0.54472053446807,0.0756845003925264,0
0.807057253317907,0.418972399318591,0.187554124742746,0.0893094688653946,0.801772300153971,0.645137949846685,0.997997328871861,0.205684630200267,0.101425827946514,0.455092232208699,0
0.128049882706301,0.232570656109601,0.199906613444909,0.328097103396431,0.479463695315644,0.274772001197562,0.153012931114063,0.946650485973805,0.952125560492277,0.480325457639992,0
0.15919354534708,0.195286506321281,0.0169906788505614,0.663537492509931,0.652830713195726,0.384103772928938,0.927374823018909,0.255077530164272,0.448024108540267,0.514579301699996,0
0.357117837993428,0.386074201203883,0.0501146896276623,0.390523918438703,0.276067197555676,0.533587963320315,0.0620110617019236,0.411486790981144,0.288346751360223,0.79802773008123,0
0.835883705178276,0.411303930683061,0.038984501035884,0.958115346729755,0.844354609725997,0.728557321242988,0.387522482546046,0.704859280027449,0.958955347305164,0.106667077401653,0
0.11892039421408,0.523132203845307,0.634995768079534,0.474474283866584,0.885438881348819,0.0436953755561262,0.398395019117743,0.551993717206642,0.30343375611119,0.0462126364000142,0
0.520444600610062,0.814787484472618,0.874085626099259,0.014229134060489,0.763647490181029,0.585322161903605,0.584846922662109,0.0135136630851775,0.868734474526718,0.0684028307441622,0
0.674634551862255,0.286187354940921,0.0852593698073179,0.515647793421522,0.929237782023847,0.789438486797735,0.200734188780189,0.164690788136795,0.542433650465682,0.722106817411259,0
0.162117387884483,0.858099426841363,0.155699042370543,0.580307137221098,0.856126590631902,0.0133084678091109,0.196102985413745,0.853198274970055,0.0141061777248979,0.384823786327615,0
0.645555041730404,0.398205355275422,0.012265673583094,0.765474971849471,0.764086148701608,0.7361307493411,0.123804624192417,0.69261709228158,0.230881360825151,0.734768998110667,0
0.672696952242404,0.172255819430575,0.310740022454411,0.57462190464139,0.557003461522982,0.849840265931562,0.724541452946141,0.0163478339090943,0.91288818186149,0.404202390927821,0
0.915953704155982,0.0386438097339123,0.983188351616263,0.24938151659444,0.133176651550457,0.385571683291346,0.613051575375721,0.699106725864112,0.975003730505705,0.437544280197471,0
0.794192305533215,0.128747143084183,0.511950747575611,0.884631986729801,0.37458097981289,0.552003060933203,0.604640327626839,0.956847782013938,0.175414736382663,0.632641764124855,0
0.222901880741119,0.311547041404992,0.458878647070378,0.293716581305489,0.0579315449576825,0.853626632597297,0.648042921675369,0.921273586107418,0.760638441890478,0.55478469049558,0
0.554051740095019,0.0198167795315385,0.11399016273208,0.321091158315539,0.0457205625258386,0.332479588920251,0.480635278159752,0.830183662474155,0.403969070874155,0.248247029725462,0
0.713221277808771,0.0962043118197471,0.625792618608102,0.879690535832196,0.35740430909209,0.885512898210436,0.729964475380257,0.26888395822607,0.333596552722156,0.509342730976641,0
0.684043562039733,0.960855215787888,0.057879023867473,0.59946763375774,0.83793756715022,0.158714765449986,0.00737228174693882,0.29247361398302,0.620665236609057,0.732424329267815,0
0.967366471188143,0.0538838595279958,0.51032280200161,0.294038786552846,0.685666831908748,0.393717755563557,0.775845177471638,0.44421809935011,0.199892659438774,0.00406617391854525,0
0.486070043640211,0.054362932372326,0.956173971062526,0.287061881739646,0.336174174677581,0.0712479443755001,0.961360873188823,0.233341926243156,0.159960710909218,0.169285079231486,0
0.39707853551954,0.208663072204217,0.0474869867953937,0.813813893822953,0.316055469913408,0.594134864164516,0.0103386102709919,0.747911690734327,0.281376386526972,0.302159796236083,0
0.592150839045644,0.368764224927872,0.412560967262834,0.697753633372486,0.0959556280698627,0.525689612142742,0.71226842305623,0.210764749208465,0.0191407355014235,0.620202264282852,0
0.254557645646855,0.473878589691594,0.0344031078275293,0.0706054067143704,0.531722595682368,0.719894134439528,0.0524842843879014,0.76788952969946,0.572830906137824,0.419335708254948,0
0.401132102357224,0.00181168830022216,0.0951171258878894,0.162301977397874,0.936653638491407,0.24247837648727,0.675286261597648,0.897097178734839,0.59745378466323,0.101014951243997,0
0.757444019196555,0.842602702090517,0.319379593944177,0.247037908760831,0.153248509392142,0.82019993243739,0.365774024743587,0.260931642260402,0.934726497158408,0.52875062264502,0
0.218803813448176,0.843556566396728,0.108633018331602,0.794869226636365,0.203490611165762,0.982930944068357,0.83943947753869,0.951525376643986,0.864305787486956,0.326469255844131,0
0.671645063441247,0.818005556473508,0.27902275742963,0.644400333752856,0.0187583437655121,0.475807636044919,0.78080655564554,0.578043273417279,0.854054494760931,0.613582686055452,0
0.700081479502842,0.749098024331033,0.786843427224085,0.0678758139217272,0.843648809706792,0.0799803300760686,0.305204943288118,0.131820181617513,0.894484192598611,0.850835282821208,0
0.00510864146053791,0.251603829208761,0.819572801934555,0.999926302582026,0.168213410070166,0.534250259865075,0.474909238517284,0.269940504338592,0.864029610762373,0.825578308198601,0
0.619958565570414,0.751357227796689,0.0533593804575503,0.0993466249201447,0.667876512743533,0.562683254480362,0.728986489586532,0.4158414544072,0.275418413104489,0.134911688510329,0
0.0822469612931832,0.00841666595079005,0.253740527434275,0.503480497049168,0.240819996688515,0.216449811588973,0.952575493603945,0.679397016065195,0.997902079485357,0.202411695383489,0
0.847442507045344,0.801678990479559,0.384835582459345,0.0176364027429372,0.669097288046032,0.379739613970742,0.318777045002207,0.544749478343874,0.671696418430656,0.872818367788568,0
0.881045439979061,0.38726219534874,0.937062796903774,0.0907459852751344,0.998162981355563,0.618592427577823,0.0254379496909678,0.917485993588343,0.337308136979118,0.479245936032385,0
0.829504152061418,0.600729931378737,0.0686670315442607,0.222999153425917,0.0407172220293432,0.151633854722604,0.482447396963835,0.0656246023718268,0.0484193060547113,0.467480196617544,0
0.191837740829214,0.87615674873814,0.0574805352371186,0.300450381357223,0.443979825126007,0.184366581961513,0.837783199269325,0.909723095828667,0.148910635849461,0.679024579003453,0
0.356064010411501,0.820619427133352,0.0409060753881931,0.828444729093462,0.447983698453754,0.815608896315098,0.434614937985316,0.260440893471241,0.407234666170552,0.0711885516066104,0
0.880788815207779,0.236945628654212,0.0209979221690446,0.378975396975875,0.76719302078709,0.394872136414051,0.887263187440112,0.462533328682184,0.346733876038343,0.0960740179289132,0
0.0515914580319077,0.361444332636893,0.286875175777823,0.182812213432044,0.0283304331608117,0.415243980241939,0.251195315504447,0.364561033667997,0.298227253369987,0.481342682847753,0
0.0862626764889573,0.321561327204108,0.30466526420787,0.890574422199279,0.678685616701841,0.832995652221143,0.574231916805729,0.780167670687661,0.954596873139963,0.608820819994435,0
0.827985622454435,0.947929604211822,0.739118364872411,0.0557886932510883,0.376168335555121,0.281747211934999,0.138385440921411,0.430757265305147,0.0191515642218292,0.0253516489174217,0
0.333430157974362,0.17471639579162,0.575596844078973,0.238384319469333,0.036133487476036,0.350810257252306,0.461512400768697,0.178050731541589,0.232692196266726,0.398309456184506,0
0.766373374033719,0.174461460439488,0.00354900578726083,0.667473597219214,0.0399880416225642,0.673858196707442,0.392199800582603,0.438717566430569,0.357545245904475,0.646174202440307,0
0.64177857642062,0.0363822856452316,0.322912227129564,0.913265979383141,0.61969648883678,0.00437166611663997,0.137882783077657,0.394575451035053,0.0948997670784593,0.146620532264933,0
0.492385191610083,0.578126429347321,0.337840058607981,0.0775496049318463,0.0262195991817862,0.684699284145609,0.363934494787827,0.8710934354458,0.100614621536806,0.717753219651058,0
0.378912841668352,0.579129773192108,0.524581116857007,0.0765318123973906,0.772107325494289,0.665899473009631,0.00783349643461406,0.999571300111711,0.781777209835127,0.949218935100362,0
0.567734466167167,0.343553122831509,0.582030306104571,0.937089908169582,0.0172779560089111,0.207825552206486,0.946168566588312,0.957133960910141,0.525673515861854,0.93166965409182,0
0.471758674131706,0.385208254447207,0.148368326248601,0.0793862952850759,0.140643615508452,0.60959107731469,0.619199285749346,0.860883925110102,0.966474908171222,0.240801440086216,0
0.15440842625685,0.0958647551015019,0.766393281519413,0.115026152459905,0.940414234064519,0.375902737723663,0.317592267412692,0.822484157746658,0.664349399274215,0.0125179255846888,0
0.587304274784401,0.0739170734304935,0.631549349287525,0.477650264278054,0.281553087523207,0.114696985110641,0.900049791205674,0.795712492894381,0.543380044167861,0.00155691406689584,0
0.109337533125654,0.247618102934211,0.51520601962693,0.318384586833417,0.497321862727404,0.814922183519229,0.830368800787255,0.84113092860207,0.59385102102533,0.530444324249402,0
0.474287070799619,0.243172652786598,0.702668903162703,0.0626993079204112,0.459352165693417,0.17887136223726,0.436231852974743,0.052003406221047,0.671906590694562,0.163785530487075,0
0.0112959728879854,0.572639598278329,0.866990183945745,0.854076193878427,0.0597661477513611,0.812380525516346,0.412376256659627,0.960484935203567,0.249963178299367,0.868339489446953,0
0.162510333582759,0.778642432298511,0.310730808647349,0.110156721435487,0.543056183494627,0.490522721083835,0.236407147720456,0.268146421760321,0.8696572445333,0.846821894636378,0
0.124600377166644,0.136378978379071,0.191443932708353,0.181815317599103,0.0626293369568884,0.559463122626767,0.994925786042586,0.717083437368274,0.28921430115588,0.53142906492576,0
0.470520629314706,0.606810254743323,0.659566870192066,0.259428372373804,0.017754744971171,0.265612024348229,0.664929130114615,0.923936988925561,0.451679097721353,0.108649876434356,0
0.563591272803023,0.405207955976948,0.923198310192674,0.837815732695162,0.127218491110438,0.53073818818666,0.835247645387426,0.406388305593282,0.553535094950348,0.308323096949607,0
0.285219684708863,0.214090381050482,0.540140052093193,0.0117054369766265,0.995430794544518,0.0343199633061886,0.664753303630278,0.683178931474686,0.13968804711476,0.196012071799487,0
0.421325281262398,0.225057780742645,0.36686421604827,0.103746048388351,0.0210533521603793,0.359739866573364,0.26122630527243,0.602479937952012,0.17909842915833,0.472370910923928,0
0.0973297101465286,0.539924893761054,0.0163819114677608,0.995552046922967,0.953784549608827,0.599247536621988,0.307778936810791,0.12484442978166,0.955156849930063,0.264559666393325,0
0.262995206285268,0.510061729932204,0.150151335634291,0.291147832525894,0.0948668206793256,0.875829213066027,0.827530082082376,0.594587054802105,0.316101706121117,0.950158224906772,0
0.325735872844234,0.811939213424921,0.0527035468257964,0.906939199427143,0.965818158118054,0.65220188582316,0.19271261501126,0.761377057526261,0.559485396370292,0.340662050060928,0
0.910272038076073,0.613031693501398,0.098198581719771,0.0637857800606638,0.569380731321871,0.314633609261364,0.71325487527065,0.540432430570945,0.159283491084352,0.834601822076365,0
0.569830999244004,0.716452443506569,0.162203313549981,0.191210261313245,0.03283195102748,0.504372721537948,0.86013977532275,0.148547889664769,0.408090668031946,0.186737920623273,0
0.3750137349125,0.863906890619546,0.306336053879932,0.543383160606027,0.10836400746298,0.274810767965391,0.919358405750245,0.0541985544841737,0.395670124562457,0.433090874925256,0
0.788361731916666,0.939733864972368,0.0984410979232518,0.436053527286276,0.978487196611241,0.795774143189192,0.433993119047955,0.0700385202653706,0.75027628405951,0.277641309425235,0
0.111847111023962,0.264055099338293,0.00814781221561134,0.270213779993355,0.969207673333585,0.97175943525508,0.169506245758384,0.74644266278483,0.547314579132944,0.523450009524822,0
0.685022482648492,0.869289150461555,0.109360253671184,0.0806802895385772,0.370447964640334,0.280698287766427,0.418798804283142,0.699546533171088,0.0838014227338135,0.0112390699796379,0
0.546907673589885,0.320913581876084,0.395722691435367,0.0110156034349464,0.147957424633205,0.222797574941069,0.246359928278252,0.789543273160234,0.0526263685896993,0.750798970926553,0
0.903887177351862,0.624598505906761,0.0552947402466089,0.824978242395446,0.00887102269916796,0.758314117556438,0.127819702494889,0.743765588384122,0.605909622041509,0.606740428134799,0
0.541128802113235,0.310428658267483,0.0859482702761889,0.820795810548589,0.608877761522308,0.530033403309062,0.583499136846513,0.469635237008333,0.506908065406606,0.889485882828012,0
0.260241596959531,0.433070429600775,0.500775615219027,0.0804418826010078,0.0449146563187242,0.166036284761503,0.952887788414955,0.765172035200521,0.263271026313305,0.923603987786919,0
0.172343059210107,0.619000456295907,0.788081189151853,0.479322754545137,0.115195195190609,0.0396387244109064,0.390622921753675,0.243778353556991,0.447941843885928,0.949307555565611,0
0.369042221689597,0.0585153045078274,0.0469209542497993,0.659005471738055,0.785291720414534,0.811926482943818,0.128571887267753,0.161878405837342,0.940146583132446,0.113433160819113,0
0.674246851587668,0.338257984258235,0.0432223828975111,0.906202778453007,0.964533697348088,0.827103911433369,0.835466004442424,0.228021847782657,0.502333493204787,0.493434918578714,0
0.186093462398276,0.089334866264835,0.178083453793079,0.016469448596891,0.985531951067969,0.294614028651267,0.884908803971484,0.475787654519081,0.85641016275622,0.367010949645191,0
0.0962901664897799,0.00775050092488527,0.567128858529031,0.0489605863112956,0.949500425020233,0.38728160248138,0.447877199621871,0.34568858682178,0.247238904470578,0.633042911766097,0
0.62370996340178,0.233380901627243,0.0166791452219244,0.202794416341931,0.872290066909045,0.760626825038344,0.682767942314968,0.696681971661747,0.695746118202806,0.093174756038934,0
0.400799402035773,0.0906755134928972,0.987141265999526,0.752446084283292,0.88784481678158,0.818101457087323,0.098853676347062,0.778537172591314,0.181056782836094,0.975932638626546,0
0.0658278071787208,0.117292451439425,0.463563295314088,0.0889350802171975,0.0981758136324352,0.380364615703002,0.689205155940726,0.130974520696327,0.559861034154892,0.846166231902316,0
0.824504296993837,0.727379229618236,0.0215993853732944,0.10180212254636,0.955829260405153,0.725877530407161,0.829150368925184,0.401943010976538,0.893552956636995,0.175706925801933,0
0.0115831589791924,0.00599788781255484,0.0652493213785579,0.720495445420966,0.860833511222154,0.780250379582867,0.788450219435617,0.850210117641836,0.837504605296999,0.504686585394666,0
0.495677076047286,0.272255278192461,0.074690385023132,0.875183572992682,0.184917401522398,0.464143589604646,0.422491948120296,0.726156920427456,0.562381893629208,0.211203496903181,0
0.0072980709373951,0.643050618004054,0.123968517640606,0.781566799152642,0.0994357806630433,0.304873608984053,0.130507420981303,0.547463039634749,0.743784199468791,0.632934281602502,0
0.724097390659153,0.0779422095511109,0.674882505089045,0.338240155018866,0.299402138916776,0.391015761531889,0.131845477037132,0.581247386755422,0.406193119706586,0.63525551604107,0
0.0292151015094248,0.419033221434802,0.203029995551333,0.278354406123981,0.339923504274338,0.655045835534111,0.262591644423082,0.802368199918419,0.471291836583987,0.405347264138982,0
0.0976080396212637,0.0432484527118504,0.939189078519121,0.0951566504657268,0.0885016096290201,0.63815724151209,0.375354336574674,0.941994227934629,0.767899472266436,0.11727338260971,0
0.952640776988119,0.561248297104612,0.0103772324509919,0.412293262546882,0.480928789125755,0.31241862475872,0.471045683836564,0.518858454655856,0.519466865574941,0.0530394946690649,0
0.751138199819252,0.63084681914188,0.105445156805217,0.674834874924272,0.0637926313136704,0.135872985469177,0.647602238692343,0.236593117238954,0.426759353838861,0.289615341695026,0
0.831120117334649,0.738892139168456,0.0236364975571632,0.681606532074511,0.314533279277384,0.147427680203691,0.399926668033004,0.202833654358983,0.00425768923014402,0.0110674588941038,0
0.445632052375004,0.851176434662193,0.0859320582821965,0.413755471818149,0.893963509704918,0.760598652530462,0.0802806301508099,0.589140980038792,0.88369580428116,0.879214884713292,0
0.329433717066422,0.158496548654512,0.0550459722616244,0.333431560080498,0.717501602368429,0.119030790636316,0.148858736036345,0.838591025443748,0.371148853329942,0.261642721481621,0
0.81096510309726,0.190442616119981,0.0834133913740516,0.988981175003573,0.235514341853559,0.597846082411706,0.297655398957431,0.731580591993406,0.90300334058702,0.351837395923212,0
0.548838196787983,0.0910324125353713,0.0646217886824161,0.366121966158971,0.757524239365011,0.116418593330309,0.89694383717142,0.625129467342049,0.0880944132804871,0.290668207686394,0
