"1","2","3","4","5","6","7","8","9","10","class"
0.377362744882703,0.448155541904271,0.985457964008674,0.197340175276622,0.984321312746033,0.862403696402907,0.960845913970843,0.40875376178883,0.537840096512809,0.0983303601387888,0
0.606238630134612,0.354657261865214,0.645955893443897,0.530275008408353,0.705046888673678,0.881429166998714,0.559965963941067,0.688268670812249,0.41256448533386,0.861320919590071,0
0.234250256791711,0.329989362740889,0.672286974499002,0.941791555145755,0.926284586777911,0.27966594719328,0.600206754170358,0.576250737998635,0.223009550478309,0.103364501846954,0
0.350350130116567,0.240960450377315,0.0132984274532646,0.460712546948344,0.296152987284586,0.796745987609029,0.498833476332948,0.00369754573330283,0.158021865412593,0.775945290923119,0
0.328642851905897,0.692827636376023,0.812368310289457,0.140158052556217,0.369533416081779,0.25489315437153,0.653546699089929,0.63975298916921,0.256819623988122,0.664165393915027,0
0.485309744253755,0.623817942803726,0.553289912873879,0.46898441738449,0.0946096843108535,0.728698569349945,0.0782789848744869,0.588911876780912,0.230163309723139,0.522142213536426,0
0.246626356803626,0.259116233792156,0.418684119358659,0.925892402883619,0.544800698990002,0.76853044400923,0.758654961828142,0.680001121014357,0.537170680472627,0.53406641446054,0
0.336893765954301,0.327860952820629,0.281469794223085,0.641055909683928,0.213771694339812,0.271054996876046,0.749602434458211,0.640067633241415,0.438113796524704,0.0980232323054224,0
0.619860439328477,0.489252694416791,0.161815121769905,0.726535270456225,0.39641223452054,0.586712280754,0.653414798201993,0.0175109500996768,0.703368736663833,0.273049654439092,0
0.669506971957162,0.377363656880334,0.0116052061785012,0.852211015066132,0.49174260860309,0.533782619750127,0.476946779293939,0.347986141918227,0.66378053301014,0.0257996823638678,0
0.401704884599894,0.297777201712131,0.795281947124749,0.684210603823885,0.159679782344028,0.456074971007183,0.878439730266109,0.950097076129168,0.389237498631701,0.0406653168611228,0
0.326998247066513,0.444643041118979,0.353905351599678,0.818828700343147,0.159048406872898,0.225609376095235,0.864828067366034,0.640421406831592,0.709238504525274,0.567104652291164,0
0.39930672571063,0.503026825143024,0.23907149489969,0.154694329015911,0.0775396307410672,0.122276169015095,0.215012509375811,0.0538370958529413,0.860133598791435,0.888616140000522,0
0.279441780643538,0.359955768566579,0.734828783199191,0.300969390198588,0.0958528490737081,0.31995953200385,0.19399723643437,0.434115874115378,0.495499963406473,0.959906824631616,0
0.751885915407911,0.0681214295327663,0.368264396907762,0.974741226062179,0.877899923827499,0.776648706523702,0.495356612605974,0.0250885207206011,0.317333451705053,0.412133363075554,0
0.751475483877584,0.728807857260108,0.578118475386873,0.765912872739136,0.373589671449736,0.0768796978518367,0.191319036763161,0.0721726950723678,0.371735159540549,0.747828069841489,0
0.560936856549233,0.918591571040452,0.044755044626072,0.288235799409449,0.374031955609098,0.693628843408078,0.604692570166662,0.608866734197363,0.136800304288045,0.131980074336752,0
0.296914545819163,0.301086037652567,0.0440348528791219,0.419651227071881,0.0795433330349624,0.932002410292625,0.0420847667846829,0.141064583323896,0.0399402929469943,0.918573522474617,0
0.19712999702692,0.97656911262311,0.36721234745346,0.159879447659478,0.699225530959666,0.0514001285191625,0.466469988226891,0.275785802630708,0.141250124434009,0.0644778592977673,0
0.00259128748439252,0.858781120274216,0.10026525054127,0.554473180091009,0.722951227799058,0.402721827616915,0.429696353152394,0.211375782964751,0.862424417864531,0.0412315637804568,0
0.859475017525256,0.41162301087752,0.575039875227958,0.243466082029045,0.894254488637671,0.434949262533337,0.268566949060187,0.192792173707858,0.420962347416207,0.982840905897319,0
0.657395544927567,0.507780836895108,0.934451357461512,0.874165017390624,0.0667942762374878,0.996279652696103,0.359757608734071,0.0190440609585494,0.0308168358169496,0.00384504324756563,0
0.766702376538888,0.87899836525321,0.252531358506531,0.397203315747902,0.362069659866393,0.88745212322101,0.137250490952283,0.925162774743512,0.518840313190594,0.617913262685761,0
0.774757642066106,0.117676730267704,0.37203438510187,0.805481774965301,0.401964782038704,0.158592734485865,0.147999382112175,0.675897383829579,0.743520757649094,0.0967213390395045,0
0.326000642729923,0.230691687669605,0.565123883308843,0.803255873499438,0.67268175422214,0.136398440692574,0.0524576576426625,0.471077574882656,0.664473849115893,0.340618755668402,0
0.499518510187045,0.21641012490727,0.624800982419401,0.290610879892483,0.660601742332801,0.70527281658724,0.456780062057078,0.139306352706626,0.431896671187133,0.699752550339326,0
0.981935797259212,0.328661399893463,0.676788390381262,0.907578844111413,0.854231659090146,0.125329287722707,0.063328533899039,0.469041883014143,0.113884790567681,0.108363634441048,0
0.163667215267196,0.417731403838843,0.900527976453304,0.436147857224569,0.211369589902461,0.415306541370228,0.413383769104257,0.755209053866565,0.443994753994048,0.706569720990956,0
0.52716528926976,0.410893307300285,0.375651707407087,0.163199548376724,0.27735825185664,0.893983864923939,0.669261015020311,0.902223036857322,0.796713105635718,0.502603570232168,0
0.886574435979128,0.123700931668282,0.756659982027486,0.249072426464409,0.281225350918248,0.151660341303796,0.325040148571134,0.939049328910187,0.222183737205341,0.732847150880843,0
0.0707369516603649,0.167858712840825,0.265331008704379,0.909865309484303,0.129338230704889,0.541121721966192,0.222798308823258,0.516988821793348,0.0259438306093216,0.916587834246457,0
0.147390786092728,0.744362877681851,0.00477882102131844,0.758326011477038,0.473929143277928,0.492228124523535,0.0969509296119213,0.198602097341791,0.792581489542499,0.774540231563151,0
0.39551980025135,0.0846373862586915,0.858973138267174,0.674741502152756,0.068681295029819,0.0985703095793724,0.955936928745359,0.228554308414459,0.0159577080048621,0.662062483374029,0
0.508607434574515,0.73861084273085,0.637244588462636,0.028241605963558,0.446457135956734,0.190247360616922,0.731852569850162,0.93666500877589,0.815940184285864,0.60256979172118,0
0.293875988572836,0.903528125258163,0.104701990028843,0.395594111643732,0.036738600814715,0.722911256132647,0.839372905669734,0.401440924033523,0.0650789274368435,0.575935153057799,0
0.0933149454649538,0.322771113365889,0.597390116658062,0.72560317395255,0.336175758391619,0.934795936569571,0.534245376707986,0.406869203550741,0.10418203053996,0.339819098124281,0
0.588465636596084,0.895079520530999,0.108211208600551,0.820413628825918,0.294300157576799,0.717609305866063,0.596483557485044,0.621587728150189,0.116027122596279,0.552947696298361,0
0.352402893593535,0.0948679686989635,0.333940255455673,0.652555127628148,0.445651495596394,0.0370289648417383,0.90356062608771,0.318224747665226,0.930082055972889,0.0282618578057736,0
0.914226377848536,0.589624897111207,0.0488341464661062,0.682417724980041,0.791169450851157,0.432138092117384,0.964274909580126,0.92725694947876,0.950093464227393,0.762087291106582,0
0.988137679640204,0.996516094310209,0.0647750631906092,0.196214599302039,0.702565685845912,0.011146250879392,0.483264055568725,0.279355737380683,0.375794312683865,0.703473129309714,0
0.658674587262794,0.157727753277868,0.919970779214054,0.528413460124284,0.12772983731702,0.025294492021203,0.726281934417784,0.0139422423671931,0.210385234095156,0.237833894556388,0
0.944023419404402,0.712770433397964,0.167767055565491,0.162411368452013,0.738600889686495,0.795224741101265,0.629967072280124,0.731830199947581,0.293890101835132,0.779169203946367,0
0.337102240184322,0.391095127677545,0.877299197483808,0.994630018016323,0.670524448156357,0.782376579241827,0.533751527080312,0.189662410644814,0.302096829051152,0.745622997172177,0
0.0757188904099166,0.934562312206253,0.125188164645806,0.967807048233226,0.48055788804777,0.200512350769714,0.0485083286184818,0.00561283086426556,0.43729688343592,0.0503445940557867,0
0.431100747315213,0.991222913609818,0.0469437325373292,0.970254562795162,0.401740980800241,0.150539573282003,0.762252322630957,0.0453799646347761,0.774065860314295,0.919732642360032,0
0.358739936025813,0.208555544726551,0.723745789844543,0.465752628166229,0.201655199984089,0.973225965630263,0.0400631744414568,0.489068527473137,0.724406290100887,0.444763402687386,0
0.682268124539405,0.0375676041003317,0.191107584163547,0.528693944448605,0.189937154063955,0.74803259363398,0.0773175852373242,0.285226875217631,0.554300631396472,0.753932384541258,0
0.687765369191766,0.0186146833002567,0.680081800790504,0.121213902486488,0.197376651576627,0.532363279955462,0.246049283305183,0.995986012741923,0.776494538644329,0.844110478414223,0
0.119679119205102,0.603228765539825,0.482969875214621,0.731899486389011,0.492484569083899,0.472020521992818,0.95679924194701,0.119425498181954,0.948045035125688,0.444985318463296,0
0.749215007061139,0.639849113300443,0.16844292357564,0.13508616341278,0.00415432662703097,0.06381332478486,0.517477085115388,0.883918271167204,0.162539040436968,0.961407379480079,0
0.910721739055589,0.395396169042215,0.588759166188538,0.485579708358273,0.45183912361972,0.0213776065502316,0.317949728807434,0.484564625192434,0.801691909320652,0.343074288684875,0
0.847899464191869,0.995121567742899,0.743457181146368,0.0682251483667642,0.971531703136861,0.303444919874892,0.544653341872618,0.260864661075175,0.187907874118537,0.708974292734638,0
0.681767889298499,0.87122792401351,0.0775621645152569,0.239739606855437,0.861735373735428,0.606136962305754,0.822472072439268,0.48251647176221,0.270585143240169,0.315590367419645,0
0.815435203723609,0.618388586910442,0.766384993446991,0.589165104320273,0.371983231743798,0.769749596714973,0.160469772526994,0.929769594222307,0.282589429058135,0.214631827315316,0
0.364369264803827,0.843881483422592,0.184540895046666,0.155235182028264,0.134064055513591,0.833152311388403,0.289254929870367,0.299104480771348,0.951453737448901,0.0332466496620327,0
0.456092010485008,0.42340370034799,0.0637424241285771,0.0749132339842618,0.230065336683765,0.256711869034916,0.365375502733514,0.118715626886114,0.813547783764079,0.825294435489923,0
0.0334395866375417,0.812546430155635,0.813077574595809,0.291923242621124,0.370500963879749,0.125724496087059,0.848511392716318,0.93944821995683,0.342646767850965,0.191348795080557,0
0.0154022215865552,0.369397417875007,0.131619045278057,0.516212870366871,0.462213623570278,0.880617964779958,0.873346481472254,0.355194788658991,0.165357263060287,0.615232658106834,0
0.712358636315912,0.63351943762973,0.349614174570888,0.978466574801132,0.548299421323463,0.907484580297023,0.21489828499034,0.615010903216898,0.382928134640679,0.647784184897318,0
0.708974142558873,0.316161257214844,0.820682364050299,0.452006772626191,0.0163986932020634,0.774094356223941,0.373678372241557,0.194421283202246,0.132686210330576,0.9680106760934,0
0.505201613530517,0.747454755706713,0.377102876314893,0.237607300747186,0.188850590027869,0.819692785385996,0.0728078293614089,0.0819767327047884,0.086186220869422,0.949190760497004,0
0.838879765477031,0.442115326877683,0.881564114009961,0.313959531020373,0.962925578700379,0.475885023362935,0.132609377149493,0.374647074146196,0.35831494955346,0.207347886869684,0
0.089983488433063,0.961759903933853,0.976130519295111,0.370234481757507,0.284118368057534,0.225226609967649,0.0541815869510174,0.872950952267274,0.902878817170858,0.456089689163491,0
0.283688766416162,0.10240207077004,0.0964393133763224,0.723650264553726,0.527633916586637,0.422272100811824,0.458561658626422,0.458801396889612,0.810255360091105,0.580161098856479,0
0.0579269652860239,0.237264897208661,0.758633148856461,0.541801735758781,0.131454400485381,0.634241945808753,0.37087558535859,0.126603749813512,0.241133137838915,0.146863401634619,0
0.0921264269854873,0.810668290127069,0.816379033029079,0.216994150541723,0.42784335790202,0.565075734164566,0.974668683949858,0.347993490519002,0.970130127156153,0.355116312624887,0
0.518936042673886,0.934280064189807,0.0629759954754263,0.541726730763912,0.318526230985299,0.401494415476918,0.397748805582523,0.379916932433844,0.55022598663345,0.847492730012164,0
0.386297634337097,0.891890261555091,0.448507749475539,0.567860048729926,0.126292411703616,0.0729634305462241,0.780933642061427,0.778910663211718,0.18631897540763,0.54216702026315,0
0.214118388481438,0.340647938195616,0.131933079566807,0.20801329985261,0.246208489639685,0.37758283270523,0.0831521525979042,0.705617810366675,0.570326324785128,0.0731305677909404,0
0.0455202290322632,0.496325567131862,0.997450886992738,0.714774630730972,0.675190906273201,0.243149925023317,0.390393277863041,0.820462609408423,0.875281261047348,0.453716472256929,0
0.00161808123812079,0.276608339045197,0.141403556335717,0.0640493750106543,0.251153133809566,0.0718412555288523,0.522534033982083,0.425055879401043,0.147582476958632,0.970014936989173,0
0.0954383374191821,0.122074192622676,0.664200094761327,0.181109779048711,0.60601519048214,0.624671838711947,0.187452412676066,0.845495487563312,0.784479022957385,0.232696943217888,0
0.858560415450484,0.207931287353858,0.863341292599216,0.542737847659737,0.755489034112543,0.192391031887382,0.432354861404747,0.709811989217997,0.341917566023767,0.758354740217328,0
0.229120775591582,0.604477709624916,0.496623369865119,0.116056745639071,0.907803158974275,0.270097309723496,0.00788624561391771,0.326068045571446,0.539641968905926,0.389974162215367,0
0.723950836341828,0.885880397632718,0.108319042301178,0.170983479591087,0.124027406098321,0.0988191824872047,0.640323207015172,0.453136873431504,0.366005949210376,0.285826337058097,0
0.821469873422757,0.0998117947229184,0.314040860394016,0.337039390346035,0.469958213623613,0.0120229895692319,0.6338855039794,0.0066605731844902,0.14957479480654,0.873644760344177,0
0.852127716410905,0.0107821216972545,0.526648522121832,0.442865880206227,0.866170019609854,0.188168452121317,0.997701681917533,0.778481372399256,0.177857342176139,0.462454002583399,0
0.0610984072554857,0.795274576637894,0.382690002443269,0.683916079578921,0.740880210185423,0.329148137476295,0.0262905391864479,0.0376406218856573,0.236104425275698,0.382334735477343,0
0.827396403299645,0.62785345944576,0.625941195059568,0.151362950680777,0.758349863113835,0.479377752635628,0.61038236762397,0.618892524624243,0.531890366924927,0.457058408297598,0
0.177201328333467,0.0845718930941075,0.277009901357815,0.310020152945071,0.630469442578033,0.502723910845816,0.938755510607734,0.00686227180995047,0.874440751736984,0.621340661076829,0
0.683457156410441,0.18641810468398,0.522400532616302,0.64290101849474,0.826027130940929,0.212473221356049,0.936800300143659,0.218325494090095,0.0568222082220018,0.438670091796666,0
0.93396070599556,0.964111624984071,0.236596297122631,0.772349884966388,0.223452253267169,0.325623141834512,0.881700937869027,0.138791762525216,0.399438406340778,0.768222856801003,0
0.324484244221821,0.485735504887998,0.341724867234007,0.946861375123262,0.470367653761059,0.0234540344681591,0.473509277915582,0.30154588422738,0.40100249578245,0.833424261072651,0
0.50165711925365,0.618355489335954,0.210852392250672,0.762942038942128,0.998152417130768,0.832166284555569,0.0352833282668144,0.689318755175918,0.566588474670425,0.228529242100194,0
0.504445151891559,0.323745070025325,0.625063721323386,0.718431634129956,0.0147958642337471,0.384663217933849,0.107996294973418,0.339004191569984,0.00811389111913741,0.501662551425397,0
0.184228763682768,0.296585891162977,0.373914510477334,0.98775946139358,0.797067169798538,0.772412085207179,0.236521071987227,0.56477655027993,0.369614354567602,0.230766639346257,0
0.182130588684231,0.335410687606782,0.871088842628524,0.713602512609214,0.0562780911568552,0.777926436625421,0.911341489059851,0.307510076789185,0.0915832337923348,0.481506143230945,0
0.350305544212461,0.00694858399219811,0.214582376182079,0.786880214000121,0.0536447695922107,0.401462194509804,0.585607847664505,0.20836405758746,0.648328706622124,0.607815247029066,0
0.10433653765358,0.23757334286347,0.539141271496192,0.357100344961509,0.525185536593199,0.697134180460125,0.764560306211933,0.176098059397191,0.912658015266061,0.847998421639204,0
0.465174353448674,0.748430609935895,0.978072719182819,0.327316999668255,0.0460266384761781,0.725272979820147,0.768032021820545,0.472284002928063,0.761357676470652,0.12983426079154,0
0.38672763411887,0.0568322066683322,0.49070051475428,0.586089198710397,0.803862434579059,0.106194058666006,0.830119153484702,0.800688931951299,0.689337331568822,0.611466676928103,0
0.848554103868082,0.0828901303466409,0.76340079610236,0.794157634722069,0.301489621400833,0.881014676066115,0.286723161581904,0.899450787110254,0.950578597839922,0.765197741333395,0
0.936459757154807,0.966828164644539,0.56943286024034,0.254163710633293,0.374657314037904,0.140787549084052,0.995781541569158,0.947227138094604,0.230747137451544,0.129821663722396,0
0.581260703038424,0.0331712185870856,0.0622667910065502,0.0659672736655921,0.497300240211189,0.052043616771698,0.938689241418615,0.292038734536618,0.116315411170945,0.990739049622789,0
0.690351077355444,0.270291618537158,0.566650515189394,0.606719066621736,0.574899789644405,0.853145639412105,0.627400886267424,0.0763625318650156,0.85184842091985,0.667377700796351,0
0.147396373795345,0.259098512353376,0.179767197230831,0.560214373515919,0.818650332745165,0.725973329273984,0.617197864688933,0.154945159796625,0.99695329903625,0.489465384976938,0
0.0270012423861772,0.536886513233185,0.936505163321272,0.541191211901605,0.246117936214432,0.00903804344125092,0.467960996553302,0.224503178382292,0.93894095509313,0.973733480321243,0
0.0136900173965842,0.103959855157882,0.604939195560291,0.940772627247497,0.391744127497077,0.269777540117502,0.716227046912536,0.110702253179625,0.276001116959378,0.483184208162129,0
0.172090635634959,0.343368109315634,0.853112341137603,0.749951636884362,0.185632227814198,0.610816207714379,0.942378363804892,0.632064810022712,0.380429629702121,0.511396646499634,0
0.964536842890084,0.750431203050539,0.427139613078907,0.402289752382785,0.668958146357909,0.41890206746757,0.739937391132116,0.793304859893396,0.731934895273298,0.321378229418769,0
