"1","2","3","4","5","6","7","8","9","10","class"
0.46001691184938,0.706927933497354,0.946433404460549,0.32542461482808,0.426559614017606,0.128260521683842,0.0247359287459403,0.196951227495447,0.963359636021778,0.309328707167879,0
0.691833162913099,0.0777980415150523,0.632489496143535,0.6708663336467,0.886899449164048,0.736290441360325,0.558776597958058,0.709389669122174,0.4500722005032,0.200736113125458,0
0.426159655675292,0.891989469062537,0.764613569015637,0.479642941150814,0.964459775947034,0.0840508327819407,0.25469271466136,0.429512447211891,0.34128246945329,0.802609599195421,0
0.277392180403695,0.413272639969364,0.274459945969284,0.488091758452356,0.832060635322705,0.137883360497653,0.322666833875701,0.264341962523758,0.476572498911992,0.909900467842817,0
0.338320595677942,0.704370783874765,0.187028938438743,0.86849450529553,0.368650584015995,0.483981810742989,0.394303022418171,0.214392814785242,0.409256674116477,0.0310025194194168,0
0.193341264966875,0.798046377953142,0.819591176928952,0.823800104903057,0.652163632679731,0.662038307404146,0.774368394399062,0.8890769216232,0.990328191313893,0.458214486017823,0
0.942012853454798,0.903379669645801,0.182046593632549,0.956657237140462,0.631603984627873,0.784099040087312,0.0455543019343168,0.423706055618823,0.0237862132489681,0.112242116359994,0
0.380201301537454,0.291567181935534,0.833167859353125,0.624661813955754,0.382912091445178,0.332666037604213,0.336589357582852,0.263873487478122,0.808204459026456,0.735861010150984,0
0.595785233424976,0.656571542844176,0.0873854157980531,0.565684258937836,0.541250789538026,0.435316464165226,0.415013565216213,0.408194393850863,0.372754676733166,0.832007225835696,0
0.162907743730024,0.274922999786213,0.495984921464697,0.57474876451306,0.192840915871784,0.626390730496496,0.163910860195756,0.564484867965803,0.799559867242351,0.0573573522269726,0
0.0561333235818893,0.968099473975599,0.0713258844334632,0.782449563033879,0.528509427793324,0.160874937660992,0.39335348806344,0.152039065258577,0.320026212604716,0.540101936785504,0
0.164855276234448,0.228283569449559,0.596882806159556,0.432014599908143,0.798716415883973,0.839742671465501,0.577556675300002,0.504858878208324,0.218087210319936,0.64494708692655,0
0.347949415212497,0.988993490580469,0.0533921308815479,0.132079794304445,0.292255514068529,0.751945338910446,0.713288801722229,0.67292654956691,0.192131536314264,0.301419646013528,0
0.19457095512189,0.29275091807358,0.0127741538453847,0.764528517611325,0.0501476167701185,0.823815641459078,0.976978967199102,0.578942374559119,0.0324673252180219,0.343872499419376,0
0.0806557869073004,0.520599786890671,0.571968018310145,0.800162055529654,0.901968342019245,0.130206832429394,0.660047822631896,0.119544723071158,0.438905905466527,0.143090153345838,0
0.465377364307642,0.732751616276801,0.838825411628932,0.349920283770189,0.265050588408485,0.886050042696297,0.612272622995079,0.269102712860331,0.325344358105212,0.881820390466601,0
0.334085104055703,0.221175531391054,0.206256792182103,0.686124869156629,0.874150474090129,0.260880178771913,0.0677523615304381,0.000824290560558438,0.978412387659773,0.458275343989953,0
0.244491121266037,0.837790428893641,0.732654449529946,0.96207861113362,0.929485943866894,0.578634719597176,0.482523188227788,0.817135773599148,0.439631527522579,0.717553508467972,0
0.584294877480716,0.728227232117206,0.982540995581076,0.170874966075644,0.226200025063008,0.638735960470513,0.350885486695915,0.712219641543925,0.740597645286471,0.611581939971074,0
0.178226904477924,0.0918518032412976,0.826737035531551,0.828889507334679,0.683001849800348,0.984149614814669,0.186163424747065,0.489152950467542,0.0491637494415045,0.296587287914008,0
0.0434678685851395,0.976270975777879,0.0204628061037511,0.49039408005774,0.35878362483345,0.110918243648484,0.0297922587487847,0.203706827946007,0.45779195567593,0.108768628677353,0
0.692303012125194,0.962321697967127,0.875080630648881,4.58403956145048e-05,0.375121643068269,0.480131831485778,0.703557843575254,0.0140634919516742,0.546738213393837,0.379753405693918,0
0.923186126397923,0.624280651332811,0.943464879179373,0.647634214023128,0.236219239654019,0.888047262094915,0.0574194435030222,0.556229525711387,0.808581239543855,0.635248127626255,0
0.772787641966715,0.67548848874867,0.0955746679101139,0.401497659506276,0.244545651599765,0.415930859046057,0.85070379357785,0.560548783512786,0.616211655084044,0.210596499964595,0
0.622114514699206,0.970249199541286,0.678751467727125,0.788543324451894,0.54385891626589,0.62599809654057,0.626742036081851,0.0609643559437245,0.795877011260018,0.988908817991614,0
0.739239061484113,0.56275696028024,0.595422252779827,0.72739267651923,0.402376449201256,0.180283014429733,0.784989927662537,0.745451373746619,0.244696770096198,0.14645453938283,0
0.0736435404978693,0.934117533732206,0.945288759190589,0.381741292309016,0.108561726519838,0.00817652302794158,0.0159385055303574,0.550418074242771,0.202025326900184,0.375118812313303,0
0.305111112305894,0.828230574727058,0.45757841062732,0.0306633024010807,0.345884794602171,0.381213242886588,0.453348178416491,0.542407538508996,0.726330229081213,0.755056851543486,0
0.833151217084378,0.0822283180896193,0.303963191108778,0.287731292657554,0.904681699583307,0.463135158177465,0.0619505578652024,0.805222243303433,0.729976535774767,0.824480669572949,0
0.970903408713639,0.29830773267895,0.224834847263992,0.343432673951611,0.550033756531775,0.920850283000618,0.397002111654729,0.314366389997303,0.107823677128181,0.574982695979998,0
0.864266466349363,0.460286810994148,0.349094324046746,0.0874701498541981,0.941974609158933,0.62373729981482,0.541311424924061,0.720928647555411,0.0765077089890838,0.980816504685208,0
0.380173920886591,0.74314652569592,0.466955486685038,0.708239269210026,0.0193449463695288,0.935740118613467,0.992061930708587,0.102710281731561,0.100811417913064,0.190462302416563,0
0.511050132336095,0.889980574138463,0.624483892926946,0.877167644212022,0.651451261946931,0.732665044954047,0.00693098502233624,0.168646212434396,0.587424661964178,0.431806625798345,0
0.219902062555775,0.910331945400685,0.323449076618999,0.359548951731995,0.724567084573209,0.415727405110374,0.782506861025468,0.0771095214877278,0.123772734776139,0.663378019351512,0
0.35478513687849,0.0199473546817899,0.734642482362688,0.284241231391206,0.500581802334636,0.263123359763995,0.0371128902770579,0.105534282512963,0.271687470376492,0.0556710972450674,0
0.204129419755191,0.482498824363574,0.259414612315595,0.405402069911361,0.63752095354721,0.122213751543313,0.390841100364923,0.265885962173343,0.916837967000902,0.307539226487279,0
0.667886025970802,0.202896208735183,0.583993813255802,0.44903560820967,0.723356638336554,0.271400119643658,0.913025789894164,0.142410091357306,0.762831673026085,0.976584021933377,0
0.791452295379713,0.394480397924781,0.357141651213169,0.198386773932725,0.427307867677882,0.459446182008833,0.688512552063912,0.45060065202415,0.742568073794246,0.218265612842515,0
0.923369301948696,0.483752246480435,0.355396401835606,0.475186325376853,0.972520344657823,0.203869885765016,0.372435780242085,0.68403332028538,0.695877839578316,0.232918173540384,0
0.654637727187946,0.809925104724243,0.891656673513353,0.550468436907977,0.920106617966667,0.807240905705839,0.0385629732627422,0.566016049822792,0.214169515995309,0.388915468472987,0
0.268067765282467,0.973316932329908,0.363630829146132,0.959234487498179,0.679256590083241,0.505023236852139,0.10114976670593,0.315129182767123,0.827430866425857,0.269799249013886,0
0.0520525397732854,0.255012985086069,0.738093005726114,0.15680910648033,0.359374572755769,0.0532318949699402,0.172827356029302,0.118858471745625,0.475609744200483,0.0834888557437807,0
0.0832850930746645,0.225071954540908,0.101980080362409,0.170192424207926,0.624925484880805,0.145394455175847,0.43176176212728,0.0284867144655436,0.719274861970916,0.746035967720672,0
0.373296889942139,0.939387000631541,0.688159764744341,0.725580958882347,0.956082978285849,0.523120706900954,0.426420111209154,0.776603886857629,0.440571592655033,0.818969382205978,0
0.958001426653937,0.957237486494705,0.294861553004012,0.617208608193323,0.281969918869436,0.869235850637779,0.60128935915418,0.710333027876914,0.00421611010096967,0.767753158463165,0
0.963942709378898,0.771923507330939,0.5368731636554,0.278406228171661,0.0894056148827076,0.93014170229435,0.778677896596491,0.0595208965241909,0.217719421256334,0.788597298553213,0
0.557880364358425,0.249864591052756,0.434802880652994,0.397445274749771,0.738444614224136,0.235502959229052,0.026810884475708,0.143051422201097,0.937976001529023,0.978602586081252,0
0.174276706995443,0.197841343935579,0.0593404464889318,0.264967146562412,0.673107664566487,0.541017430368811,0.283558978931978,0.691660829819739,0.0764967061113566,0.784090449335054,0
0.182845858158544,0.745400983374566,0.128869219915941,0.734118322841823,0.19186961138621,0.260441350983456,0.36223833495751,0.630878307623789,0.840576966525987,0.635467135114595,0
0.604386801365763,0.0216818614862859,0.299951798515394,0.080028424737975,0.632012759801,0.155228157760575,0.599419082980603,0.906442492967471,0.143045645672828,0.746996362926438,0
0.17531160148792,0.863980614580214,0.196423849789426,0.414540051948279,0.1034132509958,0.856003442313522,0.955618239939213,0.206323344726115,0.602638669312,0.684302838752046,0
0.124358700588346,0.631597953382879,0.967181756626815,0.363898202078417,0.343898528488353,0.214095248840749,0.0121112547349185,0.386435910593718,0.625490244477987,0.00435413606464863,0
0.919101861771196,0.342970870202407,0.346531111747026,0.453904151916504,0.664114001672715,0.626939967973158,0.711590277962387,0.427111272932962,0.628420214634389,0.299427951918915,0
0.981840630294755,0.652878437424079,0.946711405180395,0.908280535601079,0.101272409548983,0.371756385546178,0.0168852431233972,0.771415263414383,0.224235420115292,0.532597878482193,0
0.850877068005502,0.854733453830704,0.187215627869591,0.906167211011052,0.835611879592761,0.755879704141989,0.926825028378516,0.482421813765541,0.784503251081333,0.495832004118711,0
0.869835624704137,0.504166914150119,0.537628354737535,0.195456026820466,0.299127998296171,0.754741200245917,0.744285486172885,0.320944111328572,0.218592605786398,0.784377094823867,0
0.738388569792733,0.706977947847918,0.301069445675239,0.33321218052879,0.230994448298588,0.811346729053184,0.581660202937201,0.0858597476035357,0.299733696039766,0.0945893733296543,0
0.938111738534644,0.0939730508252978,0.039515993790701,0.322250491240993,0.227954211644828,0.799807878443971,0.196103950031102,0.0789041018579155,0.962657750351354,0.208520544460043,0
0.975785236107185,0.944032616214827,0.666319448500872,0.0826913614291698,0.299117117887363,0.977331351255998,0.239958777790889,0.881752259796485,0.137724914820865,0.547320612706244,0
0.363512086449191,0.309495098190382,0.480322527699172,0.65941273025237,0.634529774077237,0.826139030512422,0.688547822413966,0.589768203208223,0.622028548736125,0.140552452066913,0
0.73606471484527,0.472237187437713,0.964024062501267,0.896018092986196,0.784920468693599,0.711047268006951,0.88434958900325,0.590780341764912,0.814164178213105,0.0279662522953004,0
0.531376824015751,0.806797968223691,0.0468591512180865,0.849506772356108,0.932260681642219,0.555830604629591,0.309574471088126,0.546887079486623,0.733086951775476,0.439642052631825,0
0.406693127006292,0.713325132848695,0.0115187987685204,0.509213011711836,0.53332285839133,0.623464837903157,0.616060122614726,0.536185625009239,0.218170033069327,0.22502804454416,0
0.263280735118315,0.909340729936957,0.651296044234186,0.238060041330755,0.918922000564635,0.0453224098309875,0.118199663935229,0.507047815481201,0.809472662396729,0.703159087104723,0
0.803619171259925,0.201851350255311,0.625024408800527,0.47208135924302,0.962887775851414,0.697360946564004,0.955714028095827,0.407008225563914,0.020098636392504,0.457518465351313,0
0.693187247728929,0.747659503947943,0.319716996047646,0.761056851129979,0.628430776763707,0.0329939520452172,0.580605866154656,0.130790974479169,0.232378442306072,0.489307264098898,0
0.22890758397989,0.953957631252706,0.864090872462839,0.00992269022390246,0.350841488456354,0.829341860022396,0.94388167350553,0.07079599192366,0.0504766723606735,0.133892411366105,0
0.306697112275288,0.671916361665353,0.229434250155464,0.164539128541946,0.343124444363639,0.653619804419577,0.298228334169835,0.276716659078375,0.15731676411815,0.179911085870117,0
0.936585153453052,0.598740258719772,0.331357938004658,0.0062399092130363,0.691084902267903,0.812177247833461,0.831223654793575,0.410470813512802,0.0762634633574635,0.074726956197992,0
0.951313913566992,0.135780347511172,0.400127183878794,0.33093560161069,0.534037676174194,0.70610263873823,0.576590006938204,0.842056342866272,0.0551250327844173,0.991974332137033,0
0.787817631615326,0.930321136722341,0.18811257998459,0.973290327936411,0.108703877078369,0.598125687334687,0.0207124745938927,0.736483608372509,0.286013897508383,0.690614704508334,0
0.826732908375561,0.585711930412799,0.425271957647055,0.589851395459846,0.818454794818535,0.53195941913873,0.956144473515451,0.912248932523653,0.826440077042207,0.964117266237736,0
0.359918225090951,0.295867185574025,0.501496934099123,0.645866576582193,0.521903592394665,0.329935143701732,0.0315062084700912,0.215505122439936,0.86946687544696,0.0420617265626788,0
0.642914128024131,0.091134388698265,0.818588177906349,0.884915774222463,0.973089063772932,0.504657953046262,0.844316655304283,0.137935125734657,0.885009268764406,0.895396329462528,0
0.621455998625606,0.125907497713342,0.2960975531023,0.0855302538257092,0.667473708745092,0.296608529984951,0.701458422932774,0.630181678337976,0.993042754475027,0.358817530795932,0
0.761453017359599,0.104047932429239,0.863379474030808,0.767690525157377,0.00536888069473207,0.606560577172786,0.0482212293427438,0.451002892572433,0.413603782886639,0.563247814308852,0
0.0707859841641039,0.266925571253523,0.442769814748317,0.773254047846422,0.49008224834688,0.149968429701403,0.475489405216649,0.871101598022506,0.318542769178748,0.0820268825627863,0
0.78097128146328,0.899028680287302,0.484516824828461,0.297495919046924,0.339548542397097,0.800564736593515,0.69998631067574,0.887506809318438,0.984253628645092,0.801500985398889,0
0.642583162756637,0.318416180321947,0.0511343027465045,0.818231968209147,0.505321809556335,0.145600418560207,0.136878784513101,0.158252670196816,0.835363518446684,0.379410304594785,0
0.762638764921576,0.648124283412471,0.895585837075487,0.351062768138945,0.0246786929201335,0.213407953968272,0.0296770664863288,0.289867586456239,0.856282716384158,0.0490920327138156,0
0.903255291283131,0.744088327046484,0.835608549648896,0.736952675739303,0.14206059416756,0.178634466137737,0.787324863951653,0.832780577009544,0.895083130802959,0.610321710119024,0
0.0455878211650997,0.677068001125008,0.353975142119452,0.236417495878413,0.493019611109048,0.0391653086990118,0.78108456870541,0.308591682231054,0.962704923702404,0.302807789528742,0
0.705283395713195,0.16945990617387,0.871113839792088,0.588813218055293,0.262235198868439,0.219324508449063,0.223452251404524,0.691154827130958,0.180159263778478,0.81929356046021,0
0.204174319747835,0.569043859140947,0.416648837737739,0.0958017876837403,0.858509804820642,0.320083033526316,0.320811779471114,0.37868934054859,0.00789885851554573,0.298158620018512,0
0.337468995014206,0.354236443527043,0.39908219431527,0.408251978922635,0.710473798913881,0.519742054631934,0.748858595266938,0.685019210679457,0.713831836823374,0.414418061729521,0
0.873587511945516,0.38287712726742,0.102423000149429,0.0398424309678376,0.346350288251415,0.676563442219049,0.954981337534264,0.732876429101452,0.613138995831832,0.256299879634753,0
0.120565309654921,0.761458274908364,0.810541877523065,0.171210359781981,0.495444863568991,0.0698553228285164,0.300473691662773,0.895730660762638,0.673589333659038,0.403409955091774,0
0.578897471772507,0.306256787851453,0.344949360471219,0.563342385692522,0.766371160978451,0.709978053811938,0.222187059465796,0.092414386337623,0.8116435832344,0.909609874011949,0
0.546340432483703,0.161947049666196,0.37992698745802,0.532527644652873,0.166872006375343,0.0223851387854666,0.660214357543737,0.769898728700355,0.727987344842404,0.22450009547174,0
0.719468356110156,0.12300728703849,0.698702957946807,0.475492669269443,0.482849687803537,0.917238374706358,0.601520851254463,0.455476283561438,0.286136826034635,0.848506198497489,0
0.354861279483885,0.0329229119233787,0.584239970427006,0.0505530328955501,0.441466821590438,0.282173452666029,0.565695646917447,0.679008815437555,0.635262132855132,0.547302548307925,0
0.267821840243414,0.864646000321954,0.22632319945842,0.132463582575973,0.59401377174072,0.808246187400073,0.61317296163179,0.146525805117562,0.822801800910383,0.34481354104355,0
0.530539201339707,0.0338105498813093,0.654888787772506,0.709361456800252,0.239934886805713,0.770512581570074,0.670175465056673,0.996716052293777,0.801932015921921,0.932157808449119,0
0.827751390868798,0.381822391413152,0.438898901687935,0.353160905418918,0.704601941164583,0.286559470230713,0.74861358711496,0.887231888948008,0.210859177866951,0.849013027502224,0
0.319889281177893,0.501906046643853,0.486759273102507,0.10862605785951,0.410951399710029,0.0650475376751274,0.140654438175261,0.156644102418795,0.959135902114213,0.706146210664883,0
0.667285307543352,0.194483283674344,0.898522689938545,0.417726064799353,0.828466881997883,0.46005374728702,0.358760153641924,0.757617722498253,0.321218220982701,0.272962341783568,0
0.997228689491749,0.418872206006199,0.121349862311035,0.746328059351072,0.526577215641737,0.356153953820467,0.00149086466990411,0.972200778545812,0.235862096073106,0.988142066635191,0
0.207187426043674,0.643746816087514,0.263188349781558,0.748037725687027,0.108052952215075,0.88129120436497,0.70540473330766,0.453324320726097,0.351472815964371,0.245246638078243,0
0.0211615536827594,0.699250343022868,0.659967503743246,0.595413855509833,0.327605639118701,0.0810461253859103,0.0525121835526079,0.542277731467038,0.49148780410178,0.856003653025255,0
0.73110179672949,0.889554934343323,0.419585861265659,0.147477802354842,0.126255883602425,0.924231006298214,0.375733950873837,0.821330000413582,0.399640718474984,0.722427914617583,0
