"1","2","3","4","5","6","7","8","9","10","class"
0.797095024259761,0.0936007450800389,0.48186704562977,0.0816638506948948,0.402053653495386,0.0386336599476635,0.924805017886683,0.66826942958869,0.87080762651749,0.909648329950869,0
0.512647628551349,0.894782528048381,0.423995848977938,0.811668546171859,0.319919432746246,0.0930716434959322,0.000628041103482246,0.0616607014089823,0.19657870195806,0.493583062198013,0
0.268253459129483,0.745565853780136,0.633183065103367,0.756169231142849,0.750701546901837,0.0617255619727075,0.790165319340304,0.917469727108255,0.290222138399258,0.429222249658778,0
0.514451632509008,0.805675162468106,0.174006764544174,0.488462714245543,0.35181566211395,0.515482859918848,0.45372859807685,0.36533726612106,0.208942755591124,0.99184178840369,0
0.0655538307037205,0.00945599027909338,0.978445572545752,0.249473745003343,0.0237692943774164,0.591981189558282,0.910373649559915,0.829765009460971,0.37422492261976,0.478207898326218,0
0.465301627991721,0.406662889756262,0.650159360375255,0.943442659452558,0.649854592047632,0.247514139162377,0.505024022888392,0.802391717908904,0.145477565936744,0.109624795615673,0
0.527391185751185,0.00352770765312016,0.394421907374635,0.309045553905889,0.625682737678289,0.618341753957793,0.151156721403822,0.217552006011829,0.69343113200739,0.601171466056257,0
0.855875479290262,0.887077237479389,0.0180067273322493,0.429053303785622,0.747648541349918,0.573932178551331,0.271362983621657,0.955761188641191,0.130779747152701,0.317791726905853,0
0.436630366137251,0.665468642720953,0.152504632947966,0.315354358172044,0.842554527102038,0.300589369377121,0.476651845965534,0.936667278409004,0.891839505638927,0.657552939374,0
0.705471818335354,0.030946794198826,0.585072078509256,0.534466402838007,0.289943004027009,0.991487774532288,0.449418919393793,0.693802495254204,0.643798423698172,0.601862158626318,0
0.353433433687314,0.536223040660843,0.872209900291637,0.232386510353535,0.436669209273532,0.0753554576076567,0.096446541370824,0.951029516058043,0.0344239491969347,0.939989077392966,0
0.956983146024868,0.291060614865273,0.227628213586286,0.324823601404205,0.423845557961613,0.443440218223259,0.337197507033125,0.0226804378908128,0.431760709034279,0.80007129185833,0
0.29261448699981,0.136915690032765,0.804112342651933,0.701554487692192,0.645996349630877,0.78246764303185,0.559247632743791,0.988256133161485,0.900125788990408,0.915195653447881,0
0.265896491007879,0.130708125652745,0.105712902965024,0.320361251477152,0.115831580245867,0.541415279032663,0.126583723351359,0.164909095969051,0.626554411137477,0.248169075231999,0
0.525980785023421,0.891366527648643,0.53525610617362,0.599858358502388,0.728645964292809,0.245474959490821,0.0508390101604164,0.170599918346852,0.127441575285047,0.0237119866069406,0
0.832500543678179,0.079028777545318,0.499079447239637,0.00759733584709466,0.61786223272793,0.787393204402179,0.375621508806944,0.380925919860601,0.624390578828752,0.866746376967058,0
0.76831550640054,0.774988582357764,0.314800551859662,0.0531385012436658,0.0986401119735092,0.519473419990391,0.924129232997075,0.414408564334735,0.49135558353737,0.982311781961471,0
0.673377640545368,0.645453821634874,0.523648503702134,0.686418404337019,0.899011420551687,0.315331098390743,0.298745428444818,0.801365270279348,0.295043389545754,0.373435738729313,0
0.65559416403994,0.181440343381837,0.854866050183773,0.311762214638293,0.222744103753939,0.205124019412324,0.732561904937029,0.961321988608688,0.592732003191486,0.490545909153298,0
0.423104492248967,0.289212846662849,0.920692009152845,0.190164194442332,0.890649283304811,0.518145146081224,0.834077500272542,0.413237579865381,0.920485385460779,0.561848106794059,0
0.662924360018224,0.509069414343685,0.357600817456841,0.317551324609667,0.274637186666951,0.508713756687939,0.392507043434307,0.0274824411608279,0.308584911981598,0.536151522770524,0
0.914719474967569,0.486324351746589,0.729508597403765,0.599323585163802,0.873413223773241,0.876510126050562,0.508768222294748,0.467137349303812,0.759167341515422,0.16797789814882,0
0.579633841989562,0.424996129237115,0.837093678535894,0.544459486845881,0.491492643719539,0.481214629253373,0.661047604400665,0.554069593083113,0.185730900615454,0.632438374683261,0
0.771607496775687,0.203197470167652,0.794574674917385,0.59611462126486,0.707416278542951,0.0808272114954889,0.387142730411142,0.177857189672068,0.760335200000554,0.625124357640743,0
0.248355817515403,0.545807857066393,0.224754363298416,0.498527564574033,0.0796714385505766,0.491953524295241,0.169831535313278,0.0522875988390297,0.981268661329523,0.512779106851667,0
0.679267180152237,0.826989153865725,0.948355247732252,0.303985463920981,0.420486581744626,0.371931198053062,0.399181853979826,0.763712538639084,0.670075363945216,0.137285125907511,0
0.254349978407845,0.802251666318625,0.0729287802241743,0.550271207932383,0.713012952357531,0.502102060709149,0.810491753043607,0.497813665308058,0.916163563495502,0.980022932169959,0
0.277389541035518,0.194766008295119,0.818566842237487,0.330075438832864,0.933577317744493,0.32007033075206,0.407756652450189,0.227224418893456,0.0523655530996621,0.592887598555535,0
0.95949506573379,0.816173505270854,0.0210375126916915,0.307977261953056,0.719522117869928,0.388437261339277,0.529406953370199,0.204693247564137,0.688807165948674,0.00639136112295091,0
0.645622965181246,0.990816480480134,0.0679341817740351,0.104975040303543,0.954190513351932,0.221141417510808,0.993223575642332,0.731841285014525,0.493807422462851,0.0792089216411114,0
0.206796492915601,0.894418775802478,0.994473630096763,0.364909261465073,0.261466043768451,0.205446641659364,0.0946859307587147,0.749113126657903,0.185273794690147,0.407054875278845,0
0.00194826303049922,0.592366036726162,0.501255976269022,0.575865580933169,0.351867255056277,0.530089098960161,0.738922634394839,0.389870817773044,0.792334467638284,0.182483560405672,0
0.304011505329981,0.295726752607152,0.762728710658848,0.990322060184553,0.72745701787062,0.30210865358822,0.337109553394839,0.656711302930489,0.174889403861016,0.117165186675265,0
0.0106198990251869,0.572159920120612,0.819787080632523,0.200625822413713,0.6524227054324,0.535618636989966,0.622859425609931,0.539463264867663,0.275173519505188,0.821813871851191,0
0.617754498962313,0.0865102398674935,0.591547454707325,0.517322334926575,0.571336994180456,0.0665977478493005,0.787521836580709,0.00760861486196518,0.760433509247378,0.816366377286613,0
0.902397467521951,0.854578884784132,0.342358803609386,0.724352525779977,0.119262855499983,0.764818265568465,0.455910366494209,0.175862090429291,0.443852535216138,0.578492137603462,0
0.916256421711296,0.113689777441323,0.169781358912587,0.444460189435631,0.319003861630335,0.048172279028222,0.283664243528619,0.231255549937487,0.898585655726492,0.800217195646837,0
0.217924039578065,0.0508461508434266,0.878017459530383,0.266735096462071,0.530198974534869,0.104415799025446,0.244678306160495,0.738065228331834,0.333633101778105,0.97753845131956,0
0.541902655735612,0.123027191730216,0.951782868243754,0.240894632413983,0.426497663836926,0.977954791625962,0.216623373096809,0.381037378683686,0.407418326474726,0.765356567222625,0
0.411446882877499,0.209820934105664,0.476990401046351,0.553063492057845,0.522028653882444,0.878312178421766,0.347895222716033,0.90193904703483,0.236738932086155,0.946858539478853,0
0.783975350670516,0.526330435182899,0.863940332084894,0.421292654005811,0.567158518591896,0.489239044254646,0.809941158397123,0.916464826324955,0.618377006147057,0.19711702503264,0
0.796477035153657,0.219925704179332,0.589741942007095,0.0807456569746137,0.560777748236433,0.279230596963316,0.658691497053951,0.376540371216834,0.712031433358788,0.883452822221443,0
0.346058045746759,0.451371845556423,0.747836239403114,0.850184283219278,0.334525425219908,0.625143988057971,0.563819610280916,0.160163707565516,0.650426523061469,0.503667829558253,0
0.238160855136812,0.90579723357223,0.305248912423849,0.0015820199623704,0.470333062112331,0.80614628852345,0.843525069765747,0.297656716313213,0.187196684768423,0.623848818708211,0
0.0944314519874752,0.607607115991414,0.855754900956526,0.201359423575923,0.0727621135301888,0.274008427280933,0.203427167609334,0.923356203828007,0.665538787143305,0.823191197356209,0
0.572141549317166,0.338993648067117,0.94102832605131,0.795992036117241,0.675719262100756,0.87280433694832,0.835970690939575,0.708017541561276,0.129546433454379,0.861593113979325,0
0.283660163637251,0.142426253762096,0.0643518271390349,0.21117989346385,0.859161409083754,0.0444294756744057,0.446182128041983,0.0795062370598316,0.338163019157946,0.421335951192304,0
0.841074680676684,0.074807537952438,0.269516665954143,0.5037458287552,0.202191441552714,0.0438650515861809,0.600565403932706,0.111469907686114,0.121356943389401,0.61707201320678,0
0.37177248368971,0.999836759408936,0.742964261444286,0.483829975593835,0.248239340959117,0.47651361557655,0.668409129371867,0.299663681536913,0.496480635600165,0.243863224284723,0
0.0920629054307938,0.75504257529974,0.667080628452823,0.687765540322289,0.919462483841926,0.194840355077758,0.0461776587180793,0.17906509176828,0.114673783071339,0.291256219148636,0
0.488192628603429,0.968912389595062,0.460721918614581,0.0390498195774853,0.344849275657907,0.737217128043994,0.653980660950765,0.555949456756935,0.451314560836181,0.948479543440044,0
0.799474333645776,0.505746596027166,0.431625055614859,0.867621256969869,0.934424952603877,0.195954520255327,0.195307996822521,0.108430088264868,0.0311239543370903,0.594160775188357,0
0.530820589512587,0.527916686376557,0.208536281250417,0.437286059372127,0.430670791538432,0.55481301411055,0.308620919473469,0.523872389923781,0.440389885334298,0.0286006713286042,0
0.681612940970808,0.171130796894431,0.859730349155143,0.757328026695177,0.671673177741468,0.554553970461711,0.354004324413836,0.848504993831739,0.362307849572971,0.832592794205993,0
0.175376258324832,0.892684386577457,0.360035991761833,0.645312800770625,0.645503457635641,0.805075064301491,0.0554189570248127,0.882242944324389,0.902898121858016,0.453463977901265,0
0.44974842783995,0.991959460778162,0.793526984984055,0.589318064972758,0.592382662463933,0.753486754139885,0.535669720731676,0.00368843832984567,0.966818023473024,0.820065904641524,0
0.6115042346064,0.613259287783876,0.493819003691897,0.509471975965425,0.484170433832332,0.348976496607065,0.621806889772415,0.390250309836119,0.290869319345802,0.841124919475988,0
0.595058742677793,0.925516257062554,0.236719328677282,0.398092698771507,0.606414378620684,0.333997723413631,0.384293358772993,0.874444540590048,0.202923340490088,0.793798355385661,0
0.453831914812326,0.0566957294940948,0.260604610433802,0.0892360717989504,0.271290247095749,0.422549375798553,0.892806699499488,0.167800120310858,0.346301129786298,0.00849705608561635,0
0.805032668402418,0.362145568942651,0.387564040720463,0.145452525699511,0.254079416627064,0.441576659446582,0.515536004211754,0.582501032622531,0.773966101231053,0.388353491434827,0
0.60026049753651,0.342437038198113,0.126785856438801,0.791034972527996,0.964579078834504,0.771863493602723,0.705087160691619,0.0347357611171901,0.961750047281384,0.863384760217741,0
0.915945284068584,0.233415071619675,0.561158773722127,0.453584174159914,0.246194737730548,0.819883551215753,0.496604886371642,0.524469665484503,0.471839758567512,0.415287199197337,0
0.156736078904942,0.817664944566786,0.754806047538295,0.606513568200171,0.805858246516436,0.44763875589706,0.91081413323991,0.633338392246515,0.332760443445295,0.395096543710679,0
0.218371912371367,0.918103454634547,0.0454036104492843,0.0328308858443052,0.917795104673132,0.92524049221538,0.382567611755803,0.865505178691819,0.234982617897913,0.521849857643247,0
0.473413362866268,0.895251342793927,0.467897250782698,0.0288955545984209,0.0965521440375596,0.0321644959039986,0.968963779974729,0.583561011822894,0.946300369221717,0.748791989171878,0
0.962899618549272,0.406238482799381,0.610612640390173,0.971606743289158,0.323938070097938,0.740138047141954,0.515057558193803,0.416826047003269,0.484764738474041,0.761526873335242,0
0.786418900825083,0.24577444489114,0.841123143211007,0.153070749714971,0.360740199685097,0.833276915363967,0.545699917944148,0.216065900400281,0.815026522148401,0.69469311228022,0
0.375239238841459,0.686411599162966,0.442447562702,0.947268393589184,0.979077687952667,0.0160603632684797,0.865179517073557,0.89541297708638,0.35362908593379,0.92890982888639,0
0.261035272618756,0.242574204690754,0.470022609690204,0.345042676664889,0.195885075256228,0.265663545113057,0.26960451900959,0.165653817122802,0.571292511653155,0.656099024927244,0
0.433669921476394,0.546597407432273,0.942671079887077,0.26896740635857,0.903947027400136,0.81715946411714,0.71912336233072,0.0690984451211989,0.655056273564696,0.445389237487689,0
0.76731630275026,0.174171883380041,0.391185978194699,0.236786025110632,0.0793451440986246,0.0824644602835178,0.303377950796857,0.143518758006394,0.935343405930325,0.381894807564095,0
0.360668553272262,0.453464159509167,0.62373538967222,0.668520018458366,0.282195003936067,0.974661609856412,0.766425332985818,0.344776335638016,0.921063837595284,0.733104414539412,0
0.655563171254471,0.0084363620262593,0.745762335136533,0.0289505813270807,0.131551959784701,0.151045378996059,0.765701970551163,0.568053521448746,0.996972840745002,0.724968392401934,0
0.193297120276839,0.202068828511983,0.783392178360373,0.684025240130723,0.237959922757,0.041395308682695,0.238040572730824,0.891407837858424,0.933321274351329,0.696491640293971,0
0.157517990795895,0.909253790508956,0.669887881493196,0.946762872161344,0.440789752406999,0.283215527189896,0.293514551594853,0.814856137614697,0.00139874499291182,0.401357325958088,0
0.573752086609602,0.0989762844983488,0.530567864887416,0.982551936758682,0.528038465883583,0.144919300917536,0.787531264824793,0.930323217762634,0.353124807355925,0.263743836665526,0
0.0807499727234244,0.389650621451437,0.422003754880279,0.694025696255267,0.602166171884164,0.793820425402373,0.89828035235405,0.757857196498662,0.20541172567755,0.737522620009258,0
0.7244211146608,0.16053277393803,0.499273655470461,0.989588056923822,0.386574885575101,0.7069453781005,0.967816383112222,0.0588196725584567,0.398041813401505,0.81379022449255,0
0.545110236154869,0.281377359293401,0.72168313828297,0.0426372538786381,0.363206228241324,0.420177780557424,0.905831824522465,0.156240874435753,0.907155144261196,0.322910194518045,0
0.0685407312121242,0.731360977748409,0.083071845350787,0.812929069856182,0.210766241652891,0.880523213883862,0.787283353274688,0.205697601661086,0.250530718825758,0.781056156614795,0
0.0405415527056903,0.930771320126951,0.393217788310722,0.708040146157146,0.0127404746599495,0.86235985532403,0.201220640679821,0.533735329983756,0.955992097500712,0.342068109195679,0
0.696428248425946,0.0407330109737813,0.0403091954067349,0.465018689632416,0.261523585300893,0.53292493801564,0.643476866185665,0.752495238324627,0.634688646765426,0.379609251162037,0
0.665669889422134,0.765731315594167,0.844764461740851,0.332017604028806,0.226098631275818,0.473593553295359,0.450209967559204,0.306720196735114,0.365118626737967,0.391911716200411,0
0.679833544185385,0.348788374103606,0.11550677404739,0.135739326477051,0.755018570227548,0.441289082635194,0.190204322803766,0.778774901060387,0.0299798897467554,0.576100075617433,0
0.37397349672392,0.949191841064021,0.215574249858037,0.335883772931993,0.503709885990247,0.248677771072835,0.678658852586523,0.0493661793880165,0.838384858565405,0.758588181110099,0
0.286616103490815,0.53489202237688,0.788749882252887,0.902372975600883,0.08856022474356,0.602027954300866,0.0311453964095563,0.707146629458293,0.283989638555795,0.672027258668095,0
0.505387044046074,0.521386234089732,0.793049609521404,0.434707490494475,0.746799851767719,0.740982873132452,0.573902664007619,0.718683942919597,0.990387943806127,0.614530359162018,0
0.772345263278112,0.846119473921135,0.0832207140047103,0.23206674028188,0.854705731384456,0.761385108111426,0.232436801074073,0.618853909429163,0.687319182790816,0.448546833824366,0
0.481988228857517,0.55471941572614,0.447479881579056,0.527155491290614,0.263155477354303,0.503377686487511,0.345803417731076,0.146132272435352,0.785952508682385,0.166106650605798,0
0.430024762405083,0.270062383264303,0.509323947131634,0.0776070507708937,0.0893920317757875,0.176594349322841,0.64228742942214,0.825170900905505,0.695706350030378,0.958987302612513,0
0.259763545589522,0.832020594039932,0.343875748338178,0.642745529767126,0.530962100019678,0.30134068056941,0.543592005269602,0.157320512924343,0.517069759080186,0.122340980451554,0
0.499947236850858,0.181005709571764,0.973582419101149,0.844712458085269,0.49273951118812,0.978239865973592,0.00357259344309568,0.437810812611133,0.782229192089289,0.467413953971118,0
0.656808404717594,0.70422149496153,0.449570612516254,0.267879558959976,0.0577157118823379,0.674213421298191,0.34918846283108,0.963826631661505,0.96263416018337,0.0346765629947186,0
0.190433677751571,0.375008336501196,0.880931597435847,0.647402367787436,0.416604278143495,0.101271946448833,0.569051415892318,0.378814900293946,0.700329046230763,0.190818709786981,0
0.694024318130687,0.566620727768168,0.333932041190565,0.487351032439619,0.153831643052399,0.292402264196426,0.286306059453636,0.428224771516398,0.517408849438652,0.371002607047558,0
0.486923331394792,0.170816413825378,0.621404660865664,0.275770723819733,0.254127174383029,0.107472617411986,0.0183299244381487,0.537843617377803,0.577432756079361,0.216466060606763,0
0.0693982609082013,0.596604575635865,0.673352379351854,0.0847300947643816,0.241458229487762,0.593797741224989,0.323695488041267,0.618307920172811,0.215233388822526,0.958435784559697,0
0.217239231336862,0.231921496335417,0.506624521221966,0.0818446297198534,0.828512063715607,0.21383437816985,0.234327976591885,0.741716830292717,0.832188155502081,0.301963270641863,0
0.845022970344871,0.875307200476527,0.442982595413923,0.548694177065045,0.61326871579513,0.517456160392612,0.764852910768241,0.086072143400088,0.0295996607746929,0.949639207683504,0
0.736896636197343,0.823601188370958,0.25671667419374,0.582827768754214,0.0955092594958842,0.346392838982865,0.796947007300332,0.390602127881721,0.647686202311888,0.995215507922694,0
