"1","2","3","4","5","6","7","8","9","10","class"
0.05233218614012,0.0761402416974306,0.939692469313741,0.735862979432568,0.739439481636509,0.101422474952415,0.25195671711117,0.0859535855706781,0.969665983691812,0.567221213132143,0
0.193994259927422,0.25069351750426,0.462502521462739,0.434086749330163,0.0265507539734244,0.00304753519594669,0.761256779776886,0.204495173180476,0.904879575362429,0.76384763722308,0
0.668807645794004,0.311665572458878,0.372888998361304,0.00179497129283845,0.381412224844098,0.239546334836632,0.138116746908054,0.679334089392796,0.344880972290412,0.610344341956079,0
0.176553504117206,0.29518129513599,0.479650188935921,0.952409935416654,0.0709915871266276,0.557345930719748,0.118729619076476,0.293613352579996,0.0443200618028641,0.830680026905611,0
0.294545429758728,0.357582833152264,0.0775631372816861,0.442804204765707,0.969615368638188,0.97902837744914,0.226781301433221,0.775004299823195,0.177751834969968,0.798898077337071,0
0.133009764365852,0.326697323471308,0.588512647664174,0.407817381434143,0.295710359234363,0.274445510702208,0.706515867495909,0.719425109913573,0.0239794752560556,0.0566132324747741,0
0.90731839183718,0.796830299310386,0.546090149786323,0.121646021027118,0.331381345400587,0.361610361840576,0.965185267617926,0.817624719813466,0.940114183118567,0.526428564917296,0
0.449784556869417,0.275518890237436,0.356712738517672,0.174685810692608,0.262254876317456,0.812919112388045,0.383469644933939,0.515545745613053,0.722266172990203,0.489401718135923,0
0.201367371948436,0.100426856195554,0.494930214714259,0.541476632468402,0.621088986517861,0.651402936084196,0.322223451454192,0.345348154660314,0.341118359239772,0.465539682190865,0
0.953944108681753,0.601021697744727,0.250831285959296,0.295158255379647,0.000487825367599726,0.819314838852733,0.202439342625439,0.094392279163003,0.588472098810598,0.124103586189449,0
0.0945672823581845,0.877557636238635,0.738262682687491,0.385788378771394,0.24034813256003,0.888082429300994,0.850884376093745,0.476448495406657,0.579695792635903,0.24189958628267,0
0.0403898463118821,0.386842698557302,0.205061932094395,0.357644484844059,0.285344602540135,0.018369497731328,0.997578107751906,0.839482239913195,0.0215013930574059,0.422657917719334,0
0.399250802816823,0.290130082750693,0.55485602049157,0.530383427860215,0.0421067704288289,0.0753910525236279,0.99667884525843,0.420230427291244,0.0789992634672672,0.974496599985287,0
0.179568230174482,0.54571540420875,0.646527823060751,0.794908992946148,0.831925976322964,0.507119961781427,0.286245970055461,0.9687677572947,0.416128488956019,0.326417612144724,0
0.185674620093778,0.444394781021401,0.690562510630116,0.95041968068108,0.827492867829278,0.462056083604693,0.0553684637416154,0.706696556182578,0.268473094329238,0.471324319252744,0
0.210765477735549,0.625134409870952,0.358002773718908,0.544930970296264,0.918588739121333,0.723637519869953,0.71391776856035,0.103065262082964,0.694989722920582,0.412346878321841,0
0.214370662812144,0.974627889227122,0.491920458618551,0.844172320561484,0.128858288750052,0.686394194606692,0.898159631760791,0.105474271811545,0.0978342168964446,0.914584121899679,0
0.564170683268458,0.0268253923859447,0.234217577846721,0.176822685869411,0.380269436864182,0.0292662722058594,0.885242774616927,0.0975348544307053,0.188510976731777,0.161743508419022,0
0.506848987424746,0.320451440988109,0.660230403533205,0.660268574487418,0.20514741865918,0.838286115555093,0.209882569033653,0.777017401298508,0.837490217760205,0.98282279074192,0
0.00069124111905694,0.635299066547304,0.62017694558017,0.200506587745622,0.0263143046759069,0.803402837365866,0.0756160318851471,0.659047377994284,0.251680481014773,0.623512319521978,0
0.240060008457862,0.881329838884994,0.883388802409172,0.0968275065533817,0.969358561327681,0.266786728752777,0.14299829932861,0.173637055093423,0.93852470559068,0.238586211809888,0
0.358045062748715,0.564576070057228,0.00310867442749441,0.205160108860582,0.21397358737886,0.938989326125011,0.0482498544733971,0.543999067042023,0.75289646605961,0.826865245355293,0
0.0386576508171856,0.888851755298674,0.95248585101217,0.276195982703939,0.476119131781161,0.383856686763465,0.447735494934022,0.841477698180825,0.67789118597284,0.711229921551421,0
0.0850744328927249,0.870028303936124,0.637140548788011,0.0896426562891342,0.863894456299022,0.255006784107536,0.249935261672363,0.417541008675471,0.0449201967567205,0.371324148960412,0
0.601506676059216,0.559347842587158,0.0245293527841568,0.0013766773045063,0.388858278747648,0.996787181589752,0.893329124199226,0.760443374281749,0.266590810380876,0.161267840303481,0
0.256944717373699,0.514528731815517,0.950865099905059,0.17700409097597,0.307552114971913,0.388343825470656,0.0704703915398568,0.379443361889571,0.110422231722623,0.843528660014272,0
0.636526964837685,0.495901046320796,0.188940582098439,0.00745856529101729,0.693197824060917,0.526082447730005,0.566961728036404,0.27181348646991,0.508963976753876,0.115454372251406,0
0.417548540048301,0.788286433788016,0.306884235236794,0.682922875974327,0.34434794052504,0.750419548945501,0.679276653332636,0.328432684298605,0.80274738650769,0.722079527098686,0
0.157435991801322,0.380912987980992,0.603596987668425,0.830537808360532,0.79599524801597,0.551087271654978,0.863765103276819,0.941902881022543,0.827661897055805,0.0377865035552531,0
0.625141252763569,0.158594570821151,0.189155846834183,0.40509644895792,0.0196729914750904,0.827958906069398,0.448063422460109,0.81711843656376,0.690884366165847,0.0464528286829591,0
0.00810030335560441,0.527600625529885,0.111634311938658,0.660402937559411,0.506280436879024,0.883081791456789,0.201756839174777,0.320336205186322,0.0596080264076591,0.733400856610388,0
0.073782017454505,0.480930058518425,0.282471634913236,0.108321079751477,0.282320995582268,0.911650917027146,0.595002808375284,0.322950584115461,0.349803362973034,0.517845295835286,0
0.0248932426329702,0.664892259053886,0.0590690064709634,0.941936507588252,0.842792738229036,0.171464417129755,0.768489871174097,0.740178991807625,0.921694229589775,0.160427392227575,0
0.270120832137764,0.783801411045715,0.704913056688383,0.382750534219667,0.916504836641252,0.38019256410189,0.942106998059899,0.73478901037015,0.75635422184132,0.290074972901493,0
0.894601779757068,0.902791885426268,0.504288906697184,0.492070784093812,0.184891154523939,0.0684008982498199,0.162785083055496,0.96270094672218,0.0778544361237437,0.721108152065426,0
0.0484311962500215,0.0797395356930792,0.887723106425256,0.113381428876892,0.274144492344931,0.553920204984024,0.939667718019336,0.273329640971497,0.456125131109729,0.153001670492813,0
0.975854504853487,0.0124294920830056,0.179591012420133,0.297059780685231,0.935145126422867,0.977387849241495,0.14878342510201,0.577307621948421,0.386761692818254,0.720082911197096,0
0.398562554968521,0.181331335334107,0.558956485008821,0.534163445932791,0.868426027940586,0.118998938240111,0.119155663996935,0.160423369845375,0.0257951454259455,0.139651274075732,0
0.205062467837706,0.565300306072459,0.317716559162363,0.587531473254785,0.540352337295189,0.717687968630344,0.453229394741356,0.402935988968238,0.76042018039152,0.176765549229458,0
0.71824012347497,0.527978411642835,0.0267364864703268,0.632816269062459,0.879814873216674,0.352829399518669,0.575905073201284,0.868917142739519,0.774798257509246,0.0558656451757997,0
0.552447330439463,0.189758496591821,0.635733179515228,0.868822527583688,0.538084336789325,0.97707407316193,0.828537469729781,0.616226661717519,0.786396933486685,0.0691654761321843,0
0.844246089691296,0.0814254237338901,0.346022547688335,0.292602563044056,0.943585448432714,0.0320289197843522,0.516064458759502,0.732473724056035,0.134689408820122,0.911640592617914,0
0.0763177848421037,0.127938972087577,0.957993396557868,0.585823237197474,0.721069774590433,0.679579694289714,0.142604304011911,0.393055083230138,0.625860096421093,0.976157720666379,0
0.126338851638138,0.530795805156231,0.131207783473656,0.982351663056761,0.445550818927586,0.669828802580014,0.552425384288654,0.962918540462852,0.140848102048039,0.133171831257641,0
0.413793473504484,0.774731033248827,0.245380197884515,0.853418568149209,0.598331071436405,0.335769766476005,0.271783962612972,0.438841452589259,0.204218416940421,0.229566394118592,0
0.272088452940807,0.418401585426182,0.460041497601196,0.348335650051013,0.616474240319803,0.0803951651323587,0.958370372187346,0.19792310683988,0.186596776824445,0.465560071868822,0
0.78967421897687,0.0375770062673837,0.579506508540362,0.141815002541989,0.468918001744896,0.305523345246911,0.139759723329917,0.519000488566235,0.15535432077013,0.553278811974451,0
0.958922110730782,0.251630509272218,0.268557859119028,0.301864920184016,0.850434035295621,0.536937530850992,0.032602034509182,0.799062003847212,0.879309486597776,0.594920428004116,0
0.375967664178461,0.343589457683265,0.968319218140095,0.882290781009942,0.0363282416947186,0.15891415043734,0.806582246907055,0.97625057445839,0.45792948640883,0.637382281012833,0
0.899389826226979,0.520084938034415,0.14510321454145,0.0851933013182133,0.429199715144932,0.649833484552801,0.112855540588498,0.919139577774331,0.464724532794207,0.54522523842752,0
0.437708846991882,0.0340337338857353,0.0457098558545113,0.0784244228154421,0.48716791626066,0.0194650669582188,0.498629593988881,0.328631368232891,0.228803349193186,0.241063248133287,0
0.884816832141951,0.239873979007825,0.589914434356615,0.990982225164771,0.542258309666067,0.61983250384219,0.413139270152897,0.373861032538116,0.965385952498764,0.0664738120976835,0
0.210252516204491,0.418077294016257,0.562128243036568,0.569342982722446,0.313248689984903,0.203737536910921,0.547290951246396,0.543058651965111,0.652006988413632,0.83718465291895,0
0.528562385821715,0.770630573388189,0.407506393035874,0.281402406282723,0.0710475991945714,0.572182372678071,0.66997874295339,0.257535886950791,0.958202999550849,0.232149287359789,0
0.640527492854744,0.603977198246866,0.38375805853866,0.0700701391324401,0.220322165638208,0.953461585333571,0.532418244285509,0.598716381238773,0.535982533358037,0.297393226763234,0
0.263698340626433,0.623218489345163,0.57405007025227,0.0452680801972747,0.379397628130391,0.384521276224405,0.31234606448561,0.954965922515839,0.949892104137689,0.433789958013222,0
0.0532350658904761,0.0712066595442593,0.0134150411467999,0.0677197175100446,0.860006796894595,0.574482132913545,0.541135473642498,0.745873597217724,0.707320067333058,0.745740304933861,0
0.701295712264255,0.0267131121363491,0.235902133863419,0.826600403292105,0.160735476529226,0.592070758575574,0.333347242092714,0.0573229701258242,0.224128133384511,0.784393192268908,0
0.0293722951319069,0.744439148111269,0.538675785530359,0.024756568018347,0.478536796523258,0.46823508432135,0.354083563201129,0.297461591660976,0.933989622164518,0.235913428012282,0
0.951742828357965,0.0864452098030597,0.32349459384568,0.880093172425404,0.424242869252339,0.66964407893829,0.249318813672289,0.778553596464917,0.265880832448602,0.988032830413431,0
0.215975106828846,0.236735147656873,0.83384512597695,0.657582043437287,0.0406872441526502,0.786195388995111,0.290834742365405,0.906632987083867,0.413226752309129,0.89914368162863,0
0.0869389206636697,0.218277724459767,0.158590121660382,0.0890472235623747,0.184370146133006,0.760896464344114,0.715537327574566,0.811796730849892,0.643446578644216,0.528018709039316,0
0.806759843835607,0.18701183795929,0.343788621248677,0.815533512271941,0.503082346636802,0.660487648798153,0.988405516836792,0.507677902001888,0.150943591725081,0.465571031440049,0
0.77055936306715,0.473613103851676,0.521272694692016,0.406936701387167,0.0325889110099524,0.317254923749715,0.764772559981793,0.0492582337465137,0.234984705457464,0.406737243523821,0
0.733846629736945,0.426597232697532,0.0788538160268217,0.325689476914704,0.760239665163681,0.0573083637282252,0.0238743228837848,0.300904860487208,0.949026129208505,0.109379997244105,0
0.515509724849835,0.935535214841366,0.291378477588296,0.179437991697341,0.108837982174009,0.0508711326401681,0.0378689842764288,0.336722357431427,0.740062311058864,0.532259860308841,0
0.244902787962928,0.220467219594866,0.272320318734273,0.557323261396959,0.824460656382143,0.00482644350267947,0.852599214296788,0.420557666104287,0.172830559546128,0.421723959734663,0
0.571005704347044,0.0444792245980352,0.123033295851201,0.935890363529325,0.0360225383192301,0.636893290327862,0.274683088762686,0.235183454817161,0.633249069564044,0.313288053032011,0
0.745247554499656,0.159036009572446,0.671200045617297,0.212037222227082,0.84397649532184,0.203425848623738,0.529194579459727,0.229094090638682,0.154871449572966,0.530033025890589,0
0.536158653907478,0.161034482298419,0.296385721769184,0.399738648207858,0.638786123599857,0.713078942382708,0.783393867313862,0.464606342371553,0.0561212305910885,0.444825492566451,0
0.696313809836283,0.309155083494261,0.791590011212975,0.213184239575639,0.580807270016521,0.109103652415797,0.287115640006959,0.770951274083927,0.727741010021418,0.0438936082646251,0
0.198052337858826,0.844637330621481,0.876062788302079,0.82887952006422,0.01203214074485,0.156629212433472,0.708775857463479,0.834145792294294,0.476869015954435,0.46405832353048,0
0.268674375023693,0.77981291920878,0.863703603157774,0.0311168262269348,0.894509362988174,0.969744187081233,0.723457358777523,0.473341962788254,0.601604622090235,0.739740713266656,0
0.982725701294839,0.156671425094828,0.682036515558138,0.893754134653136,0.190088106086478,0.358715386828408,0.336075218627229,0.162303610704839,0.608878634637222,0.0491040321066976,0
0.866124638356268,0.257198953768238,0.553743994794786,0.438952874625102,0.266958654625341,0.975282986648381,0.998393767513335,0.988579148892313,0.218392454553396,0.510508687468246,0
0.943622899707407,0.266866195946932,0.374111548066139,0.0910692580509931,0.223257013130933,0.309493651846424,0.717833961360157,0.00519117619842291,0.137983320746571,0.694912166567519,0
0.630889006890357,0.798124356195331,0.366875922074541,0.56909424229525,0.0119074557442218,0.0617639373522252,0.486058971378952,0.0780671059619635,0.124111134093255,0.0529838318470865,0
0.0731026933062822,0.452363619580865,0.252088269917294,0.509020036319271,0.327563587808982,0.322130834218115,0.163327663205564,0.451903639594093,0.227756412932649,0.923730863491073,0
0.182943838182837,0.38024889701046,0.00681118690408766,0.0467186130117625,0.570629294263199,0.0207494385540485,0.571431671036407,0.698976777261123,0.529061431298032,0.542552270693704,0
0.193346195730288,0.276889262488112,0.845697957556695,0.0428587563801557,0.0973257743753493,0.0831154582556337,0.764041756279767,0.367482636822388,0.237040109466761,0.443072518799454,0
0.139066345058382,0.650627985363826,0.918667146237567,0.195564777590334,0.757835514610633,0.51094845472835,0.158488539513201,0.393495645141229,0.878433091565967,0.569225915241987,0
0.777072417549789,0.305020890431479,0.607228610431775,0.551636080024764,0.111334986519068,0.867035795701668,0.580499605275691,0.655663343146443,0.325451794313267,0.112299499334767,0
0.803570653544739,0.246404612436891,0.667548818513751,0.609133357647806,0.198675063904375,0.835593532305211,0.659171344246715,0.687660737428814,0.876934649888426,0.678075916832313,0
0.450572825269774,0.988685348536819,0.988325774902478,0.0734160193242133,0.766203244915232,0.0674108366947621,0.497027390170842,0.717011185828596,0.65906352805905,0.807317769853398,0
0.795621551340446,0.916828065412119,0.814725541742519,0.189839259022847,0.751625614007935,0.690662226174027,0.0375955866184086,0.737246591364965,0.498591948999092,0.00510868383571506,0
0.219582417979836,0.00341097707860172,0.304753971053287,0.644816366955638,0.830754898255691,0.164366126991808,0.131458468269557,0.139879208989441,0.728450591210276,0.97036404418759,0
0.685076845576987,0.196336911292747,0.10361461690627,0.755543752573431,0.390922793652862,0.887426910223439,0.00212506903335452,0.265188737539575,0.500288613140583,0.199028222588822,0
0.0879258923232555,0.388460254995152,0.966380107915029,0.666856968542561,0.74791560205631,0.331201550085098,0.823883081087843,0.00383393419906497,0.795287123415619,0.387468766188249,0
0.218536415835842,0.328004663810134,0.788879784755409,0.353931381367147,0.610886403592303,0.9753255804535,0.826702346326783,0.549464930314571,0.55870674434118,0.494502175599337,0
0.0053309709765017,0.73543264484033,0.572758823400363,0.192453945055604,0.107242798665538,0.668886189814657,0.681850196560845,0.533876043977216,0.866555903106928,0.221485301852226,0
0.927426793379709,0.266146553680301,0.367098709335551,0.251152016613632,0.877067019697279,0.796959754778072,0.810168503317982,0.626641611335799,0.314746221294627,0.198407341958955,0
0.826162591110915,0.0823074141517282,0.135975153185427,0.983396589290351,0.596240017795935,0.920611800160259,0.848190501099452,0.823686141753569,0.378344961442053,0.538327028509229,0
0.45412901812233,0.297493911115453,0.0992259446065873,0.104244924616069,0.195499517256394,0.024393857922405,0.222826047101989,0.17232137802057,0.704575910232961,0.151279025245458,0
0.0707740848883986,0.724472196307033,0.462065353291109,0.891450001858175,0.0273092270363122,0.459208553191274,0.463896193541586,0.161520412424579,0.115711583057418,0.136089561041445,0
0.555944887921214,0.812036287970841,0.750648258021101,0.273440202698112,0.313843082869425,0.775838101049885,0.0380202955566347,0.407961437711492,0.334581461036578,0.275346227223054,0
0.803223853698,0.164004142861813,0.24851603503339,0.253945694072172,0.0407287303823978,0.338483418570831,0.508565009804443,0.476844392716885,0.767640905920416,0.916515288408846,0
0.101743855280802,0.770214846357703,0.382156267995015,0.54196314024739,0.963079883717,0.0708293875213712,0.44808687409386,0.373257430037484,0.820453748805448,0.756757962983102,0
0.337349897250533,0.507206431590021,0.144261757377535,0.332812525331974,0.0943400005344301,0.0374225154519081,0.745082276174799,0.104646535823122,0.791627141879871,0.289635519497097,0
0.658344531664625,0.294888394186273,0.654194486793131,0.907034829491749,0.307504976525903,0.107056678738445,0.355022698407993,0.887850172352046,0.555706534069031,0.209691043710336,0
0.347842124756426,0.834972454700619,0.330314261373132,0.287169807357714,0.123256738562789,0.505406566197053,0.660813906230032,0.142972146626562,0.587914453120902,0.382142750080675,0
