"1","2","3","4","5","6","7","8","9","10","class"
0.98049728277605,0.354245857891943,0.443436066154391,0.776896103052422,0.546774408081546,0.125195355387405,0.65916879568249,0.012312707491219,0.0999633865430951,0.311963020125404,0
0.168400958413258,0.967798041412607,0.584625990130007,0.121030660578981,0.622024264419451,0.985243079485372,0.0891710633877665,0.0516285863704979,0.936600062763318,0.0715970441233367,0
0.731090190833807,0.0711670827779062,0.806840864010155,0.22297919774428,0.191321887075901,0.461611612932757,0.809213845059276,0.963822884252295,0.290114008588716,0.0512814116664231,0
0.0605523386452347,0.550294430867674,0.0250963247381151,0.63453350123018,0.0615941188298166,0.906420118641108,0.809962678235024,0.288625531829894,0.323841581353918,0.0104924177285284,0
0.184613063173182,0.866858660691548,0.962120442418382,0.00137744238600135,0.930725535843521,0.180566899245605,0.504248578101397,0.0468292355071753,0.066527483984828,0.115344671998173,0
0.387525324709713,0.829830517992377,0.509376272093505,0.236628904240206,0.0910866118501872,0.730147671420127,0.909536501625553,0.351244112709537,0.719170616008341,0.439209462841973,0
0.642160517615452,0.0577279660409256,0.0491398363374174,0.259182664798573,0.357039184542373,0.0880362403113395,0.419904333772138,0.970701790414751,0.138065825216472,0.995877312496305,0
0.906608209895715,0.0344289743349227,0.867634495487437,0.0233518788591027,0.468203515280038,0.0104817415121943,0.0703241578303277,0.323162523796782,0.706032227259129,0.0303722922690213,0
0.867699011641182,0.193708782719699,0.886821983847767,0.476728124311194,0.269438505871221,0.350478293839842,0.857617303496227,0.652930994518101,0.281013448722661,0.113762888126075,0
0.127445891821384,0.841687171191879,0.429772761650383,0.558167981915176,0.919714199611917,0.0429307874292135,0.62337954971008,0.00935310148634017,0.358850470278412,0.182801160262898,0
0.450589237662032,0.651287953530365,0.267002211418003,0.496111704967916,0.772714889375493,0.125871523516253,0.15438103931956,0.43003760301508,0.515854080440477,0.947325279703364,0
0.277212474030722,0.95557718247794,0.0967748127877712,0.507494520163164,0.976302373223007,0.715930313570425,0.529595515457913,0.137018366716802,0.397637761197984,0.919685019180179,0
0.204225793161988,0.979177340646601,0.58955154218711,0.0351544672157615,0.690266714664176,0.312042463338003,0.633141924161464,0.469756270758808,0.793515212833881,0.204669635975733,0
0.0154387135989964,0.718011158285663,0.884488196577877,0.0252746904734522,0.989464785670862,0.134673494147137,0.846252588788047,0.95955284498632,0.43389353970997,0.387420119484887,0
0.138616522075608,0.780004175147042,0.952869543572888,0.806713856989518,0.296383140608668,0.922489673830569,0.38344298186712,0.636059288168326,0.622120930114761,0.202386163873598,0
0.669764723442495,0.0679336600937711,0.795536591205746,0.960552158067003,0.584965808317065,0.934730301378295,0.300998474704102,0.125708592589945,0.66296503902413,0.179490201873705,0
0.709651061776839,0.0130013930812559,0.334078655578196,0.0692049800418317,0.784079911885783,0.780239398824051,0.540852466598153,0.976981352316216,0.685568864224479,0.696555701782927,0
0.348971615312621,0.950237748445943,0.478522426215932,0.988014105707407,0.220220462884754,0.818198861088604,0.546507425606251,0.741766364080831,0.626419442938641,0.398194305133075,0
0.395064971639588,0.858440257998538,0.332243866287172,0.00152144441381097,0.080133578972891,0.145607936196029,0.428975261980668,0.817533055087551,0.0226410108152777,0.841778243193403,0
0.830390786222462,0.0563764433050846,0.43506840383634,0.607030977960676,0.683629092760384,0.221273733535782,0.414705766132101,0.262100926134735,0.954859087709337,0.700226082932204,0
0.591730810505338,0.239178987064436,0.884956647641957,0.714543465757743,0.772485080407932,0.363521302118897,0.579112784704193,0.512493375455961,0.498871232848614,0.314325942192227,0
0.471969653852284,0.594633120344952,0.452980330446735,0.989179520402104,0.254916604841128,0.761046092724428,0.356931096874177,0.280933422734961,0.529772111680359,0.282850268762559,0
0.797135193760693,0.0786833498709545,0.138059824937955,0.719957534922287,0.272874702233821,0.680976707488298,0.543072569184005,0.201288034208119,0.147608482046053,0.609781153732911,0
0.85609687607754,0.194733098828428,0.448371149366722,0.835043149301782,0.395227360771969,0.89122402924113,0.179778310703114,0.581156245898455,0.292545811505988,0.558149245334789,0
0.776363207895495,0.0973598619024618,0.305804917355999,0.65837772958912,0.623284501954913,0.922510945703834,0.319408892886713,0.761859322199598,0.111297031864524,0.0382521841675043,0
0.926637141143438,0.171642260773793,0.754646011861041,0.256690268637612,0.53276160848327,0.474459658376873,0.7214841961395,0.185535364318639,0.534134043846279,0.00318151526153088,0
0.896843309514225,0.264360868837684,0.247625286923721,0.067451030947268,0.960227366304025,0.60433847294189,0.419096987228841,0.704418511362746,0.482954102801159,0.381704797735438,0
0.214553474878147,0.961027684037557,0.968195716384798,0.35011474462226,0.552452245727181,0.245333641534671,0.883032110752538,0.716217141831294,0.876035361317918,0.0397862971294671,0
0.549351946043782,0.341773191823968,0.384285049280152,0.907515639439225,0.285250471672043,0.599836013512686,0.513718641363084,0.0791842355392873,0.96344110998325,0.959831391694024,0
0.598901318878215,0.0594689657859854,0.939375507412478,0.926880961516872,0.277574153384194,0.502284213667735,0.995653043501079,0.676605654880404,0.743904178030789,0.616615366656333,0
0.642725649988279,0.0835914092604071,0.930353510193527,0.883482297649607,0.816557447891682,0.962396227521822,0.169688735157251,0.864497387548909,0.86747715016827,0.0800571681465954,0
0.977162043218687,0.442281891118701,0.586326908087358,0.109576842281967,0.752735269023106,0.475554924923927,0.649522184161469,0.428250876022503,0.964241379871964,0.843525632750243,0
0.136696425033733,0.856485078344122,0.954370721010491,0.4615971269086,0.377862771740183,0.0244501458946615,0.884100476047024,0.391972680110484,0.919472727691755,0.122691773343831,0
0.460003143176436,0.556196466321126,0.351289484649897,0.432090999558568,0.400148257613182,0.764269046485424,0.450811314629391,0.671749662375078,0.493223008001223,0.417266369098797,0
0.316106242523342,0.975680572571267,0.386331706540659,0.325343625852838,0.162902372190729,0.364759629359469,0.380006565945223,0.0660827721003443,0.0118788245599717,0.292865434428677,0
0.774807212617714,0.0410170653401896,0.219220981700346,0.526974363951012,0.813599927350879,0.020195716060698,0.525846377713606,0.851118855644017,0.301052217371762,0.19257106888108,0
0.8698792714376,0.222581972479064,0.76542937872,0.590858441777527,0.411543606780469,0.296694076620042,0.928305233363062,0.357438715407625,0.936099303653464,0.209122003754601,0
0.70570274758134,0.0111832065724073,0.349005208583549,0.739555257605389,0.880703466245905,0.426431573927402,0.834342696936801,0.187894994625822,0.132805895293131,0.520963071612641,0
0.132100201595202,0.731587916588241,0.744175106054172,0.923297002678737,0.917838406050578,0.783396598417312,0.278786971699446,0.807680519996211,0.965940740192309,0.999310738407075,0
0.238771487320121,0.95641887182921,0.487181430449709,0.588537745410576,0.173418642254546,0.421534319175407,0.895808068104088,0.000417781062424183,0.699041501851752,0.145465734880418,0
0.242647831096314,0.970040071118302,0.831201170105487,0.222224537981674,0.835369704756886,0.266193987103179,0.99247401417233,0.533766107168049,0.76390273286961,0.0813587058801204,0
0.880949342157692,0.230883492855355,0.246655573369935,0.852067751111463,0.464136234251782,0.268380464054644,0.00914984359405935,0.313295636791736,0.835178971057758,0.610702075762674,0
0.686778901843354,0.0187127008102834,0.535858867457137,0.677312565501779,0.312725126976147,0.0738678157795221,0.964831133140251,0.529515411471948,0.727931698318571,0.761909580323845,0
0.0753110405057669,0.864044468384236,0.449773639440536,0.496965106576681,0.414402648806572,0.236711574718356,0.983539904700592,0.944064569659531,0.689795714337379,0.739259227178991,0
0.326088502955623,0.934043041842587,0.64152163057588,0.126906216144562,0.827184863621369,0.829123662086204,0.894679497461766,0.443744745571166,0.191334509523585,0.994205720722675,0
0.201369354662951,0.926478052991002,0.369652597466484,0.155017796438187,0.505585248814896,0.333713348023593,0.158891012892127,0.0451045262161642,0.605577000649646,0.196301470976323,0
0.897877629613504,0.296574180480093,0.855170189868659,0.414100104011595,0.201077578123659,0.717691040132195,0.234284406760707,0.939692896325141,0.493503812467679,0.687523378990591,0
0.694640928635933,0.081131718581819,0.663225916912779,0.0818433801177889,0.679865888087079,0.959316471591592,0.0506213111802936,0.883503774413839,0.29782040277496,0.629253982799128,0
0.553458220846765,0.428230419319622,0.979108773637563,0.964293466182426,0.658184153493494,0.024242319399491,0.982472126604989,0.193680314812809,0.316340472083539,0.696530711604282,0
0.879179166145902,0.125810386815712,0.869509099051356,0.0422817165963352,0.450858239084482,0.252582164015621,0.868128555826843,0.52828722121194,0.0826077365782112,0.396024931687862,0
0.215834604352713,0.948750451553007,0.929286795901135,0.992856821743771,0.357208401663229,0.671541939023882,0.500428556697443,0.175701060798019,0.176691259490326,0.486777774756774,0
0.188962412715144,0.835146373656683,0.863174118567258,0.0112322249915451,0.661175526911393,0.288089456735179,0.670556855853647,0.228482039645314,0.122390093514696,0.522041352698579,0
0.829279141267762,0.0785164060071111,0.481112448032945,0.76141748810187,0.432491863379255,0.411355465883389,0.613356864312664,0.298199561424553,0.0812539665494114,0.399604496313259,0
0.029966160196159,0.480968614736789,0.996080363169312,0.858557465486228,0.788691735593602,0.246406897902489,0.510849141282961,0.494461477734149,0.00612725550308824,0.91743032168597,0
0.783583226007223,0.0117754216115997,0.948930628364906,0.0131062772125006,0.92869807430543,0.0697689559310675,0.620390720199794,0.209647019160911,0.954828462097794,0.304415617138147,0
0.162025713523384,0.926553322658145,0.644385038176551,0.33127523609437,0.774491609307006,0.539724030531943,0.138494449900463,0.996693246997893,0.602467111544684,0.487570986617357,0
0.794300335182808,0.0187799008745337,0.705066044814885,0.346373507287353,0.220348006812856,0.0740576714742929,0.754074612865224,0.359706248389557,0.291833797469735,0.266568894032389,0
0.0608764979988337,0.58354254020378,0.137661098502576,0.1317976010032,0.233646155102178,0.512119559803978,0.512754751835018,0.0532555016689003,0.636920306365937,0.92405292368494,0
0.268371376072243,0.989582035796735,0.153673687949777,0.127271458506584,0.691903019556776,0.056204458931461,0.950801625614986,0.110326697584242,0.0585789997130632,0.968744956888258,0
0.32745532590542,0.972564196817072,0.0277429393026978,0.213852362707257,0.798329878598452,0.335986979305744,0.297880234895274,0.0309641524218023,0.522150911390781,0.519805545685813,0
0.0532285849582404,0.541343324923993,0.922230838565156,0.731248042779043,0.157082674093544,0.966522512491792,0.756754992296919,0.895068222191185,0.45203145663254,0.414340754039586,0
0.770994336577132,0.0319570808205754,0.237955344142392,0.00209842575713992,0.949528638971969,0.776889617089182,0.0978068623226136,0.429800346959382,0.74022053880617,0.572221771581098,0
0.113177703693509,0.770651027094573,0.34093701839447,0.23279084591195,0.958025464788079,0.774596696952358,0.443558351835236,0.49804391223006,0.294870243640617,0.318990944651887,0
0.2176608552441,0.972789234760872,0.431296115508303,0.113616077462211,0.469415420200676,0.675868260674179,0.838302781339735,0.339771042345092,0.142678672680631,0.402971728472039,0
0.578160799490847,0.393426210714563,0.900653584394604,0.856563189765438,0.101897175889462,0.808635977795348,0.0142868889961392,0.86986642354168,0.85865863529034,0.152165576582775,0
0.775374143151566,0.0311304333154112,0.188370854593813,0.0163921734783798,0.33697030832991,0.640062385238707,0.644810335244983,0.235705802217126,0.59494340303354,0.140122207347304,0
0.800054380568862,0.0638931309228808,0.285004617180675,0.16635318682529,0.169013814302161,0.571221984690055,0.469075993867591,0.71465092850849,0.445847262861207,0.367866466753185,0
0.480878610163927,0.436058494029567,0.442622994305566,0.106144346296787,0.524914632551372,0.302066752919927,0.0442138740327209,0.0469508317764848,0.342882548924536,0.534413245040923,0
0.178953664250486,0.961857827545214,0.136608998756856,0.96780763217248,0.324189165607095,0.411314856959507,0.0361222869250923,0.383120389422402,0.640637814300135,0.465486366301775,0
0.200640828550421,0.957540064398626,0.396819740300998,0.627107795560732,0.798972664400935,0.1096063607838,0.188155026873574,0.998996610986069,0.896044676657766,0.276813194388524,0
0.657493451258168,0.142989645547583,0.101507897023112,0.888058661716059,0.903113244101405,0.271168746519834,0.112433616071939,0.630652945488691,0.988964032381773,0.976328141521662,0
0.359339529881254,0.797239579027519,0.122606883291155,0.619785816408694,0.890564688947052,0.403216989478096,0.492842494510114,0.761834359262139,0.917443490121514,0.336564698489383,0
0.961363923037425,0.303669378394261,0.207104386528954,0.37135582161136,0.92153666424565,0.351853912929073,0.500006563030183,0.665741007775068,0.514216265175492,0.657531792297959,0
0.804719615269452,0.031861335069155,0.890221417183056,0.709188984706998,0.0622048059012741,0.71621830528602,0.179622190538794,0.34640851453878,0.729612173978239,0.797423242358491,0
0.727334376640618,0.0199282916513457,0.0731442987453192,0.28382793511264,0.599618547828868,0.00574239203706384,0.805072112707421,0.644137857249007,0.241692399838939,0.96422418137081,0
0.934999617049471,0.200131531106308,0.441872231662273,0.787675587227568,0.554659259272739,0.311210294254124,0.0504302599001676,0.282406381098554,0.475128164049238,0.162447710521519,0
0.100056893673539,0.942022445187596,0.100868562469259,0.539190381765366,0.000692656496539712,0.735143125290051,0.97367547894828,0.534310573711991,0.728679528692737,0.0182843338698149,0
0.802681496371888,0.126098163580461,0.749689341755584,0.481622124789283,0.558100981405005,0.724154953844845,0.347911504330114,0.055113643174991,0.660053617320955,0.756867213873193,0
0.812319272144139,0.105474499472915,0.553653515642509,0.755596293602139,0.422726687742397,0.9824841292575,0.0691223426256329,0.726352710044011,0.396149340318516,0.1564813607838,0
0.593274295419734,0.272047587805517,0.737771717598662,0.0204902568366379,0.910934476414695,0.353232078719884,0.485282296314836,0.0590046343859285,0.505725345574319,0.114950897637755,0
0.575427891392261,0.265077959400899,0.34689727332443,0.451790759107098,0.114881416084245,0.111424962524325,0.0932233189232647,0.815520814619958,0.54779724101536,0.454242551932111,0
0.976035648258403,0.468341900967062,0.806215775199234,0.173574746353552,0.727026243694127,0.0428068942856044,0.867576729971915,0.808101747650653,0.00233010691590607,0.997066784650087,0
0.36817564140074,0.938415316632017,0.0256950182374567,0.390212318161502,0.910969291580841,0.0709507262799889,0.0363395386375487,0.943138883914798,0.992153018247336,0.278750716941431,0
0.804739250193257,0.0494277497252665,0.321517426986247,0.920102831209078,0.567741099512205,0.778234818950295,0.014879462076351,0.143291007727385,0.0482118132058531,0.562679795082659,0
0.471526985215209,0.61896624820246,0.237563498085365,0.539212458766997,0.814866465283558,0.151030913461,0.668998393695801,0.292179446667433,0.0872709273826331,0.0765589959919453,0
0.935828263474163,0.407020729407636,0.171118373051286,0.114833140047267,0.181741336593404,0.53107887157239,0.874442203436047,0.857604948338121,0.584045335417613,0.973531088558957,0
0.821991694625467,0.0554107981733978,0.592880237614736,0.759297848911956,0.585603601764888,0.592024825280532,0.405213338788599,0.911674437345937,0.598525277804583,0.650655608857051,0
0.624622930627782,0.178919366635913,0.232230254914612,0.0455474457703531,0.246638076379895,0.790615117875859,0.856963767437264,0.7064774048049,0.677315919427201,0.608757864451036,0
0.165498609757796,0.895344848204875,0.0166033981367946,0.139128315728158,0.691226698458195,0.0561594658065587,0.129171309294179,0.131753879599273,0.0278534709941596,0.190983650274575,0
0.271964381594677,0.981014165674413,0.184734741225839,0.742632882436737,0.488973386120051,0.464163112686947,0.908594172913581,0.130853922106326,0.822478574234992,0.566326566506177,0
0.646768350824714,0.103453520573003,0.376201571431011,0.967179243220016,0.552058337023482,0.0526301311329007,0.33844112441875,0.787927412660792,0.00760414265096188,0.0244054226204753,0
0.80339164148178,0.0705475927564666,0.741075690835714,0.162722479784861,0.595356120495126,0.680789383593947,0.625615549273789,0.397006068611518,0.407566939480603,0.884964140830562,0
0.561787365609594,0.190358278902931,0.853276474168524,0.261965792393312,0.771663657855242,0.895643053809181,0.294568581040949,0.354799863649532,0.402939987368882,0.0381782208569348,0
0.900535279419273,0.171220766147599,0.956392919877544,0.481804131763056,0.60662510804832,0.0348574239760637,0.98542435048148,0.303055432625115,0.533581429859623,0.781828374136239,0
0.106616815007478,0.929631141579785,0.313173428643495,0.0772422829177231,0.595487147336826,0.753411992220208,0.36906680255197,0.0474492430221289,0.13108756672591,0.0672204135917127,0
0.594434031969868,0.302296860286981,0.528187217656523,0.70320822368376,0.613633762346581,0.876918943133205,0.395669863792136,0.70324010332115,0.258313746657223,0.202493058983237,0
0.765459951581806,0.0277573794581125,0.213792824186385,0.520707092247903,0.680079011013731,0.212386649334803,0.370633235666901,0.0681694466620684,0.0686053938698024,0.712035186123103,0
0.824644781416282,0.0664179509039968,0.667660023085773,0.6159600506071,0.88541469653137,0.282481654314324,0.115114518674091,0.30087409215048,0.686634416226298,0.190118628786877,0
0.946061355076358,0.521521291944279,0.260266589233652,0.258855581283569,0.437560921534896,0.534547535702586,0.725649013416842,0.023160295560956,0.618109642527997,0.377277725376189,0
0.663378755096532,0.0365275857001816,0.967762453015894,0.220734719187021,0.198983834823593,0.923925095004961,0.741696451790631,0.705069589894265,0.372989091556519,0.0384773125406355,0
