"1","2","3","4","5","6","7","8","9","10","class"
0.681660987436771,0.486712329089642,0.26993000949733,0.522674800129607,0.116000031819567,0.259403497679159,0.279629484051839,0.212169339880347,0.617337803356349,0.528441878966987,0
0.883802256546915,0.531368419062346,0.323462008498609,0.337947321590036,0.546645328402519,0.0296390275470912,0.479028293164447,0.65644582384266,0.441451694117859,0.594142922200263,0
0.666336739901453,0.143499551108107,0.708849729737267,0.121541108004749,0.824103101622313,0.0494650902692229,0.877851809607819,0.0854451942723244,0.166480190819129,0.969547304091975,0
0.461745753651485,0.0273421809542924,0.0332313128747046,0.876341694733128,0.283178162993863,0.268700524233282,0.377606434980407,0.911713004345074,0.996433345135301,0.089031356619671,0
0.6988929011859,0.779899839079008,0.999788844259456,0.0486439173109829,0.973037188407034,0.713046304415911,0.59624197636731,0.591304022120312,0.31343939434737,0.118487676372752,0
0.530340484343469,0.696962127462029,0.463428864022717,0.822560345055535,0.465069730998948,0.557265352457762,0.331020732643083,0.0267839070875198,0.410412314115092,0.00809795502573252,0
0.739488017858565,0.0190729609961466,0.684910501120612,0.333102556876838,0.938147387001663,0.0385940982960165,0.867011548485607,0.999417287297547,0.423720666905865,0.596046058926731,0
0.356683595804498,0.716163374949247,0.538624712266028,0.505908810766414,0.693476655287668,0.26338006881997,0.0921308503020555,0.457685938570648,0.545252299401909,0.318860343657434,0
0.477385655511171,0.0677037665154785,0.52313491050154,0.49075288628228,0.045961343916133,0.130644869524986,0.0514277727343142,0.18006416154094,0.393150400137529,0.415368278743699,0
0.612738257131912,0.927978131113005,0.92684389394708,0.306557728443295,0.0607556856703013,0.518495671218261,0.0238696951419115,0.457307662349194,0.924952003406361,0.135968017857522,0
0.173627984477207,0.356491817859933,0.515395337715745,0.65819238871336,0.174918931210414,0.495875110384077,0.619486739858985,0.0721854770090431,0.891173029085621,0.266181400511414,0
0.205730450572446,0.771940689068288,0.0327373559121042,0.432798781665042,0.237226389115676,0.919864792376757,0.689661159878597,0.382999725406989,0.553863576380536,0.143248840002343,0
0.403646247461438,0.731394361006096,0.401369702303782,0.190701047657058,0.301695950329304,0.904870562953874,0.961650788318366,0.822765575256199,0.953742724144831,0.331705298973247,0
0.180851781042293,0.785803243285045,0.0294655859470367,0.190807216800749,0.385216911556199,0.0614303327165544,0.0567263094708323,0.494811303447932,0.271853525657207,0.276413725689054,0
0.625967369880527,0.909099054289982,0.73477498954162,0.255802259314805,0.963081803405657,0.808260465506464,0.268800971796736,0.686540564987808,0.513448899611831,0.475553087657318,0
0.621667731320485,0.440053737256676,0.550252141198143,0.667042041895911,0.129244832322001,0.798435640987009,0.494379818905145,0.343822432449088,0.279193100519478,0.513554121134803,0
0.678934626979753,0.827467286027968,0.850605575600639,0.306710474658757,0.127035931451246,0.931060170289129,0.00368558522313833,0.629889840027317,0.673028071876615,0.262410475406796,0
0.606338166398928,0.966260684188455,0.281847850652412,0.544026352465153,0.130525063956156,0.962254710728303,0.654168436536565,0.226773708825931,0.410071622347459,0.177319762762636,0
0.687712551327422,0.175958091858774,0.454579679761082,0.590816715965047,0.324158828239888,0.424125000834465,0.747237988049164,0.0718165750149637,0.620620046043769,0.776281652739272,0
0.252528548706323,0.274283626582474,0.956671190913767,0.812462407164276,0.018113762140274,0.764213676331565,0.148693453054875,0.0113248629495502,0.189616940449923,0.347371573094279,0
0.364596357103437,0.305689911125228,0.953815154498443,0.0909463255666196,0.939517758088186,0.12989527056925,0.834154169773683,0.836946142837405,0.96324658789672,0.174047329928726,0
0.230195641284809,0.463774234289303,0.745292729698122,0.0135307880118489,0.221867218846455,0.26277092169039,0.416378455469385,0.0906906221061945,0.50979324337095,0.594163807108998,0
0.00495809502899647,0.541520018596202,0.461588044185191,0.866407433291897,0.9541376309935,0.833386395592242,0.282885066233575,0.50812037079595,0.958844959270209,0.864949825685471,0
0.212780567118898,0.949351227842271,0.276462804758921,0.75511811603792,0.427218369208276,0.215843729441985,0.419263967778534,0.688998229568824,0.0229605145286769,0.820594845106825,0
0.269056511344388,0.77010335936211,0.770183299202472,0.459893259219825,0.0715048597194254,0.694298628950492,0.776524803834036,0.895999629516155,0.358898112317547,0.87039957428351,0
0.345484393830411,0.442256971543285,0.196439757710323,0.742824177257717,0.385613648919389,0.117762447800487,0.674975345376879,0.626843300415203,0.189276093617082,0.948143644956872,0
0.437552170827985,0.922095304587856,0.253750462783501,0.386130780680105,0.046992015093565,0.0454952050931752,0.596516626654193,0.163010889664292,0.651926273945719,0.928127413382754,0
0.410164694016147,0.618813382460714,0.435185404261574,0.104688060237095,0.789692852413282,0.898813562700525,0.85175159946084,0.559942595195025,0.182891823817044,0.418830120470375,0
0.272925411351025,0.636230267118663,0.590065343538299,0.569848072482273,0.734356717672199,0.752151752123609,0.604166085831821,0.456681331852451,0.772141202818602,0.379994058981538,0
0.344073442975059,0.166289889719337,0.586716759251431,0.504767240257934,0.375755961518735,0.984845934901386,0.771081174956635,0.346914567518979,0.169074093922973,0.340475896606222,0
0.884114416548982,0.839821641566232,0.37808032752946,0.552827391773462,0.153254620730877,0.18883048882708,0.588495734613389,0.549917565658689,0.978913509519771,0.0745942988432944,1
0.569665793096647,0.0087872666772455,0.00977546931244433,0.614101939368993,0.715148201212287,0.935469342628494,0.970669778762385,0.59500967967324,0.215178908314556,0.110016664024442,0
0.833836069563404,0.424264881527051,0.422720175469294,0.11413164366968,0.8613111381419,0.863769545219839,0.575157332699746,0.118059823289514,0.00305134197697043,0.16157842008397,0
0.873624064726755,0.39269511657767,0.0869835314806551,0.21058426424861,0.709185021696612,0.3298978228122,0.983189662452787,0.0429029979277402,0.507419543340802,0.133151400368661,0
0.470439109019935,0.595693357987329,0.280284425942227,0.21123637794517,0.6071194447577,0.531273086322471,0.447545656468719,0.204109579557553,0.861844764556736,0.221781033091247,0
0.500529362354428,0.937919800868258,0.453551690327004,0.727263240842149,0.886761258589104,0.779675347963348,0.611318574752659,0.573720186948776,0.655135728418827,0.755682430462912,0
0.359434058158286,0.10653492125455,0.251418465282768,0.154165111482143,0.102855436736718,0.729047193191946,0.180004495894536,0.482642735121772,0.919899081578478,0.114829321857542,0
0.692115051671863,0.634116360452026,0.213350993581116,0.608154682675377,0.126751617295668,0.784709335770458,0.539666221477091,0.30215718713589,0.597836572211236,0.14639211143367,0
0.373596247984096,0.356716774171218,0.612632111879066,0.54198083630763,0.109576768474653,0.251918340101838,0.218054230092093,0.818715238943696,0.115470461081713,0.471695468295366,0
0.631504088640213,0.737943733576685,0.632891555549577,0.0977481515146792,0.035414764424786,0.200519080739468,0.500476802932099,0.289538636803627,0.509309103479609,0.241318270331249,0
0.719357984140515,0.808244400890544,0.168505835579708,0.303115952992812,0.21181101584807,0.213157411664724,0.910904072225094,0.875038422876969,0.344664041185752,0.523057994199917,0
0.473387240914069,0.361594519815225,0.227755086496472,0.443094655638561,0.591829429147765,0.445086994441226,0.51150167407468,0.541903214296326,0.159145222511142,0.577103377087042,0
0.745144460583106,0.804153852397576,0.549639648990706,0.0570910426322371,0.735688234912232,0.466435133712366,0.188730695750564,0.728951647179201,0.388672269647941,0.593908526469022,0
0.547536138212308,0.513839561725035,0.608560857363045,0.620576422894374,0.528220567852259,0.810986049938947,0.0719509592745453,0.266318918438628,0.0785010196268559,0.259778277715668,0
0.388746554264799,0.850785724120215,0.742568956222385,0.640324314357713,0.159434596076608,0.013767110183835,0.992851867573336,0.993042905582115,0.602946019265801,0.177803005324677,0
0.986806112574413,0.350353308720514,0.704889549640939,0.121566737536341,0.367531690280885,0.409514310769737,0.170360929565504,0.254988740663975,0.197786404751241,0.924618453951553,0
0.320392249384895,0.125115539878607,0.153466827003285,0.671184331178665,0.538800128968433,0.134568109642714,0.320845915470272,0.179088944336399,0.120083690853789,0.786058341851458,0
0.373952276401594,0.436430415922463,0.843346122885123,0.569854255998507,0.766695552272722,0.0301508193369955,0.704333361238241,0.428633679868653,0.490214376244694,0.861613718327135,0
0.518948529846966,0.767598109319806,0.371012457413599,0.0236044784542173,0.445893757976592,0.119205010356382,0.683705941075459,0.236672117374837,0.0536308796145022,0.984417737927288,0
0.463364355266094,0.436526919715106,0.644017685204744,0.311681586084887,0.161687272135168,0.707095738733187,0.195351882604882,0.547405462246388,0.531711794901639,0.360899083083495,0
0.897870347369462,0.101978794671595,0.825700685847551,0.622926992364228,0.740563936065882,0.783600279130042,0.537128961179405,0.229030397487804,0.759374460671097,0.298160020727664,0
0.473909006454051,0.591033005621284,0.61412369273603,0.322677151765674,0.207369321957231,0.612545189447701,0.248615302145481,0.512060531880707,0.879574667662382,0.719963766168803,0
0.229791488032788,0.508550366153941,0.763261548243463,0.0772192475851625,0.442549030529335,0.269506017910317,0.519836714258417,0.776838289573789,0.864323059329763,0.185620449250564,0
0.882911089574918,0.17120026377961,0.836256847018376,0.220424661180004,0.793907802551985,0.750377509742975,0.363939980510622,0.895366224925965,0.359189116163179,0.719324237899855,0
0.266810524044558,0.356881696265191,0.982892167987302,0.7078309757635,0.299046292668208,0.411712951026857,0.0663848971016705,0.649508270900697,0.199208936421201,0.727300061378628,0
0.706789877964184,0.816922296537086,0.506903609959409,0.268361335620284,0.461015245178714,0.039822798455134,0.24391312059015,0.0612155862618238,0.113901566481218,0.272225415334105,0
0.465962647926062,0.100783492671326,0.299196898471564,0.0836580528412014,0.908436386613175,0.816013318952173,0.950782335596159,0.827254288829863,0.789764520945027,0.164370222017169,0
0.00698224548250437,0.905005068751052,0.0897574829868972,0.552991416538134,0.945318133803084,0.424143766984344,0.323002124438062,0.960371915949509,0.221663927659392,0.560743306996301,0
0.659680099925026,0.155715727712959,0.379283307818696,0.706270760623738,0.130202146945521,0.583702303469181,0.182972501264885,0.476431985385716,0.91979657439515,0.881044043693691,0
0.0970900147221982,0.488825032720342,0.980846563121304,0.274579793447629,0.0435028756037354,0.596577378921211,0.385528818005696,0.820512645179406,0.645764827495441,0.0917195889633149,0
0.81809947548341,0.633752711949118,0.448941218666732,0.0338070027064532,0.531799850985408,0.18435017275624,0.531872456893325,0.788875002413988,0.366741220699623,0.823640685528517,0
0.495639496017247,0.950618638191372,0.339693257119507,0.953416319563985,0.566633737878874,0.547667893813923,0.503598481416702,0.378001588629559,0.0331497036386281,0.556906345766038,0
0.224697944940999,0.547059119446203,0.921514543471858,0.586246485821903,0.02972352062352,0.258409798610955,0.90815319516696,0.0944695076905191,0.54009232413955,0.495481433579698,0
0.334814943140373,0.0450751485768706,0.817429661983624,0.628528010332957,0.196631412720308,0.053676423849538,0.717938392190263,0.943562322529033,0.92135672387667,0.766697865910828,0
0.609247585292906,0.320902530103922,0.12455828115344,0.747329187812284,0.2969751348719,0.332265875767916,0.460246872389689,0.691679141484201,0.369189182296395,0.0397259427700192,0
0.461393002485856,0.943321356190128,0.595147551270202,0.463822401594371,0.298304548952729,0.0798491819296032,0.0144561973866075,0.490420561283827,0.33809357509017,0.452681901631877,0
0.698654633481055,0.0593404292594641,0.676154236542061,0.781618541339412,0.184849572833627,0.768802100326866,0.205172533169389,0.125329436967149,0.00128592434339225,0.683061095653102,0
0.834804980878718,0.139045887592664,0.312025684164837,0.0821119239553809,0.719680372392759,0.204303467413411,0.166107558179647,0.769131340552121,0.703220674069598,0.430101329693571,0
0.867845423985273,0.327591171953827,0.826687229098752,0.12809761450626,0.342347055207938,0.644617380108684,0.972373029682785,0.156649564160034,0.0174740788061172,0.663964429637417,0
0.24387682764791,0.202787198126316,0.699928593821824,0.759789109695703,0.628700783709064,0.429795147618279,0.736505798529834,0.972408988513052,0.103091703029349,0.120654184836894,0
0.990144226001576,0.223361254902557,0.17681906116195,0.542580532841384,0.777388632530347,0.909282821696252,0.281734426040202,0.333928673993796,0.112043419154361,0.964217283530161,0
0.60635160212405,0.66460517141968,0.458172941813245,0.702440631808713,0.828626465983689,0.304607983678579,0.0411876495927572,0.911395797273144,0.313975217519328,0.904258290305734,0
0.292659874539822,0.114562359638512,0.587410589912906,0.123073138063774,0.802340787602589,0.678589772433043,0.472635943908244,0.942071324214339,0.982463592896238,0.762858800124377,0
0.841680099558085,0.0129816740007773,0.72875551180914,0.642193165142089,0.262233529007062,0.513612723909318,0.218095272546634,0.0194478980265558,0.0345547436736524,0.608166561461985,0
0.863278107950464,0.517327685840428,0.0768854236230254,0.526143804192543,0.857407737988979,0.996633572271094,0.0699138841591775,0.230412558652461,0.88562710932456,0.31776699074544,0
0.785965682473034,0.439029766246676,0.274837754666805,0.143157618585974,0.1475362284109,0.818689609412104,0.776811167830601,0.144394233357161,0.395063062664121,0.691865813918412,0
0.442497515119612,0.816155530512333,0.0941569586284459,0.608070579124615,0.471946494653821,0.890380133176222,0.968128932639956,0.298211919143796,0.648376009659842,0.482028311351314,0
0.332240710733458,0.937580030644313,0.889341410715133,0.887219460913911,0.904316207161173,0.0985274384729564,0.881412309361622,0.461395159363747,0.539653577376157,0.398239844245836,0
0.878584885985777,0.333117906322194,0.351965266047046,0.654101026710123,0.491698822937906,0.192774024559185,0.999760681530461,0.413038266589865,0.399262559134513,0.668960177572444,0
0.195655381061696,0.682132609520231,0.553300046361983,0.120206749765202,0.612194178858772,0.748067927546799,0.736692181089893,0.288884792476892,0.955698648234829,0.933530402602628,0
0.913970843888819,0.318221827270463,0.531914667226374,0.625471130944788,0.262163755716756,0.590682477690279,0.908067947952077,0.402306558797136,0.799893077230081,0.739703941857442,0
0.19421640029205,0.777945314273404,0.482474304735661,0.411494180327281,0.0702028467785567,0.0875220268499106,0.720844469964504,0.876248475397006,0.356691972818226,0.795193713856861,0
0.729134400885925,0.282761826754575,0.269987614359707,0.692561121657491,0.193152254680172,0.605308009777218,0.242576380493119,0.30624083080329,0.14953256957233,0.183268942404538,0
0.650449064560235,0.694198947167024,0.180952892638743,0.0444848793558776,0.331024648156017,0.464543458307162,0.758161821169779,0.672677622875199,0.0320337829180062,0.973716444335878,0
0.93200083496049,0.513754034647718,0.403428968507797,0.366546714212745,0.0853677343111485,0.546653089113533,0.830502628348768,0.762654606951401,0.877428548177704,0.852956768358126,0
0.400390720460564,0.808248636079952,0.35628739092499,0.623448937898502,0.348077840637416,0.594660444185138,0.892349070403725,0.712951560970396,0.454447106691077,0.38321979297325,0
0.72190960968025,0.486346536957736,0.753473868826404,0.731633782153949,0.235086254077032,0.32736352016218,0.354601328726858,0.217779616825283,0.757083830656484,0.491368649993092,0
0.308621322244406,0.494532406861804,0.214420399162918,0.777239115675911,0.715976833365858,0.557712854584679,0.706379280891269,0.301742260344326,0.831471761921421,0.111264837905765,0
0.538811969105154,0.547440553316846,0.314097991446033,0.437195951119065,0.243589911377057,0.0363227997440845,0.499536430230364,0.620591152226552,0.504387893015519,0.11379277985543,0
0.54657314857468,0.758735727984458,0.852542113279924,0.864471847191453,0.596269897650927,0.312771839555353,0.704996003536507,0.649738237261772,0.798900252208114,0.411765492288396,0
0.84820766627416,0.148163040244374,0.94889670307748,0.491767348255962,0.169718281831592,0.551827838877216,0.100809533381835,0.553125364007428,0.630295139038935,0.0928238858468831,0
0.568888814654201,0.782583358231932,0.444250776665285,0.0912843523547053,0.85283603775315,0.386474855011329,0.664434764767066,0.455531537299976,0.297639353899285,0.879613398807123,0
0.754838712513447,0.659892968833447,0.267592466669157,0.398486414225772,0.905890087829903,0.194301213836297,0.359502097358927,0.20151462382637,0.463794510345906,0.431828265311196,0
0.222248266683891,0.534549416508526,0.813063020585105,0.44764116848819,0.961918843211606,0.141305695520714,0.371416464913636,0.0322990480344743,0.423427365487441,0.21769560361281,0
0.721913581714034,0.849004242802039,0.398033472709358,0.950988430762663,0.925269201863557,0.414946246426553,0.210934181232005,0.607503305887803,0.956018572673202,0.46877448563464,0
0.970401381375268,0.053796383086592,0.356919002020732,0.617761709960178,0.927159475395456,0.472831305582076,0.406878157285973,0.166310115717351,0.749196681659669,0.408701288048178,0
0.402146093081683,0.531944474671036,0.0504201378207654,0.0330965074244887,0.349618451436982,0.490855850046501,0.313426898326725,0.440091100754216,0.0527445084881037,0.265343931503594,0
0.273801882285625,0.0881311637349427,0.306958184111863,0.490293477894738,0.920175563311204,0.367652313318104,0.989386722212657,0.781904965173453,0.714595585362986,0.403113213833421,0
0.365701446542516,0.304673025850207,0.253633384592831,0.35368552361615,0.944856786634773,0.303973155561835,0.425776601303369,0.718872035155073,0.422489241231233,0.967709408840165,0
0.541735201142728,0.62157955323346,0.463550828397274,0.308336520567536,0.437667124904692,0.613003575708717,0.0912802047096193,0.626763439271599,0.318950686138123,0.832801940850914,0
