"1","2","3","4","5","6","7","8","9","10","class"
0.758842570669949,0.181301790913442,0.722704751882702,0.130798092577606,0.308428131742403,0.0876359920948744,0.201516974251717,0.241253955522552,0.369639867916703,0.87852023798041,0
0.202888198340451,0.472810891367732,0.0243947512935847,0.229338316014037,0.587790094083175,0.572657935321331,0.69819869985804,0.635498362360522,0.146937051322311,0.507532789604738,0
0.701484040357172,0.252263854723424,0.861144499620423,0.739747832063586,0.683878555661067,0.162446015514433,0.641030214028433,0.460960565833375,0.731088951928541,0.765717922244221,0
0.249994670506567,0.572144725359976,0.0559732504189014,0.777485853293911,0.035177982179448,0.0527880310546607,0.168180926702917,0.887102202977985,0.658526517916471,0.184858757536858,0
0.692090981639922,0.143084727227688,0.99746285774745,0.227840290870517,0.95729284407571,0.348176237894222,0.507337545976043,0.848782516084611,0.0355431942734867,0.683695014799014,0
0.0300836104433984,0.894100371282548,0.42645945888944,0.470071773510426,0.802189668407664,0.355151695897803,0.115332628367469,0.266255899565294,0.931296393740922,0.419171533314511,0
0.77469963976182,0.442095121601596,0.931757343467325,0.585899076191708,0.230212743859738,0.394867705181241,0.197154351277277,0.724318952765316,0.512068742187694,0.746844189241529,0
0.637467895168811,0.65860685496591,0.754117256496102,0.596648677019402,0.568618965800852,0.881488173268735,0.82079741358757,0.91975374892354,0.606897766934708,0.976635133614764,0
0.786534290527925,0.994583409978077,0.852952957851812,0.00346566643565893,0.692837478127331,0.803544643800706,0.767612520139664,0.523424851009622,0.146826419513673,0.741330075543374,1
0.527495197951794,0.496182490605861,0.736030390486121,0.960347556741908,0.0896902000531554,0.974028085824102,0.927651243284345,0.099353744648397,0.755179735599086,0.203133492730558,0
0.539356032852083,0.519998610951006,0.549829411087558,0.515391286462545,0.447069527814165,0.941311810864136,0.977309291716665,0.0816509481519461,0.99920805124566,0.3669713283889,0
0.419010423356667,0.871513079851866,0.11356514133513,0.303556116996333,0.671241061761975,0.76633912185207,0.685568498214707,0.949924341635779,0.0337028596550226,0.622984236339107,0
0.897963961353526,0.210192871512845,0.213219896424562,0.194389098091051,0.691466791089624,0.225989846978337,0.204574475763366,0.768129624193534,0.951786143938079,0.649332037894055,0
0.924521381733939,0.328306392533705,0.865348550258204,0.902011692756787,0.486789307789877,0.559053578646854,0.625014322344214,0.644062311155722,0.203326997114345,0.618070277152583,0
0.350323698250577,0.210349959786981,0.581402361392975,0.0324159506708384,0.411025838460773,0.0532800850924104,0.100335868773982,0.530067567480728,0.17230224260129,0.657719443319365,0
0.0332187667954713,0.679180088685825,0.133323305752128,0.803985073231161,0.568583918269724,0.0453193334396929,0.669428282883018,0.155280980980024,0.902899867622182,0.8552006627433,0
0.689844800232351,0.668412860814072,0.792365701170638,0.323641842696816,0.190368074458092,0.423947356175631,0.46652569482103,0.276113384403288,0.428502189228311,0.532641794299707,0
0.685972957099462,0.25565178695253,0.279916855040938,0.971621785545722,0.0460229320451617,0.63919429644011,0.423343580914661,0.674310720292851,0.411265400471166,0.0175158306956291,0
0.499251996160857,0.262111677461136,0.808658645953983,0.0658570101950318,0.0076834661886096,0.145231698872522,0.952007199171931,0.113829840905964,0.986854769755155,0.364025130635127,0
0.230831175344065,0.86523407464847,0.542697177967057,0.927874636370689,0.88104096497409,0.839552779914811,0.956731916638091,0.0760392083320767,0.716728213243186,0.583721528528258,0
0.898499981034547,0.119291237555444,0.0654131246265024,0.814599639736116,0.314925298560411,0.446968837408349,0.892851183423772,0.0874949598219246,0.897748482180759,0.153296714415774,0
0.224760903511196,0.447421423858032,0.783525093458593,0.300533653004095,0.887400631560013,0.667229766026139,0.761759664630517,0.278901866171509,0.289366012904793,0.0604966678656638,0
0.0973395125474781,0.722543984884396,0.565184391802177,0.92365376628004,0.0364684076048434,0.481115271570161,0.49053578497842,0.598402512492612,0.250103731174022,0.818560055922717,0
0.678446974838153,0.201505413278937,0.688979437109083,0.321731812087819,0.216772366547957,0.321390914032236,0.645985381677747,0.637625748058781,0.662317106034607,0.0724584339186549,0
0.660054777050391,0.533628761768341,0.0300175144802779,0.184054910205305,0.449749079998583,0.449301504762843,0.0539850294589996,0.189441818511114,0.950752522563562,0.378050681436434,0
0.00650044670328498,0.791252985130996,0.55922178318724,0.933897765353322,0.319788791704923,0.280447094934061,0.527269444661215,0.995924668619409,0.644649575697258,0.916768743423745,0
0.833506885915995,0.300119034713134,0.339600666891783,0.896136150462553,0.16154968785122,0.627207724843174,0.531191982328892,0.9928237516433,0.788398437900469,0.422809795010835,0
0.391238416312262,0.462383386678994,0.157557222992182,0.523007686715573,0.112773276632652,0.634743316564709,0.353164432337508,0.75503046461381,0.377862206660211,0.944868579041213,0
0.707341085653752,0.604727503377944,0.733701209304854,0.602165177231655,0.851662072818726,0.993751453235745,0.78503563371487,0.49308762489818,0.258361712098122,0.626647774595767,0
0.911501568189915,0.42398040784529,0.755447870818898,0.667189109139144,0.361064865952358,0.513028035638854,0.11271169106476,0.666505258297548,0.249179105972871,0.722578403074294,0
0.53679629880935,0.631340210791677,0.35043483087793,0.751159048872069,0.392490141093731,0.76599208987318,0.742886085994542,0.338777121156454,0.740384764736518,0.541879164986312,0
0.393536978401244,0.775421201949939,0.11089891125448,0.444349588826299,0.0485560887027532,0.195278360042721,0.596542957704514,0.715164190623909,0.593118916265666,0.397623651195318,0
0.828942714491859,0.264445865293965,0.914848923683167,0.223689894657582,0.135730712208897,0.163171156309545,0.265519139822572,0.66191036417149,0.34444483043626,0.0916791099589318,0
0.265251115430146,0.431086290627718,0.268583026016131,0.434616529848427,0.448640913236886,0.48739216546528,0.749683894915506,0.631255007116124,0.4008098768536,0.595514681655914,0
0.611404955852777,0.817542402306572,0.945275279227644,0.236270878696814,0.293755855876952,0.197721269447356,0.738721693400294,0.00404464942403138,0.646860850276425,0.875498470850289,0
0.629605807500426,0.111047831302648,0.17651374801062,0.700802157865837,0.813819679664448,0.404631988843903,0.437654208857566,0.73901642812416,0.547047247877344,0.0690491893328726,0
0.399330162083078,0.782300543925108,0.222506460733712,0.295927071711048,0.469682291615754,0.806005213176832,0.429988109506667,0.00869248318485916,0.997360869776458,0.44215050758794,0
0.461133448639885,0.969307076884434,0.804983934387565,0.731322000268847,0.083121296018362,0.896096931770444,0.29306101356633,0.346781513188034,0.373739060014486,0.626793697010726,0
0.522548721404746,0.561030950164422,0.863377350848168,0.703827268909663,0.585403655888513,0.00748255150392652,0.598246372072026,0.505289808148518,0.290791408391669,0.685201184824109,0
0.533780706318002,0.302189075880891,0.470961953513324,0.885265694465488,0.884558522608131,0.255322863347828,0.728048991411924,0.479284890927374,0.514026552904397,0.259308643406257,0
0.486094938281924,0.462224126012073,0.568474473897368,0.711677545215935,0.236883830046281,0.438411511015147,0.373737670946866,0.306719771353528,0.572844815673307,0.607388301286846,0
0.185612100642174,0.979863529326394,0.873390713939443,0.0221308248583227,0.447136002127081,0.454533285228536,0.519536338048056,0.849361055530608,0.640184292336926,0.936526191188022,0
0.703163512813486,0.719864576802705,0.899179322412238,0.424732933286577,0.859259066171944,0.301716468064114,0.00999326352030039,0.827262190403417,0.52541488292627,0.429583243560046,0
0.724456509188842,0.781692669940877,0.646992119029164,0.275324144866318,0.0567069188691676,0.291070946957916,0.050189672736451,0.399532979587093,0.601605296134949,0.942650529323146,0
0.582837223540992,0.937743786489591,0.692333570681512,0.381534508429468,0.655635997653008,0.155010707210749,0.74615232553333,0.88285418623127,0.0867975188884884,0.387190655339509,0
0.602652140590595,0.206967614570786,0.892029359238222,0.725078363204375,0.00852353544905782,0.042092208750546,0.633909879252315,0.831437492277473,0.0363973223138601,0.977780732093379,0
0.731076711323112,0.360354938078672,0.0215388943906873,0.699233194813132,0.491423913743347,0.864808153361082,0.0762816625647247,0.362567547243088,0.307491251500323,0.661835356848314,0
0.125525886192918,0.214147252496332,0.124182752799243,0.459062046837062,0.483252750709653,0.542990094982088,0.893696658080444,0.403246726840734,0.335380432428792,0.830463321181014,1
0.7352396317292,0.650702029466629,0.524081098847091,0.396241357317194,0.768568388884887,0.929891396313906,0.250711388187483,0.920590848661959,0.0463609811849892,0.765004340093583,0
0.784246667840984,0.437850307059044,0.900462897028774,0.600896573392674,0.480129211675376,0.0171755980700254,0.37921330682002,0.0770393470302224,0.696465568384156,0.783543908037245,0
0.706172424834222,0.355132411699742,0.955485901795328,0.56332651944831,0.738250232767314,0.960564440116286,0.136166790733114,0.603824761230499,0.550004142103717,0.0252901492640376,0
0.266235286835581,0.811093795346096,0.851830762112513,0.0147129683755338,0.573282158002257,0.644255157327279,0.163915082113817,0.846160353161395,0.383283471222967,0.715907396283001,0
0.482685653492808,0.385095078265294,0.153016252210364,0.457483637612313,0.35720112384297,0.663424228550866,0.597388297319412,0.737996679730713,0.956880404613912,0.072041472652927,0
0.600870337570086,0.866730710491538,0.399846611311659,0.364665799075738,0.888351063011214,0.0930483739357442,0.615682063857093,0.760494405636564,0.472936822799966,0.418389968341216,0
0.675115878460929,0.832653029588982,0.0574626156594604,0.460435021901503,0.136754730716348,0.578120831400156,0.402752097696066,0.486325772712007,0.344704269664362,0.102411810308695,0
0.458637190749869,0.58608829206787,0.0924571854993701,0.0410488026682287,0.451983018312603,0.42675750143826,0.211464838823304,0.34476406709291,0.186965641798452,0.377607116475701,0
0.172721421158127,0.947713380848745,0.795326807070524,0.0869002663530409,0.60337131191045,0.0541320901829749,0.818777002394199,0.101615797495469,0.935509818838909,0.205522286705673,0
0.516831276705489,0.0183634348213673,0.989959152182564,0.197443661279976,0.245331177487969,0.410572841996327,0.580985540291294,0.853858761489391,0.546525405719876,0.378849660744891,0
0.106241373810917,0.896220991387963,0.108862401917577,0.973446175223216,0.61271821311675,0.287245426094159,0.510873208986595,0.0442814268171787,0.0444400953128934,0.329831623006612,0
0.299791259691119,0.658341311383992,0.410934896208346,0.958093677181751,0.605018064845353,0.0509002504404634,0.113684926414862,0.726395905250683,0.865294415736571,0.803028020774946,0
0.540944546228275,0.811231887433678,0.952992126811296,0.345771508989856,0.944659917615354,0.250622488325462,0.126242045080289,0.584715410368517,0.180161213036627,0.251013110857457,0
0.718839205568656,0.138965830672532,0.0268338879104704,0.979288891423494,0.670504376292229,0.562184976181015,0.219597395276651,0.0314428845886141,0.887841317337006,0.142728001112118,0
0.682663218351081,0.591106015723199,0.946034600725397,0.255077524343506,0.64326631790027,0.466934055322781,0.363468630006537,0.0386703407857567,0.766034114640206,0.464665428269655,0
0.949841480461229,0.341795206188393,0.378645608900115,0.455015709158033,0.0738386819139123,0.0427102840039879,0.0988070692401379,0.0904104188084602,0.752560892840847,0.958892428549007,0
0.313072597163916,0.805879418330075,0.860351243056357,0.082930366974324,0.627021764637902,0.805127381114289,0.319011912913993,0.816453861771151,0.0233607881236821,0.362961230799556,0
0.200844704639167,0.937106807017699,0.546414831420407,0.805355194723234,0.0141280305106193,0.540227248799056,0.963310617487878,0.474330683937296,0.14034576062113,0.976252459222451,0
0.0979399650823325,0.887477767653763,0.677612217376009,0.420237838057801,0.457712183939293,0.925807585474104,0.00584593694657087,0.0373493158258498,0.689256572164595,0.7513310497161,0
0.611700234934688,0.84134583058767,0.53063848381862,0.335902118356898,0.319748127600178,0.878050027880818,0.818870841059834,0.192328073550016,0.0205912336241454,0.138027465669438,0
0.24299724845821,0.825414079122999,0.648926069727167,0.084158658515662,0.57641222816892,0.0501838193740696,0.600932069355622,0.480982272187248,0.956666032783687,0.808928848709911,0
0.366990285459906,0.916133314138278,0.355115414829925,0.91467759036459,0.492412767373025,0.741850047605112,0.721498656552285,0.0839762373361737,0.00500524300150573,0.482346046017483,0
0.322148975916207,0.813637097366154,0.836431464413181,0.824344588210806,0.505494761047885,0.30566316912882,0.481691344175488,0.647366064134985,0.625733381835744,0.922279914841056,0
0.378670492169354,0.758354923489014,0.13842513365671,0.266598882619292,0.28812108328566,0.254789705621079,0.174019052647054,0.37870684126392,0.75832425407134,0.79714165115729,0
0.532011091709137,0.810352297499776,0.372629244346172,0.169569878140464,0.454003325197846,0.382443220354617,0.879903224296868,0.0106760486960411,0.763214052189142,0.796951331663877,0
0.127787592587993,0.960667926818132,0.805080248508602,0.989238808397204,0.670501112006605,0.22893450059928,0.355386167764664,0.207016406347975,0.0215165009722114,0.458929371088743,0
0.642184816068038,0.303493241313845,0.693460476584733,0.317046143580228,0.509730725549161,0.167170830536634,0.77749546431005,0.817740532569587,0.943905374966562,0.378387875156477,0
0.691817741375417,0.338010932318866,0.167782100150362,0.00684281205758452,0.642366757150739,0.0120116253383458,0.349032952450216,0.688297868007794,0.0694259621668607,0.738428934011608,0
0.334523764904588,0.102454893756658,0.178766121855006,0.39743633964099,0.867677003145218,0.900156790390611,0.534611248411238,0.380342900753021,0.238471220480278,0.605881265131757,0
0.44672863651067,0.191824846202508,0.124444731976837,0.381503596901894,0.343681900994852,0.440061346860602,0.567965892842039,0.479030896211043,0.701647350331768,0.0192924621514976,0
0.451385200722143,0.678492814302444,0.589360729325563,0.42148908204399,0.863143294118345,0.894370569149032,0.389702241169289,0.461985006928444,0.170902861980721,0.598369776969776,0
0.115410166343139,0.889252014724242,0.615417120978236,0.653286169748753,0.822591040749103,0.787771166302264,0.208686655387282,0.921251605264843,0.746984425000846,0.452838605968282,0
0.878288308158517,0.431013225577772,0.216403200058267,0.862654027994722,0.900924774585292,0.0927673440892249,0.990092593245208,0.604780226247385,0.276708742137998,0.953441730234772,0
0.483645623549819,0.443513224832714,0.81690824823454,0.157743373187259,0.356541793094948,0.432074991986156,0.95800814544782,0.361125407740474,0.610173483379185,0.101492355810478,0
0.45210328232497,0.468775783898309,0.0558575033210218,0.200085724005476,0.0751664617564529,0.861031079664826,0.348307700362056,0.047401410760358,0.85645286925137,0.348554936237633,0
0.446455182507634,0.687371766194701,0.188303509028628,0.637587037170306,0.801163480151445,0.424146428471431,0.255806393688545,0.323330283397809,0.552055472973734,0.40797852864489,0
0.633396237390116,0.295242455089465,0.287082875845954,0.713737558340654,0.290048179915175,0.562875054776669,0.24921032320708,0.283323167124763,0.198338536312804,0.377464953111485,0
0.128884538309649,0.595318053849041,0.377304756781086,0.861834806622937,0.154887980548665,0.558569654123858,0.309952141949907,0.545559556689113,0.151960199000314,0.600023167673498,0
0.65085811400786,0.704199515283108,0.785334629472345,0.457251598592848,0.680145421531051,0.519943869207054,0.926847706316039,0.650431316578761,0.99957099603489,0.15283840871416,0
0.457150266272947,0.0452613483648747,0.797172739868984,0.0188251049257815,0.355367945739999,0.379168619634584,0.814743484836072,0.951809496153146,0.82726111006923,0.974224125035107,0
0.670045295031741,0.324296739883721,0.822255049599335,0.29691107198596,0.881947195157409,0.48090519499965,0.779134314740077,0.971242417581379,0.449331846321002,0.180580271640792,0
0.707782269222662,0.317892252933234,0.96137830754742,0.702303261030465,0.997437031241134,0.783535151975229,0.415964032057673,0.159688112558797,0.0680118417367339,0.385636028135195,0
0.697772068204358,0.63292112457566,0.375899617793038,0.115953803760931,0.0430522456299514,0.852877045748755,0.372785393614322,0.335860455641523,0.136591209331527,0.295424220152199,0
0.58092003595084,0.664079734124243,0.914301672950387,0.170234146760777,0.933651820989326,0.519484055228531,0.280231836251915,0.0895289964973927,0.478177222423255,0.0466434822883457,0
0.542051102500409,0.89447115897201,0.430380172329023,0.32118342583999,0.727329237386584,0.995070746168494,0.943802397698164,0.701072609052062,0.520592903485522,0.91921992925927,0
0.592549760575453,0.0619466649405471,0.908933609956875,0.129873697645962,0.131501300493255,0.268114441307262,0.0626967682037503,0.464706187369302,0.103764302330092,0.855882965726778,0
0.878382566617802,0.426484522176906,0.732322181807831,0.201433088863268,0.107303797267377,0.883909585187212,0.844289633212611,0.406912774080411,0.202798993093893,0.448780647013336,0
0.627534643979743,0.721097011119127,0.197881295811385,0.860764102544636,0.675264830002561,0.207874056184664,0.304590380284935,0.673140391940251,0.0278275045566261,0.289017542731017,0
0.622379213105887,0.789952078135684,0.874826097860932,0.808900113683194,0.253347721416503,0.544543105643243,0.844845129875466,0.950951094506308,0.499226176412776,0.0102245998568833,0
0.477306781336665,0.491896870080382,0.846817873418331,0.0599907650612295,0.406776672927663,0.605868822196499,0.700065210927278,0.296322933165357,0.688490079017356,0.543826648034155,0
0.624530476997653,0.341759767714085,0.889703745022416,0.232078455388546,0.518268464598805,0.130138906650245,0.185433318605646,0.597937031416222,0.163772555300966,0.761292045470327,0
0.867869138950482,0.447044482920319,0.648809757083654,0.585118952905759,0.750179492868483,0.942523073405027,0.998205051291734,0.722510279156268,0.495808681240305,0.393376957159489,0
