"1","2","3","4","5","6","7","8","9","10","class"
0.54457099805586,0.148663060273975,0.274557435885072,0.242665988625959,0.324220078764483,0.636098827933893,0.683486625552177,0.574089525500312,0.43579751229845,0.179017209680751,0
0.652109255781397,0.348720156820491,0.503885698970407,0.140995012363419,0.214553943369538,0.454313938971609,0.704548327252269,0.987338854931295,0.752711181528866,0.198974784463644,0
0.415551408426836,0.767666232539341,0.471132800448686,0.990096813999116,0.854116283589974,0.128367299214005,0.754986838437617,0.318774682702497,0.98494804976508,0.33880709297955,0
0.178327107336372,0.846265804488212,0.173856410663575,0.968915419885889,0.144078371813521,0.735204061027616,0.604794803075492,0.853767497697845,0.497195829637349,0.495457991026342,0
0.34636434703134,0.238142151851207,0.161759919952601,0.758991914102808,0.472485344158486,0.991503271041438,0.504703463520855,0.667981507955119,0.730262745870277,0.660036620916799,0
0.43467433947511,0.341243996514347,0.583130801329389,0.573294424451888,0.278031896101311,0.116524733835831,0.633251528488472,0.673424029024318,0.840071755228564,0.184680808801204,0
0.912168509262055,0.119955353346336,0.276627542451024,0.7686690709088,0.113070271210745,0.306648768251762,0.497839810559526,0.832491944776848,0.0779061522334814,0.997267783619463,0
0.603266500867903,0.499345356132835,0.0126118916086853,0.665511708008125,0.734715522266924,0.0387993981130421,0.413246638374403,0.767143628094345,0.390813614241779,0.252363981446251,0
0.741287615986914,0.382506390648821,0.468204549513757,0.678219399182126,0.88008957519196,0.0129903596825898,0.579421160975471,0.582995658507571,0.721541998442262,0.213327395962551,0
0.366303802933544,0.786530375014991,0.696204514941201,0.338539216900244,0.235773511230946,0.501045574434102,0.542598013533279,0.122274690074846,0.179265294689685,0.745591737562791,0
0.879444757565856,0.251329654473151,0.275075105251744,0.802089976146817,0.71066076727584,0.892113311449066,0.646018692292273,0.121271482203156,0.125611392548308,0.0107931396923959,0
0.435353232308757,0.219715291068981,0.920350807951763,0.820810898439959,0.470398902427405,0.500997022492811,0.490950215840712,0.204945362173021,0.405990724917501,0.201704044127837,0
0.549991996958852,0.191074144560844,0.822498786495999,0.852150471648201,0.47630903380923,0.783833039458841,0.332420106045902,0.777229173108935,0.345164609141648,0.545074717374519,0
0.574538997607306,0.238552574533969,0.591262625530362,0.608743509277701,0.253958064364269,0.816743298433721,0.973529595881701,0.209880892187357,0.994317029369995,0.640972942579538,0
0.447444354183972,0.786092302296311,0.412709797965363,0.931838563410565,0.763342713937163,0.259067375445738,0.790037604514509,0.613061481621116,0.915736127877608,0.723020201548934,0
0.715957054921426,0.299568716253996,0.913643046980724,0.989585845032707,0.734450506279245,0.322370776673779,0.508736212039366,0.493550771614537,0.501878130948171,0.131395179079846,0
0.441382095450535,0.0270024735946208,0.679110739147291,0.204203287605196,0.831956589594483,0.461098464438692,0.0695596581790596,0.871915467549115,0.520513546885923,0.659673062851653,0
0.121520883170888,0.60407298617065,0.782896008808166,0.12826507887803,0.626516077434644,0.23046035785228,0.305494796251878,0.292440749937668,0.469167735194787,0.727922476828098,0
0.677957193178311,0.30965661007194,0.47402178379707,0.803649659501389,0.725791688775644,0.288917687255889,0.203853023704141,0.134913966059685,0.732876203488559,0.400037127314135,0
0.468708396883123,0.797198044469948,0.754402417689562,0.719564332859591,0.385910030454397,0.67112739617005,0.897466940106824,0.919714094372466,0.429445393383503,0.246738587040454,0
0.635188955580816,0.256010039011016,0.826722306432202,0.683574829483405,0.0681757961865515,0.671397256664932,0.20610972889699,0.412351537961513,0.258851359132677,0.110353027237579,0
0.192676061065868,0.991049275966361,0.589914859971032,0.603641243185848,0.543089761864394,0.443349216599017,0.753199036000296,0.858138545183465,0.91596605675295,0.98679534252733,0
0.59441318776533,0.198972966098712,0.770065135555342,0.108574289828539,0.5040273796767,0.130696547916159,0.891869392478839,0.689164654817432,0.660966054070741,0.759398268302903,0
0.750699930795841,0.238573533970879,0.426751717925072,0.982608276186511,0.0161988488398492,0.502821598434821,0.0590641065500677,0.174270360963419,0.667691583512351,0.519354755291715,0
0.155858733225614,0.476700262865052,0.852691521169618,0.326098723569885,0.718524343566969,0.915695581352338,0.538330906769261,0.855420547304675,0.306881109951064,0.535045204916969,0
0.848010032821912,0.296580473805569,0.0681758658029139,0.978923184797168,0.76732850424014,0.646272907732055,0.907887607812881,0.978840014664456,0.59107116702944,0.972599908243865,0
0.400018595857546,0.21182976802811,0.692227189661935,0.710767886135727,0.507288460852578,0.50947696599178,0.454973737243563,0.656697628786787,0.163633054355159,0.0560635798610747,0
0.34013308910653,0.602239669300616,0.641007567755878,0.280641743913293,0.149698121240363,0.708931492874399,0.551826370647177,0.0913362577557564,0.946426385780796,0.913176239002496,0
0.434028695104644,0.925555770518258,0.536178787238896,0.260158214485273,0.140160063980147,0.709490010514855,0.844115333398804,0.0418532532639802,0.64851823518984,0.697512481594458,0
0.892007078221999,0.187184877808871,0.542821606388316,0.782985926605761,0.00560344802215695,0.539954108884558,0.179156611207873,0.758749590488151,0.25335715780966,0.67341912118718,0
0.486773271113634,0.471398926340044,0.222161460900679,0.369311998132616,0.448326398618519,0.79578835517168,0.385415161028504,0.599501774646342,0.2430492809508,0.873294368153438,0
0.462743356591091,0.385773875052109,0.570059273624793,0.799708733102307,0.717729132156819,0.26849332312122,0.683088091667742,0.622107362141833,0.01243931427598,0.890130935236812,0
0.531673568533733,0.887835067464039,0.365628668805584,0.16035510180518,0.359378574881703,0.252636131132022,0.609005047939718,0.375960471807048,0.38900030660443,0.979703055461869,0
0.521730333966203,0.293494271299159,0.46190912486054,0.828829240519553,0.390417292015627,0.870348308468238,0.769017590675503,0.225503839319572,0.215899644652382,0.219478126615286,0
0.786044498244673,0.324119818345045,0.146172006847337,0.673265744931996,0.930735271424055,0.0639239652082324,0.174665696220472,0.800437275320292,0.555433302884921,0.550929966382682,0
0.339657121570781,0.574936122866347,0.543012359412387,0.502052099676803,0.471136179752648,0.986424625618383,0.122972493525594,0.295567646156996,0.495252639055252,0.919501196360216,0
0.350533220665716,0.743730782103779,0.103771918453276,0.225127433193848,0.612026454415172,0.907514496240765,0.541126269148663,0.0850984791759402,0.0223694362211972,0.330385025590658,0
0.370068950785603,0.922806186846004,0.428931331960484,0.965990444645286,0.540796061279252,0.412497004494071,0.646112358663231,0.279529455350712,0.35005267104134,0.0429509698878974,0
0.198169475421309,0.884098740061745,0.776067136321217,0.889693474862725,0.903503749519587,0.13979237456806,0.421477994415909,0.540700105484575,0.365997869521379,0.274726416915655,0
0.216465753294807,0.81998811047232,0.925372297642753,0.316120155155659,0.791563456878066,0.9349990056362,0.778220106381923,0.460691404994577,0.349215682363138,0.251448380062357,0
0.774044283432886,0.0542144810315222,0.155733309686184,0.308799074962735,0.729832958197221,0.812063327990472,0.177029607351869,0.740066353231668,0.705570166464895,0.636270029935986,0
0.916522303363308,0.0258346425835043,0.637722790706903,0.788502424489707,0.401044417638332,0.039096430176869,0.267792007653043,0.940971373347566,0.398861782392487,0.893373708706349,0
0.205246154684573,0.87524022674188,0.749658586457372,0.708549909759313,0.792352837743238,0.729894338175654,0.457461468642578,0.194815972121432,0.610908836126328,0.679545996943489,0
0.482537758769467,0.375983985839412,0.461119474610314,0.413810538360849,0.22356995777227,0.257593812886626,0.454179234337062,0.359323783544824,0.226953301113099,0.949069956783205,0
0.38215093941614,0.121883014605304,0.443121783901006,0.248242337489501,0.724654228892177,0.290334970457479,0.834351342171431,0.393597857560962,0.663636865792796,0.487285426119342,0
0.718189935650676,0.168058613616129,0.994893722934648,0.271234705578536,0.400894245132804,0.360079030273482,0.953114187577739,0.197866292670369,0.489191011060029,0.532636430347338,0
0.772512732306495,0.414761002874002,0.383415844291449,0.109246550127864,0.919274312676862,0.493646093644202,0.402039289707318,0.991567034740001,0.682915680808946,0.876612970372662,0
0.36425097628478,0.738847273675011,0.811178001342341,0.67419536341913,0.167189159896225,0.576279677916318,0.0173192250076681,0.800078586908057,0.476695558289066,0.048724263207987,0
0.598993635270745,0.602291099727154,0.0530365575104952,0.287762181833386,0.719742218730971,0.593737017828971,0.825525640277192,0.941278324462473,0.803228603443131,0.946747263427824,0
0.816314933588728,0.0673674722202122,0.532161120325327,0.952060295967385,0.372928979806602,0.306628647493199,0.72209533653222,0.329793996177614,0.935162859037519,0.0767910871654749,0
0.891297304071486,0.527490744134411,0.849070283584297,0.608509568497539,0.623111346038058,0.569879201240838,0.847734005888924,0.359117445303127,0.481584096560255,0.876831432105973,0
0.141281886724755,0.639308163896203,0.231134841451421,0.963502028025687,0.956249863607809,0.888052108930424,0.403367413207889,0.551880336366594,0.381351880496368,0.179698001826182,0
0.28390429919716,0.748710155829708,0.131230421131477,0.838315780973062,0.500142718898132,0.782096576178446,0.245026676915586,0.989448522450402,0.0261480503249913,0.633386304369196,0
0.350430430844426,0.691351157613099,0.351080236257985,0.122081522364169,0.305737992981449,0.0389640245120972,0.475310187088326,0.294715785654262,0.121919047087431,0.985529837664217,0
0.659352163551375,0.370948698371649,0.25871182908304,0.214123711455613,0.424046039581299,0.544654306489974,0.938576489686966,0.43522784858942,0.349756362149492,0.396215542685241,0
0.52994705690071,0.741301883012056,0.260288666002452,0.505603086436167,0.810692161787301,0.478536655660719,0.604945371858776,0.383452530251816,0.180042823078111,0.0586885032244027,0
0.476310951635242,0.460934761213139,0.682537538232282,0.813782862387598,0.136447814060375,0.771503822412342,0.804335635155439,0.1730717853643,0.209246650803834,0.564914343645796,0
0.425788566237316,0.827799793798476,0.448045295663178,0.306472850032151,0.75101844407618,0.356016754172742,0.53762545553036,0.566579655045643,0.92943705804646,0.0551866246387362,0
0.211826238879189,0.783209514379675,0.133449770975858,0.481707680271938,0.270435233833268,0.733400464057922,0.750016195932403,0.523609176976606,0.280634286580607,0.875092076836154,0
0.27258252619803,0.931039839088843,0.379913034616038,0.0703609213232994,0.662949855672196,0.589565531117842,0.28495450457558,0.294335554121062,0.777906901668757,0.934352221898735,0
0.176603182917461,0.922649173997343,0.359514446696267,0.743468293221667,0.930058142635971,0.244540521642193,0.0902998030651361,0.250184189062566,0.364976448938251,0.686053750338033,0
0.678953817839362,0.404802857052079,0.412694290047511,0.680179284652695,0.0484911857638508,0.798303973395377,0.404621036024764,0.572058430407196,0.335528874769807,0.0446796934120357,0
0.260855835200846,0.736427687545061,0.333868162706494,0.977791888872162,0.43732059141621,0.112352564930916,0.734265535371378,0.566596790216863,0.115171066718176,0.158965200884268,0
0.905137093320675,0.151965526159941,0.257225685520098,0.834256192902103,0.299978011986241,0.54735821695067,0.781649822136387,0.0826927148737013,0.607979631982744,0.638126273872331,0
0.54519503749907,0.847971800016239,0.778342918027192,0.72632865444757,0.454799547791481,0.113481851760298,0.458539741346613,0.4123622009065,0.559580947970971,0.059228882426396,0
0.985393813112751,0.497862528543919,0.389457465149462,0.646110408706591,0.654456663876772,0.394203628413379,0.693736710818484,0.108716299524531,0.0976984756998718,0.528425159864128,0
0.333114890381694,0.991108752787113,0.529544364428148,0.349910062970594,0.228697498794645,0.515665735816583,0.101322701200843,0.732630961807445,0.72372019267641,0.806367258308455,0
0.64563547866419,0.117182975634933,0.300662857247517,0.294372457079589,0.186038171639666,0.991191065404564,0.962590402923524,0.716410283697769,0.842459919396788,0.0769997872412205,0
0.662301676813513,0.620364296250045,0.199656655779108,0.0829005613923073,0.869719110429287,0.655192958423868,0.363581851590425,0.435672563733533,0.629977329401299,0.96943787438795,0
0.445646879030392,0.506207011640072,0.689367979764938,0.382601816440001,0.0358193025458604,0.720620836829767,0.972892204066738,0.513647730462253,0.0024424868170172,0.826428907457739,0
0.453754444140941,0.198956166626886,0.462534449528903,0.299654229776934,0.373592939926311,0.0120781143195927,0.0926457159221172,0.37595396488905,0.209004305303097,0.67193745309487,0
0.428610390052199,0.827643137658015,0.409496266394854,0.45175777352415,0.841188383521512,0.232971772085875,0.947370365727693,0.400875528575853,0.265055904863402,0.906663939123973,0
0.991885242750868,0.293575944844633,0.626512121874839,0.576573767000809,0.119767432333902,0.36160919489339,0.800841078395024,0.932778243673965,0.977373031433672,0.0511883073486388,0
0.123978329099622,0.747249117285514,0.797118393005803,0.863718181848526,0.734919381793588,0.341344106011093,0.0843844695482403,0.700490925693884,0.553535915678367,0.938904797192663,0
0.150350394193083,0.866354890400544,0.647935835178941,0.970746891573071,0.489361656131223,0.937258719000965,0.95977653330192,0.899592967005447,0.724168543936685,0.123316845623776,0
0.411191998373251,0.360039368153252,0.139422421110794,0.763480568304658,0.556977695785463,0.990172598045319,0.156819425988942,0.486426880815998,0.0212704832665622,0.285353674320504,0
0.396803065901622,0.807064027292654,0.0815315179061145,0.369072133908048,0.265970891574398,0.456520890584216,0.380669900216162,0.317034265259281,0.30259276740253,0.0589829261880368,0
0.147369557413086,0.441275412965443,0.151151696685702,0.463983414229006,0.921930709155276,0.929357451852411,0.870979074621573,0.547158085741103,0.944010616047308,0.143893979955465,0
0.595968279628828,0.0155762600268572,0.00295867444947362,0.526455284794793,0.276763658272102,0.424425323028117,0.972389196511358,0.330797838512808,0.932379668345675,0.333070426480845,0
0.78355205967091,0.121177330380306,0.759505138965324,0.937945220852271,0.0772706968709826,0.145616096677259,0.48446674249135,0.0339055159129202,0.877407545223832,0.232202390674502,0
0.336289467755705,0.762369617354125,0.381014502141625,0.231544195441529,0.893155945232138,0.517871399410069,0.921983075095341,0.525399282108992,0.395083393901587,0.607127633644268,0
0.385280481539667,0.191934566712007,0.508404435124248,0.353149966103956,0.220540568232536,0.874092124635354,0.88220528466627,0.676693101180717,0.890983164310455,0.399893034715205,0
0.877827650867403,0.183953257510439,0.22979358327575,0.834936077240855,0.865089246304706,0.275169041007757,0.882171817356721,0.0289507114794105,0.240898269694299,0.473753398517147,0
0.220499736955389,0.552285908488557,0.257761581102386,0.520314479945228,0.445718696340919,0.591964827151969,0.747003671014681,0.952993802493438,0.779982648557052,0.561998866032809,0
0.757980345282704,0.177691433345899,0.12311587925069,0.451116686919704,0.202888090163469,0.0898414961993694,0.748627031454816,0.2830404934939,0.000171226682141423,0.353785885265097,0
0.183176043592859,0.730878229584478,0.820421386975795,0.669590171892196,0.0313600599765778,0.936214002314955,0.0961022693663836,0.484099122462794,0.696791262831539,0.203826403012499,0
0.853822086472064,0.155569519614801,0.553097296506166,0.929448326583952,0.137223914265633,0.835646283114329,0.657595041207969,0.469682367984205,0.320523633854464,0.288620865438133,0
0.498349192086607,0.503752660937607,0.330308431759477,0.871170911472291,0.420748151838779,0.0930850943550467,0.0828786955680698,0.634879323653877,0.810182014247403,0.0885171734262258,0
0.356674811802804,0.429249742766842,0.248151230625808,0.494295351905748,0.215818300144747,0.707210255321115,0.253662330331281,0.0597504898905754,0.741920246742666,0.412060560425743,0
0.560202612774447,0.178893078584224,0.106491501908749,0.139688460156322,0.659304577158764,0.153750474797562,0.438716015545651,0.650012149941176,0.594447184819728,0.372046316042542,0
0.630484498023987,0.119395110102886,0.447433944325894,0.950408920878544,0.908486762549728,0.259729294572026,0.721893353853375,0.765677074436098,0.69541823794134,0.720349354436621,0
0.542627911549062,0.901892053894699,0.469124028459191,0.888132648542523,0.843644962413236,0.391554949106649,0.860566471237689,0.664632638217881,0.264516428578645,0.0106151902582496,0
0.0436308590881526,0.83364091895723,0.287682156311348,0.1978321778588,0.683911291882396,0.979795074323192,0.146470590261742,0.0134856323711574,0.723913844209164,0.789812395581976,0
0.944081075489521,0.156304975738749,0.0559650149662048,0.351912033045664,0.480303750140592,0.166585394181311,0.569259608862922,0.271261606132612,0.669055664213374,0.504605544963852,0
0.999566588317975,0.26375088095665,0.886264184955508,0.440256114816293,0.800049235345796,0.801000043051317,0.0676397597417235,0.608853501034901,0.00699774757958949,0.534937320044264,0
0.222076172241941,0.837878708960488,0.186636755242944,0.190078890882432,0.0126718361862004,0.574675370706245,0.362840867135674,0.764450674178079,0.487652360694483,0.114762972807512,0
0.345664825184271,0.849202263946832,0.931119912071154,0.909725993871689,0.770067704143003,0.784824087750167,0.479718264192343,0.986476922174916,0.140634187497199,0.64777692547068,0
0.863732560770586,0.280241740401834,0.457149245776236,0.0247277214657515,0.452598445117474,0.507531593553722,0.194865173660219,0.149398452136666,0.879305935930461,0.0884449069853872,0
0.522991174742207,0.869696648617986,0.438479685923085,0.226119288010523,0.103541853837669,0.605660866713151,0.0895939702168107,0.282814697828144,0.610628894530237,0.905201306333765,0
0.867209205869585,0.511926898034289,0.463142775464803,0.94494949048385,0.959084636066109,0.325134567683563,0.171233756234869,0.332726486492902,0.767997258109972,0.12218165374361,0
