"1","2","3","4","5","6","7","8","9","10","class"
0.158602595096454,0.645218246383592,0.085996852023527,0.606930919690058,0.651828482979909,0.287451343378052,0.619931829161942,0.490682904608548,0.878971800440922,0.101708784233779,0
0.531693516066298,0.592490726150572,0.458091518376023,0.663802516879514,0.214777970919386,0.982819262659177,0.535220004385337,0.535555127076805,0.662906663026661,0.481397848576307,0
0.593822643393651,0.736863638274372,0.314799926243722,0.228857206180692,0.956456085201353,0.731041384628043,0.673679087776691,0.76669126842171,0.0148093341849744,0.418310467619449,0
0.896472917404026,0.343823974719271,0.39023690065369,0.0887518532108516,0.635974616510794,0.316620210185647,0.69284932455048,0.451071503572166,0.35116904694587,0.252858011284843,0
0.703384244814515,0.164204412372783,0.259400748182088,0.702253455528989,0.0489108497276902,0.909346409374848,0.329082623356953,0.98817966808565,0.154670753516257,0.929565749829635,0
0.774754893500358,0.253768000053242,0.264188126428053,0.219380086753517,0.0576093522831798,0.0393767973873764,0.0149529280606657,0.82388673000969,0.317916272906587,0.399098856840283,0
0.0440563421746716,0.692726351033559,0.365234395954758,0.771229050122201,0.258636521175504,0.12613859702833,0.2257097621914,0.62697009393014,0.0785318587440997,0.128856041003019,0
0.740520566469058,0.476761097321287,0.187438004417345,0.670605013612658,0.446197782177478,0.668132880469784,0.975103525212035,0.956374380737543,0.259789849165827,0.00214846665039659,0
0.767588548595086,0.214827263494954,0.882398907560855,0.530761612113565,0.950522111263126,0.0650350861251354,0.194214505143464,0.359492739196867,0.121552513679489,0.788516771513969,0
0.534493780927733,0.625502881594002,0.818132635205984,0.139628374483436,0.683134461054578,0.233215175569057,0.210502870380878,0.412093921098858,0.282637232914567,0.661330882459879,0
0.844151299679652,0.399248601170257,0.659215113380924,0.948402632959187,0.686978516168892,0.166047053411603,0.850864060921595,0.302182243205607,0.632945343852043,0.0619123145006597,0
0.977730942424387,0.228421813808382,0.309588014613837,0.72940443479456,0.339951247209683,0.410530211869627,0.698382141534239,0.664223982952535,0.639508703490719,0.647528709610924,0
0.89545473922044,0.390835473546758,0.392696952912956,0.61757431179285,0.114008268341422,0.266705938614905,0.112509947270155,0.0920490431599319,0.215065833646804,0.746633994625881,0
0.67226340158782,0.77030807422269,0.279145718785003,0.575022705132142,0.784047943307087,0.380202999105677,0.0918119971174747,0.239703834056854,0.989427324384451,0.239423956954852,0
0.780321629950777,0.606585716595873,0.0184294423088431,0.947003921493888,0.472196670947596,0.678776729153469,0.0985571658238769,0.372397552710027,0.524117321241647,0.0528455281164497,0
0.347322529647499,0.203517206711695,0.934249982703477,0.984574584057555,0.878624121658504,0.944471817230806,0.826310207601637,0.290165024343878,0.192950866185129,0.920593118527904,0
0.59195990441367,0.0903146855998784,0.709556677611545,0.64963600365445,0.171521942596883,0.863846928812563,0.0363062873948365,0.726497421273962,0.288837999803945,0.141698694322258,0
0.518292978173122,0.669511941028759,0.498636018484831,0.69349081069231,0.863323021447286,0.160556708462536,0.485568054951727,0.647508745547384,0.115365297533572,0.266478418139741,0
0.146623178385198,0.814613946713507,0.560068438062444,0.0699411074165255,0.180868435883895,0.596493453485891,0.628992951242253,0.0226566272322088,0.803027576068416,0.763646753039211,0
0.1274969142396,0.97965841460973,0.471626516897231,0.427256521303207,0.169079121667892,0.486769826617092,0.20607277401723,0.280909447697923,0.650906523456797,0.83684770250693,0
0.0788454036228359,0.826330087613314,0.684074860531837,0.163576092803851,0.827816067030653,0.224180626682937,0.543923065299168,0.974529235158116,0.59746196703054,0.396981062134728,0
0.803793630329892,0.21627367218025,0.959025677060708,0.406659355154261,0.749698034487665,0.360779680078849,0.884523122804239,0.432291920762509,0.169025662355125,0.310657100286335,0
0.767299253959209,0.341044477885589,0.954572475980967,0.509189234115183,0.858780660666525,0.905737264780328,0.383008266333491,0.0226009264588356,0.560812638839707,0.95097334892489,0
0.758202736731619,0.196218196768314,0.474595979554579,0.669105080189183,0.73980800807476,0.968551018973812,0.682040676241741,0.844748670235276,0.600106554338709,0.447305616922677,0
0.141499639721587,0.340401299064979,0.690423496300355,0.207481099991128,0.404199465643615,0.346414518076926,0.896282903151587,0.904892555437982,0.178316921927035,0.124378156848252,0
0.713788976892829,0.274510258343071,0.0440413153264672,0.182293968740851,0.860050064977258,0.0283895775210112,0.822517016669735,0.343337141443044,0.468361119739711,0.129884270019829,0
0.537347720004618,0.441727119963616,0.309444395825267,0.415232075378299,0.101981417508796,0.969638350652531,0.588943211827427,0.478635939769447,0.107881604228169,0.790575019782409,0
0.678849205374718,0.453335790662095,0.887124378234148,0.748208485310897,0.964276848826557,0.0161110227927566,0.0359968745615333,0.330033084377646,0.234645311022177,0.168759864056483,0
0.637467687483877,0.0834896720480174,0.906991513911635,0.243646182352677,0.50358769739978,0.201212332118303,0.599249618826434,0.973771139280871,0.708829544950277,0.47570389136672,0
0.581657522823662,0.537955928593874,0.483910105889663,0.729901421582326,0.722654129611328,0.349831910803914,0.739227565471083,0.654278970556334,0.344204306602478,0.373755650594831,0
0.210172695090994,0.374814472651631,0.911129987798631,0.0140463958960027,0.788647985551506,0.670148448320106,0.568263640394434,0.81014436064288,0.0587047191802412,0.276225320529193,0
0.497114996192977,0.986490051262081,0.426236011553556,0.795890413457528,0.517324879067019,0.596127271419391,0.638028932968155,0.933855163631961,0.542027383809909,0.913886771537364,0
0.534884992055595,0.68764856713824,0.407659756252542,0.254926772788167,0.593629070324823,0.639981355518103,0.353965951362625,0.896417140727863,0.402150259818882,0.584538626950234,0
0.752737758215517,0.200471638469025,0.548074901336804,0.00102035840973258,0.0845625179354101,0.511723279487342,0.712026914814487,0.593039490981027,0.500099477358162,0.00811854866333306,0
0.133050644304603,0.775271457387134,0.337261274224147,0.0821446594782174,0.108976657036692,0.360976348398253,0.535740724299103,0.248000418068841,0.14153833175078,0.88822410418652,0
0.0846997394044884,0.373739877695054,0.334406491369009,0.0065002387855202,0.0381343907210976,0.714558321749792,0.796020196285099,0.00325047643855214,0.36452396097593,0.110955851851031,0
0.0462473023217171,0.514525779057294,0.223578536650166,0.237846735632047,0.798342501278967,0.775121725862846,0.859728232491761,0.312493189238012,0.324470107443631,0.71871271263808,0
0.504274519858882,0.440713001415133,0.749855502741411,0.360348408576101,0.470992088550702,0.904641950735822,0.706073435721919,0.301506371004507,0.434699869714677,0.366309087257832,0
0.910855111516919,0.298454764171806,0.0281797519419342,0.519145441940054,0.692606288474053,0.388602526858449,0.815233869478106,0.709369360469282,0.538269369397312,0.208748708479106,0
0.726197098614648,0.447781379334629,0.542591710574925,0.812982486793771,0.374623623443767,0.559973541414365,0.0503371383529156,0.866964087355882,0.762805734295398,0.0638440360780805,0
0.121108702151105,0.730592060135677,0.034239721018821,0.161630819784477,0.702728179981932,0.706193011719733,0.0753255740273744,0.0620576567016542,0.207457347307354,0.628850009990856,0
0.0999959520995617,0.571506007341668,0.26594685157761,0.381487627979368,0.956144748721272,0.985687820939347,0.148049892392009,0.497729398543015,0.378596204100177,0.576038289815187,0
0.727094270521775,0.478684388566762,0.635899975895882,0.841310658492148,0.296146938344464,0.013677422888577,0.588944780640304,0.564275099197403,0.138062268262729,0.97318630781956,0
0.680728658800945,0.0822457293979824,0.846709012053907,0.844850664259866,0.934685690561309,0.265309620881453,0.952555144671351,0.638936378527433,0.655345435487106,0.578981770435348,0
0.796241681324318,0.800159744918346,0.837405650643632,0.360461786855012,0.302133727818727,0.0593108916655183,0.496591108385473,0.937034054892138,0.79351769364439,0.0460756297688931,0
0.412117028608918,0.371939608594403,0.134144766489044,0.341993392910808,0.756821711780503,0.135703299427405,0.943865589564666,0.465184890897945,0.845718578901142,0.29844206944108,0
0.536739513976499,0.676138982409611,0.618735801894218,0.878530185669661,0.420428589219227,0.526958784554154,0.301920551341027,0.150559436995536,0.305401107296348,0.0433716466650367,0
0.581680709728971,0.278411880368367,0.755354481749237,0.00348335481248796,0.472459780285135,0.966661151731387,0.563187179155648,0.69997736508958,0.322769501712173,0.97238072543405,0
0.352101606316864,0.841395469149575,0.0251923683099449,0.484184501226991,0.534197915578261,0.616852299077436,0.877732863184065,0.163332327501848,0.628509468166158,0.497869455255568,0
0.900374873774126,0.465625390410423,0.849822771036997,0.785152293508872,0.0467969009187073,0.83693540119566,0.408742254367098,0.305066563654691,0.822332505136728,0.256015107268468,0
0.830080523912329,0.0959207144943459,0.220576429506764,0.961890335194767,0.89838195219636,0.651865924941376,0.64687858754769,0.838202896527946,0.490384032949805,0.5878400367219,0
0.185497794533148,0.473763074958697,0.932635480072349,0.275483988691121,0.154755903873593,0.624963468872011,0.728620370617136,0.902754659764469,0.817549175349995,0.461812602123246,0
0.411274421261624,0.145574066322297,0.849618742940947,0.210647047264501,0.360649424372241,0.805151538923383,0.020219262689352,0.818764612078667,0.39379615848884,0.876150131924078,0
0.283672795246309,0.553567004754391,0.556451531592757,0.797703240532428,0.883445292944089,0.883680215105414,0.836056647822261,0.737494586501271,0.997604195028543,0.824153860798106,0
0.848447724245489,0.0167124641593546,0.575637436239049,0.383096402976662,0.417054078541696,0.732234761817381,0.022644066484645,0.448295302456245,0.875179120106623,0.21636277041398,0
0.266533165471628,0.296385624678805,0.321602000156417,0.689599146135151,0.834129558410496,0.465219796635211,0.0646400286350399,0.680291736032814,0.447824059985578,0.850753103382885,0
0.532575803110376,0.636357101611793,0.340441208099946,0.552345550386235,0.553541075671092,0.113749068463221,0.426136081106961,0.0549596529453993,0.522017018171027,0.634300722740591,0
0.92620914708823,0.017167451325804,0.781489204149693,0.415603808360174,0.664751475444064,0.170907265273854,0.464686087565497,0.161133747780696,0.160930240759626,0.721971299033612,0
0.201899203471839,0.98199381493032,0.00150386919267476,0.693759301910177,0.571399411186576,0.651644599391147,0.746121587697417,0.400389066897333,0.705979551188648,0.9676182360854,0
0.33452096185647,0.182905342429876,0.879294495563954,0.682259575929493,0.820833383360878,0.444743375759572,0.9807068859227,0.383922948967665,0.737369464011863,0.421335641527548,0
0.656582524187397,0.179085504251859,0.621485808165744,0.175561948679388,0.843727504834533,0.557783092372119,0.490651965839788,0.884394886204973,0.491395491175354,0.770791623741388,0
0.264211494009942,0.482291208347306,0.379543205257505,0.666905258083716,0.103883320698515,0.474278910085559,0.592982680303976,0.900482679950073,0.540638366248459,0.660279113566503,0
0.371743509545922,0.608596386620775,0.668119240086526,0.419926139060408,0.392964511178434,0.7808448667638,0.0162545496132225,0.336735264863819,0.540918010054156,0.164063752628863,0
0.405471143778414,0.901731072925031,0.299582655774429,0.0582815834786743,0.410677122185007,0.776439127279446,0.406280787894502,0.438054672442377,0.962625408079475,0.0385985828470439,0
0.986920371646993,0.300987247524545,0.162279553245753,0.132090019062161,0.0670528670307249,0.0930444325786084,0.402820474468172,0.62312682508491,0.247996262274683,0.530173830222338,0
0.356671252986416,0.858453185064718,0.277512840926647,0.224874513456598,0.813041944755241,0.664123831083998,0.45458954339847,0.556588552892208,0.161698200972751,0.119367277948186,0
0.66765324357464,0.666501304649084,0.968449021922424,0.218988321954384,0.604967160848901,0.752850373042747,0.525807762984186,0.614108813228086,0.107165241846815,0.101777391741052,0
0.682054485694529,0.723010967175951,0.703515911707655,0.197102972539142,0.694977121427655,0.625514290062711,0.560434657847509,0.236741967732087,0.348897262010723,0.534654258284718,0
0.658326083328575,0.722120884573087,0.504455053480342,0.520607396727428,0.893929534824565,0.171994830947369,0.458946609403938,0.554114915197715,0.537302190205082,0.926070935092866,0
0.998925532680005,0.258244293974712,0.730978541076183,0.200620496179909,0.243284306488931,0.775118819903582,0.503601768286899,0.314037157455459,0.5799865052104,0.714657716220245,0
0.405318232951686,0.55545898177661,0.848497589351609,0.0133609131444246,0.438778296345845,0.800299398368225,0.847627253737301,0.859381850576028,0.0212217466905713,0.797128699719906,0
0.188299149507657,0.621785126626492,0.360932857031003,0.322962390258908,0.520369432168081,0.551218695240095,0.925780606921762,0.628055167151615,0.205605226103216,0.953834367683157,0
0.814307373756543,0.456899219566176,0.445879694540054,0.0882807085290551,0.16187092801556,0.118818640243262,0.275800745701417,0.791645675897598,0.816186011070386,0.764937370549887,0
0.190728062298149,0.409845738438889,0.759515810990706,0.466313394252211,0.242421590257436,0.0466910989489406,0.682132885791361,0.0940035888925195,0.378109323326498,0.194555763155222,0
0.151428853161633,0.971699161920696,0.888030591420829,0.643157907761633,0.903962545795366,0.0894854119978845,0.325462996261194,0.736044676974416,0.120918368222192,0.67836956307292,0
0.141028788639233,0.688656374812126,0.254875040613115,0.639458043733612,0.119447325821966,0.645946136210114,0.296014541527256,0.628515959717333,0.965594842564315,0.157031279522926,0
0.600147704826668,0.623099594842643,0.827336298767477,0.27993788337335,0.707368157804012,0.513903544982895,0.900687573011965,0.723175538005307,0.746049990644678,0.388275629607961,0
0.478074176702648,0.611201313789934,0.53003467596136,0.109343549236655,0.736443396192044,0.470277418149635,0.474755082977936,0.724646619288251,0.408796720905229,0.509630132466555,0
0.584806393768359,0.363802047771863,0.884584837593138,0.647959216265008,0.539585066726431,0.218785665696487,0.371876676101238,0.0779338993597776,0.0264096974860877,0.439469474134967,0
0.390197223199205,0.787948681842983,0.565203191479668,0.90078683081083,0.872457958525047,0.533675623591989,0.723947412101552,0.112177100498229,0.446990644792095,0.221016558120027,0
0.301157487556338,0.365633634850383,0.195260099833831,0.138617987046018,0.747942195041105,0.36749591701664,0.133798571070656,0.810076005756855,0.736716402694583,0.213945300318301,0
0.736716863886081,0.293396488189461,0.630796998040751,0.600899653974921,0.533493463881314,0.279288919176906,0.240101935574785,0.555281058186665,0.218656667042524,0.0264681410044432,0
0.822348086861894,0.377464927500114,0.722468727268279,0.424505728529766,0.871858699945733,0.27941224980168,0.278742564143613,0.5878273868002,0.645409885328263,0.992545940680429,0
0.612809310201555,0.42240095580928,0.0828152308240533,0.658830462023616,0.986952721374109,0.132808645954356,0.9394311462529,0.634139347122982,0.425801675068215,0.668891319306567,0
0.60530922934413,0.957453661365435,0.353391160257161,0.364994060713798,0.414250950096175,0.520827315980569,0.181344531476498,0.106009112205356,0.93474261648953,0.542005628347397,0
0.612822873517871,0.783563454868272,0.929042501142249,0.0529860616661608,0.045271978713572,0.163404033286497,0.832608445547521,0.386817729799077,0.573417928768322,0.252081013284624,0
0.271494140382856,0.356506573734805,0.654258769005537,0.466534322593361,0.417770731262863,0.573980795685202,0.67188467620872,0.0331510286778212,0.593623467022553,0.52104628784582,0
0.246477972483262,0.95435388199985,0.418577378150076,0.733713442459702,0.390302853193134,0.0462933420203626,0.976492401910946,0.715522670652717,0.211269614985213,0.382965619908646,0
0.24711748284027,0.856392148344191,0.416815091390163,0.926409111125395,0.583347087027505,0.394838233944029,0.218213272280991,0.570992349414155,0.588399094063789,0.776384638855234,0
0.246445774566382,0.167710690293461,0.394577036378905,0.0337374934460968,0.34764481941238,0.999181989813223,0.526906691957265,0.868009987054393,0.223198745865375,0.502057951875031,0
0.0817970407661051,0.964722282718867,0.914402400841936,0.912971507757902,0.199663774343207,0.875808111857623,0.19414152787067,0.874458350474015,0.437667220132425,0.0497031835839152,0
0.730292011750862,0.854942101985216,0.85469099925831,0.387168268440291,0.534703949233517,0.781130595132709,0.0312585672363639,0.878155588870868,0.132466194219887,0.0968462061136961,0
0.654120655730367,0.648483338998631,0.02460010885261,0.35115264239721,0.702535137301311,0.245683362474665,0.220546743599698,0.0816455788444728,0.75927072414197,0.108470647828653,0
0.376161044463515,0.413036833284423,0.156213140347973,0.642936987802386,0.457443059189245,0.573759973514825,0.534546321956441,0.345943089108914,0.0562190294731408,0.4767742222175,0
0.142440834082663,0.810891992645338,0.411888879956678,0.799833391327411,0.247268840903416,0.647008996224031,0.512601320398971,0.648330938536674,0.131368317641318,0.777857922483236,0
0.625059748999774,0.130357333924621,0.235738378250971,0.676622240338475,0.98329936247319,0.0170146441087127,0.810634593944997,0.230073979822919,0.587417231174186,0.7869148820173,0
0.570784369336069,0.680043050346352,0.888380411313847,0.983537727268413,0.248785631731153,0.765212147729471,0.98697218275629,0.887357696658,0.204033148940653,0.953913003206253,0
0.0550394817261957,0.379582471961949,0.0607797692064196,0.88069293810986,0.516027668258175,0.551196538610384,0.198015252361074,0.09363918681629,0.763417900307104,0.781425540801138,0
0.159782030619681,0.439833271782845,0.278560356004164,0.60914913401939,0.257711664540693,0.887765619205311,0.709433814976364,0.508488225517794,0.421725993510336,0.249796873424202,0
0.450257837539539,0.362855503102764,0.562179578468204,0.0977376338560134,0.955400554696098,0.747848021797836,0.462373149115592,0.482105242786929,0.107823144877329,0.494671634864062,0
