"1","2","3","4","5","6","7","8","9","10","class"
0.684094759006985,0.773426732374355,0.574054716154933,0.326170983957127,0.923769608838484,0.262555937282741,0.56024068640545,0.877337703714147,0.161214775405824,0.556136698462069,0
0.137703989399597,0.174430946353823,0.897312220884487,0.418169620679691,0.839247797150165,0.866538219619542,0.137697850819677,0.956089172512293,0.000510935671627522,0.942899698158726,0
0.124132926848158,0.178073145638034,0.428729255916551,0.733796983258799,0.930871099000797,0.720982135040686,0.0504787731915712,0.327304423321038,0.329176863189787,0.722802518401295,0
0.287396642216854,0.0980296435047872,0.26563148223795,0.278797099133953,0.299165972741321,0.337920333491638,0.292877427535132,0.604342485778034,0.964017096208408,0.876584451412782,0
0.236487900329754,0.375093004219607,0.131641500163823,0.434196622110903,0.55932593322359,0.327793098520488,0.182518471032381,0.517746265977621,0.343269647099078,0.176220945781097,0
0.330244217533618,0.318218502216041,0.496815687976778,0.207733609247953,0.251052466221154,0.123882876010612,0.172099089017138,0.18509605829604,0.270492209354416,0.772223212523386,0
0.150938340062276,0.352251378958672,0.146488493308425,0.917139138095081,0.842991059180349,0.383314809529111,0.272247111191973,0.982327523408458,0.569604905089363,0.632624538149685,0
0.480750947119016,0.384229023498111,0.127724404446781,0.503076079534367,0.0708231870085001,0.0688560681883246,0.799907991895452,0.778882413636893,0.750880990410224,0.659907173831016,0
0.602803019806743,0.746949191205204,0.0827379305846989,0.0776286993641406,0.509744363604113,0.328371960902587,0.731500541558489,0.752240457106382,0.0612084679305553,0.333757088985294,0
0.634480175444297,0.540277815590706,0.653634516056627,0.672027030028403,0.418384214164689,0.352772386977449,0.928036349825561,0.0394278562162071,0.344636413035914,0.729493481339887,0
0.893598198192194,0.738460188033059,0.221859543118626,0.500970837194473,0.573664413765073,0.3639455975499,0.233777720481157,0.786602274514735,0.305805049836636,0.787804688327014,0
0.470814799327124,0.416832459333912,0.516457056626678,0.125331525923684,0.490516923600808,0.940242021577433,0.367663377197459,0.103511839872226,0.421855512773618,0.987060880288482,0
0.0411451911663637,0.238849357599206,0.169154673581943,0.995146784232929,0.26479633897543,0.542808064958081,0.899191563250497,0.971826699795201,0.585616606054828,0.741781261283904,0
0.848127939291205,0.902540463919751,0.821328206686303,0.831497405655682,0.834592115832493,0.747262984747067,0.065405540401116,0.186640359461308,0.459803401492536,0.61331998417154,0
0.697234273800999,0.524011694382876,0.256108620204031,0.686340097803622,0.105267244158313,0.196263851365075,0.649949481477961,0.144663564395159,0.152948156464845,0.844137377571315,0
0.677623529685661,0.856828568736091,0.928742832504213,0.593243056209758,0.501263289013878,0.141701545100659,0.216314421733841,0.877993795555085,0.324127795640379,0.683071258943528,0
0.167947177542374,0.0841604152228683,0.36988781997934,0.744013916933909,0.719403303926811,0.28815434477292,0.816180631518364,0.20956260105595,0.911524293245748,0.299672543769702,0
0.406476636184379,0.299651888664812,0.253520182566717,0.197129317326471,0.717093082377687,0.308912971522659,0.792958283796906,0.148862104164436,0.892224666429684,0.709627507487312,0
0.76800744314231,0.859967127347365,0.675104178022593,0.113288893597201,0.753975076368079,0.414248948218301,0.308372061001137,0.990520644932985,0.261188602074981,0.0224985184613615,0
0.20219407762466,0.121330401146039,0.400709060952067,0.756085731554776,0.217039572773501,0.445976667106152,0.77897915779613,0.540053611621261,0.166870202403516,0.144481709692627,0
0.649356506816112,0.754634928145446,0.0450886082835495,0.932486027944833,0.339654434937984,0.397291170200333,0.438396792160347,0.713726899586618,0.343437550822273,0.736324379220605,0
0.534970700973645,0.493016150314361,0.952725558541715,0.412064982810989,0.0718507673591375,0.316638781456277,0.492202678928152,0.747717576334253,0.514106043381616,0.272615856025368,0
0.674559938009456,0.502763423096389,0.119486130541191,0.37161892419681,0.0421013624873012,0.994716264074668,0.736427811905742,0.652318205451593,0.307511556195095,0.672180102672428,0
0.473732970887795,0.577399419154972,0.643844979349524,0.000345127191394567,0.969244494568557,0.108672147849575,0.101260420400649,0.286611335352063,0.503372201928869,0.300492960494012,0
0.654199163197912,0.636394717052393,0.0558309664484113,0.936647951370105,0.10340263787657,0.270897772163153,0.789110147859901,0.722740750294179,0.8944106483832,0.305281041655689,0
0.710518948291428,0.878652216843329,0.424893495393917,0.217658615903929,0.659547353163362,0.0893288510851562,0.0587034258060157,0.0292748918291181,0.477524898247793,0.0189688873942941,0
0.128928447135538,0.110118947847188,0.262432823423296,0.553812840022147,0.69557751622051,0.448770250892267,0.265227986965328,0.160629524616525,0.107983619906008,0.451916672755033,0
0.0655590242431499,0.308643233822938,0.034634703071788,0.283732877578586,0.682468651328236,0.527359009021893,0.174404240446165,0.713457524310797,0.468563336180523,0.774472076212987,0
0.702129777288064,0.586165675427765,0.352372740395367,0.5894294178579,0.370354341575876,0.468854969833046,0.199522531824186,0.277290178462863,0.0980211873538792,0.182887111324817,0
0.187003654087428,0.486348717938177,0.429607829777524,0.63826810522005,0.74832457001321,0.648496189853176,0.747068405617028,0.864505781559274,0.207078695530072,0.210017267148942,0
0.758003284847364,0.486321757053956,0.668571206741035,0.782945891842246,0.183043110184371,0.253459214698523,0.518516040174291,0.491713833762333,0.453835235908628,0.591850157128647,0
0.692329049110413,0.542752650100738,0.690462132450193,0.697863999055699,0.190388497430831,0.947995736962184,0.181529368972406,0.387410955037922,0.293722138274461,0.0240849815309048,0
0.290993188740686,0.465180459897965,0.97815424669534,0.0439611382316798,0.0934358674567193,0.684649382950738,0.087779879802838,0.225849527865648,0.226577628403902,0.462207427248359,0
0.802701520255115,0.762146747543756,0.857830026187003,0.248894511256367,0.205121212406084,0.448888693470508,0.743447897722945,0.389186521526426,0.173105962574482,0.809400861617178,0
0.090084193585068,0.159304740717262,0.369298628764227,0.305947116110474,0.617862013401464,0.412872382206842,0.292467767605558,0.602307138731703,0.590860657161102,0.471893663983792,0
0.859281579360831,0.894369377144147,0.10088351345621,0.189778746571392,0.835215074941516,0.41115318541415,0.167031038086861,0.157751511083916,0.705183162819594,0.644454581895843,0
0.272672055143863,0.0928606663467362,0.75104264030233,0.625395808136091,0.507017366122454,0.623005540808663,0.954299281118438,0.0670529191847891,0.858952763024718,0.30507121514529,0
0.476567415287718,0.370698887854815,0.207639161497355,0.801872992422432,0.594997648382559,0.690426102140918,0.713301046518609,0.305843373062089,0.808785156346858,0.343204648932442,0
0.837993839396909,0.774220207843557,0.728076630504802,0.280786704970524,0.765319656813517,0.298983742948622,0.613943814300001,0.449668800225481,0.858698644442484,0.601278094574809,0
0.789049829356372,0.613456230610609,0.214514008257538,0.661885915789753,0.403370563639328,0.259828951442614,0.922529500676319,0.856692219851539,0.662420586450025,0.109602384269238,0
0.553360199427232,0.645997374130413,0.816904483363032,0.0229602202307433,0.973745822673663,0.874654973391443,0.465131722623482,0.289476168109104,0.723411537939683,0.84232515306212,0
0.205463689984754,0.2820041005034,0.755493831820786,0.732752504991367,0.463834705762565,0.605356007581577,0.183109187986702,0.73397435923107,0.182248360011727,0.356472466140985,0
0.784954790143669,0.922562922064215,0.00234328559599817,0.158086439361796,0.76928438898176,0.0937990883830935,0.0947167482227087,0.643924042582512,0.509122667368501,0.239067162619904,0
0.265182665957604,0.231872361168545,0.350128242280334,0.428370000096038,0.387704620603472,0.136575073935091,0.425788420019671,0.546437443466857,0.244401754345745,0.835493319202214,0
0.840685004834086,0.976383550558239,0.784869516035542,0.786852927412838,0.0517521528527141,0.766031036153436,0.76425067987293,0.768014078959823,0.152285278774798,0.537209468195215,0
0.651753342011943,0.759937206981704,0.969382316572592,0.34601809293963,0.364448485895991,0.116515204776078,0.818139432463795,0.26080353744328,0.0368354406673461,0.473806344438344,0
0.473162324167788,0.294849137542769,0.0658097092527896,0.634030912769958,0.924346557585523,0.736712947487831,0.447842330439016,0.372299337992445,0.464241645298898,0.722554247593507,0
0.931887310231104,0.963701622793451,0.113311260007322,0.628957482753322,0.997055525891483,0.978120594052598,0.589876800309867,0.285348226549104,0.803769026650116,0.819268780760467,0
0.788617750396952,0.823506277287379,0.0141355963423848,0.458902934798971,0.411409707507119,0.330494858790189,0.535192914772779,0.802304306998849,0.0251071539241821,0.571846810169518,0
0.13528559455052,0.0702514516267926,0.38929617125541,0.0832154243253171,0.950903472723439,0.431221014820039,0.395076129585505,0.612951362505555,0.191595491953194,0.756115475203842,0
0.551856868667528,0.45318943711929,0.710752201499417,0.712781176203862,0.748831745004281,0.973805853165686,0.182928578928113,0.0971098023001105,0.984686164185405,0.416340861003846,0
0.71121861343272,0.504627678077668,0.848528104135767,0.00874818675220013,0.25719121680595,0.395457465201616,0.910940330009907,0.579064876306802,0.650562235154212,0.128606115235016,0
0.347187456195801,0.324685505687818,0.303103929385543,0.634603789774701,0.938404635293409,0.246898703742772,0.397064357530326,0.591282741632313,0.574819632805884,0.0630693882703781,0
0.797742640222702,0.920574953817111,0.585010749753565,0.0220161234028637,0.100378266535699,0.675400845473632,0.387824847828597,0.334898599889129,0.866057753562927,0.819188881665468,0
0.617560877508298,0.474658247720078,0.78360141790472,0.0451338037382811,0.41005206014961,0.768497196724638,0.47208329080604,0.425037894863635,0.140268901828676,0.763354681897908,0
0.416415811203886,0.601486459213775,0.387896947329864,0.281648199772462,0.369428381323814,0.461354737868533,0.467710716882721,0.500171200605109,0.0270918188616633,0.199204965028912,0
0.106858268749341,0.0765146247960627,0.332330201752484,0.438890662044287,0.621213506674394,0.699553204234689,0.622922064503655,0.159307902678847,0.0420946264639497,0.127056539990008,0
0.387682519387454,0.552938319044188,0.747702676570043,0.463794548762962,0.621552465017885,0.265705991070718,0.527204690966755,0.262620872585103,0.749097632011399,0.870297828223556,0
0.196860554628074,0.240478415507823,0.12109450227581,0.0535663317423314,0.283265236532316,0.387036345433444,0.0921162995509803,0.964671202003956,0.892283502500504,0.10327898315154,0
0.0779912238940597,0.10478514386341,0.662846146151423,0.505563381360844,0.988228302216157,0.901630388572812,0.901932957349345,0.287474041804671,0.012252219254151,0.928547994699329,0
0.45559140169993,0.589765116224997,0.581389726838097,0.209128667600453,0.304170989431441,0.997628294629976,0.319255434907973,0.966914910823107,0.941448615398258,0.905845680972561,0
0.826892771545425,0.807898997552879,0.17656516074203,0.782731210114434,0.34444646211341,0.3742025855463,0.390949855558574,0.205223057186231,0.689487036084756,0.731328693218529,0
0.354369655326381,0.321350509053841,0.245479302015156,0.389405243564397,0.416885610437021,0.395248159533367,0.93827372812666,0.621323613217101,0.303690321976319,0.683760330546647,0
0.427816549083218,0.655437273671851,0.161530422978103,0.308581314282492,0.6453411297407,0.563071990152821,0.586422828724608,0.230450495379046,0.879930820316076,0.201618464896455,0
0.346729350276291,0.119551808806136,0.0373004730790854,0.993862031260505,0.808389855548739,0.558902323478833,0.47460177866742,0.499743316322565,0.499533432302997,0.150992245180532,0
0.786686952494551,0.830391658725217,0.99892753479071,0.679089036304504,0.415064702974632,0.841967108892277,0.140283161541447,0.795631031738594,0.595473144901916,0.904436481185257,0
0.592768275213614,0.559064280444756,0.372768701519817,0.650543632684276,0.265077765332535,0.5693922303617,0.84769023465924,0.52016714354977,0.62465847749263,0.711654980201274,0
0.598534518258739,0.709850246500876,0.884485590737313,0.354815882397816,0.997438862454146,0.276395148131996,0.362081969156861,0.796189694665372,0.197032015537843,0.0239934872370213,0
0.627069368505292,0.639752702607401,0.43484581913799,0.699033561395481,0.170524723129347,0.110189464176074,0.537506560329348,0.731379800476134,0.641965020215139,0.175745935877785,0
0.746150207642,0.700441158621293,0.0211554348934442,0.739095686934888,0.907540378626436,0.17386209522374,0.773769813589752,0.0504970767069608,0.806660814676434,0.0545736455824226,0
0.525383310159668,0.562212181277573,0.694561016978696,0.598273178795353,0.352186016505584,0.0350433473940939,0.0287750812713057,0.136612775735557,0.399428117321804,0.666390395723283,0
0.965305927594565,0.797605803115014,0.3508781848941,0.712629315676168,0.238422429887578,0.526026860810816,0.364352653268725,0.758578376844525,0.625615910161287,0.817138350801542,0
0.689419574955106,0.809337621875852,0.876411389792338,0.659181218594313,0.478574418229982,0.745036149863154,0.826320372987539,0.4627047451213,0.00471936841495335,0.623697554925457,0
0.39956301467251,0.316634012310114,0.0270302859134972,0.440917419269681,0.0799174278508872,0.163978331722319,0.859199120663106,0.376390704652295,0.437521231826395,0.00422997726127505,0
0.951402684025839,0.860293542348221,0.119517503073439,0.765742995310575,0.724448866676539,0.0942323482595384,0.890318037942052,0.940384855959564,0.962499437388033,0.209529086947441,0
0.048970381678082,0.164894148730673,0.269617053912953,0.246087396284565,0.10914441361092,0.769045564578846,0.24314765422605,0.202927739592269,0.88327346323058,0.721402090974152,0
0.482772010221519,0.604367182274349,0.575865220278502,0.793094510212541,0.347066238988191,0.364875009981915,0.623986747581512,0.989857791922987,0.320404609898105,0.188107978319749,0
0.0479218396825716,0.242532626728807,0.121719341725111,0.86209532758221,0.00975909968838096,0.0557369401212782,0.07062878459692,0.889241272117943,0.103195854695514,0.0505424707662314,0
0.87228675894551,0.831060491054878,0.637321627931669,0.367133683990687,0.650064290501177,0.246147397207096,0.245335737708956,0.186840699752793,0.094890951178968,0.557073362870142,0
0.150177370159049,0.1813338697345,0.0397442013490945,0.305815142812207,0.657098725438118,0.919395168079063,0.91923108138144,0.627802702365443,0.65186535869725,0.905040045734495,0
0.32565684886463,0.27063830012735,0.449354035081342,0.716604812536389,0.143722367007285,0.357389672426507,0.258247557561845,0.319303522817791,0.590301638236269,0.457530335988849,0
0.438587619202863,0.402175924151111,0.593307305127382,0.0185411535203457,0.248262027278543,0.0352956559509039,0.447685146471485,0.256831785198301,0.0155689802486449,0.0723515679128468,0
0.237756196225807,0.197478282458708,0.148375210585073,0.9561089402996,0.0571322951000184,0.521925048902631,0.346289220266044,0.922231496311724,0.646589297568426,0.400797011097893,0
0.661752511994448,0.515140214437339,0.922568303765729,0.999941304093227,0.695536107523367,0.25460891588591,0.948342981748283,0.349656135309488,0.716246527852491,0.24931620224379,0
0.655697356676683,0.57632259815,0.252740666270256,0.495721597457305,0.993130216840655,0.715372554725036,0.552889504702762,0.557221196824685,0.151650045067072,0.253823306644335,0
0.164685277501121,0.125762361101806,0.757794339908287,0.559934725286439,0.319255294511095,0.817188516259193,0.274739712709561,0.126683433540165,0.599947149166837,0.644467152887955,0
0.501983744790778,0.653349934145808,0.412981471745297,0.878567212959751,0.0489988678600639,0.901191576384008,0.298145170556381,0.254520412301645,0.164643227355555,0.0410263519734144,0
0.966312231961638,0.734949816018343,0.948023800738156,0.19866357720457,0.436349196592346,0.472202125238255,0.258378564147279,0.950842373538762,0.51195455994457,0.769642662489787,0
0.90074318065308,0.78966458234936,0.540702879428864,0.159207690274343,0.0652452479116619,0.454670686274767,0.220114942640066,0.811364696593955,0.159069720190018,0.319326800759882,0
0.72802715213038,0.764301277929917,0.0425349881406873,0.218476555077359,0.108615041710436,0.204198687337339,0.728368010371923,0.413466354133561,0.753737826133147,0.143270780099556,0
0.372891375329345,0.141723522450775,0.806549320695922,0.552077742293477,0.513339122291654,0.166411233134568,0.977763006463647,0.939888239139691,0.364838381065056,0.836761287879199,0
0.475760332815722,0.543428137594648,0.619893009774387,0.543412721017376,0.192791800945997,0.828552512452006,0.91251749638468,0.681452804012224,0.64666878269054,0.413837124127895,0
0.714470887323841,0.633851646212861,0.756703454069793,0.977557986974716,0.716012774035335,0.922978708520532,0.255908783758059,0.0102886154782027,0.254705752246082,0.755106515949592,0
0.486123485956341,0.297067970968783,0.248112990753725,0.808884084690362,0.60037858877331,0.149869367014617,0.459770211251453,0.594692552695051,0.0716765935067087,0.938754488714039,0
0.211618878878653,0.415398334618658,0.999350222991779,0.913578390609473,0.879511018516496,0.560696394182742,0.296031018253416,0.976940721506253,0.750304460758343,0.15330305788666,0
0.251711991037242,0.416041529709473,0.946376384468749,0.166474530240521,0.975293656578287,0.481881467392668,0.783548144856468,0.146734993439168,0.119885343359783,0.338859213981777,0
0.144901861242391,0.265800812423788,0.228887373814359,0.805034030228853,0.703359669540077,0.792301469482481,0.782418900169432,0.156498512253165,0.842293729074299,0.340968815609813,0
0.33144305110909,0.24762649461627,0.519421860110015,0.587558455532417,0.387685738271102,0.848097355570644,0.704209647607058,0.164031108608469,0.579905478050932,0.799918666714802,0
0.724663543957844,0.849709177294746,0.770870343316346,0.594223686959594,0.510195870185271,0.182264622999355,0.277646124828607,0.300456205848604,0.37672236864455,0.77184086246416,0
0.344012121662777,0.317641277547739,0.609718511346728,0.681893671862781,0.97079853201285,0.666816997108981,0.529332302743569,0.970179818803445,0.274599028984085,0.0614452606532723,0
