"1","2","3","4","5","6","7","8","9","10","class"
0.95863430108875,0.751936780754477,0.881927798036486,0.769507669843733,0.563803103752434,0.811660126317292,0.348383517935872,0.898095134180039,0.736019472358748,0.470587655203417,0
0.829890216235071,0.756349005736411,0.451011007186025,0.912340874085203,0.840547286439687,0.683206868125126,0.989653998287395,0.533744663465768,0.353438735706732,0.610001343069598,0
0.955394815653563,0.779460167977959,0.864043347304687,0.0495120079722255,0.524323625024408,0.347475802293047,0.364365094574168,0.72915826854296,0.0179496356286108,0.945566853508353,0
0.210402054712176,0.112358131678775,0.523187804501504,0.107506773434579,0.371462876908481,0.706618114840239,0.408051495440304,0.568028701236472,0.330668974202126,0.943234573118389,0
0.221400386983901,0.00480701450668278,0.749902142677456,0.836676486767828,0.424161984352395,0.754160607233644,0.991021568654105,0.540051843738183,0.165835079038516,0.0694631480146199,0
0.362132792593911,0.491373180411756,0.538767910096794,0.251254975330085,0.82137260469608,0.198843773221597,0.601696697529405,0.793383849784732,0.920536398421973,0.52690071775578,0
0.292345422087237,0.119292102986947,0.12570321559906,0.175565665354952,0.656718698563054,0.604438979877159,0.678198545705527,0.0608143988065422,0.36384127382189,0.360242795897648,0
0.653626073562866,0.829587887381506,0.44555465108715,0.960875380551443,0.0374327728059143,0.0799684103112668,0.489145115017891,0.121219280874357,0.874163093511015,0.352519677486271,0
0.0100128689981066,0.0954352957242169,0.411249940982088,0.397708451142535,0.0514583380427212,0.651257483521476,0.496302062645555,0.87971296091564,0.281100749736652,0.262114611687139,0
0.525935915217479,0.777268852123176,0.351026551565155,0.603528952924535,0.798708888236433,0.703729632310569,0.133044052869081,0.110579916043207,0.163763776887208,0.427837931318209,0
0.658598823472857,0.461549172410741,0.895330294501036,0.2164503026288,0.337987946113572,0.49211018672213,0.748622140614316,0.950488375499845,0.985846122726798,0.691803825320676,0
0.508287701879814,0.765590453824517,0.0122038009576499,0.0827848350163549,0.721030978951603,0.582470470340922,0.627958659548312,0.622202516533434,0.817432074807584,0.954884120961651,0
0.359244432733208,0.604281589601561,0.931927292142063,0.042139939730987,0.424673245986924,0.10944650368765,0.0963852675631642,0.994819642044604,0.062117442721501,0.72916924348101,0
0.492755059385672,0.721500089159235,0.103925839997828,0.79460888216272,0.578587376512587,0.00839835940860212,0.888488746481016,0.533771728165448,0.799069635104388,0.27808477403596,0
0.0209867139965762,0.102249700291967,0.743980401661247,0.702569377142936,0.238760783802718,0.155710499035195,0.170904739759862,0.0730453857686371,0.859980873065069,0.393025744939223,0
0.765249957649154,0.807470625348855,0.0404598589520901,0.204992868006229,0.26636409573257,0.0479523248504847,0.222970578586683,0.884449361357838,0.192784419283271,0.0482446514070034,0
0.111559849533997,0.160634414561372,0.782794401515275,0.0831378998700529,0.721276914468035,0.44540079170838,0.974679963896051,0.596649916144088,0.0141560211777687,0.175417588790879,0
0.0409319866302423,0.0874130158341257,0.0623457706533372,0.326866002054885,0.0385015965439379,0.645278136944398,0.0444877387490124,0.275452385190874,0.902016256004572,0.288833153201267,0
0.549225144449808,0.470031702702865,0.387379247928038,0.828632104210556,0.118739975383505,0.132924526697025,0.652083331020549,0.549833988305181,0.386320275720209,0.805513093713671,0
0.407650004373863,0.436213830951601,0.642908811103553,0.539309587562457,0.234021521406248,0.631917782360688,0.165186384925619,0.57550521986559,0.0153794547077268,0.657517042942345,0
0.316647182684392,0.0822596973739564,0.336167638422921,0.0354265009518713,0.948515215190127,0.91796940122731,0.0186304252129048,0.0248698862269521,0.976137269055471,0.177872924599797,0
0.800434813369066,0.734816439449787,0.0454068274702877,0.402104131644592,0.687448056181893,0.0932908190879971,0.490881311474368,0.30397424264811,0.36487544933334,0.486175789497793,0
0.949268764268281,0.870542899297364,0.506521658739075,0.104935866082087,0.283744586398825,0.597998738987371,0.902188387233764,0.362759268609807,0.870820633601397,0.522051239619032,0
0.626705622533336,0.579666173784062,0.897811854025349,0.833869154332206,0.0822711244691163,0.310448959236965,0.194839707110077,0.643857459537685,0.130318100564182,0.915537448367104,0
0.430090075836331,0.146722587469406,0.30365746980533,0.338367020012811,0.990660092094913,0.577622557990253,0.312910452252254,0.642406973522156,0.85744576761499,0.710071682464331,0
0.262097565922886,0.461139207240194,0.389113328652456,0.497494032839313,0.437715125503018,0.548988376744092,0.891750819049776,0.969365861034021,0.0915210747625679,0.94821952865459,0
0.052796055426076,0.0747427954139188,0.75094213639386,0.839466260746121,0.865260597318411,0.566529179224744,0.905528998933733,0.340349273290485,0.0200771233066916,0.610625380650163,0
0.971333275549114,0.944993181154132,0.9384057787247,0.308592691551894,0.91582766128704,0.337412730557844,0.681361996568739,0.053164970362559,0.629701283527538,0.916751214535907,0
0.461046680201963,0.60472148303315,0.211826760089025,0.133420706260949,0.0779326211195439,0.303108715219423,0.814367915736511,0.560015234397724,0.497095053317025,0.0988645846955478,0
0.117995044750022,0.136180931501184,0.368438742589206,0.362738654017448,0.189322493271902,0.0540859883185476,0.423941018758342,0.335784383118153,0.307383477920666,0.214713855879381,0
0.232223890256137,0.353327847551554,0.0992900982964784,0.406275643035769,0.859936735359952,0.345750801963732,0.864238073350862,0.827223382424563,0.948934353655204,0.499492985894904,0
0.871724746767175,0.845481398262596,0.0554696868639439,0.593137999996543,0.553045746404678,0.746890930226073,0.743186272680759,0.728024264564738,0.573130532167852,0.474409483140334,0
0.0955764085520059,0.177333689294755,0.956059656804428,0.995302533730865,0.117616952862591,0.597737080650404,0.188295383006334,0.226122378138825,0.586731989635155,0.0932881978806108,0
0.568039157001185,0.392978260211437,0.159766817465425,0.702116940636188,0.390082746278495,0.381439577555284,0.064290588721633,0.256343945395201,0.536928782472387,0.344327417900786,0
0.0141602023123764,0.155470200897381,0.0418241680599749,0.02208810322918,0.679098490159959,0.352469681529328,0.859276606701314,0.762508844025433,0.133913013152778,0.264517133589834,0
0.189615773478523,0.247427902112133,0.0259528923779726,0.541724934475496,0.0601701107807457,0.834679615916684,0.373529622098431,0.879111463669688,0.276590171270072,0.679238064447418,0
0.590918336846679,0.588485011649877,0.456969179445878,0.781843598233536,0.438335970044136,0.196958573767915,0.034777196822688,0.633234160719439,0.969550352077931,0.859261154895648,0
0.39759253221564,0.524741724366322,0.828928684117272,0.856337598292157,0.903221306623891,0.496746851364151,0.219258655095473,0.266956476960331,0.493713654810563,0.233644007705152,0
0.227315741549153,0.421977772606304,0.945374911651015,0.908129139337689,0.0323572820052505,0.431615201523528,0.225207821233198,0.880632421467453,0.740942379226908,0.302492460701615,0
0.0317317435857142,0.167745247469726,0.906659015454352,0.586173979332671,0.39511944912374,0.0629566325806081,0.65261970856227,0.00780815212056041,0.693526044255123,0.902716362150386,0
0.947680276131723,0.879518201566767,0.420506908092648,0.664534255396575,0.28802051092498,0.343452412169427,0.106799207162112,0.0184177742339671,0.778999493224546,0.975365351885557,0
0.858279673899431,0.917693988726288,0.200252820271999,0.0472884797491133,0.93391025904566,0.881958345416933,0.702806180110201,0.276752684265375,0.419124205131084,0.352151678409427,0
0.83567971833148,0.927477808642201,0.240187185816467,0.542845786549151,0.254335671896115,0.387506431899965,0.823425087146461,0.27733788988553,0.779098849277943,0.761949419509619,0
0.214123620418832,0.121658709133044,0.179968948243186,0.139436959987506,0.483556526014581,0.233677155338228,0.307721776189283,0.12531601684168,0.929359500529245,0.580613741884008,0
0.140154143426381,0.147094308274612,0.861718076048419,0.0440403537359089,0.104479531524703,0.870360935572535,0.0873291927855462,0.998682040022686,0.277312542079017,0.183637944748625,0
0.243710151075269,0.0715867035789415,0.233538987813517,0.45492026116699,0.617488062009215,0.155467798002064,0.202998964581639,0.650002863723785,0.750515684951097,0.117957933805883,0
0.27569708484225,0.396562234032899,0.912911181105301,0.564992631785572,0.112393462797627,0.487197436625138,0.641279460396618,0.222484630532563,0.990056106587872,0.947057036450133,0
0.641937289803405,0.737980443095742,0.439833828248084,0.686441350262612,0.563351493095979,0.513890784466639,0.295427088392898,0.481364509556442,0.475739421788603,0.635911204153672,0
0.761906908801757,0.815484863480553,0.00143927568569779,0.634782249107957,0.111762214219198,0.813085781643167,0.851692970842123,0.189652170520276,0.941000553080812,0.385957664810121,0
0.499819562949846,0.333173190889903,0.0911792649421841,0.129272838588804,0.648146280087531,0.748020806349814,0.0592782469466329,0.810259886551648,0.894746572477743,0.867331463610753,0
0.360769377101678,0.592144115536939,0.384099509334192,0.420974005013704,0.759242814499885,0.519990304019302,0.642543726367876,0.819802308920771,0.614442069549114,0.971235686680302,0
0.826633265779074,0.93466864798835,0.114264373667538,0.252003658562899,0.424338296055794,0.795717529719695,0.462313048308715,0.215657324995846,0.734180728672072,0.0344429439865053,0
0.749297320144251,0.852389283711091,0.877044432330877,0.614282988477498,0.318016816396266,0.0532697043381631,0.500388209242374,0.0180858310777694,0.930441875709221,0.143575665773824,0
0.169566402677447,0.208039172226563,0.529586233198643,0.441531953634694,0.570019849343225,0.746031872462481,0.467566019156948,0.786964507773519,0.877996333641931,0.537508686073124,0
0.187038526222948,0.256783071829332,0.0782532510347664,0.102500700158998,0.974007045617327,0.811699069337919,0.711421104613692,0.779675147728994,0.536438002483919,0.178595293778926,0
0.574604865862057,0.374022232601419,0.198584508616477,0.43605322134681,0.924818094121292,0.516300636576489,0.563341161236167,0.557874271646142,0.351099463412538,0.456478420179337,0
0.0254316797379404,0.0270202361386269,0.773205006495118,0.0628152617719024,0.365448963828385,0.532071166671813,0.450191296171397,0.965985513292253,0.898775323759764,0.948754829587415,0
0.271017216946743,0.465661255526682,0.25013462966308,0.548335798084736,0.301023280248046,0.239348793169484,0.650076111778617,0.563354728044942,0.763344607315958,0.588108632247895,0
0.370633306913078,0.196432413766161,0.89149356726557,0.859880820149556,0.307002463378012,0.241035956190899,0.165300297085196,0.791094591841102,0.787328722188249,0.530716366833076,0
0.887423348371428,0.765616646522703,0.92781301215291,0.205897766863927,0.0477535345125943,0.345538345631212,0.461804863065481,0.596277896314859,0.918789854971692,0.874101907946169,0
0.214686508756131,0.426775918575004,0.25812884233892,0.449976730626076,0.0291262057144195,0.673273715656251,0.87591041973792,0.0797404630575329,0.857116566272452,0.0903537548147142,0
0.750152637941227,0.477117260471312,0.421716551063582,0.271408425178379,0.228994844481349,0.450781220803037,0.0329637795221061,0.20254277694039,0.0785287509206682,0.615099559538066,0
0.271492886690376,0.451971707822103,0.231766365468502,0.284285467583686,0.353912331862375,0.337888150941581,0.761967470636591,0.445059185614809,0.535727262031287,0.18481739773415,0
0.626332837749994,0.613082753922581,0.0952677801251411,0.310258044395596,0.00460125668905675,0.021055752877146,0.503641008632258,0.290273470338434,0.473056477028877,0.61344189546071,0
0.893126092429925,0.714225921790209,0.72905173827894,0.634235571837053,0.739758910611272,0.504363011801615,0.393038432579488,0.879664903972298,0.128258134704083,0.838439234066755,0
0.996097203597426,0.941961631896789,0.0930719575844705,0.410328439902514,0.4950697934255,0.0851278970949352,0.858651492046192,0.0895154515746981,0.550787767861038,0.53555343975313,0
0.448137933718134,0.215837558528502,0.345368581591174,0.194583864882588,0.503236764110625,0.300899739610031,0.29271962819621,0.394502982497215,0.14548975112848,0.293726412579417,0
0.190030588366906,0.183646954470524,0.108878266531974,0.966552024241537,0.910687738796696,0.320977237308398,0.0216518591623753,0.284987918334082,0.129970812704414,0.0382009488530457,0
0.785865972284228,0.68032317655161,0.622048481134698,0.817548155318946,0.513911043759435,0.37237362540327,0.249303200514987,0.58012708206661,0.524713313672692,0.440002165269107,0
0.890287014422938,0.931343356380239,0.312694370746613,0.159241608111188,0.714279422536492,0.439502323046327,0.957817381247878,0.257284487830475,0.0689345211721957,0.219515590230003,0
0.823095468338579,0.670071898028255,0.927165628643706,0.939883488696069,0.378998762927949,0.991213576402515,0.639206855092198,0.103904632618651,0.795536288060248,0.295763807604089,0
0.243264833785174,0.505104163682298,0.63879991765134,0.127619342179969,0.218659446807578,0.472844826057553,0.89969077706337,0.967852476518601,0.363427861826494,0.698389201425016,0
0.326595848120935,0.504506646286044,0.974482949823141,0.21411178749986,0.179031478473917,0.679274866823107,0.338804270140827,0.782244347035885,0.866216289112344,0.193549143150449,0
0.51832388578949,0.528298804366938,0.071128529496491,0.890600396087393,0.343102630926296,0.705382759682834,0.288091624854133,0.997609258396551,0.0449690397363156,0.860818598419428,0
0.679267920088023,0.66000017314218,0.192459765123203,0.780582875013351,0.892261515371501,0.0150262429378927,0.647584678605199,0.618397119920701,0.693045906722546,0.0402606562711298,0
0.847697533768369,0.929682356985286,0.783227012027055,0.872321513015777,0.450127331074327,0.094969893572852,0.519986197818071,0.296247317222878,0.0735877039842308,0.238954371772707,0
0.815444260459393,0.777830401024595,0.0912951051723212,0.18548090220429,0.389312902465463,0.939670376945287,0.193000848870724,0.0693944215308875,0.204923681449145,0.505221494473517,0
0.885098271770403,0.980574657209218,0.0414312949869782,0.476242875913158,0.612303219968453,0.303962782025337,0.162807024549693,0.0377516294829547,0.0807879781350493,0.695997937815264,0
0.705547526275599,0.809456192135205,0.753565304912627,0.697187347803265,0.267766286851838,0.632678531808779,0.867519479012117,0.39977420005016,0.339677785523236,0.803115553455427,0
0.453397538683983,0.540891886236612,0.0973794641904533,0.45615565078333,0.0226771284360439,0.0164085272699594,0.914234424708411,0.342061122646555,0.513484282186255,0.512633684789762,0
0.437447012546938,0.488380338193849,0.219421263318509,0.606033354299143,0.809419891331345,0.315673962933943,0.117041621124372,0.988702313508838,0.0548736467026174,0.0680118293967098,0
0.689332108246163,0.629248568089679,0.152294798055664,0.60309274145402,0.93755767843686,0.737986413063481,0.375948032131419,0.369507016614079,0.382680146023631,0.686286686453968,0
0.280031255679205,0.383271062746644,0.211713495431468,0.747307136654854,0.193052015732974,0.658471778035164,0.475147234974429,0.480277921771631,0.427612116094679,0.831901169149205,0
0.505998699654616,0.671614455644973,0.812831971095875,0.510611026315019,0.441549897193909,0.0592811813112348,0.66462124325335,0.384601849131286,0.157722500385717,0.407301289495081,0
0.844424606999382,0.992853829404339,0.714778086636215,0.633361007552594,0.139514950336888,0.487462162040174,0.364115824922919,0.125773721607402,0.426726379897445,0.829233335563913,0
0.851345466605038,0.639368286886718,0.144819640787318,0.21982290269807,0.0262944709975272,0.895566926337779,0.20170957618393,0.665148304309696,0.687360129086301,0.246593495132402,0
0.622778513773996,0.38094260623958,0.657561172964051,0.639871204970405,0.0642880634404719,0.812725491356105,0.241883282084018,0.0296571480575949,0.877981852507219,0.0742637608200312,0
0.60001015663147,0.802754588425159,0.143205903703347,0.702916985377669,0.0530882971361279,0.530688532162458,0.932295831386,0.518930957885459,0.699505311669782,0.982323938747868,0
0.335415100808721,0.210022493700776,0.4793444017414,0.96977390954271,0.406760478392243,0.269079918507487,0.526134313317016,0.246463585877791,0.533257897477597,0.360667265951633,0
0.730582891521975,0.872463901099539,0.304190969094634,0.337046610424295,0.516372535843402,0.951737279538065,0.773500108160079,0.00325790187343955,0.294788969680667,0.287623105570674,0
0.747824812649051,0.769775638489053,0.956859510391951,0.209089479409158,0.320153437787667,0.36795002175495,0.640816619154066,0.363455654121935,0.680393098387867,0.13011173857376,0
0.590339326299727,0.459184342296794,0.258299946319312,0.87511684326455,0.226251924177632,0.525887614348903,0.7928656199947,0.890896152704954,0.185659732203931,0.265672942390665,0
0.218732692766935,0.326860475819558,0.524252365576103,0.405875761760399,0.621591070434079,0.632383013609797,0.761314353207126,0.389181444654241,0.476069289725274,0.192607998149469,0
0.825356803654367,0.948490483283577,0.830328015377745,0.739569957135245,0.888675009133294,0.990248226793483,0.991633078549057,0.981629169778898,0.801327622262761,0.360822936752811,0
0.136819032320334,0.133215914408211,0.397068559890613,0.546118052443489,0.515833779703826,0.551306621171534,0.92213486530818,0.993784301914275,0.375383913051337,0.374085712013766,0
0.414283879334107,0.613555299583822,0.400101711507887,0.45409368048422,0.0807691619265825,0.93579191621393,0.573944762349129,0.914073731983081,0.298915564548224,0.813196963630617,0
0.34630116680637,0.306997365551069,0.497142784995958,0.441920761484653,0.451144551625475,0.187012057052925,0.701595679158345,0.473353979410604,0.345734875183553,0.471747654024512,0
0.520855998998648,0.537440385291167,0.178019722225145,0.792124376399443,0.347866810159758,0.145813731476665,0.440156864002347,0.151537829311565,0.098474214784801,0.0775630041025579,0
0.682584864320233,0.568453131709248,0.0466911536641419,0.896814925828949,0.570123202167451,0.721564706414938,0.22404417861253,0.734929008409381,0.507057224633172,0.950169510906562,0
0.867920862040902,0.850927009516023,0.483488010009751,0.65388931427151,0.251479708822444,0.347494566580281,0.0250923975836486,0.755515851546079,0.320023725740612,0.377003840403631,0
