"1","2","3","4","5","6","7","8","9","10","class"
0.598519517341629,0.517492471262813,0.61690104403533,0.709888464072719,0.316347930580378,0.938477962743491,0.608804786112159,0.694121309323236,0.728541209129617,0.0457351498771459,0
0.373486592667177,0.766340968664736,0.136491272831336,0.838263286277652,0.231201988644898,0.0196765817236155,0.276702890405431,0.274087333586067,0.861007773783058,0.34493862092495,0
0.868852020706981,0.50279983645305,0.465733409626409,0.918066834332421,0.810620319098234,0.628368557430804,0.39623938803561,0.914889243897051,0.260934223420918,0.87679585092701,0
0.515788934476953,0.365344694175664,0.580566347809508,0.623166497563943,0.61740195308812,0.102279238402843,0.994050609646365,0.0013410085812211,0.189011781942099,0.688656521728262,0
0.545133681967854,0.409118711948395,0.8860889300704,0.0541895548813045,0.811000615358353,0.844089945079759,0.180463598808274,0.303919094149023,0.729294323595241,0.569484867155552,0
0.0217736156191677,0.233743149787188,0.0743435847107321,0.478901992319152,0.44318664749153,0.620256186230108,0.651152738370001,0.112654659664258,0.547651666449383,0.286866226000711,0
0.696434588171542,0.451825060416013,0.584673717152327,0.0032451506704092,0.513580167433247,0.461613337509334,0.182738688075915,0.620185828767717,0.0953023496549577,0.333787655457854,0
0.397242887411267,0.288176145637408,0.769420508760959,0.662806559121236,0.887111419113353,0.741839513648301,0.782386131118983,0.0426687020808458,0.862577240448445,0.187862987630069,0
0.282194454455748,0.61536197271198,0.247349017299712,0.148512760642916,0.46677845180966,0.113254653522745,0.0286581316031516,0.989408350549638,0.421254144748673,0.631630822317675,0
0.175944922675099,0.067734379677847,0.6945245412644,0.454992213984951,0.354445991804823,0.435727815143764,0.806900402763858,0.313492576824501,0.275142564205453,0.165559274842963,0
0.261734960135072,0.466615814715624,0.116246680496261,0.988616714254022,0.991112789371982,0.373082891572267,0.958610952598974,0.237869504606351,0.383012455655262,0.548702197149396,0
0.794033842770848,0.161406215823442,0.71431158320047,0.308735847705975,0.134938364848495,0.359594250097871,0.387965122004971,0.414732212666422,0.0375843369401991,0.078264597337693,0
0.682018158491701,0.787293157773092,0.688102373620495,0.00683883554302156,0.737729004817083,0.847278540022671,0.643915700726211,0.514597495319322,0.306176716461778,0.191184159368277,0
0.188051467062905,0.605750564485788,0.742750648409128,0.588657025946304,0.175919509259984,0.00799752702005208,0.982104608556256,0.192383723333478,0.38579056924209,0.953160936245695,0
0.646124176775292,0.763147266320139,0.881462042219937,0.00917164771817625,0.92442445573397,0.316191318910569,0.961831191554666,0.0286865083035082,0.469425604911521,0.786200770409778,0
0.492225353838876,0.210926214698702,0.279751615365967,0.124181826831773,0.775070000672713,0.0732176639139652,0.176003456581384,0.0943859699182212,0.647840704536065,0.905310798436403,0
0.38724500993602,0.178785342325829,0.0438397284597158,0.885866124881431,0.439512227429077,0.300441849278286,0.811205030884594,0.807343380292878,0.217713749734685,0.407075181836262,0
0.561591526726261,0.166142683941871,0.549164704512805,0.414063625736162,0.0417383201420307,0.511405903846025,0.406617447501048,0.95212566643022,0.929270125227049,0.991626100381836,0
0.67575917695649,0.436536149354652,0.567217907635495,0.328580880304798,0.183494274737313,0.386687088524923,0.689766947412863,0.47489368612878,0.857559184776619,0.336401660460979,0
0.415478006703779,0.778363006189466,0.576699092518538,0.631015252321959,0.425098933978006,0.710168575169519,0.0442406737711281,0.351988894864917,0.66742620524019,0.881417834898457,0
0.183214459016919,0.167997150951996,0.978349231183529,0.448020612122491,0.846745355054736,0.700521675404161,0.164742845576257,0.415343179134652,0.13269904977642,0.977998467162251,0
0.847188628977165,0.600439005997032,0.436111194081604,0.846336305141449,0.227151921251789,0.418218668084592,0.968410283094272,0.258993431227282,0.510333464015275,0.961192972259596,0
0.744676855625585,0.356958465185016,0.714673215756193,0.362680377904326,0.374818878481165,0.483448473038152,0.214443334145471,0.398467493709177,0.252945775631815,0.139152589719743,0
0.739562118658796,0.448524828767404,0.789584493963048,0.993193458067253,0.670549171976745,0.692570804618299,0.606154708890244,0.410413460806012,0.595807833364233,0.453170573571697,0
0.255284873768687,0.354486026568338,0.284904376836494,0.434864187147468,0.788658594712615,0.98390798876062,0.291980795795098,0.243105032481253,0.511559701757506,0.411134908441454,0
0.966308369766921,0.492873377399519,0.291868215193972,0.685704595409334,0.0205312673933804,0.859332126798108,0.775029164040461,0.676995393121615,0.335368228377774,0.00282885273918509,0
0.278998201480135,0.687572068534791,0.589071670547128,0.76671689748764,0.611905360128731,0.827052548294887,0.527475146576762,0.378008423605934,0.464213539846241,0.642988722538576,0
0.782723563561961,0.626941913581267,0.509949862491339,0.423212630674243,0.471370481653139,0.388157742330804,0.378167720278725,0.49667251156643,0.207389381714165,0.922476238803938,0
0.387289066333324,0.58809458417818,0.801836724858731,0.641686274902895,0.457505695987493,0.502101316582412,0.530184271279722,0.947682239580899,0.489143962040544,0.732174567645416,0
0.971275246236473,0.996747322147712,0.693110400345176,0.0243031652644277,0.817305933916941,0.226526265498251,0.406758724013343,0.980698490981013,0.593308030162007,0.416438182350248,0
0.759351671922952,0.512672083187848,0.390048976521939,0.0664526673499495,0.943836963968351,0.586421146290377,0.714152739848942,0.453762983204797,0.015986253041774,0.413963462458923,0
0.483438065624237,0.422909687365778,0.429972897283733,0.715883047552779,0.482650518417358,0.380914813838899,0.472587883938104,0.410837850766256,0.432305292459205,0.145031508523971,0
0.258887649753317,0.612105528660864,0.796123825013638,0.938259238144383,0.139800226083025,0.562386029632762,0.230250302935019,0.534317363752052,0.645532976835966,0.920732068829238,0
0.677656578365713,0.529397050151601,0.356435389025137,0.927998604485765,0.56885829847306,0.851645428687334,0.382829666836187,0.698399645742029,0.337892263196409,0.154971174430102,0
0.856444159988314,0.62391018983908,0.21926112822257,0.836203832179308,0.884769950527698,0.155057789059356,0.486931366613135,0.148653980111703,0.870094392681494,0.447387473424897,0
0.8775774827227,0.608350682770833,0.108647481305525,0.269163482589647,0.206695097964257,0.840095526073128,0.811928678071126,0.610139620956033,0.841239653062075,0.266784971579909,0
0.0209221031982452,0.0225308781955391,0.490531023591757,0.213130821008235,0.745707313064486,0.225890062516555,0.770503085572273,0.224546217126772,0.729870760347694,0.310853369766846,0
0.371394856600091,0.213945224415511,0.720254783751443,0.225118956295773,0.821870791958645,0.621962655568495,0.972282801754773,0.19202976138331,0.150667761452496,0.810752826509997,0
0.0438265069387853,0.246215700404719,0.37446704460308,0.319877913221717,0.0899173428770155,0.475388821447268,0.504004642600194,0.178937969263643,0.16622282192111,0.186096638208255,0
0.495275628287345,0.554204465355724,0.27034965949133,0.186588266864419,0.298284506890923,0.500414631096646,0.960708746453747,0.754719033371657,0.216890236828476,0.477232532342896,0
0.319673198740929,0.725678042508662,0.164952616207302,0.283916995162144,0.672322339843959,0.619665424572304,0.61543815699406,0.171667973510921,0.10668474342674,0.256085741566494,0
0.378154734860919,0.778264613273647,0.73185321688652,0.0861264686100185,0.612352781696245,0.0260770476888865,0.0678677139803767,0.946280166506767,0.0740299574099481,0.078739965101704,0
0.596100893876702,0.957866543338448,0.763150163227692,0.844549454981461,0.930246885865927,0.87028262973763,0.996288042282686,0.954422479961067,0.225057527422905,0.527950224699453,0
0.664253557566553,0.907088332111016,0.362753415247425,0.221304438542575,0.554246122250333,0.838427264476195,0.838354759151116,0.891368499258533,0.333893489092588,0.34885771991685,0
0.25197828617841,0.668075155293383,0.1085588298738,0.00355113996192813,0.867755284067243,0.444870345760137,0.164483543485403,0.288557477062568,0.547985079465434,0.93065337324515,0
0.126427265116945,0.074489712016657,0.483541483525187,0.784866123227403,0.199857021681964,0.837788697797805,0.562949484912679,0.178819163469598,0.866316848201677,0.695218494860455,0
0.842286930929124,0.746952047656849,0.939238198567182,0.425456375582144,0.176302528241649,0.700491579249501,0.965140949003398,0.223822180880234,0.208105912432075,0.172482819063589,0
0.867611322551966,0.589200497604907,0.364060169318691,0.189758277265355,0.647592416964471,0.554861499229446,0.0324312010779977,0.350107955979183,0.609432251658291,0.690376353217289,0
0.547799727646634,0.595538097899407,0.540141250705346,0.496137372683734,0.602940943092108,0.769602383952588,0.0158764238003641,0.656808000523597,0.383272820618004,0.146496364148334,0
0.754385019186884,0.544976607663557,0.772085828706622,0.902693927288055,0.294125329470262,0.501800624653697,0.343535115942359,0.486359687522054,0.188100324012339,0.555535073857754,0
0.97349109089002,0.490018561221659,0.152612131554633,0.0765353224705905,0.0568688765633851,0.290012829238549,0.235141857294366,0.29992811079137,0.141200488666072,0.539283959660679,0
0.816822448046878,0.650759246433154,0.0951512977480888,0.943229912780225,0.723042601952329,0.643077411688864,0.943135862005875,0.409698494710028,0.759976252447814,0.274078276241198,0
0.404070178279653,0.541154097998515,0.164843400707468,0.325395359657705,0.090420292224735,0.565032115206122,0.217315489891917,0.00779601791873574,0.128832355840132,0.655422061914578,0
0.796150078298524,0.589964537415653,0.0542459688149393,0.784690578933805,0.390070780180395,0.841238447697833,0.296286933589727,0.363773648627102,0.331491936463863,0.520528516732156,0
0.664692823076621,0.718077214201912,0.828111282316968,0.382420658599585,0.0262785374652594,0.34250699612312,0.737655762117356,0.639923608861864,0.128963591298088,0.525732570560649,0
0.454102457268164,0.474360044347122,0.596756698098034,0.0311369828414172,0.233816239051521,0.697664026869461,0.584283887641504,0.688295167405158,0.42407519929111,0.82723293825984,0
0.894475030247122,0.383678516373038,0.154711158480495,0.350286088883877,0.901952441781759,0.136345864273608,0.911604234715924,0.759006647160277,0.795653031207621,0.58158000651747,0
0.17837513727136,0.065948614384979,0.242911154404283,0.344392140163109,0.90790255763568,0.645217598415911,0.0106093971990049,0.935787804424763,0.175513102905825,0.498851906042546,0
0.866130106616765,0.590963240945712,0.479945229366422,0.271051954943687,0.0340123630594462,0.940283103613183,0.77958702435717,0.812105318764225,0.732789086643606,0.793734775623307,0
0.977000749204308,0.559018126456067,0.955790402367711,0.774191048229113,0.32548924931325,0.299556575715542,0.869484079070389,0.307033052667975,0.0902896700426936,0.416344590485096,0
0.930843514157459,0.928323855390772,0.439934412017465,0.493878584122285,0.344139663968235,0.972329447045922,0.136860949220136,0.339467510115355,0.16716443374753,0.290215332759544,0
0.367117553949356,0.389295369386673,0.278278254438192,0.812065143603832,0.957533762790263,0.576996916439384,0.598238233011216,0.600574128795415,0.689277756260708,0.582694576121867,0
0.0933237324934453,0.288186060963199,0.878632801352069,0.625082425307482,0.871306186541915,0.589191806968302,0.278969779843464,0.48679680749774,0.841362199978903,0.494390140753239,0
0.616352479206398,0.219620748190209,0.881184883182868,0.844292780151591,0.174843401415274,0.720647865673527,0.778803998371586,0.869313248666003,0.97872484754771,0.436558112734929,0
0.405751067939028,0.463518792342395,0.804045787546784,0.539052129723132,0.495169855188578,0.0184008330106735,0.854084428632632,0.057477165479213,0.81256259069778,0.0932025010697544,0
0.690113532356918,0.678734714398161,0.315390632720664,0.687083155615255,0.435719130793586,0.969936378998682,0.277186450082809,0.925354967359453,0.882358355214819,0.344317595940083,0
0.557731071276963,0.60515713334009,0.985358878271654,0.272755688754842,0.367008752655238,0.960755730513483,0.698389063356444,0.264057557098567,0.361168375937268,0.119677955750376,0
0.108584660338238,0.560667819343507,0.923851647181436,0.963788376189768,0.454735227394849,0.830480231205001,0.479242911096662,0.885513222077861,0.916153048863634,0.072548140771687,0
0.828485158737749,0.393798154080287,0.341826116666198,0.804408442927524,0.0385737395845354,0.723967008292675,0.987357618985698,0.0168956166598946,0.26375431008637,0.160310535458848,0
0.652850515207928,0.463077948115207,0.722162964986637,0.595512892818078,0.258736956398934,0.336581551935524,0.0495768077671528,0.889715926721692,0.231152578955516,0.888007148867473,0
0.940237800590694,0.9536190291401,0.571090436307713,0.27603122824803,0.920048871543258,0.240277896169573,0.340981835266575,0.570575078483671,0.87324206950143,0.985579372383654,0
0.0485580444801599,0.498439589515328,0.625094945309684,0.259313374524936,0.965860753785819,0.538535415893421,0.138062447542325,0.0373303811065853,0.666150899836794,0.0229717027395964,0
0.404378399718553,0.913854106096551,0.847243526717648,0.34836373757571,0.531785691855475,0.489364249398932,0.964406132465228,0.142684332327917,0.489258482586592,0.198378426488489,0
0.310472289798781,0.163768838392571,0.173159657744691,0.642561956541613,0.0889519294723868,0.930656614014879,0.537213362054899,0.877765665762126,0.115926566766575,0.187848246423528,0
0.261932454673573,0.0601646647881717,0.348560365382582,0.928856163052842,0.11565684620291,0.0909705790691078,0.820556224323809,0.333356391172856,0.890743235591799,0.88923922739923,0
0.361325242323801,0.862216437468305,0.488386706216261,0.371185076888651,0.103385945782065,0.0823536661919206,0.752095427596942,0.661644473671913,0.759321180405095,0.871183212148026,0
0.626113060205989,0.814970784601383,0.128301408840343,0.68211254873313,0.0664088879711926,0.466322108637542,0.180315626785159,0.58894536527805,0.49865265795961,0.183967272983864,0
0.561695704003796,0.72302396572195,0.402678860118613,0.810310120694339,0.393059411551803,0.0138500102329999,0.778754781465977,0.35416200151667,0.16145166917704,0.630124753108248,0
0.995041231391951,0.536236016545445,0.946915509412065,0.647784305037931,0.993769199587405,0.607225799467415,0.70191887835972,0.761042706435546,0.0924799160566181,0.771739345276728,0
0.73890484822914,0.907989898696542,0.480173807358369,0.317145364824682,0.20949972118251,0.801164764445275,0.101200970821083,0.595912406453863,0.453538670903072,0.804627559147775,0
0.0804962841793895,0.384295025607571,0.169720858335495,0.908494927920401,0.559214007575065,0.0764370346441865,0.996103214332834,0.66488258424215,0.22567030787468,0.590806543594226,0
0.5027919432614,0.154125293716788,0.266603444470093,0.869260218227282,0.252615807577968,0.406465394422412,0.033780922414735,0.626391892554238,0.816309191053733,0.571243984159082,0
0.72170823183842,0.258818074129522,0.103995636105537,0.292233610525727,0.731888875830919,0.798492203233764,0.267210402293131,0.124615208245814,0.560154252685606,0.0615984676405787,0
0.375114016002044,0.865748501615599,0.277555936947465,0.471445912960917,0.0421754568815231,0.875693572452292,0.809773854212835,0.273114627460018,0.147440341301262,0.0949946811888367,0
0.094217719277367,0.162853058893234,0.872046945616603,0.580643401248381,0.278470899909735,0.394860408036038,0.202532560564578,0.761947436956689,0.332557061687112,0.854254886740819,0
0.113664069445804,0.237061427440494,0.370918105822057,0.497694856720045,0.719283172860742,0.00292154680937529,0.06527433777228,0.74695604131557,0.701652135932818,0.640380935743451,0
0.432084053056315,0.552824265789241,0.911440532421693,0.703373952070251,0.237044076435268,0.899976861663163,0.559065329376608,0.00495615205727518,0.795952437212691,0.0775426756590605,0
0.121071510016918,0.144432683009654,0.473734435392544,0.791854248614982,0.650134786264971,0.372071744641289,0.955938588129357,0.571513724280521,0.979866293026134,0.0709039077628404,0
0.764499436831102,0.899293391499668,0.788260875968263,0.868808059254661,0.938823195872828,0.987739270320162,0.688818787457421,0.129310969496146,0.15055043506436,0.0486898766830564,0
0.110893096774817,0.462847380898893,0.489437366835773,0.523769916733727,0.608665022999048,0.952626733807847,0.450515357777476,0.0891092594247311,0.957432901952416,0.069205337902531,0
0.566763091599569,0.611076973378658,0.150485910475254,0.921346434624866,0.21695596491918,0.242123835720122,0.0144658235367388,0.0677047891076654,0.609968506498262,0.752547001698986,0
0.124813980190083,0.193456486100331,0.546195314032957,0.150528033496812,0.774283305509016,0.932465984253213,0.41973088379018,0.889141854131594,0.80725029646419,0.87607010290958,0
0.519012678880244,0.403533259872347,0.474129058886319,0.0965076747816056,0.504378570243716,0.0138643374666572,0.162645047763363,0.189709040336311,0.759862065780908,0.4705683470238,0
0.422358661657199,0.780219531152397,0.275257214903831,0.952212273376063,0.62754630856216,0.274702314520255,0.48122654017061,0.165383297251537,0.397149744443595,0.25881535699591,0
0.967572480207309,0.622996347956359,0.684818921145052,0.0740532684139907,0.0825114781036973,0.388758088462055,0.753463623346761,0.335191984660923,0.631974317831919,0.325706843985245,0
0.25556677145604,0.162633662629407,0.500402394449338,0.491020001005381,0.287780173588544,0.53916413965635,0.754571024794132,0.758196490351111,0.322148413863033,0.604750509373844,0
0.587754092877731,0.145978159504011,0.739242696203291,0.0779524075333029,0.200383180053905,0.988339285133407,0.218844078015536,0.0244163922034204,0.987035814207047,0.125722601544112,0
0.21919909096323,0.671224400401115,0.363095441600308,0.435222273925319,0.599726763786748,0.955938359955326,0.641248263884336,0.6846543031279,0.779318834189326,0.518067873083055,0
0.176595614757389,0.220839038258418,0.0197078289929777,0.343882041983306,0.446036720182747,0.283278275281191,0.996947677340358,0.15993239544332,0.0841318422462791,0.320179325994104,0
0.0619434376712888,0.563352147117257,0.981124724959955,0.56959991180338,0.848816386889666,0.560032451525331,0.328873787540942,0.0334719701204449,0.568673457019031,0.419018211541697,0
