CMI
0.024831206148383855
0.04587719584113109
0.0412873209690503
0.02840017336474321
0.04643328210457781
0.035545185852553784
0.03474822462722926
0.030366601787873704
0.048644484944050714
0.03840948125428817
0.06206532677153409
0.050730241299726475
0.05308061961928967
0.03829259438448912
0.0461650585191723
0.0415849368911716
0.04200395215382102
0.03420022562229341
0.03274665731943771
0.03808475926662508
0.02581745744759878
0.05412944797413605
0.030505070148577507
0.04043605458540955
0.029410131192157074
0.031562561037826675
0.03770271258959573
0.02364152481622317
0.034697643060684735
0.0198307464089596
0.030381972516814848
0.03495668953563141
0.036639594512296314
0.025655569292781732
0.02664358743959927
0.04144688083183651
0.033127508980306475
0.039491561481367676
0.041857921829450695
0.04583148806542725
0.03671007231079859
0.025292734161164954
0.04334496151779221
0.033532466405157946
0.06398665776969537
0.031231517084077676
0.027296231585684616
0.03276154499901035
0.05958483191594932
0.047579238994811535
