"1","2","3","4","5","6","7","8","9","10","class"
0.179590725339949,0.257882068632171,0.624940105481073,0.0632755453698337,0.802794376621023,0.220014582853764,0.125295695150271,0.828680651029572,0.984089865814894,0.995979317231104,0
0.37150447559543,0.526691845152527,0.870652482379228,0.118854227941483,0.581192184472457,0.836917071603239,0.883771211840212,0.996123329969123,0.0812862107995898,0.70260517927818,0
0.370257910344377,0.0920435883529485,0.562101946445182,0.787048073252663,0.784032244700938,0.226637392072007,0.851347850868478,0.851845301687717,0.364423927618191,0.307965944055468,0
0.414515137206763,0.429890011204407,0.523660174338147,0.341591864358634,0.0770072960294783,0.17156923818402,0.344570092624053,0.137628760654479,0.705054255202413,0.114944319240749,0
0.150017987238243,0.945428604492918,0.751851994544268,0.148990629706532,0.221589790424332,0.24540030467324,0.319636445026845,0.0519330529496074,0.30951577052474,0.652763557387516,0
0.637029488536064,0.376852098301053,0.441449586302042,0.92568756849505,0.890278443228453,0.701162438374013,0.77980581857264,0.229832900455222,0.813677204074338,0.107023593038321,0
0.267950985813513,0.973446731688455,0.38704526447691,0.106853928649798,0.829942769603804,0.167287670774385,0.223213301971555,0.406519775278866,0.112009139964357,0.358041666448116,0
0.456860153004527,0.451815424719825,0.880468250950798,0.639532890869305,0.200848597334698,0.831936332397163,0.0588617599569261,0.128589853644371,0.196922183502465,0.0587980637792498,0
0.443157763240673,0.0155926693148911,0.359760135179386,0.803261548280716,0.50755216809921,0.314733646111563,0.976922309258953,0.745318722678348,0.192672549979761,0.970530095743015,0
0.824391818605363,0.308741780230775,0.186581916175783,0.404327531345189,0.842638006433845,0.987673497991636,0.0637200155761093,0.225178823107854,0.686129975831136,0.288988107815385,0
0.716701538302004,0.00871360907331109,0.811274035833776,0.0858634719625115,0.00266967667266726,0.743450544308871,0.983212869381532,0.927454980090261,0.962193595711142,0.0995463009458035,0
0.357387096104585,0.955288290495239,0.50395525014028,0.811601048102602,0.81987237278372,0.14310011244379,0.981331482762471,0.554124724818394,0.995077521773055,0.200353971449658,0
0.533245091326535,0.673030924284831,0.980058998102322,0.528290624730289,0.623357763513923,0.72507023322396,0.486964632989839,0.719771599629894,0.351471883011982,0.866546262986958,0
0.746660465141758,0.198820983292535,0.0572797018103302,0.630209269933403,0.881924890447408,0.22930799331516,0.055771810002625,0.0265302024781704,0.105491747613996,0.555155578069389,0
0.935114361213148,0.0506168918579817,0.889975091209635,0.363831395516172,0.0480275223962963,0.120874114567414,0.278632327914238,0.638114460278302,0.949208685196936,0.70069501711987,0
0.225652128923684,0.844960889779031,0.762086099013686,0.976901096059009,0.954345777630806,0.458990551298484,0.464329079026356,0.644912907620892,0.827753230463713,0.507863454986364,0
0.570315471850336,0.38249425846152,0.22248984943144,0.650393809657544,0.0470126157160848,0.462038825033233,0.601022068876773,0.69498036056757,0.508230448001996,0.564582633087412,0
0.56663007917814,0.943559488281608,0.194613970816135,0.510609372751787,0.472628701245412,0.509731779340655,0.900166801642627,0.591091611655429,0.17051878455095,0.328256391687319,0
0.397772335680202,0.530717712827027,0.100314660463482,0.694055066909641,0.737352214753628,0.919543382711709,0.403198640793562,0.990274204406887,0.815954074030742,0.180143704405054,0
0.71645501232706,0.159025811590254,0.781110954936594,0.673234298359603,0.872400798369199,0.108536332380027,0.780771533027291,0.783820623764768,0.509525733068585,0.100838169688359,0
0.91956400196068,0.810505469329655,0.959467656677589,0.0748631411697716,0.584327041637152,0.190400735940784,0.376498456578702,0.583833609474823,0.757179506123066,0.342511674854904,0
0.325969432946295,0.281249503605068,0.505140904104337,0.738315138500184,0.668561066966504,0.312093255110085,0.916515711229295,0.747997120954096,0.855503735132515,0.401148780016229,0
0.704034243388474,0.908830850419402,0.455664960900322,0.62920474819839,0.655506350332871,0.913991939043626,0.531279985792935,0.694141705520451,0.702737566549331,0.788910049246624,0
0.278359047175106,0.319191119803768,0.318440439645201,0.913042445899919,0.98646814795211,0.447425313526765,0.423604753566906,0.766486732987687,0.415334973484278,0.389362059766427,0
0.558279407190159,0.473665367459692,0.372416604077443,0.476936342893168,0.936204910743982,0.381587603129447,0.781473265960813,0.318116138922051,0.104820156469941,0.279937752056867,0
0.404874419560656,0.463985286187381,0.454343222081661,0.977401451673359,0.247355264145881,0.932621749350801,0.785168129717931,0.504359140060842,0.480165489716455,0.233788525220007,0
0.124945107381791,0.903216394130141,0.82702409545891,0.854807110037655,0.765796619234607,0.470620353939012,0.795024414779618,0.734303577803075,0.592363345203921,0.633907661540434,0
0.823361346498132,0.154918215004727,0.72127131302841,0.463271871907637,0.375544411595911,0.118794904323295,0.7225548743736,0.484108955366537,0.463840450393036,0.21144175552763,0
0.95872802939266,0.463925743009895,0.602636520983651,0.499046653974801,0.35601431154646,0.507261017337441,0.73216131515801,0.910993507830426,0.403836800251156,0.217089985730127,1
0.226047866046429,0.898859362816438,0.372552703134716,0.974332440644503,0.191746071446687,0.80545767606236,0.76867919228971,0.628353782696649,0.484932601917535,0.032095393165946,0
0.150235652457923,0.861469391966239,0.980727655580267,0.600414279615507,0.410444235894829,0.565494237700477,0.151997684501112,0.502054252894595,0.0793992143590003,0.868384217377752,0
0.289238359546289,0.0223444129806012,0.610078605823219,0.730126287322491,0.85101184155792,0.0446085468865931,0.979092686669901,0.851806599413976,0.127007894450799,0.106347153428942,0
0.418389250757173,0.646273852093145,0.312430025776848,0.0576012725941837,0.687885571504012,0.389312724815682,0.369578423444182,0.72914776718244,0.197513857623562,0.821051448350772,0
0.790098219644278,0.91991958883591,0.875756497262046,0.384632048197091,0.558206643676385,0.772840144345537,0.395975474501029,0.723954012384638,0.78542977431789,0.773896949365735,0
0.924838214879856,0.943090060725808,0.274879553122446,0.325684601208195,0.9269526056014,0.959870358696207,0.134434456238523,0.873748758342117,0.763956072973087,0.351823890348896,0
0.038179674601648,0.200802477702964,0.234414796112105,0.731281031854451,0.735650190152228,0.863204075954854,0.72727930941619,0.0298243018332869,0.166973188985139,0.306809648638591,0
0.822812725789845,0.882187012815848,0.671515319729224,0.957056227372959,0.17695521726273,0.498609778471291,0.717743882909417,0.0414525514934212,0.278704605065286,0.48078115307726,0
0.718828197102994,0.794715378899127,0.0623364918865263,0.00252181314863265,0.894343349849805,0.870179867139086,0.657727845245972,0.176331019029021,0.352579971076921,0.649205749388784,0
0.758519133461267,0.773882035005838,0.621212622383609,0.0334978757891804,0.522625367855653,0.771344966487959,0.627497793408111,0.491655743913725,0.416021441109478,0.050683741690591,0
0.848164789611474,0.0828742531593889,0.704120442969725,0.831069454550743,0.0350514086894691,0.157321439124644,0.269101423211396,0.557607721537352,0.642563674366102,0.7775256652385,0
0.609063096933067,0.449748761148192,0.946006436133757,0.282536155311391,0.110478850081563,0.704410764854401,0.749224813189358,0.289866460720077,0.317320002475753,0.236473369644955,0
0.213524540229607,0.814835529191699,0.339783814037219,0.952762954868376,0.958252928685397,0.352911509340629,0.386657044989988,0.977457825327292,0.451684770872816,0.19439489254728,0
0.698956661895663,0.275240724635869,0.796891650883481,0.0112638727296144,0.0960027445107698,0.478900210931897,0.875195513246581,0.196793406270444,0.227491068420932,0.36563351447694,0
0.420432040700689,0.645491941832006,0.59441045532003,0.213009800994769,0.800208230968565,0.0637185440864414,0.499553174711764,0.658192050177604,0.581579302437603,0.782268196111545,0
0.337892024544999,0.403080850373954,0.513997391797602,0.998974451096728,0.938258003909141,0.751862591598183,0.370653378311545,0.335841886000708,0.831794924335554,0.0510050510056317,0
0.890737689798698,0.121848006267101,0.572876744437963,0.590550335589796,0.635071775410324,0.231684381840751,0.96092170686461,0.901018879143521,0.824982734629884,0.983037622645497,0
0.173465453188866,0.120008550759405,0.725182506022975,0.238463884685189,0.421614159131423,0.785778634948656,0.0491121590603143,0.591164532350376,0.600352013250813,0.0262308111414313,0
0.803881305987295,0.959492912119534,0.160262555582449,0.828944592969492,0.414433007827029,0.00710311997681856,0.704236060148105,0.719570215791464,0.901520379353315,0.0096691376529634,0
0.381494728149846,0.579074068227783,0.918251125141978,0.158482561819255,0.681210095528513,0.526473213685676,0.385355509119108,0.820571553660557,0.449864947004244,0.646562303416431,0
0.405707196190022,0.0264287591856904,0.542347870534286,0.830020108958706,0.543420477304608,0.474492838606238,0.38152340753004,0.847526235505939,0.519249137025326,0.615521891275421,0
0.696787385037169,0.427416789112613,0.112540759844705,0.571764985797927,0.920963237294927,0.263069543754682,0.167128230445087,0.973957980750129,0.354492627549917,0.170963656855747,0
0.562464767078962,0.94106740997564,0.358908936614171,0.398059675702825,0.217335825087503,0.462098473683,0.752140823518857,0.304325987584889,0.898779522161931,0.27304495498538,0
0.287298643495888,0.818725422024727,0.86833005794324,0.176353570073843,0.564640351803973,0.134745028801262,0.741947343340144,0.865809698356315,0.210061723133549,0.506084948079661,0
0.272823433158919,0.0912661200854927,0.988354059169069,0.401849556947127,0.313589130295441,0.401323355967179,0.40905704931356,0.963753516087309,0.637156588956714,0.176668718922883,0
0.129379380727187,0.232449422590435,0.600051142275333,0.727768194163218,0.874264961341396,0.874615676468238,0.600966919213533,0.164498710539192,0.308400355279446,0.139230187516659,0
0.692820013463497,0.0166989821414463,0.565084408503026,0.363409296376631,0.175207054009661,0.38124652672559,0.0185601597186178,0.117062921868637,0.783672915538773,0.82296425383538,0
0.88496010680683,0.978752797935158,0.980312397703528,0.18872759770602,0.340631663566455,0.364785929210484,0.766005971236154,0.862603000598028,0.988536659860983,0.17290100781247,0
0.917629452655092,0.0970885106362402,0.305094314040616,0.721383455442265,0.977294343756512,0.576058779843152,0.837324454449117,0.0566371451131999,0.292096255812794,0.944710960844532,0
0.434206615005434,0.0305025072008371,0.726985815679654,0.451722368365154,0.240550512215123,0.226884684991091,0.0414646826684475,0.545160373672843,0.799667165614665,0.363566986983642,0
0.297970621148124,0.790740438504145,0.403891860274598,0.634088397724554,0.557062306674197,0.672954394947737,0.601982875028625,0.619703937554732,0.276971152750775,0.958055621478707,0
0.317222569603473,0.983041901374236,0.106240523746237,0.731578045524657,0.876293983310461,0.425083374138921,0.130902077071369,0.27784138568677,0.133737904950976,0.662762037944049,0
0.752958204597235,0.339019107399508,0.187927152728662,0.725242444314063,0.992817966267467,0.72157821059227,0.513065804028884,0.823280686978251,0.833335490897298,0.00425242958590388,0
0.110327531076968,0.211824387660623,0.373927923385054,0.536653607618064,0.237585888709873,0.577517472906038,0.175116967409849,0.845325554953888,0.714258478255942,0.839936327654868,0
0.928752493811771,0.917036566417664,0.315671267453581,0.978937369771302,0.860876649850979,0.526575517142192,0.413181288400665,0.335339233279228,0.887280132621527,0.644647469045594,0
0.390435329405591,0.016424817731604,0.940839470829815,0.441963005112484,0.377083147177473,0.833016560878605,0.398632084252313,0.0850242227315903,0.973674393026158,0.111786761088297,0
0.435291308676824,0.637369582662359,0.152844209689647,0.470376273617148,0.536523128394037,0.29120363551192,0.431127657648176,0.138300220947713,0.67307917540893,0.790961124002934,0
0.699240080546588,0.0449970425106585,0.405996866291389,0.882189836818725,0.138945053098723,0.424141346942633,0.265068663051352,0.477753319311887,0.577664499171078,0.300310835707933,0
0.830096780089661,0.785252211382613,0.0557741299271584,0.387153830612078,0.213423556182534,0.535410235170275,0.96813932643272,0.708416326902807,0.00864619784988463,0.793870152207091,0
0.876122482120991,0.835046818712726,0.853321991628036,0.12602744740434,0.0885689707938582,0.965061193797737,0.0208370212931186,0.560741060879081,0.295989802340046,0.799299573525786,0
0.704848159104586,0.428461695089936,0.25976145430468,0.68763776938431,0.66344728320837,0.724243008065969,0.317072738660499,0.706786327762529,0.809310764074326,0.0735945755150169,0
0.241854138905182,0.109279762022197,0.708637219388038,0.522816785611212,0.268124344525859,0.62047103443183,0.993860558839515,0.494461323600262,0.879341460065916,0.878416944760829,0
0.467600364470854,0.537207036046311,0.27430432382971,0.943465502234176,0.0333500278647989,0.713384978473186,0.398706268519163,0.195775030413643,0.0722481326665729,0.387330969562754,0
0.865070938598365,0.879954619565979,0.296226360602304,0.121422896860167,0.0142694781534374,0.239315355429426,0.16267223842442,0.650068792747334,0.288349218666553,0.995320254471153,0
0.905740133950859,0.0818767725513317,0.837295588571578,0.366143251769245,0.945980085525662,0.464662345126271,0.664188497001305,0.322413865476847,0.253552452893928,0.541867141146213,0
0.793265144806355,0.195446594618261,0.358962717233226,0.33469367143698,0.324217360001057,0.599863622803241,0.332973455777392,0.449100287165493,0.809336924226955,0.761270857648924,0
0.198242972837761,0.69546593632549,0.146447661565617,0.40661909407936,0.315007338766009,0.483086569933221,0.96458792523481,0.168885235209018,0.301078329794109,0.102085985708982,0
0.601873439736664,0.398290905635804,0.701987970620394,0.0352206439711154,0.142097241943702,0.639565190998837,0.259902183664963,0.984416664810851,0.10701744328253,0.361082080984488,0
0.12502928144969,0.0238552848406136,0.124896087916568,0.0659471163526177,0.179508071625605,0.362250361591578,0.952037644572556,0.498096367577091,0.0780814259778708,0.649761234177276,0
0.993750396883115,0.865565657615662,0.29971475363709,0.216309608658776,0.00285535794682801,0.584941512206569,0.318806537194178,0.370897121494636,0.99609676678665,0.46900274627842,0
0.718562380410731,0.173512858105823,0.126797520089895,0.852581517072394,0.390976569848135,0.365241613471881,0.978728544199839,0.615758448606357,0.185747438808903,0.511365964775905,0
0.627283125882968,0.417968740221113,0.0193629346322268,0.458323431899771,0.764919877750799,0.21659626904875,0.662069265265018,0.0893145757727325,0.328412617556751,0.154288433259353,0
0.289696518331766,0.781183149898425,0.520352239022031,0.250730883795768,0.786677870899439,0.0693390516098589,0.501565544400364,0.640853543300182,0.327954730018973,0.474280967377126,0
0.831869675692916,0.80310359935388,0.346705371746793,0.864640432642773,0.0592832977417856,0.326752753928304,0.228512721369043,0.654415725031868,0.333443352021277,0.615361276548356,0
0.370683047920465,0.542809321545064,0.956699614645913,0.332554339431226,0.0276896690484136,0.175835788948461,0.0983915426768363,0.0812406095210463,0.987692147959024,0.919953408418223,0
0.883474515666254,0.189570297268964,0.044740924378857,0.827485918067396,0.710586410015821,0.987537879496813,0.803733597276732,0.533483789302409,0.7697131652385,0.11702746571973,0
0.995617107166443,0.0436718589020893,0.982687416952103,0.930131188826635,0.571213466580957,0.017759082140401,0.859047584468499,0.765571369789541,0.899266442749649,0.782429463462904,0
0.772978872060776,0.886737948283553,0.392946892883629,0.135111169191077,0.622776551637799,0.665485861711204,0.491403152700514,0.489802030846477,0.154532842105255,0.0793675200548023,0
0.568029786460102,0.0379662122577429,0.770226237131283,0.937376305228099,0.421604721341282,0.932717645540833,0.00100638135336339,0.0799154706764966,0.878732243785635,0.045293545583263,0
0.820441827876493,0.739094677846879,0.353225029073656,0.647998165804893,0.728370866039768,0.256616679951549,0.399389187572524,0.31118489918299,0.379556926432997,0.846765649970621,0
0.251298248767853,0.374217890202999,0.209420924307778,0.491294814972207,0.0327041847631335,0.428950296947733,0.838802230311558,0.950492961565033,0.238433894235641,0.569343141280115,0
0.461615674197674,0.0743723043706268,0.226315995212644,0.249137466074899,0.698738179402426,0.599910428747535,0.516861620824784,0.516560755902901,0.37525411718525,0.338674323866144,0
0.849686301313341,0.0206332260277122,0.382135105086491,0.565724151441827,0.602801711298525,0.600807739887387,0.968060803366825,0.659337719203904,0.968744264449924,0.554888386279345,0
0.814534800485522,0.982083008842915,0.989651496056467,0.433822797378525,0.270184276392683,0.52347898343578,0.332247968995944,0.583052183967084,0.202434531645849,0.506340356776491,0
0.300398591140471,0.369808260290604,0.640544584952295,0.308453247183934,0.0535275468137115,0.931633116910234,0.921219059964642,0.630546605680138,0.503966989926994,0.645916172768921,0
0.948196442564949,0.892051967326552,0.92899552709423,0.147765113739297,0.0386143876239657,0.448888000566512,0.938323477981612,0.703904876485467,0.247142002917826,0.504640921019018,0
0.148300171596929,0.936967432731763,0.748082208447158,0.269757576053962,0.975426136981696,0.159378943499178,0.857918953988701,0.31590889650397,0.273073668824509,0.702587303938344,0
0.610946958038583,0.691104988976941,0.888095402391627,0.243971915217116,0.313034172635525,0.759858400095254,0.600877685472369,0.54074148600921,0.839559698011726,0.731164002558216,0
0.294736763809621,0.690155405098479,0.0919079994782805,0.747914986452088,0.231811828445643,0.44716478837654,0.788898744154721,0.523801512084901,0.686637476086617,0.845557785592973,0
0.515049532214552,0.954420268530399,0.0792656540870667,0.643891146639362,0.600119951646775,0.630505200708285,0.683165889233351,0.717720936518162,0.317235864698887,0.863075273344293,0
0.0908577927582897,0.985726262898464,0.749209675937891,0.598152784863487,0.166790802963078,0.546412650728598,0.763739920221269,0.128371856175363,0.514311879640445,0.870994688244537,0
