"1","2","3","4","5","6","7","8","9","10","class"
0.272554456302896,0.156489095878787,0.767004516674206,0.739349893294275,0.163200390990824,0.488546795211732,0.910925573203713,0.735459595918655,0.887476389296353,0.0764953910838813,0
0.326082806801423,0.421780811157078,0.826513680163771,0.762962276348844,0.456804521847516,0.663781569804996,0.883093107724562,0.45657625165768,0.593948588240892,0.225326251704246,0
0.97801440031901,0.0135201721325517,0.00994479143992066,0.0653942285571247,0.299505239119753,0.428922775667161,0.36739265662618,0.926021700492129,0.712646465981379,0.684873175807297,0
0.546541416319087,0.254643206484616,0.573397247353569,0.428368641296402,0.443218634231016,0.162945384159684,0.748218554770574,0.765196970663965,0.0062111949082464,0.306679378962144,0
0.542327032698318,0.612281259990297,0.413536717183888,0.342253597686067,0.453593648504466,0.623118564952165,0.41235084226355,0.825920402770862,0.0546550068538636,0.303539192304015,0
0.172741807415616,0.814577967324294,0.285405654925853,0.11626696982421,0.553272760938853,0.252949292305857,0.838953687343746,0.572162401163951,0.870782616082579,0.8118498576805,0
0.180265697417781,0.259261811617762,0.215918216621503,0.922881342237815,0.208173423539847,0.309981984319165,0.553826314629987,0.620851277373731,0.0367491955403239,0.20891800057143,0
0.452563414350152,0.501836685696617,0.794431221904233,0.381582663860172,0.591628452995792,0.966315641766414,0.785219196230173,0.327691541751847,0.285369384335354,0.591226201038808,0
0.557795611681789,0.996430553325079,0.714393113041297,0.26282132929191,0.597841375973076,0.917482068529353,0.943149795988575,0.394012899603695,0.978605859912932,0.845404889201745,0
0.897749525960535,0.308352451538667,0.272381110582501,0.00380198075436056,0.584766962332651,0.184376761317253,0.652574446052313,0.366805516649038,0.482571336440742,0.128277245210484,0
0.716105856439099,0.0193309478536248,0.619402413954958,0.821217612596229,0.670741987414658,0.0354056146461517,0.764666202943772,0.330389370908961,0.553762728814036,0.534589098067954,0
0.52859341613045,0.370805818562396,0.310187049675733,0.528542235027999,0.285436648176983,0.549675812246278,0.914233497576788,0.966064392821863,0.58351653511636,0.46788952476345,0
0.689573159441352,0.12725776899606,0.091598245780915,0.0197604403365403,0.790851212339476,0.551751587539911,0.932886261260137,0.364576520165429,0.244740267749876,0.0719397193752229,0
0.244083441328257,0.262910292018205,0.0164535061921924,0.320811602054164,0.373673508642241,0.983859206316993,0.00417359312996268,0.773564931703731,0.885749661363661,0.333058358868584,0
0.917739520681277,0.929280484657735,0.125585939502344,0.449479894479737,0.0213659000582993,0.685207672417164,0.203381892526522,0.877468628576025,0.246512094279751,0.333677357295528,0
0.651504361536354,0.235708043910563,0.485796332592145,0.135513514978811,0.968449546955526,0.31730002979748,0.288910661824048,0.280301928054541,0.0292081956285983,0.0083402986638248,0
0.541428576223552,0.591876599006355,0.293060960248113,0.711659038439393,0.035464831860736,0.74956688308157,0.538233516737819,0.639634140999988,0.54754377505742,0.401766758179292,0
0.16411963570863,0.365693766390905,0.786651498172432,0.646246094955131,0.515123713063076,0.299666196340695,0.186443365644664,0.93034753925167,0.442905628820881,0.651424263138324,0
0.612339014389366,0.130096044800431,0.188157527940348,0.50850996747613,0.939701369032264,0.738303282763809,0.595094176242128,0.903166184201837,0.0410563452169299,0.173179734498262,0
0.187329709995538,0.326920288149267,0.249134596437216,0.846533733420074,0.976102262735367,0.0882105750497431,0.872779949335381,0.232583428034559,0.751736950362101,0.49582020426169,0
0.459511630702764,0.519918359583244,0.131564565002918,0.985807631863281,0.50665547978133,0.72770424396731,0.856970871798694,0.904637516243383,0.9580095524434,0.745479419594631,0
0.025728625478223,0.819804944330826,0.879912683041766,0.402269571088254,0.269596666796133,0.23877689614892,0.43529324629344,0.388208171585575,0.434966776054353,0.808179009472951,0
0.542334243655205,0.620085770264268,0.0391207470092922,0.479992350563407,0.0611912328749895,0.806152038276196,0.0783169919159263,0.632062120130286,0.846223225118592,0.0636012521572411,0
0.602094430476427,0.5184155034367,0.116489796666428,0.804906434612349,0.542509547201917,0.890303974738345,0.567824902944267,0.153102642623708,0.741932560689747,0.319890844635665,0
0.235761321615428,0.292782635893673,0.269879397237673,0.240175390150398,0.934869453776628,0.742172711296007,0.304608758538961,0.564120762515813,0.671815732959658,0.173737683100626,0
0.358485971111804,0.0629711912479252,0.711118375184014,0.886870775138959,0.843486111611128,0.352273668395355,0.752865583403036,0.045545544475317,0.121624347986653,0.737390751717612,0
0.0794947710819542,0.0128441129345447,0.312135661719367,0.960415876936167,0.257721749832854,0.973646105732769,0.129574068356305,0.287288231542334,0.958457109052688,0.509693122468889,0
0.41478656930849,0.300096067599952,0.492088183294982,0.0723730544559658,0.576642763568088,0.549337955890223,0.152826012810692,0.100948693463579,0.102285196306184,0.160550381988287,0
0.866787310339138,0.958024181660079,0.194909816840664,0.239347044145688,0.216217591194436,0.326438397634774,0.356428138446063,0.284523729700595,0.173224984435365,0.189191008219495,0
0.658094487851486,0.650738894939423,0.0479431436397135,0.258827075595036,0.502377336611971,0.773903624620289,0.619067092658952,0.954456174513325,0.458914575632662,0.447310433257371,0
0.73886037687771,0.305004700319842,0.42936955136247,0.223787736380473,0.0360787170939147,0.157018938567489,0.57331749680452,0.151600099168718,0.981716783018783,0.84815072407946,0
0.238293400034308,0.142747816862538,0.903299634810537,0.0211657083127648,0.115438932087272,0.117292606737465,0.191440713824704,0.250606724759564,0.273249346995726,0.116352558601648,0
0.51473190356046,0.575053259264678,0.932701148791239,0.014867099467665,0.763616525800899,0.570817810716107,0.461213852046058,0.057371121365577,0.882134759565815,0.896433108020574,0
0.467042934149504,0.0632703208830208,0.189870399422944,0.217847927939147,0.13179319887422,0.0608990390319377,0.941216698149219,0.88474918785505,0.519456669688225,0.226915287319571,0
0.618449378293008,0.702492460608482,0.0677040165755898,0.515467551304027,0.240135625237599,0.367360561387613,0.864462628262118,0.908609319245443,0.20916592492722,0.300744819687679,0
0.225523282773793,0.621818150626495,0.52008444769308,0.847587413387373,0.449381860205904,0.167357614962384,0.0953458528965712,0.134616174036637,0.304533198010176,0.651091307634488,0
0.533158839447424,0.559533467283472,0.835820423904806,0.465796302072704,0.644872060744092,0.765469657024369,0.944211554713547,0.197738539660349,0.716795984189957,0.76978449895978,0
0.0199432012159377,0.767636217176914,0.776895138667896,0.0790071391966194,0.733328161528334,0.535700334468856,0.896725427126512,0.0990896944422275,0.908395923906937,0.334460802609101,0
0.515362343052402,0.391234089853242,0.678519077133387,0.856894693570212,0.0455347562674433,0.774489639559761,0.509166409494355,0.281285945558921,0.544502020347863,0.185408439021558,0
0.313027179334313,0.23765097069554,0.825694350758567,0.087635824456811,0.0825042279902846,0.74514300073497,0.0154148996807635,0.366852155188099,0.271864753216505,0.277187326224521,0
0.399497905280441,0.430240195244551,0.194533039582893,0.77010749373585,0.588760226499289,0.580782359000295,0.528866891516373,0.395993323763832,0.732136715902016,0.202093747444451,0
0.170918329851702,0.97763114888221,0.978801600402221,0.0617376680020243,0.612565459683537,0.405966715188697,0.473374922759831,0.828303480986506,0.980421043466777,0.996414065593854,0
0.378070420585573,0.386270045302808,0.621835835045204,0.331401914358139,0.532317805569619,0.242078880779445,0.585424727527425,0.145073896273971,0.516427333699539,0.220054173842072,0
0.692103470675647,0.939077405957505,0.201490601990372,0.431005087681115,0.697829951066524,0.29002607986331,0.921251094900072,0.734458364080638,0.238570981426165,0.22700134338811,0
0.188805412268266,0.770918607944623,0.139814787078649,0.445934935240075,0.286171396728605,0.0336952668149024,0.0507525575812906,0.331566471140832,0.0483086458407342,0.157186431111768,0
0.384844876825809,0.924016515957192,0.0447128738742322,0.576521131908521,0.881455820985138,0.503240277990699,0.677838101051748,0.114082722691819,0.247293746564537,0.544844901189208,0
0.143480424105749,0.971151805979013,0.155994747532532,0.905557892052457,0.257434996543452,0.832551508676261,0.388837209437042,0.219734302023426,0.73007400915958,0.69625994306989,0
0.594879934331402,0.451612080214545,0.389509989647195,0.928081241203472,0.0340670731384307,0.467282927595079,0.757682831259444,0.910781003767624,0.309561136178672,0.59746256750077,0
0.616077228914946,0.619342751801014,0.640406040009111,0.207035467261449,0.0202630194835365,0.0788209999445826,0.41960145928897,0.328749148640782,0.742059730691835,0.937225899193436,0
0.0402124593965709,0.933526112698019,0.886463107541203,0.855447915615514,0.664896621601656,0.801882780622691,0.0242484773043543,0.345781134674326,0.645241485908628,0.993730858201161,0
0.6020961768087,0.353615875104442,0.580284768948331,0.369282407453284,0.0929070774000138,0.710345693631098,0.444362983107567,0.144716365728527,0.381304522044957,0.0936124322470278,0
0.284284597495571,0.418731927173212,0.333409160608426,0.0187705231364816,0.19445305573754,0.529843945521861,0.715722587890923,0.459607241908088,0.0644077179022133,0.0413492987863719,0
0.536101561892964,0.588825608054735,0.504198420559987,0.974579155445099,0.873926803003997,0.828315974911675,0.755902707343921,0.23333470732905,0.450953809078783,0.964020201005042,0
0.418261257465929,0.491131567163393,0.32403316302225,0.45619269926101,0.18945144652389,0.365780491847545,0.524010901339352,0.027367407688871,0.86080218735151,0.747654289472848,0
0.723734252620488,0.01081682741642,0.39036343479529,0.0893063561525196,0.735151579370722,0.66583064198494,0.324604149209335,0.997272356413305,0.817134014796466,0.524370255880058,0
0.701863017215859,0.718524116970133,0.397152077173814,0.507330207386985,0.396487900288776,0.384709124453366,0.624308446189389,0.464910304872319,0.409770408412442,0.598450397141278,0
0.72020332608372,0.384099977556616,0.0305912422481924,0.228866199729964,0.862421273719519,0.352101765107363,0.68588329362683,0.738898006035015,0.472097823861986,0.212926052743569,0
0.66254494186705,0.962671674491186,0.802615352906287,0.651979735586792,0.348117730114609,0.302805444225669,0.798540008254349,0.0835911233443767,0.789950307458639,0.494025543564931,0
0.334642730653286,0.461428639711812,0.235730890417472,0.171188270440325,0.323082184651867,0.749706252478063,0.936472844798118,0.958694495493546,0.886142454575747,0.3727292700205,0
0.575742479413748,0.59320956398733,0.806857576128095,0.131204422330484,0.170531772077084,0.432038837578148,0.628973388113081,0.656751521630213,0.0946935371030122,0.988667242694646,0
0.514788377484307,0.862103367649019,0.232901958981529,0.612723073922098,0.192750105401501,0.474388650385663,0.27716086874716,0.68449511192739,0.137113861041144,0.888728495920077,0
0.562048906460404,0.305598654551432,0.298820020863786,0.209696088451892,0.222629165276885,0.824758353177458,0.89736232208088,0.373529150616378,0.119249432813376,0.719836848089471,0
0.662077524233609,0.25259390915744,0.990554272895679,0.715229275403544,0.956114335451275,0.628409234341234,0.813846878707409,0.494539410807192,0.142208855366334,0.32117172353901,0
0.715110273333266,0.644923271611333,0.451195673784241,0.1527493102476,0.941428017104045,0.225673335371539,0.613865165272728,0.749993973877281,0.00633549783378839,0.833657280076295,0
0.633587747113779,0.964585566194728,0.439137459965423,0.191079707117751,0.480537475785241,0.245263629592955,0.912894038949162,0.388334772316739,0.104035584023222,0.19814595230855,0
0.860896380325779,0.731712307204492,0.944520585238934,0.543418375542387,0.31040600920096,0.829469667049125,0.684161494718865,0.601024705683812,0.391864293254912,0.103214361239225,0
0.55953467451036,0.55790285486728,0.553074358729646,0.734138370724395,0.770718483254313,0.629582965979353,0.868749521207064,0.424916367745027,0.483350984985009,0.591520930174738,0
0.733188602607697,0.333037308417261,0.368453623726964,0.428055367432535,0.240160694811493,0.544612283352762,0.388472988270223,0.831329619279131,0.47123640566133,0.905615733470768,0
0.0570913464605808,0.901702094310895,0.620814190478995,0.796331267803907,0.752406399929896,0.287570010172203,0.659862682921812,0.356117099290714,0.658627185970545,0.837294487981126,0
0.832522178301588,0.913552061654627,0.13988041318953,0.721295466879383,0.604064342333004,0.216070258291438,0.0260487454943359,0.501676551066339,0.4421109741088,0.183099354850128,0
0.0565661143045872,0.124413907760754,0.947300986386836,0.224914534017444,0.0736848574597389,0.129705860977992,0.880314752692357,0.911834897473454,0.728758888551965,0.802574809174985,0
0.458736937725917,0.269969927612692,0.0564114397857338,0.6754070376046,0.105957613093778,0.575868929736316,0.674000693485141,0.385485786246136,0.946822718484327,0.765855733305216,0
0.845027452334762,0.0804213273804635,0.377896475838497,0.509310284862295,0.404543305048719,0.662588428705931,0.135057090548798,0.0278555762488395,0.332754569360986,0.492924964753911,0
0.202310724416748,0.272963487775996,0.438751349691302,0.0222374545410275,0.867457977030426,0.705603890586644,0.382521230960265,0.000220088986679912,0.261576839024201,0.670773890567943,0
0.0542118626181036,0.926474254811183,0.104979987954721,0.147357999579981,0.905718586640432,0.978630962315947,0.265660845674574,0.116387169575319,0.776104086777195,0.460873961215839,0
0.493480451405048,0.582497797440737,0.833297566277906,0.000655228504911065,0.570847762748599,0.486803633160889,0.803457355359569,0.104623465798795,0.81138277426362,0.704949476290494,0
0.0296732161659747,0.0285864812321961,0.38879349688068,0.858566365437582,0.744537878548726,0.265166705008596,0.725384041666985,0.840298218652606,0.163315793965012,0.316788509022444,0
0.582338783424348,0.98081778571941,0.350683590164408,0.674431967316195,0.267909661633894,0.210362089332193,0.472685628337786,0.352034044219181,0.637234176509082,0.776077876798809,0
0.820121920900419,0.63775444123894,0.0407363974954933,0.228569026337937,0.612305015791208,0.340947904624045,0.0106894359923899,0.296421701088548,0.344498239457607,0.699792283121496,0
0.178228320553899,0.787097659660503,0.862864287337288,0.167879880638793,0.53483943012543,0.739706717431545,0.78225342114456,0.994564915075898,0.543385772500187,0.26536847371608,0
0.604409402934834,0.0985553907230496,0.526099662994966,0.173363737761974,0.0451940644998103,0.416386745171621,0.785511097870767,0.1290467036888,0.355156566947699,0.399895846378058,0
0.674027110821474,0.573825978435855,0.300440009916201,0.213983967667446,0.815317773260176,0.0431668616365641,0.00691166170872748,0.0334617022890598,0.698621252086014,0.533610517391935,0
0.880227862624452,0.214115533279255,0.0280019193887711,0.927359906258062,0.734265676932409,0.0111358363647014,0.122455953853205,0.0949724840465933,0.731544711394235,0.802265369798988,0
0.20552847511135,0.249717694241554,0.277240389958024,0.103187517961487,0.387212002417073,0.121569591807202,0.267500050598755,0.802877372829244,0.960945102386177,0.684855787781999,0
0.727533311350271,0.516095507191494,0.703814106062055,0.104516577906907,0.558099614456296,0.310680696042255,0.101322660688311,0.104786714306101,0.40505643421784,0.424417371628806,0
0.384158870339859,0.894854223898612,0.469148132018745,0.308583700330928,0.233379024313763,0.581264896551147,0.57004440529272,0.00685257720761001,0.986012240638956,0.838529893662781,0
0.479787893360481,0.146119532175362,0.599860606249422,0.620667188428342,0.94583155028522,0.0101774448994547,0.44768298487179,0.128944009309635,0.523981180973351,0.11923547484912,0
0.719584397738799,0.80561313056387,0.128242945764214,0.192466190317646,0.512472459115088,0.978218586882576,0.037285027327016,0.447563256137073,0.756036148173735,0.720829930156469,0
0.696966076735407,0.143552051391453,0.791306091705337,0.0495028232689947,0.482892520027235,0.929318252950907,0.710486512864009,0.690454252064228,0.911844592075795,0.160539062926546,0
0.245715035125613,0.028606483945623,0.878533237613738,0.278819820377976,0.624425538117066,0.341620087157935,0.56945297983475,0.129309801617637,0.178782324306667,0.0160512109287083,0
0.768351440012455,0.709488439790904,0.167729681823403,0.597515443339944,0.957338197389618,0.681440747575834,0.0438126802910119,0.616441516205668,0.716624933760613,0.506931353360415,0
0.376126779476181,0.222434666007757,0.59455739101395,0.0682943735737354,0.0919185592792928,0.788360720733181,0.269136094721034,0.332605718402192,0.549360326025635,0.561134470393881,0
0.457559336675331,0.580738565186039,0.341804220108315,0.517937929369509,0.126569395652041,0.599525717319921,0.668968999525532,0.448238282231614,0.954572370508686,0.8064047715161,0
0.347829527687281,0.29569732118398,0.174722008639947,0.336943637579679,0.241029887460172,0.664885217323899,0.125625336309895,0.124875244451687,0.344264493323863,0.631691049551591,0
0.712215005187318,0.781264182180166,0.996242909925058,0.268949725199491,0.720814248081297,0.899385106051341,0.0508332627359778,0.0546874331776053,0.425980314612389,0.437379109906033,0
0.712283168919384,0.876769741531461,0.46225444227457,0.91422283067368,0.238319274503738,0.636244591558352,0.050550787942484,0.890489482320845,0.249855711357668,0.0813397413585335,0
0.187088107457384,0.216294904472306,0.710447082528844,0.0548913574311882,0.115096175344661,0.349278543610126,0.668497791048139,0.70545799122192,0.819904323201627,0.375292814336717,0
0.66759111569263,0.541939970571548,0.0663319230079651,0.887879016576335,0.446163109270856,0.543442470254377,0.622838026843965,0.846785448258743,0.650359916966408,0.319675005041063,0
0.583861164515838,0.474414967233315,0.827066261786968,0.579513385426253,0.537700245389715,0.57503329240717,0.0946647108066827,0.0317635294049978,0.876759193604812,0.122434312244877,0
0.854420335963368,0.260877399006858,0.36258892249316,0.980996729107574,0.47907593450509,0.119169996120036,0.224983629770577,0.0881140846759081,0.931632563238963,0.216162242228165,0
