"1","2","3","4","5","6","7","8","9","10","class"
0.725228572189808,0.639836990134791,0.304210688685998,0.367601927137002,0.903023902093992,0.864520604722202,0.15849228692241,0.185708838282153,0.70754661038518,0.421249864622951,0
0.544986517168581,0.346735382685438,0.240535742603242,0.57911523594521,0.462967948755249,0.36836932762526,0.13090550689958,0.80130265140906,0.790239239810035,0.844329345040023,0
0.280985360043123,0.0170957605920732,0.653879404533654,0.159183498704806,0.935816303826869,0.257073379587382,0.758009121287614,0.587824793998152,0.141851285472512,0.878406961448491,0
0.312434699179884,0.171081869368441,0.0769180681090802,0.292089031776413,0.289935379289091,0.288699889322743,0.597422156482935,0.715736439917237,0.28588067018427,0.360857253428549,0
0.73516212310642,0.0953643606044352,0.0828955320175737,0.90650950348936,0.0887330742552876,0.820540723856539,0.527106817811728,0.55096391774714,0.124709244119003,0.186837241286412,0
0.63740621204488,0.0213301377370954,0.266369488323107,0.89609131612815,0.302248803665861,0.331647300394252,0.409488974371925,0.841859502485022,0.304655325831845,0.286845752969384,0
0.696139945506304,0.0157721461277455,0.579480390064418,0.654149220557883,0.198821972357109,0.453115428332239,0.0470075882039964,0.213680977467448,0.843117362586781,0.523520180024207,0
0.687962845666334,0.57669125427492,0.121267412556335,0.316980559378862,0.725037683499977,0.831965858582407,0.745950223179534,0.0924922234844416,0.155857196543366,0.807464945828542,0
0.887009997153655,0.108522942988202,0.629747883649543,0.38798417779617,0.738388204015791,0.463119390187785,0.804616292007267,0.645802504848689,0.594914588844404,0.941003300715238,0
0.872977540677972,0.111733798173629,0.0641894191503525,0.471313875168562,0.559644845081493,0.113604491110891,0.166255498537794,0.593926701694727,0.019055460812524,0.143557208590209,0
0.416313525753096,0.0576545330286026,0.557882173219696,0.799867890076712,0.517231474164873,0.342600877163932,0.269040848128498,0.714226438198239,0.291444513015449,0.621995002031326,0
0.344917426118627,0.575002365745604,0.295874588191509,0.504167299019173,0.0295205705333501,0.399265064159408,0.418367544421926,0.166183568770066,0.600140980677679,0.00121963699348271,0
0.536562772700563,0.0116992006078362,0.807074735639617,0.228450272465125,0.356109471991658,0.0852956895250827,0.256264308234677,0.630040980875492,0.451446337625384,0.844183027977124,0
0.260444994064607,0.973579547439236,0.577442642999813,0.170871427282691,0.491272823885083,0.889541452750564,0.909711689455435,0.0642224056646228,0.197089631808922,0.979642522754148,0
0.103306195094809,0.804803672283143,0.22236013924703,0.714960721088573,0.623691046610475,0.748248381540179,0.992938833776861,0.239600533619523,0.0748717710375786,0.361042220843956,0
0.473388592945412,0.0184147118125111,0.155459493631497,0.592473215889186,0.91482191439718,0.478867101250216,0.0882308578584343,0.982534036273137,0.549199102912098,0.223084242083132,0
0.644783234456554,0.699632616015151,0.619488833472133,0.919007203541696,0.934273347025737,0.166823206236586,0.0645652187522501,0.568992466898635,0.566349943634123,0.437565406784415,0
0.427896930836141,0.102125072386116,0.572298137238249,0.694452468538657,0.991666873684153,0.0909309566486627,0.759732623351738,0.218938583973795,0.265104861231521,0.664113257778808,0
0.108000564740598,0.899571367055178,0.216462422395125,0.310998524539173,0.0673521310091019,0.399363251635805,0.982209882698953,0.176987774670124,0.978874700143933,0.114530849270523,0
0.103275436239224,0.0571123616225086,0.0712203842122108,0.844593658111989,0.538822452537715,0.90522946510464,0.730602972442284,0.880207629408687,0.785665030125529,0.296377684921026,0
0.519804874328896,0.0167790069887415,0.887974460143596,0.874766264110804,0.0427871574647725,0.970713421469554,0.328441209392622,0.904643754009157,0.219047226011753,0.448250285349786,0
0.387921924139652,0.93198230768824,0.548079222207889,0.763331674970686,0.93248889525421,0.336086654802784,0.911444010678679,0.936343981418759,0.87961520627141,0.585755553329363,0
0.252552311334759,0.0879522016767412,0.881038914434612,0.72762743732892,0.212433740263805,0.582837609807029,0.867467162199318,0.931384440511465,0.483623592415825,0.731589711038396,0
0.961095140082762,0.890978027135134,0.29911598097533,0.0444444334134459,0.852244505193084,0.83095784438774,0.129653150448576,0.870831605279818,0.425712147029117,0.552768226945773,0
0.27026417478919,0.671695643803105,0.743855255423114,0.593488940736279,0.425658924039453,0.332101267762482,0.975341318408027,0.143504373729229,0.890267655719072,0.801614341558889,0
0.350110743194818,0.503841820638627,0.769550464814529,0.835564745822921,0.899824908701703,0.731998318806291,0.991703946841881,0.604378373594955,0.386437838198617,0.996328553417698,0
0.121647398506477,0.971268895150349,0.294063285458833,0.236802215920761,0.685110532445833,0.479812622535974,0.0551556672435254,0.0983459728304297,0.184773162472993,0.549145933939144,0
0.967582256067544,0.862993489718065,0.964306127745658,0.0335655799135566,0.498613002244383,0.168396996334195,0.940651345066726,0.599534056847915,0.00313110230490565,0.855999436927959,0
0.322508483892307,0.645463791675866,0.108313605654985,0.250471704173833,0.634619028307498,0.0570841818116605,0.772608658764511,0.223406283650547,0.622191031230614,0.0363530383910984,0
0.590178421323933,0.444021294717304,0.422759711975232,0.906158735509962,0.334247616119683,0.0969920749776065,0.638234900077805,0.748881085775793,0.776168727548793,0.971117263659835,0
0.223917121950537,0.184879578646272,0.0753778235521168,0.453251318307593,0.625663147540763,0.168842032086104,0.504347740439698,0.285723663168028,0.231714219087735,0.825664611998945,0
0.557266504122037,0.405551117680036,0.643710924778134,0.548583519877866,0.522739971056581,0.419134595431387,0.703250413527712,0.580096798716113,0.916246268898249,0.608535995939746,0
0.720675259974413,0.0421311122881249,0.960087803890929,0.197375457501039,0.0527366760652512,0.430996150709689,0.13884279713966,0.48993379669264,0.155687334481627,0.688395796343684,0
0.332497603725642,0.0734632965177298,0.856659309007227,0.439417681423947,0.529505949467421,0.299862703075632,0.495549965184182,0.607435849029571,0.557740991236642,0.173023157287389,0
0.534098169999197,0.674881161190569,0.462535368977115,0.609561786055565,0.081261127255857,0.778593457536772,0.18245036364533,0.410856721922755,0.0585036061238497,0.733427429106086,0
0.894146175356582,0.93747721076943,0.407764830626547,0.295977165224031,0.43987252865918,0.436529470840469,0.488881855504587,0.363468315685168,0.970535743748769,0.758450338384137,0
0.545189526395313,0.897766274971888,0.863660932751372,0.150547514203936,0.173754328861833,0.886934316484258,0.871763811679557,0.922137352637947,0.177646445343271,0.287830515298992,0
0.271478007915523,0.484292737105303,0.37767146108672,0.21840881742537,0.93000241741538,0.390207730699331,0.474430267466232,0.784154753899202,0.396546098170802,0.0178873643744737,0
0.387099034618586,0.385360333835706,0.607280823867768,0.619268894428387,0.827687067911029,0.694370869779959,0.953876503044739,0.365605533123016,0.51357710105367,0.696444930275902,0
0.374038481386378,0.292906062677503,0.687960619805381,0.645836292766035,0.484662105794996,0.337464045966044,0.115529710194096,0.0360165617894381,0.266714933328331,0.986362379044294,0
0.216668611625209,0.677407506387681,0.372491911519319,0.985077267512679,0.277138946112245,0.0404160504695028,0.99118078360334,0.611076063709334,0.40296088042669,0.107524866703898,0
0.634938771603629,0.398352122399956,0.202010182663798,0.363318327115849,0.571005661273375,0.345483442302793,0.958170569967479,0.609964965377003,0.546097277663648,0.627040080958977,0
0.912108466848731,0.907318785281479,0.482468776404858,0.253385195508599,0.752891901182011,0.872354884399101,0.494549999013543,0.80303633841686,0.900799331720918,0.610354772768915,0
0.381784200652968,0.269203169864602,0.845004699658602,0.180806864984334,0.243218382587656,0.654765198007226,0.314606946893036,0.400998097611591,0.389204734470695,0.974193856818601,0
0.517130909487605,0.101655076723546,0.180558707099408,0.537598819471896,0.622081351233646,0.954265710664913,0.343695890856907,0.980767566012219,0.791208209702745,0.0131313623860478,0
0.690046484349295,0.979531545192003,0.239370185881853,0.914095198037103,0.124669560464099,0.711069660261273,0.371415161062032,0.929464376764372,0.113792843651026,0.246342990547419,0
0.453207346145064,0.335640087723732,0.157938335556537,0.605825914768502,0.509677196154371,0.226287527242675,0.200988460332155,0.513836259720847,0.0337142704520375,0.274717034073547,0
0.429629000700824,0.613675640292093,0.212953854585066,0.796092931879684,0.707088866503909,0.360403653699905,0.661779896356165,0.726210768101737,0.00773061881773174,0.0239088709931821,0
0.857211534865201,0.261013430077583,0.0748608005233109,0.2723084744066,0.263195599196479,0.762880329042673,0.524324387777597,0.623063729610294,0.489093519048765,0.138432822888717,0
0.366177872521803,0.359715930186212,0.166332700289786,0.030589583562687,0.289377095876262,0.691041199257597,0.208901352481917,0.208617419237271,0.149803216569126,0.533586960751563,0
0.396257741609588,0.906859789974988,0.190775529714301,0.531493581831455,0.184863028349355,0.959793070098385,0.537558811251074,0.837942449608818,0.984484658576548,0.41371109476313,0
0.63209967664443,0.0234265807084739,0.390094468137249,0.0450410777702928,0.3966933444608,0.672403665725142,0.56395482015796,0.817906535929069,0.674311871407554,0.307020671200007,0
0.834007881926745,0.181894956704415,0.375445980578661,0.565785369370133,0.989647252950817,0.10022634640336,0.0876203717198223,0.925005766097456,0.851931538432837,0.563622175017372,0
0.357538434676826,0.663361275801435,0.239387846086174,0.900770248379558,0.00595267163589597,0.362198247341439,0.403276829048991,0.611517677782103,0.518698242725804,0.479692473309115,0
0.507958634989336,0.448090580757707,0.50026525487192,0.98734060046263,0.0484610414132476,0.0593317614402622,0.222513883141801,0.849288828438148,0.894525852752849,0.850606127642095,0
0.640114124154672,0.317972164644394,0.82099575502798,0.671001977752894,0.330824300413951,0.655116550158709,0.244053731439635,0.275844139745459,0.451403321232647,0.873764083255082,0
0.436291963327676,0.423014982836321,0.611157367238775,0.412733570905402,0.716705319704488,0.207322637317702,0.0549664027057588,0.289949345868081,0.875332482159138,0.181284661637619,0
0.217609733343124,0.093613738194108,0.87339184503071,0.975788238691166,0.240548179717734,0.282324671046808,0.115400466136634,0.830700417747721,0.025887543335557,0.796439089113846,0
0.355837613809854,0.229603929212317,0.476446303306147,0.2559672978241,0.777424026513472,0.0817984582390636,0.28411443089135,0.500634206691757,0.609336669091135,0.0981410613749176,0
0.238844104942307,0.914761653885152,0.0112594654783607,0.384017342934385,0.512543962569907,0.0285812497604638,0.284360218793154,0.770805892534554,0.27238714392297,0.0986804913263768,0
0.153927016537637,0.684657990699634,0.365234109107405,0.46988113434054,0.26941151288338,0.938526102807373,0.533979888306931,0.454509953269735,0.225787841016427,0.267541657900438,0
0.749967172276229,0.117495020618662,0.167111606569961,0.112573779886588,0.0782068087719381,0.523184606572613,0.313828448066488,0.579087188234553,0.51488528191112,0.623700260184705,0
0.906489167293161,0.0188185318909585,0.860121844569221,0.617273790063336,0.290052414406091,0.756523034302518,0.973715957487002,0.766696272185072,0.1616303215269,0.261718389810994,0
0.555877916049212,0.880130041390657,0.466810057172552,0.947353737894446,0.742298738798127,0.735348142450675,0.00175409438088536,0.246128252940252,0.652261920273304,0.932204311015084,0
0.580378566868603,0.317868556361645,0.0346397168468684,0.17458126693964,0.795669003622606,0.632649375824258,0.273781545227394,0.528115935856476,0.905683307209983,0.929660130059347,0
0.952402726514265,0.152537160320207,0.842555582523346,0.900443471968174,0.553128638071939,0.723950304789469,0.219430690864101,0.0148624749854207,0.384644658537582,0.122175967087969,0
0.867188229971379,0.976196950504929,0.854756787186489,0.726702915737405,0.386994652915746,0.746900937519968,0.274547668173909,0.798366058152169,0.625288012670353,0.663907911861315,0
0.828874856630061,0.887470066291746,0.40518219396472,0.870778131531551,0.0259560104459524,0.542934027034789,0.0169471011031419,0.657143849646673,0.789768913062289,0.365814965683967,0
0.661818649619818,0.735670752823353,0.866185028571635,0.0829182206653059,0.831580015132204,0.525497798807919,0.73617911990732,0.211962548317388,0.0850364365614951,0.789528001099825,0
0.596085224533454,0.42287099128589,0.661835223669186,0.394161158706993,0.660996704595163,0.215544771170244,0.49166006478481,0.553935554344207,0.628846930339932,0.0990469132084399,0
0.781898631015792,0.131303469184786,0.649656084831804,0.125664038117975,0.645323137752712,0.977405099663883,0.865437095751986,0.431944832205772,0.256077419267967,0.76962112239562,0
0.855209866433777,0.0995912818376906,0.820411673514172,0.17260271217674,0.0213723424822092,0.621226334478706,0.569026980549097,0.0843000549357384,0.510315791936591,0.716266014380381,0
0.840186538891494,0.184810430403985,0.565224442863837,0.185353801120073,0.109999652253464,0.2885832474567,0.558836314361542,0.855457195080817,0.136363488156348,0.78085542214103,0
0.357198324876279,0.680111208694801,0.399023281875998,0.142977993004024,0.368143112864345,0.713908086530864,0.291387645993382,0.148868817370385,0.244424291420728,0.890882077161223,0
0.343630621908233,0.410963304806501,0.506811932427809,0.171454807277769,0.995325762312859,0.257415026193485,0.160541986115277,0.0394372136797756,0.880027178209275,0.0103823461104184,0
0.672110473969951,0.345414272742346,0.937753032427281,0.489299391396344,0.317660948028788,0.74470687052235,0.268998215906322,0.948248594300821,0.759349150350317,0.707973313517869,0
0.239298778120428,0.381819124566391,0.428708015009761,0.432787564350292,0.353630532044917,0.343515776097775,0.0472578585613519,0.161100276978686,0.905460733920336,0.407817166764289,0
0.0698446144815534,0.0771343221422285,0.0882816654630005,0.27600572258234,0.560337779577821,0.901485927170143,0.913144618738443,0.706415126565844,0.123270157724619,0.580556741915643,0
0.549621863443777,0.517435311127082,0.667981498409063,0.364285289309919,0.616805174155161,0.51288333022967,0.444799935910851,0.0459110192023218,0.391118688508868,0.618574631400406,0
0.884518138132989,0.132846859749407,0.849136349977925,0.280371594941244,0.300773477414623,0.180436445400119,0.594857767224312,0.382929901359603,0.401766171911731,0.562903151381761,0
0.153126035118476,0.808314565103501,0.86789659364149,0.628344112774357,0.897065533557907,0.320346801076084,0.352511941455305,0.388491498306394,0.508617721963674,0.354283852037042,0
0.246844569221139,0.686862725066021,0.351883745053783,0.91357592260465,0.967451464384794,0.652798337396234,0.380093741463497,0.0371405158657581,0.0261765043251216,0.137570574879646,0
0.0967537185642868,0.225796415004879,0.117237236350775,0.751797257689759,0.625842969864607,0.439531499054283,0.748585412977263,0.971909896703437,0.287938890978694,0.874792864313349,0
0.733685685321689,0.234611785039306,0.510744505329058,0.442215572344139,0.396094840718433,0.144429441075772,0.204320430522785,0.329547385685146,0.0403429511934519,0.41812700452283,0
0.316118774855323,0.891337899786606,0.549207245232537,0.924580511404201,0.796365228714421,0.323569330852479,0.377354865893722,0.453325624810532,0.646320742787793,0.91847976972349,0
0.399536587712355,0.537449270853773,0.0204010084271431,0.876923147123307,0.747769760200754,0.588165580295026,0.487650585593656,0.899865124607459,0.59321091347374,0.497524429578334,0
0.302415336016566,0.652009330224246,0.540144985308871,0.00500190514139831,0.924765834119171,0.941308013861999,0.901737607084215,0.928464739350602,0.549015282886103,0.0431467308662832,0
0.605372749591246,0.463741370983329,0.430098271230236,0.238690721336752,0.521358444588259,0.298951090313494,0.513383511919528,0.768963551614434,0.220782989636064,0.363584046019241,0
0.857130953343585,0.803493446903303,0.638837162405252,0.770739739062265,0.822842110879719,0.084222607081756,0.666755434824154,0.294957855017856,0.907044457038864,0.591477893060073,0
0.389693415025249,0.0730279257986695,0.563681879313663,0.82737297215499,0.0834794146940112,0.0326326186768711,0.411561808083206,0.936751772649586,0.838567536324263,0.952125255716965,0
0.586909777462482,0.114824005484581,0.881222067400813,0.737225514138117,0.171168547822163,0.208459270885214,0.770369227277115,0.785936536034569,0.609077390516177,0.758178810123354,0
0.146050649229437,0.785409664269537,0.0758956137578934,0.780159153044224,0.651919087860733,0.0600793762132525,0.652425553184003,0.657870873110369,0.332814629655331,0.837073947535828,0
0.542936785612255,0.303762436844409,0.404943473171443,0.496782620670274,0.528405654476956,0.507776303682476,0.601789866341278,0.152758104261011,0.784524958580732,0.674825844820589,0
0.107299006544054,0.222326890798286,0.649568861583248,0.903218037215993,0.833911298541352,0.121353264665231,0.567916619125754,0.451225924072787,0.0360793091822416,0.280218408210203,0
0.867676865542307,0.77469493355602,0.0459266286343336,0.681459156330675,0.809236887842417,0.569694810081273,0.993333538528532,0.498549000127241,0.0313964895904064,0.454720104811713,0
0.817737898090854,0.0101880729198456,0.676371195353568,0.0957072698511183,0.677021445473656,0.495726189110428,0.363045922713354,0.144090726971626,0.911934506380931,0.540928704896942,0
0.828636042958684,0.994788933622278,0.370346754323691,0.149116677464917,0.431115080835298,0.125789313344285,0.83184571377933,0.0130089621525258,0.0830189858097583,0.0141573273576796,0
0.679237997625023,0.656514158472419,0.845311151817441,0.789229000452906,0.667409557616338,0.440739703830332,0.760398602578789,0.89495371771045,0.235288979951292,0.938369260402396,0
0.0898571335710585,0.238170981174335,0.200650209095329,0.860381641890854,0.248193324077874,0.549977351212874,0.155455083819106,0.710407268954441,0.862129058688879,0.168694410705939,0
0.737414224538952,0.963247408159077,0.456059979973361,0.893951375735924,0.764697181293741,0.888013599906117,0.0189472793135792,0.794562248745933,0.223367831669748,0.602909828303382,0
