"1","2","3","4","5","6","7","8","9","10","class"
0.537406318588182,0.409710604464635,0.240580229554325,0.385177751071751,0.407642587320879,0.86955399485305,0.430271344957873,0.944816555827856,0.0293787806294858,0.335815841797739,0
0.630416874308139,0.230352492304519,0.857883801218122,0.809181238990277,0.922340993070975,0.596625845646486,0.876022212905809,0.775578867644072,0.0307772851083428,0.653880723984912,0
0.871379192452878,0.130451460368931,0.731506372569129,0.12053644657135,0.672452937578782,0.436376643134281,0.513603604631498,0.117700168630108,0.238154033198953,0.685052605811507,0
0.552231275942177,0.965017358772457,0.153520107269287,0.185925548430532,0.679482418112457,0.915018278639764,0.558472984004766,0.889013407286257,0.682825568132102,0.950634486041963,0
0.271848550299183,0.79081260971725,0.949872237630188,0.42584678134881,0.331670378567651,0.397825473221019,0.290686903521419,0.458048854954541,0.881329204887152,0.805968704633415,0
0.0957901342771947,0.850169029319659,0.0946402996778488,0.625021524727345,0.0234141824766994,0.375650711823255,0.467969076475129,0.0782387692015618,0.318341699428856,0.39546907809563,0
0.360888671828434,0.560052274959162,0.900756230112165,0.216146698454395,0.526141541078687,0.507110182195902,0.211752307834104,0.89648907748051,0.25568124325946,0.763012199196965,0
0.541129193501547,0.00602118507958949,0.477521803230047,0.229008913971484,0.334570032078773,0.946203725878149,0.569245702819899,0.730748316971585,0.470090927323326,0.0733581772074103,0
0.71379188461788,0.839689897003397,0.000313552562147379,0.157676131697372,0.271893017459661,0.616654115496203,0.975939920172095,0.752189676743001,0.897696868283674,0.394084380939603,0
0.0284397322684526,0.0212879455648363,0.6449604278896,0.857880931580439,0.593529968522489,0.318543491419405,0.799362400313839,0.0141220092773438,0.946557673159987,0.23444167082198,0
0.0193810644559562,0.82759539433755,0.455392827512696,0.939212074736133,0.89448324823752,0.40597378090024,0.34494582680054,0.402789747109637,0.856617959449068,0.281353601021692,0
0.0306146312505007,0.291235849261284,0.266387956915423,0.232537682633847,0.20517711318098,0.5118027261924,0.419148238375783,0.0383042611647397,0.832089280476794,0.151181219145656,0
0.729569360613823,0.701617500279099,0.914679395034909,0.073591087711975,0.693011287366971,0.00258751632645726,0.3247718536295,0.92630085372366,0.267293338663876,0.954063294455409,0
0.96928007225506,0.151108853518963,0.720972216455266,0.0818919935263693,0.215169400908053,0.898063970729709,0.294836218701676,0.607185746077448,0.910461461171508,0.719525906722993,0
0.627348409965634,0.826049305032939,0.266787196742371,0.657470218837261,0.950992183294147,0.875959682045504,0.981782332295552,0.538408275693655,0.00154882832430303,0.0644298486877233,0
0.245219364296645,0.32801433140412,0.541039300849661,0.0267883045598865,0.77559685590677,0.194831849308684,0.572419652016833,0.00792568014003336,0.695948967942968,0.682789757382125,0
0.379230666672811,0.691130055580288,0.958614056231454,0.83865765389055,0.284335083793849,0.0817204106133431,0.286671065492555,0.97108954237774,0.130771139170974,0.542136274976656,0
0.104164049960673,0.969026321079582,0.815163353690878,0.489166357088834,0.0439918390475214,0.109353782376274,0.68609941797331,0.10285895713605,0.181424829410389,0.356184780597687,0
0.590792890870944,0.152644481742755,0.996795277111232,0.392909729387611,0.554518662858754,0.0991589201148599,0.943946063518524,0.0987726806197315,0.226018907967955,0.129044057335705,0
0.0575683848001063,0.465355289401487,0.964480681810528,0.26788953691721,0.991743847727776,0.203437348594889,0.126588459359482,0.55536688817665,0.298139872960746,0.144766050158069,0
0.607414908241481,0.861084245378152,0.0135829334612936,0.114075852325186,0.560655959649011,0.259478710126132,0.325272577814758,0.209906042786315,0.788885021815076,0.231529088690877,0
0.104934719623998,0.371925238519907,0.158567905891687,0.12773609533906,0.0630820158403367,0.211676097242162,0.735925159882754,0.378763984655961,0.380534179741517,0.698744459543377,0
0.402417182456702,0.126420843647793,0.380033246474341,0.60058098542504,0.490055314265192,0.0742676693480462,0.967691513244063,0.333144024945796,0.329054713482037,0.723856038413942,0
0.659082725876942,0.379747498547658,0.67043289844878,0.699916700366884,0.387976562837139,0.123980451840907,0.636601679958403,0.200215750141069,0.11720965616405,0.169740682234988,0
0.48763131047599,0.879826879361644,0.0924140065908432,0.806703767739236,0.980930089019239,0.290913737844676,0.774576265597716,0.946200420614332,0.702642306918278,0.914900916395709,0
0.571186567889526,0.210943787824363,0.96342960326001,0.121653183829039,0.176909629721195,0.433311205357313,0.0111767440102994,0.878068049205467,0.279926630435511,0.271118366159499,0
0.506261561997235,0.121712490916252,0.999907921766862,0.794744879007339,0.738393725361675,0.613646859303117,0.928922599647194,0.307612389326096,0.597546772798523,0.874598329188302,0
0.849049172829837,0.161424793070182,0.17662041913718,0.849554616957903,0.697788549121469,0.26671921252273,0.584503272548318,0.618197040865198,0.338021667208523,0.0819808985106647,0
0.852367050712928,0.334342946531251,0.499437417602167,0.950640377122909,0.104643989820033,0.644205496413633,0.561078497208655,0.0722931758500636,0.0811797138303518,0.663941835286096,0
0.211677429731935,0.857185997767374,0.665823198854923,0.752155615948141,0.937126469099894,0.877353906398639,0.750210862606764,0.409546099836007,0.739873316138983,0.1276701586321,0
0.358768499689177,0.868540400406346,0.592947375262156,0.0166613343171775,0.148825337644666,0.58335881261155,0.184026207774878,0.883468345971778,0.233664988074452,0.782978216651827,0
0.975429291371256,0.528972169617191,0.597925001056865,0.573041439522058,0.507574556861073,0.102006891043857,0.799756995402277,0.17916783108376,0.280286352615803,0.843198750866577,0
0.982065255055204,0.0665810729842633,0.462151395855471,0.882823186228052,0.397367778001353,0.66865548864007,0.0900698574259877,0.5127920396626,0.70479930518195,0.880916730035096,0
0.286828002193943,0.290524279465899,0.15175551827997,0.547686673235148,0.908672926016152,0.888671807246283,0.214119218988344,0.646394396433607,0.541598039679229,0.4032741736155,0
0.246333170915022,0.730877053923905,0.84065226581879,0.798341945745051,0.0108728548511863,0.881787472171709,0.0237432857975364,0.333903109887615,0.630599227501079,0.65226131095551,0
0.669824481243268,0.70986645296216,0.899329212959856,0.908889005891979,0.576607640832663,0.87547608348541,0.353815827285871,0.0549021877814084,0.690817506983876,0.516588882310316,0
0.111892732093111,0.0125447218306363,0.245780881028622,0.701858953107148,0.122058102395386,0.61383283068426,0.712417838163674,0.597208167193457,0.128257625037804,0.240568698616698,0
0.822527559008449,0.44594211736694,0.642804050585255,0.6380012948066,0.263828658964485,0.9036411549896,0.566723040072247,0.147132781334221,0.720384598942474,0.849894374608994,0
0.897817473392934,0.264894102467224,0.810312503017485,0.234115650644526,0.390063220635056,0.989205478690565,0.884018325246871,0.29688142449595,0.88326717261225,0.428095145151019,0
0.262334363767877,0.422487591393292,0.430306928930804,0.177104033529758,0.0907264007255435,0.445677603827789,0.753838422941044,0.460900358157232,0.637705493951216,0.457790709799156,0
0.479471599217504,0.426161335082725,0.228443380678073,0.38848038832657,0.253077813889831,0.82348155695945,0.649112759623677,0.575211520073935,0.707335762912408,0.196151459589601,0
0.36548783397302,0.256006389390677,0.377632084069774,0.310821962310001,0.862118534743786,0.842407699441537,0.600070961518213,0.607434572884813,0.989299920387566,0.535002208780497,0
0.41447870247066,0.939080026000738,0.603104931535199,0.890737763606012,0.949379247846082,0.140294256154448,0.97937273979187,0.812439968110994,0.296761344186962,0.50515996129252,0
0.356968596577644,0.434341575019062,0.735882409848273,0.205362020293251,0.325083815259859,0.85215984005481,0.377235087100416,0.844186458038166,0.3223792091012,0.302721946267411,0
0.482191918417811,0.0104401642456651,0.69211386051029,0.181768066249788,0.620016410714015,0.234097877517343,0.0340364568401128,0.12440989096649,0.442338472930714,0.51058280817233,0
0.0430840749759227,0.208678173366934,0.50350678130053,0.163383419625461,0.358843405731022,0.831599129363894,0.0582257832866162,0.438975018914789,0.326381237246096,0.65210795076564,0
0.673566085286438,0.643842722056434,0.111559771932662,0.875848297728226,0.918670009123161,0.307966807857156,0.447179851587862,0.526899355463684,0.866778570460156,0.795185850001872,0
0.00139448279514909,0.181589607615024,0.160561169730499,0.966226838994771,0.108475923072547,0.916191737866029,0.705657529877499,0.093862377339974,0.569701243890449,0.292469152016565,0
0.697285260073841,0.253545138286427,0.542282962473109,0.109750607982278,0.717997240135446,0.166839028010145,0.698934447951615,0.375971810426563,0.408175645628944,0.907429563812912,0
0.368238381110132,0.784922212827951,0.557006929768249,0.240771932061762,0.746875249547884,0.862699383636937,0.156322696711868,0.868059192085639,0.947957006050274,0.313560421811417,0
0.126636806875467,0.76888994500041,0.110049151815474,0.0582454635296017,0.378246957669035,0.21620219363831,0.127711087930948,0.141343130264431,0.0926252740900964,0.444186206907034,0
0.989244460361078,0.137488580076024,0.576708882348612,0.748240695800632,0.70432064961642,0.356744761811569,0.135843397118151,0.148647646186873,0.778338595759124,0.316547271795571,0
0.888404433615506,0.214264221955091,0.771034589968622,0.0328450507950038,0.58394890720956,0.407465040916577,0.265093059977517,0.843319184612483,0.934085072018206,0.264414214296266,0
0.652800331125036,0.164075503125787,0.440987015608698,0.169309546472505,0.899027302162722,0.176048065768555,0.427369883051142,0.811567859724164,0.426421041134745,0.537615430541337,0
0.00774370785802603,0.789326454279944,0.405242794426158,0.0240520387887955,0.347483528777957,0.722501474898309,0.54339487105608,0.721789759583771,0.522725141840056,0.595621504122391,0
0.829591857735068,0.899638664908707,0.731051339767873,0.178604102460667,0.834860725095496,0.161304224049672,0.573953175917268,0.289901876589283,0.385718953097239,0.457038480788469,0
0.469333637272939,0.552658415865153,0.533280173549429,0.126320872921497,0.260031759273261,0.478593189269304,0.395729307318106,0.969574118498713,0.113164734560996,0.585567452479154,0
0.0577119530644268,0.210864477325231,0.24897480243817,0.341862332308665,0.930370641406626,0.522171274526045,0.108885247958824,0.33349857898429,0.183640667935833,0.867398237343878,0
0.40168912592344,0.00305089657194912,0.760435768403113,0.26347495126538,0.62911014072597,0.228534939233214,0.255261907121167,0.595520542003214,0.164586840197444,0.163944541942328,0
0.112810735125095,0.709075827384368,0.0756434027571231,0.0586072746664286,0.786626320099458,0.0988629832863808,0.941328263375908,0.0955542498268187,0.894541787914932,0.878447948722169,0
0.274669219041243,0.158025967655703,0.886067835381255,0.55284687737003,0.998973824083805,0.477650921791792,0.933089942205697,0.816184497438371,0.71556144207716,0.360511346254498,0
0.0669167714659125,0.78850554395467,0.44737172476016,0.590415043756366,0.113887266954407,0.0161914622876793,0.464900457765907,0.0527597602922469,0.25225253473036,0.910146589158103,0
0.141385255847126,0.182629284216091,0.426531487843022,0.843225519638509,0.97358507825993,0.153122866526246,0.736762635409832,0.813996117562056,0.950361207593232,0.404682726133615,0
0.66808022512123,0.697927642147988,0.847501423908398,0.0681027348618954,0.683200149796903,0.740158076863736,0.598030309192836,0.952565748244524,0.553170645842329,0.227814729791135,0
0.975191254401579,0.0468460810370743,0.696961238980293,0.964711709413677,0.353912838036194,0.876853667665273,0.215773229021579,0.15732379606925,0.416717274580151,0.416742493864149,0
0.324303147615865,0.616764331469312,0.38633793592453,0.191471560159698,0.0961548613850027,0.67462918930687,0.892059173667803,0.68199976044707,0.538728374289349,0.525114726275206,0
0.392219708766788,0.0478873413521796,0.732464758213609,0.957639121683314,0.424582595471293,0.435623039258644,0.726879977621138,0.748272068798542,0.127759274560958,0.0593109217006713,0
0.791635560104623,0.678950693691149,0.39693833142519,0.503444179194048,0.4005503479857,0.268992406781763,0.630577096017078,0.64322661026381,0.639930569101125,0.504332885844633,0
0.765761384740472,0.679348767967895,0.797284276224673,0.547188423573971,0.449280541623011,0.0272929926868528,0.50933922524564,0.358102082042024,0.740751408273354,0.21337951766327,0
0.168279942125082,0.866013063583523,0.645374154206365,0.135373102501035,0.291591283399612,0.0485566384159029,0.166630823165178,0.685636204434559,0.369811752578244,0.194474239367992,0
0.651293457485735,0.892664147540927,0.83711794577539,0.893982368288562,0.708855184726417,0.623976361006498,0.730585283366963,0.933700516819954,0.492617876734585,0.480416258331388,0
0.162379834102467,0.853384707821533,0.169513166882098,0.741737401811406,0.405544094974175,0.379465636098757,0.141833955189213,0.998600863851607,0.707453843671829,0.949715106282383,0
0.395095177926123,0.905901108635589,0.603108452400193,0.125831401441246,0.466989777749404,0.419506143778563,0.00534415454603732,0.0844675111584365,0.0110899610444903,0.845638506812975,0
0.845273774815723,0.799764997791499,0.223628321196884,0.331753852544352,0.842318186536431,0.647976548410952,0.685653074411675,0.191507634939626,0.913339239079505,0.672876441851258,0
0.562978907488286,0.380971088074148,0.338736220728606,0.91687371651642,0.579891049070284,0.789143252652138,0.986590594286099,0.368564157281071,0.358071074355394,0.299480605637655,0
0.177025491604581,0.816444377182052,0.863833539187908,0.401059554424137,0.786842307075858,0.365966883953661,0.0980963862966746,0.150715897558257,0.940778237767518,0.349938925122842,0
0.182535317959264,0.973090981133282,0.880363551434129,0.33373335772194,0.545187547104433,0.743295255349949,0.895881843520328,0.627849983051419,0.462970505468547,0.414888055063784,0
0.409813072998077,0.328933555167168,0.5706896642223,0.983336332952604,0.268491996452212,0.754898487357423,0.153666790109128,0.191449507605284,0.344089125515893,0.316770462784916,0
0.756632863543928,0.646368168061599,0.131098432466388,0.894745369674638,0.683413229417056,0.227347105043009,0.37800650135614,0.885868959594518,0.105735297547653,0.937386731384322,0
0.873390538850799,0.781339939218014,0.231478556990623,0.26708201575093,0.0481033499818295,0.0331635070033371,0.444361738162115,0.338572822045535,0.543056333437562,0.662406857358292,0
0.644664937863126,0.473391337553039,0.216671979287639,0.330168849322945,0.640519277891144,0.216478021582589,0.0922971565742046,0.600947409169748,0.873259185813367,0.507608653511852,0
0.553675486939028,0.251765955239534,0.625075550982729,0.486547474050894,0.138494726968929,0.649844849249348,0.12156495731324,0.818788323784247,0.120418231235817,0.334286478348076,0
0.94952025776729,0.0952573814429343,0.182700637495145,0.124257979681715,0.520927309757099,0.389468543231487,0.125973727786914,0.0116662275977433,0.691224128007889,0.717850712127984,0
0.221138641238213,0.833275202894583,0.780909908702597,0.924931102897972,0.649579932214692,0.273715568007901,0.875414131442085,0.235742568736896,0.552802922204137,0.266857210546732,0
0.125573528930545,0.00761495670303702,0.889443428255618,0.158129881601781,0.718192643951625,0.226470252266154,0.713679207954556,0.549588611815125,0.867348161758855,0.889900871552527,0
0.461043436778709,0.581270997645333,0.480361652560532,0.502865351270884,0.117366994498298,0.640820333734155,0.186160934856161,0.864003766793758,0.837440617848188,0.187004958279431,0
0.207373843761161,0.746010208269581,0.574783613206819,0.55296076531522,0.902864397736266,0.847910932963714,0.278276118217036,0.595253062434494,0.321372625650838,0.137064275797457,0
0.726494557224214,0.923438147176057,0.35023504239507,0.756922503001988,0.299630926223472,0.565199756762013,0.629928281065077,0.252249669283628,0.393843345576897,0.340099959634244,0
0.808185694739223,0.608871283009648,0.882243941538036,0.0213396702893078,0.992039553588256,0.418103388743475,0.421185445273295,0.592619097558782,0.00904439925216138,0.301822227193043,0
0.865282750455663,0.522969082463533,0.702925440156832,0.742724473820999,0.171102737309411,0.37402305752039,0.985437866533175,0.488752151606604,0.0555036915466189,0.755418670829386,0
0.271096583455801,0.17931258585304,0.82646090653725,0.867706134682521,0.0264862785115838,0.338163092266768,0.420599772594869,0.194396623177454,0.8168149900157,0.448690599296242,0
0.277625645510852,0.961305566830561,0.704754292732105,0.0551763547118753,0.10528880986385,0.0313591114245355,0.586733363801613,0.382481359411031,0.944698320236057,0.681236467091367,0
0.339897067053244,0.243222288321704,0.722232769010589,0.0313154491595924,0.386845566565171,0.83254988049157,0.983283514156938,0.272155189886689,0.477867590263486,0.731013361597434,0
0.492554775672033,0.776556574972346,0.14809140516445,0.697572856210172,0.787017516326159,0.582047348842025,0.482038074871525,0.363295013550669,0.795478746062145,0.21073241927661,0
0.629676738521084,0.165262142429128,0.4451555009,0.961223177611828,0.71969998977147,0.429802794009447,0.518392231781036,0.0189691877458245,0.340483653824776,0.563464509788901,0
0.930012960452586,0.0959335130173713,0.487318277591839,0.568398847943172,0.953285145340487,0.458245744463056,0.54317252128385,0.0622675712220371,0.501545183360577,0.28541144868359,0
0.228725301101804,0.82332822913304,0.809794022934511,0.642467082478106,0.684780694078654,0.78087590681389,0.929252231260762,0.578644421882927,0.618564221309498,0.101637201150879,0
0.632051683263853,0.404276144690812,0.917059783358127,0.831896036397666,0.317694823956117,0.00820573093369603,0.791502356762066,0.175307888071984,0.445637854048982,0.986691257217899,0
0.669585770228878,0.759520726045594,0.932425311068073,0.355010398896411,0.489394423086196,0.701812716200948,0.0311054983176291,0.951249543111771,0.844307707855478,0.173404458444566,0
0.265304560074583,0.917339236941189,0.451938704354689,0.217863398604095,0.720703310798854,0.84172385581769,0.802876741858199,0.949500771006569,0.398847239557654,0.165040631778538,0
