"1","2","3","4","5","6","7","8","9","10","class"
0.218043693574145,0.104478114517406,0.178218569606543,0.905308800050989,0.0796357139479369,0.61061589140445,0.912836042698473,0.724264068063349,0.344713974511251,0.36660099006258,0
0.866606623865664,0.888636784162372,0.290673842886463,0.960426196921617,0.491309434873983,0.760549584403634,0.138901952886954,0.744923043064773,0.306496218079701,0.27119748108089,0
0.181469051865861,0.74694769596681,0.733214761130512,0.702401837101206,0.159355543088168,0.719177156686783,0.900882602436468,0.697399455588311,0.367609306005761,0.691122531890869,0
0.344297096831724,0.0588546374347061,0.34254268812947,0.516511468915269,0.635633935919032,0.638416040223092,0.341282233130187,0.538540705339983,0.797071932815015,0.705308161908761,0
0.523341637570411,0.994452202692628,0.350887927226722,0.712638451950625,0.969016348477453,0.571020393632352,0.769373061833903,0.133229867555201,0.224458902841434,0.706541244406253,0
0.724539367714897,0.259145027492195,0.547761500114575,0.543994234874845,0.778657678281888,0.554699186235666,0.153696380089968,0.667147517669946,0.544709801441059,0.862335815560073,0
0.946291357045993,0.489624088164419,0.712690441170707,0.283778691664338,0.368067787028849,0.469650662038475,0.284522915259004,0.409522386034951,0.0520928362384439,0.173023862298578,0
0.126876037567854,0.915403964463621,0.913071438670158,0.212922582402825,0.341747833415866,0.878336424939334,0.413988631451502,0.733169740997255,0.288192173931748,0.387889214558527,0
0.384277021512389,0.721810072427616,0.0557792671024799,0.778952651191503,0.357417053775862,0.446683901362121,0.947879609419033,0.657255418598652,0.874136924277991,0.450319523923099,0
0.255582261830568,0.866491727298126,0.780809757299721,0.132093406980857,0.134014858165756,0.276049626991153,0.0651302265468985,0.003691395977512,0.152611576253548,0.020768912974745,0
0.148798502283171,0.592482368927449,0.216493661049753,0.780305922497064,0.133554783649743,0.966460442868993,0.561924059176818,0.990317119518295,0.107096715830266,0.156802063342184,0
0.466695319395512,0.240147068630904,0.461719790007919,0.708182913251221,0.324492921121418,0.320100771496072,0.248986686812714,0.672776149818674,0.997191343922168,0.556814342737198,0
0.521770846098661,0.247398038394749,0.464513746788725,0.721342602511868,0.226885702926666,0.0523241329938173,0.370251399464905,0.198780284030363,0.497560382820666,0.5387211330235,0
0.665667817695066,0.845532960724086,0.802802221151069,0.351932717021555,0.653654384892434,0.452820382546633,0.277641626307741,0.267681681318209,0.318705691723153,0.741161483339965,0
0.0739370747469366,0.760492523666471,0.779186807340011,0.263945074519143,0.196121705463156,0.70375119172968,0.966452232562006,0.936430542031303,0.347842986695468,0.753736007492989,0
0.894478766014799,0.772841030498967,0.100181443151087,0.967021779157221,0.655812681419775,0.51391413086094,0.916927311802283,0.427695893216878,0.224683873588219,0.421246119542047,0
0.82203642744571,0.185735698090866,0.160075067076832,0.773595271166414,0.582059543812647,0.864977821474895,0.441630080342293,0.298212738707662,0.136765552451834,0.346240063663572,0
0.310166224371642,0.980342524824664,0.442610483849421,0.241511596832424,0.951541968388483,0.30479321652092,0.657117893220857,0.482044619275257,0.217310948297381,0.608967732638121,0
0.522658232832327,0.720517394831404,0.770172564778477,0.0439030965790153,0.619731289567426,0.894008212024346,0.838417197810486,0.771328071830794,0.227138633606955,0.00628086226060987,0
0.0713803444523364,0.391909978585318,0.485735973808914,0.291855871677399,0.974398837191984,0.112445218255743,0.287390626734123,0.65871491166763,0.744625002378598,0.837370991939679,0
0.305296010803431,0.685175127582625,0.410064997617155,0.950841188430786,0.276972087332979,0.674472970422357,0.695197596680373,0.231788595905527,0.576483387267217,0.0758384100627154,0
0.898197815287858,0.572217878419906,0.472996682859957,0.140957789728418,0.911512322491035,0.754561236361042,0.917739536613226,0.431226281216368,0.837564432993531,0.022406650474295,0
0.314763701055199,0.780837613157928,0.178115085465834,0.162065852899104,0.0811559387948364,0.986277552554384,0.661117901559919,0.649305445374921,0.818241182016209,0.109971619211137,0
0.634456786327064,0.650207820581272,0.619739022105932,0.198890705127269,0.106791771249846,0.620540091302246,0.907788056414574,0.981244869995862,0.234357684850693,0.121808612486348,0
0.78560525085777,0.217521717306226,0.019004592904821,0.352691440843046,0.675373185658827,0.489968686830252,0.508611707016826,0.0252065241802484,0.323673764476553,0.245561734074727,0
0.479355171555653,0.000955817056819797,0.795125248143449,0.807715942384675,0.408441388513893,0.408030413091183,0.309699129778892,0.213192198658362,0.854106122395024,0.18158525112085,0
0.877048073569313,0.164525358472019,0.997438098303974,0.476006529293954,0.844685724703595,0.612608679803088,0.230148581555113,0.653916566167027,0.421145711559802,0.271039413055405,0
0.371164174750447,0.296633596299216,0.139762773644179,0.857192167779431,0.802950172917917,0.204683347605169,0.501319875940681,0.737026574555784,0.755364329554141,0.431893880711868,0
0.745869609992951,0.0631121918559074,0.369872580748051,0.565806895727292,0.558654095744714,0.807847693795338,0.465546143939719,0.56522580399178,0.180941143305972,0.365331148263067,0
0.137970756506547,0.365590939763933,0.343302683439106,0.43775116186589,0.894908706657588,0.73908777278848,0.549515955382958,0.408320783870295,0.838877758244053,0.078766544116661,0
0.322363913524896,0.35499353823252,0.101058098487556,0.532574144657701,0.667673202231526,0.856988834682852,0.278038889635354,0.904743486782536,0.0279914485290647,0.518584934528917,0
0.72115380410105,0.6852172317449,0.351573591353372,0.552458202466369,0.180367114953697,0.300748091656715,0.249910394428298,0.151199070969597,0.941738995490596,0.230231273686513,0
0.614789474755526,0.277215950889513,0.360395861789584,0.483870267635211,0.687508398899809,0.63800787855871,0.130098639987409,0.512895221821964,0.830436676507816,0.0590365317184478,0
0.987790142418817,0.344060703879222,0.917219226947054,0.233051693532616,0.410484957508743,0.00136912590824068,0.862053233198822,0.644802465569228,0.707807725761086,0.822827261639759,0
0.0514161614701152,0.78978939820081,0.144986453466117,0.512084072688594,0.928953672526404,0.347634039819241,0.231563848210499,0.542381134815514,0.524415085325018,0.501717031002045,0
0.0968317601364106,0.270752332173288,0.0581652775872499,0.4122180393897,0.922100760508329,0.883566673379391,0.855754170101136,0.122334937565029,0.325709031196311,0.276308156549931,0
0.109286125283688,0.890507802832872,0.511364083737135,0.445452027255669,0.75728220702149,0.538362185703591,0.251454105367884,0.552838311297819,0.862813947955146,0.628711021039635,0
0.750785824842751,0.605866372585297,0.977833771146834,0.761447886703536,0.530122495023534,0.0964966430328786,0.958557408535853,0.492112598847598,0.758149538887665,0.360610642237589,0
0.954286366468295,0.241604892304167,0.257724513532594,0.042014361359179,0.287197796627879,0.157668247120455,0.0578628915827721,0.436351552605629,0.938019608147442,0.163142039906234,0
0.253980066860095,0.3618118702434,0.906924656126648,0.744407661724836,0.311038305750117,0.444956495659426,0.671108248177916,0.640067050000653,0.989241903182119,0.96939240465872,0
0.961538426810876,0.588999043917283,0.139944044640288,0.125472510000691,0.487794765038416,0.288742162287235,0.677569420076907,0.935838146368042,0.977781765861437,0.775696138618514,0
0.453626751434058,0.782672257395461,0.413991894107312,0.357136665144935,0.493999176891521,0.358531737700105,0.649305735714734,0.931767012458295,0.00635265279561281,0.0730447133537382,0
0.857332157203928,0.841460020747036,0.0260561720933765,0.645781815750524,0.683497915044427,0.579425403382629,0.473073409870267,0.564890681765974,0.930940171936527,0.986307341605425,0
0.847449477994815,0.350362121826038,0.549009961076081,0.209552693879232,0.196360657690093,0.858176559675485,0.642759144539014,0.367006532149389,0.568436606321484,0.402170070912689,0
0.516841899836436,0.142201243201271,0.713245679391548,0.808331999462098,0.928422239841893,0.459325815550983,0.0542778598610312,0.87780187278986,0.358982190024108,0.287605974590406,0
0.12551939371042,0.706087889848277,0.580855938838795,0.737398758064955,0.806997161591426,0.621205573668703,0.345860724104568,0.429030360188335,0.627524940529838,0.587081217672676,0
0.655037610325962,0.824038391234353,0.630339628318325,0.773057592101395,0.755242803366855,0.440322884824127,0.196140791289508,0.588606595760211,0.474794410401955,0.417530257953331,0
0.687314821174368,0.0643603911157697,0.735206604236737,0.669509882805869,0.0104104576166719,0.498053105315194,0.961908880854025,0.4073874684982,0.152100447332487,0.708955212729052,0
0.419353152858093,0.0913628377020359,0.827247426845133,0.990293791983277,0.66749785724096,0.329226985806599,0.701313895173371,0.645345655968413,0.905611502472311,0.309006304014474,0
0.988422148162499,0.768725525820628,0.0753714884631336,0.958727188175544,0.0597246563993394,0.422163741430268,0.783617338165641,0.250880050705746,0.420565800741315,0.0518899401649833,0
0.64215199672617,0.767544256756082,0.682616130448878,0.3328506432008,0.748032445786521,0.121693385066465,0.730645411182195,0.97208706359379,0.629453058820218,0.534427923848853,0
0.211551362182945,0.425074371509254,0.736328019527718,0.706594162387773,0.0439308744389564,0.738144588191062,0.0315907627809793,0.460678963223472,0.39001577347517,0.366049885051325,0
0.852550324983895,0.834086894290522,0.238984090508893,0.683493085671216,0.0749346993397921,0.0928983520716429,0.84237853018567,0.881907069357112,0.945517465705052,0.175955938408151,0
0.130318732233718,0.803039811784402,0.72351610683836,0.551862257067114,0.431563928723335,0.794239695183933,0.0161952755879611,0.718395058531314,0.0898497721645981,0.116810504579917,0
0.965825805207714,0.0769217780325562,0.652812201296911,0.469853398622945,0.390201673610136,0.991839334601536,0.436815201537684,0.415196671616286,0.405390295665711,0.278003429295495,0
0.83413716382347,0.998328327899799,0.181717063300312,0.727093152236193,0.0367110513616353,0.443896521348506,0.618034375365824,0.42895203945227,0.637159405741841,0.29251293791458,0
0.552626099670306,0.966945913154632,0.207595910876989,0.654582584043965,0.130068628815934,0.57275027455762,0.645169207593426,0.0526842386461794,0.437188329640776,0.700784042244777,0
0.346070397179574,0.371888745343313,0.7863436229527,0.620807761559263,0.57407972891815,0.965212608454749,0.846411580685526,0.243161591235548,0.746453659143299,0.79992337548174,0
0.751170295057818,0.659298508428037,0.86238532862626,0.925442035775632,0.198890061117709,0.351693163858727,0.0942681590095162,0.317308226600289,0.378221875522286,0.0176436868496239,0
0.555626858025789,0.72080152342096,0.12658076081425,0.871675060130656,0.355912052793428,0.633005845360458,0.392721531679854,0.631430824752897,0.922884472180158,0.886204696726054,0
0.270265712635592,0.342319378163666,0.0825881105847657,0.142190475482494,0.517285312991589,0.718356364872307,0.607364153722301,0.766467143781483,0.949782288400456,0.922840259037912,0
0.362163230078295,0.501489460468292,0.930161146912724,0.702042029006407,0.865359443705529,0.443936278345063,0.799058710457757,0.591578238643706,0.00818145368248224,0.17775948275812,0
0.746818884275854,0.750731037929654,0.947079363977537,0.0670685234945267,0.00898154987953603,0.369567244546488,0.826128663960844,0.0289465482346714,0.393681198125705,0.0201142013538629,0
0.68571984488517,0.516808355227113,0.386928982334211,0.0166072829160839,0.481013423064724,0.853981971507892,0.0834012653212994,0.0183469005860388,0.498499957611784,0.62797354743816,0
0.551654969574884,0.430863606743515,0.634790316689759,0.0854227447416633,0.503751500509679,0.374931812752038,0.865432469174266,0.327100980561227,0.192303275689483,0.0101902554742992,0
0.594222524669021,0.573712748941034,0.290641812374815,0.887929182732478,0.454261098057032,0.802685661241412,0.874828951433301,0.701178778195754,0.73271946539171,0.66267320769839,0
0.236670415615663,0.0941131114959717,0.498703385703266,0.919650353025645,0.673937121173367,0.0994440733920783,0.430330262053758,0.996725030476227,0.884845791850239,0.848008059198037,0
0.428172884974629,0.546208618674427,0.319419049425051,0.693630348658189,0.421673521166667,0.0670232647098601,0.40275349561125,0.120616044616327,0.137966777663678,0.467214720789343,0
0.418444726616144,0.0327727841213346,0.061114264652133,0.178853866644204,0.556438971078023,0.62510719220154,0.711579866241664,0.920961097348481,0.723977906396613,0.734956823289394,0
0.202967263758183,0.767562638502568,0.321254809619859,0.509153718594462,0.788326554233208,0.577065019635484,0.220915333600715,0.367532192962244,0.938922524917871,0.467619839822873,0
0.513704250101,0.424453923944384,0.572870999341831,0.288838752778247,0.277704462176189,0.140601032646373,0.809710615547374,0.596328718820587,0.760111140320078,0.863550086505711,0
0.424151154002175,0.970068907365203,0.568898865021765,0.999884330667555,0.502866940572858,0.160908355377614,0.344679487636313,0.487889367854223,0.148394315503538,0.212766622193158,0
0.674490620614961,0.542052687611431,0.720138040138409,0.95783607638441,0.460032720118761,0.939784651156515,0.376427114009857,0.771150618325919,0.29096832126379,0.809388875029981,0
0.343434227630496,0.354318820638582,0.984246702631935,0.728932231198996,0.421717306599021,0.06444984045811,0.283644160022959,0.646921843988821,0.146605864865705,0.452928608516231,0
0.312860547797754,0.372993511147797,0.794601366855204,0.970250113401562,0.671418559504673,0.224668568233028,0.277230570092797,0.57090969895944,0.975551780778915,0.825093966675922,0
0.897849790286273,0.264214183669537,0.337598205544055,0.383230076171458,0.871267608832568,0.405611166032031,0.620068413438275,0.66821122658439,0.913522461429238,0.18590268609114,0
0.8101864552591,0.501289629377425,0.41368842497468,0.774852097732946,0.164948394522071,0.912813581991941,0.698611670639366,0.018449503229931,0.620201390469447,0.634472659090534,0
0.0382346580736339,0.424294219119474,0.821546517079696,0.199502445757389,0.483161495998502,0.456994125153869,0.910848231753334,0.0802851102780551,0.0275017211679369,0.510655609192327,0
0.400774728041142,0.975186276482418,0.990433495957404,0.692350678145885,0.915417158743367,0.0700825832318515,0.107213638722897,0.618920639622957,0.42606371245347,0.604702264536172,0
0.532080382108688,0.459796679904684,0.480521666351706,0.143898778129369,0.225986720994115,0.392769970465451,0.622620707377791,0.495981379644945,0.367473356192932,0.170170576078817,0
0.916090504731983,0.32262494508177,0.0619043705519289,0.211828797589988,0.0893017367925495,0.832132092211396,0.175889926031232,0.311445100232959,0.468571415869519,0.504231764236465,0
0.0981176141649485,0.684039622778073,0.257717913482338,0.357905749231577,0.570730910636485,0.300608349265531,0.576029216870666,0.0640246439725161,0.516909637721255,0.721912926528603,0
0.443802526686341,0.639460704056546,0.470323271350935,0.540155578171834,0.516027097124606,0.178594277705997,0.457317339489236,0.138434915803373,0.427007754333317,0.247430527349934,0
0.00838908622972667,0.557811860693619,0.169442955870181,0.089496650500223,0.190393256256357,0.12536066561006,0.633005378302187,0.559487147722393,0.350541395833716,0.525119841098785,0
0.729646498337388,0.0468251339625567,0.130492614815012,0.356167237041518,0.643017650814727,0.81236697291024,0.320624134968966,0.0961550518404692,0.223827085224912,0.397917278343812,0
0.829362785443664,0.799634974449873,0.495004785712808,0.0615222866181284,0.628826415864751,0.450192670803517,0.181008676998317,0.0551739921793342,0.537908695172518,0.0871975796762854,0
0.1270682788454,0.555444427300245,0.822430352680385,0.0398974427953362,0.47196705173701,0.0885667921975255,0.137495434610173,0.44906838866882,0.854961779667065,0.916606035316363,0
0.75563942361623,0.417187377111986,0.111170221818611,0.114810925908387,0.623552888166159,0.914239997044206,0.54460971429944,0.724603195907548,0.706325071630999,0.741755777504295,0
0.678246159106493,0.335696181515232,0.795965786324814,0.810976950218901,0.443968098377809,0.934752216096967,0.756517774658278,0.668855273863301,0.309685548068956,0.658167347079143,0
0.688472262350842,0.305237933062017,0.19749182718806,0.783603849355131,0.597929577575997,0.121215848019347,0.32575267762877,0.928082642843947,0.481509226374328,0.915483602089807,0
0.827839277684689,0.053147885017097,0.194450578652322,0.0571542889811099,0.0490493776742369,0.859414484584704,0.479250109521672,0.0363699838053435,0.575768911512569,0.711191408801824,0
0.699090724578127,0.882075248286128,0.528216486563906,0.691292993258685,0.737500900169834,0.88646214059554,0.640691968612373,0.260717082303017,0.300181879429147,0.978585650911555,0
0.271659311605617,0.0905835710000247,0.832789105596021,0.727519212290645,0.56032711872831,0.464750878280029,0.0644376603886485,0.867522500222549,0.105328452773392,0.859542857855558,0
0.737094922922552,0.700560718774796,0.917688549030572,0.761235506972298,0.739321732427925,0.554782013874501,0.618666283786297,0.0342132786754519,0.713474775431678,0.255231423769146,0
0.0750852504279464,0.503539975965396,0.828326764050871,0.785363569622859,0.25174789247103,0.488214038312435,0.100574235199019,0.654954917961732,0.507541719824076,0.394880277803168,0
0.200480174273252,0.479718414600939,0.618461286183447,0.595336144324392,0.906465707812458,0.449328997405246,0.950706100091338,0.192895866464823,0.985193419735879,0.40927928336896,0
0.902132276445627,0.0625621839426458,0.104681405471638,0.851509594591334,0.477752765640616,0.931321761803702,0.376501879189163,0.229793699691072,0.446951260557398,0.594651676947251,0
0.49590135877952,0.599515661597252,0.734390481840819,0.428529683267698,0.722911318298429,0.161546223098412,0.690191828412935,0.36044535995461,0.183275434421375,0.445397301344201,0
0.360110475448892,0.812794215744361,0.712142634438351,0.792233087355271,0.956734326435253,0.98937200056389,0.56948631326668,0.838893259875476,0.265926202991977,0.0624607352074236,0
0.555999387055635,0.0682470891624689,0.760549485450611,0.993774307193235,0.72972593898885,0.53451341483742,0.217127453302965,0.19644761364907,0.468798695132136,0.465931394835934,0
