"1","2","3","4","5","6","7","8","9","10","class"
0.646657057106495,0.596007892861962,0.698357579298317,0.182264804374427,0.924134626286104,0.311415300006047,0.85125020518899,0.808936991496012,0.940425167325884,0.58989964867942,0
0.582921833633329,0.905851851246553,0.815554474713281,0.882928744889796,0.597651736810803,0.94286070112139,0.653603238984942,0.110554756131023,0.356559467734769,0.14221075666137,0
0.391304145567119,0.095703714992851,0.603697660611942,0.280153636820614,0.0741743363905698,0.792829764774069,0.257108110468835,0.175603949930519,0.466876157093793,0.231875770492479,0
0.228256243281066,0.96267695305869,0.247585902223364,0.516444849781692,0.800663336878642,0.139744541374967,0.167444569291547,0.00762648065574467,0.851209446322173,0.348608447937295,0
0.797094567784388,0.885083657344524,0.329558856086805,0.51159231364727,0.0444255529437214,0.370397292776033,0.1872637742199,0.154998016078025,0.771890592761338,0.454055191716179,0
0.408003014745191,0.962253483012319,0.689327940577641,0.99957759398967,0.674562704516575,0.0343098526354879,0.428180428687483,0.886814959347248,0.0702134766615927,0.295875428477302,0
0.277476668357849,0.76720101502724,0.225090235238895,0.265641450183466,0.0315948193892837,0.0602593580260873,0.228110972093418,0.432591863907874,0.688382103573531,0.687211885815486,0
0.0408941864322871,0.0434035899925511,0.990255215903744,0.592579671414569,0.411280052503571,0.109748428221792,0.862040041480213,0.997356382664293,0.996065677609295,0.253744587302208,0
0.640943259932101,0.864648421062157,0.964925898937508,0.174401318654418,0.287791848415509,0.0522701605223119,0.277455993928015,0.270036724628881,0.40209131501615,0.0854991201777011,0
0.334242148323124,0.865468319509434,0.398043775465339,0.275936180725694,0.783909833990037,0.956465363269672,0.693889851216227,0.897026658989489,0.169923475710675,0.177526094019413,0
0.149517891695723,0.330379859078676,0.240343536017463,0.999488923698664,0.41661852109246,0.0845271269790828,0.96498236944899,0.25276416959241,0.774695924017578,0.0672969105653465,0
0.0504306396469474,0.774665473494679,0.212909298250452,0.983488152734935,0.985033126547933,0.399079489288852,0.322290305746719,0.402924905298278,0.12061766651459,0.151676457142457,0
0.705614937702194,0.159662664867938,0.958254263037816,0.245017538312823,0.816742840455845,0.47733422764577,0.206624127458781,0.991990383015946,0.343660003971308,0.211095599690452,0
0.121642177458853,0.0570888007059693,0.53432761807926,0.240299565717578,0.696692082332447,0.822004589252174,0.319519811542705,0.864476825343445,0.00442649773322046,0.202948760939762,0
0.404616060899571,0.345740506192669,0.351428252179176,0.798370766220614,0.826737171970308,0.677902635652572,0.0577494588214904,0.38984492002055,0.771104378160089,0.784569500712678,0
0.0900988059584051,0.774318389594555,0.071650841506198,0.921465489314869,0.638690944295377,0.681834303308278,0.366784799611196,0.459075560793281,0.277169175678864,0.882210217881948,0
0.193102673710138,0.702718901322782,0.440542114432901,0.23524082871154,0.0295108414720744,0.40379108232446,0.755199908977374,0.182549242628738,0.417169749736786,0.265902537386864,0
0.942623826076114,0.982279425259726,0.692660408793017,0.0788063080981374,0.822948439512402,0.160765262320638,0.577588360756636,0.283112624660134,0.0726482660975307,0.807475510053337,0
0.452927445527166,0.374502199236304,0.757051025982946,0.318398188101128,0.734509441768751,0.871446676319465,0.992182693444192,0.887149566086009,0.341519198846072,0.958887293469161,0
0.900532941688481,0.848163755134004,0.229540368774906,0.081485444214195,0.0440846681594849,0.0112513063941151,0.1837995541282,0.265477515989915,0.0145748967770487,0.303490143734962,0
0.752798922825605,0.867383002769202,0.410255409777164,0.17796310572885,0.842473663389683,0.114533025072888,0.493350686738268,0.289052686654031,0.889289469225332,0.566329261986539,0
0.76691224030219,0.974027371034026,0.6971438548062,0.812293185619637,0.903380095027387,0.219062367919832,0.245949274394661,0.61790605308488,0.524874225258827,0.256177896400914,0
0.307434409391135,0.429190287133679,0.103241679258645,0.312062776880339,0.340329401893541,0.626176316989586,0.0548304019030184,0.979328256566077,0.163444838719442,0.275119276251644,0
0.42498669703491,0.95843867235817,0.940867322264239,0.736424110597,0.997264992445707,0.441441207658499,0.93047005799599,0.885287018725649,0.305840954650193,0.134180328343064,0
0.478101346176118,0.300194157520309,0.309070863528177,0.486887959530577,0.0605533570051193,0.629786681849509,0.109393313759938,0.42622223845683,0.97767645935528,0.897818037774414,0
0.160697936768411,0.349055758963223,0.421268146019429,0.484678124310449,0.996881681960076,0.0049915942363441,0.807351317955181,0.953939873725176,0.771544942166656,0.0608795136213303,0
0.65281807910651,0.661027435678989,0.251678858418018,0.207811356522143,0.214836513157934,0.931143404915929,0.882916793925688,0.238971512299031,0.379004759481177,0.0581813503522426,0
0.469437406398356,0.457207369850948,0.773395477794111,0.515439784387127,0.799465896794572,0.417135074036196,0.20443132868968,0.30747373518534,0.511585663072765,0.850035114446655,0
0.297448064666241,0.284804757684469,0.798533891094849,0.679432260571048,0.145518722943962,0.876825782237574,0.59023799886927,0.866532598854974,0.662527297390625,0.481910136761144,0
0.526270832167938,0.440276674227789,0.590977085055783,0.552373125916347,0.318492224439979,0.307163884164765,0.257829658221453,0.218049105955288,0.416723905364051,0.36447963071987,0
0.962342930492014,0.207108895061538,0.461058964952826,0.829645911930129,0.516480085207149,0.751669968944043,0.46527750021778,0.649012328125536,0.579611437628046,0.130422174232081,0
0.689650775694125,0.68390247397949,0.730468298774213,0.45641728118062,0.824201745679602,0.143127029528841,0.151085657300428,0.604577743215486,0.933196319965646,0.0480205717030913,0
0.587833492550999,0.874757230747491,0.0639069764874876,0.534794575534761,0.193571103038266,0.499861752148718,0.215795952826738,0.791289556538686,0.236069270409644,0.602336311712861,0
0.992581990547478,0.972511538537219,0.0771342790685594,0.148536996915936,0.0148126946296543,0.010159628931433,0.0819147715810686,0.643635747954249,0.739359941799194,0.516027880599722,0
0.618804156081751,0.490740934386849,0.0276810878422111,0.0654200327116996,0.211832246975973,0.351201687240973,0.183102199807763,0.242770901881158,0.309712959453464,0.869741296861321,0
0.868919906056137,0.123480739505962,0.236383755225688,0.737280179746449,0.162948248675093,0.728963271714747,0.168573947623372,0.197695432696491,0.393092734040692,0.784321362152696,0
0.266108277253807,0.037478540558368,0.774748689727858,0.424704570556059,0.537344909273088,0.110664388164878,0.5395487700589,0.773936428595334,0.154450106667355,0.973648484330624,0
0.515498524764553,0.992980834562331,0.81497683073394,0.363766747061163,0.713482646970078,0.47955238353461,0.746604915475473,0.761327233863994,0.918897791067138,0.119816489284858,0
0.0988710658033379,0.111866531888209,0.930256160208955,0.28207467822358,0.315597089938819,0.980912967352197,0.711150805233046,0.388570399489254,0.144726438913494,0.662140745203942,0
0.553345628082752,0.569674903759733,0.55712188128382,0.832165289204568,0.196194236166775,0.0293347206898034,0.555760433431715,0.331628344487399,0.666358702583238,0.0802592223044485,0
0.700698502128944,0.160204165847972,0.198082461953163,0.273873397614807,0.432329286588356,0.586850588209927,0.661841168068349,0.154372703284025,0.905678503448144,0.0760870340745896,0
0.617194782476872,0.516781439073384,0.410833356902003,0.0961671806871891,0.131998735480011,0.539437985513359,0.640293804230168,0.877611081348732,0.508977947523817,0.023995284922421,0
0.626631675753742,0.639079940738156,0.128485624911264,0.27772346092388,0.470676441444084,0.640320451464504,0.604013613890857,0.66881128679961,0.781313147861511,0.873287111520767,0
0.739994771778584,0.393927147844806,0.129257257794961,0.927984504029155,0.34365389472805,0.443305488675833,0.324953508097678,0.350848829373717,0.942580698989332,0.597755908500403,0
0.188333576312289,0.988553156144917,0.384459943044931,0.0560963242314756,0.304984437534586,0.636177581036463,0.283737262478098,0.368546198587865,0.264255315763876,0.773965829052031,0
0.783256636699662,0.824497996596619,0.962775219231844,0.772066113306209,0.186241240007803,0.402913271216676,0.542445215629414,0.41929314751178,0.644414246780798,0.201378506841138,0
0.499114936916158,0.382827642606571,0.0386095675639808,0.297231326578185,0.728798167780042,0.485583840869367,0.51349987485446,0.736311534186825,0.369438231689855,0.801514244638383,0
0.595815462525934,0.416602740064263,0.223057324299589,0.601610793964937,0.253159979358315,0.227953746914864,0.950324876932427,0.748286554589868,0.591424650745466,0.27558619203046,0
0.584209157386795,0.910841691074893,0.260390065610409,0.163286161376163,0.654923541471362,0.835241482593119,0.465283126104623,0.23819174640812,0.651917076203972,0.596061034826562,0
0.716149588962575,0.107436887713498,0.445153743494302,0.842746342532337,0.405024681705981,0.0157181550748646,0.827331661246717,0.0157593733165413,0.767715347930789,0.653501853113994,0
0.485422123547178,0.115229775800835,0.347026332048699,0.594698125729337,0.120526102371514,0.236565319355577,0.552204295992851,0.783282790798694,0.302501829806715,0.70550532406196,0
0.799807968406519,0.97926731992166,0.794715198455378,0.498657177900895,0.0041831077542156,0.250468123471364,0.634467046707869,0.0980647618416697,0.57935741590336,0.281456454889849,0
0.0269847016315907,0.6331442957744,0.339960618875921,0.609363258583471,0.751092253718525,0.674991721985862,0.555718397721648,0.753757038386539,0.439495066646487,0.900409298250452,1
0.250178030507732,0.0220771929474547,0.119992071995512,0.322919755475596,0.013899287674576,0.504628051770851,0.248696663184091,0.3883470678702,0.316311460919678,0.927556821610779,0
0.528281177394092,0.444138685474172,0.440081956796348,0.158202281221747,0.0441174549050629,0.851291846251115,0.427139362087473,0.538439355790615,0.146005013724789,0.564160943031311,0
0.285627535544336,0.650940859923139,0.255089223617688,0.721690569771454,0.17103698826395,0.668803036212921,0.460634291172028,0.751868493622169,0.81521555990912,0.597935794154182,0
0.582981781416573,0.913995158030279,0.743961679982021,0.069763194071129,0.523598962696269,0.963130357675254,0.530935955466703,0.350358095485717,0.670171111356467,0.851110530085862,0
0.659168136306107,0.40550324996002,0.398780003888533,0.583565874025226,0.191404334036633,0.644925433211029,0.248328246409073,0.246310885762796,0.260675087803975,0.0798685792833567,0
0.218648628797382,0.682809406192973,0.714264271548018,0.925940200919285,0.13163472386077,0.751406358089298,0.747298842761666,0.215651497477666,0.555841671535745,0.844065692741424,0
0.644986776079633,0.992053613047115,0.191993477288634,0.0814805615227669,0.471830621594563,0.403546488611028,0.819993817480281,0.457987920613959,0.801894100848585,0.878574345028028,0
0.833918077405542,0.163275711704046,0.902357089100406,0.00319220405071974,0.752358026104048,0.960308036301285,0.617409680038691,0.974017162574455,0.776860820828006,0.756865747040138,0
0.58781662536785,0.670554416486993,0.312465498922393,0.601070552133024,0.543904150370508,0.501216085394844,0.784110615495592,0.917007751297206,0.532661160919815,0.0590458463411778,0
0.798921705456451,0.728048983961344,0.734756438992918,0.25518061965704,0.016634268919006,0.49856765428558,0.532419977942482,0.883782781427726,0.199961034115404,0.0144331881310791,0
0.47497260896489,0.961039788089693,0.57197948708199,0.257771900389344,0.543152854312211,0.512798892566934,0.802567378152162,0.426285533234477,0.399584147147834,0.73341942508705,0
0.407417007256299,0.574420901481062,0.40869295434095,0.442885667085648,0.969337455695495,0.58009786834009,0.887794806156307,0.245970631251112,0.563197555951774,0.322422935860232,0
0.596972246421501,0.512504057493061,0.43820134899579,0.818477288121358,0.151419017696753,0.729149569291621,0.489251643652096,0.320484210504219,0.905103026190773,0.113049984909594,0
0.334574833511282,0.215403601990035,0.976165493717417,0.405610353918746,0.83273817342706,0.194787978427485,0.265474043786526,0.714326664805412,0.595494628185406,0.673965321155265,0
0.660873106965097,0.543934768256429,0.0480764887761325,0.442078981082886,0.537157459417358,0.457448090892285,0.0688247228972614,0.0317254145629704,0.667245999444276,0.890217688167468,0
0.172106719110161,0.946574302855879,0.68731019506231,0.0221316872630268,0.232063130475581,0.980953936465085,0.0635184166021645,0.810520210769027,0.782887744484469,0.598967269761488,0
0.504847621312365,0.445830651093274,0.570943754166365,0.616433646297082,0.463266883743927,0.153346313629299,0.961773707997054,0.974937718128785,0.835276989033446,0.247943738242611,0
0.19344143406488,0.981902602594346,0.641019079834223,0.267764110816643,0.0608374488074332,0.367600233992562,0.635246376506984,0.326060701161623,0.0689789280295372,0.142115510534495,0
0.706765766721219,0.180129308719188,0.410063283750787,0.469710762612522,0.654345607152209,0.956010526511818,0.0845091964583844,0.528415125329047,0.226894250605255,0.377297527855262,0
0.625882480015606,0.440226358505525,0.616135452641174,0.613316240720451,0.0633638345170766,0.41546428296715,0.856443228432909,0.243266420904547,0.265809556469321,0.468353760894388,0
0.583859439292061,0.911395493220422,0.326504442607984,0.373840590706095,0.71841126610525,0.520697715692222,0.897592551540583,0.785203491337597,0.773156653856859,0.495845714351162,0
0.825715931310877,0.908328680455498,0.560716745210811,0.816759729059413,0.666402085451409,0.126122816232964,0.624947203323245,0.678528845310211,0.669632121454924,0.252026199828833,0
0.945974885020405,0.352856757352129,0.206205053487793,0.51999643095769,0.130580489290878,0.321936776628718,0.065782715100795,0.517217659391463,0.171003754017875,0.125653903698549,1
0.249065984971821,0.904031949583441,0.941627762746066,0.654210850829259,0.865383826894686,0.156041069654748,0.569348643533885,0.955631748540327,0.951374804368243,0.890048309927806,0
0.43417554651387,0.921875200001523,0.710125439800322,0.85383018036373,0.676970900502056,0.941709047881886,0.925128806382418,0.954651875188574,0.0242764663416892,0.837705914862454,0
0.061787357321009,0.790900313528255,0.730480382684618,0.464221759932116,0.682894009863958,0.504703090991825,0.356451418949291,0.341180149931461,0.86644770600833,0.970986208645627,0
0.221148760292609,0.0137851156265242,0.295490322401747,0.603294333675876,0.848879011813551,0.997390238335356,0.534042274346575,0.284642158541828,0.668999947840348,0.774975678650662,0
0.889341391157359,0.852595500880852,0.232172271702439,0.315937887411565,0.541945595759898,0.254838875727728,0.00693349097855389,0.985628826776519,0.958287631394342,0.4463561384473,0
0.622304874838679,0.937179992264742,0.600172444246709,0.753720102133229,0.0833282514940947,0.202649632934481,0.0574633367359638,0.0700694841798395,0.838552088243887,0.897386769531295,0
0.246371626698645,0.00529255904061719,0.0512852619867772,0.692435553995892,0.325790223199874,0.785153906792402,0.803623252548277,0.220475650625303,0.0935532308649272,0.775446870131418,0
0.0686940790619701,0.0910665029659867,0.493791388813406,0.179236001335084,0.707962735788897,0.176649326691404,0.069257854251191,0.33594462973997,0.420079675735906,0.5954891347792,0
0.0198722612112761,0.88924783305265,0.157274674624205,0.95081204129383,0.00634491583332419,0.255179177969694,0.193178413668647,0.682709606364369,0.0734624245669693,0.450478801270947,0
0.624096001731232,0.467171110212803,0.284670349443331,0.0823723785579205,0.367614863440394,0.286402054363862,0.16997763956897,0.301418492337689,0.215333625674248,0.716631739400327,0
0.893118489629775,0.156186517787678,0.54227181756869,0.106767349643633,0.870651531498879,0.778923804173246,0.0301852638367563,0.0417495523579419,0.749657725216821,0.94239786057733,0
0.580493349581957,0.492895676521584,0.309625034453347,0.591819027205929,0.735481284325942,0.354491739766672,0.94618769059889,0.840089310193434,0.989099179394543,0.27440133690834,0
0.671220707707107,0.21752039110288,0.340536739211529,0.256001712055877,0.7445860337466,0.501783506013453,0.918089902959764,0.142195316264406,0.677087150048465,0.876785023836419,0
0.28303896520019,0.917922005645325,0.42653993377462,0.197416427545249,0.977695423411205,0.916385030839592,0.291031886124983,0.684336552396417,0.802866906858981,0.828177141491324,0
0.864885951219825,0.0820242781194393,0.167141703655943,0.0390553148463368,0.710850044852123,0.809748465195298,0.656261027557775,0.231188924517483,0.680728849489242,0.432554832194,0
0.495561396004632,0.91291116620414,0.686319065280259,0.394026048015803,0.105041359784082,0.613392655272037,0.984347117366269,0.948237466625869,0.87323261378333,0.804286086931825,0
0.395660497475229,0.573557669171877,0.673992144875228,0.555684258928522,0.366663091583177,0.304581476375461,0.288772001164034,0.646323924418539,0.34470528899692,0.242057436145842,0
0.597694743155455,0.059652849692991,0.921355201397091,0.806858609663323,0.58136709081009,0.154824743745849,0.355856031412259,0.299633556511253,0.326496114954352,0.287375469692051,0
0.902665824163705,0.172663503326476,0.555522254901007,0.34328955039382,0.868251937441528,0.199750539613888,0.519261938752607,0.111506117973477,0.728317194618285,0.567998770391569,0
0.316364716738462,0.803438765229657,0.722230746876448,0.577792569063604,0.713506647385657,0.386852061375976,0.249639272689819,0.474548218538985,0.0388541207648814,0.995538592338562,0
0.91461809213087,0.172349442574754,0.257858630269766,0.857749437913299,0.0182772518601269,0.898828860139474,0.506015004124492,0.373801549663767,0.459035951411352,0.456749730044976,0
0.751502408646047,0.950586374150589,0.916101386072114,0.325975294224918,0.40345748886466,0.454175281338394,0.32333818054758,0.47718889429234,0.466398068005219,0.0657496361527592,0
0.322380994395446,0.0795857316825073,0.780808867421001,0.367256265599281,0.398891249438748,0.130439250031486,0.5242778591346,0.0932224022690207,0.268737871665508,0.754080134676769,0
0.018451020403835,0.960965129209822,0.874288376886398,0.131872885394841,0.173580900998786,0.456573221599683,0.521561169531196,0.134006737265736,0.90672377217561,0.0577414405997843,0
