"1","2","3","4","5","6","7","8","9","10","class"
0.754899091785774,0.0279417205601931,0.148990651825443,0.291353673441336,0.590709518408403,0.084442759398371,0.465502000413835,0.720250109909102,0.351964966394007,0.300633331062272,0
0.74624205158297,0.135251081208698,0.369247139431536,0.193112132372335,0.186245106626302,0.473091140389442,0.370186557294801,0.553785040508956,0.926984593272209,0.506936828373,0
0.982400144450366,0.730099761392921,0.361310985637829,0.406023290939629,0.0552400187589228,0.638287595938891,0.426138920709491,0.314491922734305,0.204016388626769,0.601082463981584,0
0.351987576112151,0.986561953555793,0.213424515910447,0.120324447052553,0.520109826466069,0.61993146664463,0.76743015809916,0.0166398377623409,0.941071840934455,0.15329802245833,0
0.665329230949283,0.780334134120494,0.776076176436618,0.00753517961129546,0.387988612288609,0.448481172788888,0.772214786149561,0.513066766085103,0.351878192508593,0.754665017826483,0
0.652579274959862,0.54382205568254,0.578695478616282,0.873542543733492,0.570783319184557,0.496767136268318,0.294606710085645,0.150877089472488,0.716444537509233,0.294769953470677,0
0.80218780762516,0.220841451315209,0.632891981396824,0.958321941550821,0.360560650471598,0.153340405551717,0.628371112747118,0.257981083821505,0.539637529756874,0.78347846143879,0
0.376530413981527,0.192092915531248,0.298387123271823,0.936857630033046,0.205345985246822,0.290557786589488,0.916706081014127,0.911982424324378,0.706578835379332,0.888717546127737,0
0.929603618569672,0.331136531429365,0.784642684273422,0.597061895066872,0.505491528660059,0.622297863243148,0.685935618821532,0.603590032085776,0.545603945618495,0.534303894499317,0
0.33449615907222,0.327550437066332,0.377755867084488,0.22475244733505,0.580794144188985,0.880508446367458,0.229958630632609,0.669588262448087,0.0990533286239952,0.937932953238487,0
0.625685177743435,0.874076195992529,0.0244174671825022,0.207718237536028,0.364210153697059,0.26100913528353,0.648349459283054,0.0295326109044254,0.96812190185301,0.0747730336152017,0
0.424833700759336,0.878986824769527,0.224268310004845,0.211277534253895,0.0806875333655626,0.320520810782909,0.014557181391865,0.05631650891155,0.848435642430559,0.928186106961221,0
0.166707219090313,0.26873065228574,0.0274830590933561,0.900071747135371,0.516491198213771,0.215768285095692,0.576643959386274,0.314045662758872,0.680387031286955,0.0663382306229323,0
0.207677815807983,0.77253379416652,0.195026896661147,0.512969259405509,0.0691891699098051,0.196504316991195,0.117598287528381,0.901382497046143,0.481659311801195,0.916214309632778,0
0.589113669004291,0.199535661842674,0.328523437958211,0.296744073741138,0.893717902014032,0.608268648386002,0.183325690682977,0.135321622248739,0.233637190889567,0.336143371881917,0
0.291730181314051,0.929937600856647,0.379053112817928,0.956116377608851,0.537343869218603,0.426313232863322,0.0096336742863059,0.149369070539251,0.188850291538984,0.482787812594324,0
0.396132780006155,0.936183417448774,0.616230980260298,0.491957953898236,0.819284746190533,0.741368774557486,0.521034601842985,0.472260376671329,0.681268310872838,0.840845209313557,0
0.460008783033118,0.125431134365499,0.36585152731277,0.0419739047065377,0.000828851480036974,0.347410042770207,0.650573714636266,0.216856196988374,0.0572084067389369,0.614934249315411,0
0.107221939833835,0.0211234383750707,0.142406788188964,0.702732939040288,0.937441597459838,0.00275257998146117,0.385538052301854,0.808134030550718,0.307137889787555,0.85492824553512,0
0.0851547324564308,0.709849276114255,0.357953850179911,0.403102346230298,0.937435906613246,0.39012420293875,0.100928772473708,0.83887767419219,0.25359801016748,0.0819527616258711,0
0.995027569355443,0.356862171553075,0.668420288478956,0.880382135743275,0.307528487639502,0.551572310971096,0.0640395109076053,0.351599726825953,0.538762973155826,0.526100633433089,0
0.664980179164559,0.42654098989442,0.469381883740425,0.730220036115497,0.0650702517013997,0.180281202541664,0.577439920743927,0.252139134565368,0.83908306225203,0.754120065597817,0
0.861814301228151,0.298321437323466,0.19920938834548,0.18720582453534,0.359497852390632,0.211140695493668,0.263083133613691,0.104161328403279,0.487619390245527,0.854222610360011,0
0.828782889526337,0.932471797335893,0.270732214907184,0.587875541066751,0.0332250697538257,0.375485963653773,0.612108842935413,0.885261626448482,0.213173943571746,0.476658476050943,0
0.45517574925907,0.034315143013373,0.767788752913475,0.682730933418497,0.784460880095139,0.805583119159564,0.20275542512536,0.222061580745503,0.750204428564757,0.00743026100099087,0
0.893531810492277,0.192674563499168,0.346287456341088,0.147596659138799,0.429772034054622,0.479986048303545,0.781540207332,0.190438422141597,0.736079015070572,0.634611682966352,0
0.230609262594953,0.901608377229422,0.236073303269222,0.0485912556760013,0.595888902200386,0.208595911506563,0.812847415916622,0.149510422023013,0.337485827039927,0.43410407169722,0
0.587002416141331,0.340183288324624,0.582902914378792,0.564516295911744,0.718658674973994,0.269363658502698,0.42380698164925,0.795831537339836,0.946890196762979,0.123732649954036,0
0.145478559657931,0.903227280126885,0.626092289807275,0.434374806238338,0.181567973224446,0.189313084585592,0.801391530549154,0.258383317152038,0.873109272215515,0.0145699579734355,0
0.473257926292717,0.479133697459474,0.50430554151535,0.214788598474115,0.819860123563558,0.375759110320359,0.822576179169118,0.0512216014321893,0.495280931936577,0.509077825350687,0
0.433459617430344,0.766835669288412,0.0869564248714596,0.165865975432098,0.891667760442942,0.921466967556626,0.812316739698872,0.612869363743812,0.382378978189081,0.149961780523881,0
0.856279983185232,0.855375801213086,0.277114175492898,0.596624565077946,0.501376080792397,0.285879825241864,0.107103498419747,0.273063123691827,0.452406666940078,0.924124453682452,0
0.301236964762211,0.835631238063797,0.455155032686889,0.901776900747791,0.477943840436637,0.125704744597897,0.0663425857201219,0.472437175922096,0.153979822061956,0.767871656920761,0
0.652736934600398,0.0976101765409112,0.317917195614427,0.629588839830831,0.549128725193441,0.697849901858717,0.246142010902986,0.688531508669257,0.951785256154835,0.50266755069606,0
0.815263560041785,0.122626644093543,0.636644092621282,0.359785731649026,0.229040577542037,0.867648981977254,0.199682733975351,0.888712928630412,0.209182605845854,0.969741970067844,0
0.616544834105298,0.346321328543127,0.651588882319629,0.664079864742234,0.209179534344003,0.336278421571478,0.614748966414481,0.370740611338988,0.376035878201947,0.990376410074532,0
0.10024796356447,0.404710873961449,0.600854590069503,0.678865851368755,0.0802768683061004,0.175649573095143,0.559586593182757,0.317014665342867,0.842929753940552,0.765108877094463,0
0.830695752054453,0.0274324144702405,0.698206429602578,0.54902496188879,0.520269253756851,0.95471129170619,0.908313632709906,0.392585969064385,0.664880658732727,0.0217843691352755,0
0.214715402573347,0.662142762215808,0.622027508215979,0.190206718165427,0.515178138855845,0.716158784227446,0.171724837273359,0.302693696226925,0.755642813630402,0.0272366791032255,0
0.264178255107254,0.77570604509674,0.049036790849641,0.00113331782631576,0.705718880752102,0.349208661122248,0.540297566913068,0.961970271309838,0.286609454778954,0.783165307948366,0
0.0624659743625671,0.234519476071,0.697904986096546,0.766577747184783,0.823831036221236,0.147098263492808,0.259772394783795,0.64393285359256,0.141738191246986,0.507814372656867,0
0.521454829722643,0.582327234558761,0.473239991581067,0.433501078747213,0.276022439822555,0.311984240077436,0.795394633198157,0.109260900411755,0.043561450438574,0.745708160568029,0
0.505383933894336,0.174412720138207,0.236914056353271,0.903602636884898,0.839603116968647,0.0991310297977179,0.178667987929657,0.440671991556883,0.137931149452925,0.836102906614542,0
0.886419616872445,0.985826474381611,0.149723610142246,0.338270740350708,0.14972903393209,0.206753817852587,0.0834076604805887,0.199676433810964,0.659540459280834,0.209545132005587,0
0.870227833278477,0.583351032109931,0.668965389719233,0.175551612162963,0.359079515794292,0.345507155638188,0.819581879302859,0.208128607599065,0.367272101575509,0.981323454296216,0
0.688376901904121,0.0863997740671039,0.474971404531971,0.31824476714246,0.945170145248994,0.760794720379636,0.226225780555978,0.672106170561165,0.235176609829068,0.654308679513633,0
0.42295522801578,0.628526652231812,0.724523634882644,0.204566787928343,0.224909092998132,0.493273170897737,0.726175363408402,0.288874215213582,0.511457098415121,0.550697143888101,0
0.750180806731805,0.317885932978243,0.204610304906964,0.925228078849614,0.59509965358302,0.286537178326398,0.0869712983258069,0.755578103475273,0.488367824582383,0.0167480441741645,0
0.786742139840499,0.7812031195499,0.565825380617753,0.145329685881734,0.569527184823528,0.115978233050555,0.180736395297572,0.361629425082356,0.249150314368308,0.357241581659764,0
0.596836659358814,0.117469688178971,0.158870402025059,0.257479146588594,0.470891062170267,0.83253379794769,0.724031408317387,0.937937715556473,0.556383010465652,0.969350080005825,0
0.584630829980597,0.105821112636477,0.537927124882117,0.86023734905757,0.647370290709659,0.19013111339882,0.727078437805176,0.833971770713106,0.638605920830742,0.567121898522601,0
0.682913597440347,0.403168249409646,0.722298182547092,0.105082571040839,0.973634105408564,0.567677260143682,0.692745429463685,0.798399965744466,0.747777004959062,0.338774306699634,0
0.660049543948844,0.681001698365435,0.683488436043262,0.0459395130164921,0.387879530899227,0.929435739526525,0.00568135385401547,0.985370055306703,0.581010558409616,0.453627490671352,0
0.621158787515014,0.936527931364253,0.443577750585973,0.819414723198861,0.119796459795907,0.251418678555638,0.842727674404159,0.701710890047252,0.631164195016026,0.957663174718618,0
0.846281484235078,0.433720456436276,0.616726396139711,0.713712604949251,0.944004815770313,0.435594120528549,0.423373739933595,0.379889598814771,0.309616696787998,0.253230494447052,0
0.151981777045876,0.689077778719366,0.99369905050844,0.789650866296142,0.169255775166675,0.355017176130787,0.686061161570251,0.226189267123118,0.330902201123536,0.0667101659346372,0
0.589770840480924,0.765541473636404,0.944311641389504,0.689895596122369,0.978896912652999,0.342409808188677,0.273924082750455,0.528474302496761,0.628207738045603,0.286688981344923,0
0.507090169237927,0.589873429853469,0.0195326679386199,0.92423352971673,0.0601016532164067,0.331289880909026,0.540263245115057,0.83245818153955,0.840475050732493,0.580371455289423,0
0.212762908311561,0.204686392564327,0.965262828627601,0.975925245555118,0.897692837286741,0.791577997384593,0.596263436367735,0.785375652834773,0.874433565884829,0.253374476451427,0
0.358253909042105,0.0126449386589229,0.434973242459819,0.529624650022015,0.26830280572176,0.887712817173451,0.400045653106645,0.205966326408088,0.825642421841621,0.737336688674986,0
0.171405148876831,0.276496017221361,0.669298819964752,0.59785003750585,0.199121932731941,0.581967527978122,0.0312341761309654,0.636815230129287,0.834746817359701,0.38283339003101,0
0.372100138803944,0.592927954858169,0.907058098120615,0.980264440644532,0.381116739707068,0.472924895118922,0.802203740458935,0.987242907751352,0.202621744247153,0.848828383488581,0
0.0100655276328325,0.957990400725976,0.483224473893642,0.924476245418191,0.0258322455920279,0.492473274935037,0.476845870027319,0.965726525755599,0.682323362445459,0.700926433084533,0
0.462134753819555,0.546747187850997,0.309546338161454,0.933631868334487,0.780313139548525,0.206482100533321,0.951844554394484,0.907403543591499,0.857446036301553,0.92644145921804,0
0.404689187416807,0.59948369464837,0.761218839325011,0.0769464999902993,0.170845411485061,0.518076492473483,0.383270304184407,0.50882291328162,0.237284996779636,0.915387958521023,0
0.103647638112307,0.802257947158068,0.571341434726492,0.974243983626366,0.121117166243494,0.093056665500626,0.874972430523485,0.721390618477017,0.516597089357674,0.00607037707231939,0
0.923956065904349,0.54500237875618,0.590666965348646,0.42832985939458,0.9113949383609,0.0850809197872877,0.242595223011449,0.756499420385808,0.796101687243208,0.12808732339181,0
0.876244427403435,0.184245527489111,0.861860446631908,0.846156485145912,0.740140310255811,0.489009232725948,0.921346332877874,0.305780385388061,0.742208667565137,0.867025987245142,0
0.788838816573843,0.474479924188927,0.127234613755718,0.114434000570327,0.669969324022532,0.240090968552977,0.801270188763738,0.681002211989835,0.381041207583621,0.172109192702919,0
0.448311194078997,0.573567958548665,0.424970890395343,0.117711443221197,0.281448322115466,0.820787069853395,0.339816664345562,0.453908981056884,0.592569086933509,0.476473736111075,0
0.270360385067761,0.961149865295738,0.450197369558737,0.771582548972219,0.895698335254565,0.405468836426735,0.53083658311516,0.40901800733991,0.0617784666828811,0.732647062046453,0
0.0516404621303082,0.679965989198536,0.993348479038104,0.829828886548057,0.256960832746699,0.313083320390433,0.0208744176197797,0.512390324147418,0.487408365821466,0.765830713324249,0
0.208643867867067,0.225537708494812,0.874718346400186,0.609524506377056,0.8488041581586,0.230946687515825,0.715272564673796,0.834124198183417,0.559423606842756,0.121978467097506,0
0.202501851599663,0.741097390186042,0.926185865420848,0.421253457432613,0.873501249589026,0.475307543994859,0.879448083927855,0.582048623356968,0.5439022842329,0.629316121572629,0
0.0785608279984444,0.102182511007413,0.136745281983167,0.609597705537453,0.426170237828046,0.579548666952178,0.285247610881925,0.20222927024588,0.0821356938686222,0.7154414083343,0
0.853000455535948,0.680377615615726,0.323849511099979,0.140380428405479,0.999752819072455,0.0807045113760978,0.219775975914672,0.496774759842083,0.907906899461523,0.916519639780745,0
0.997329512611032,0.890984195517376,0.320419517112896,0.653825804125518,0.657307961257175,0.257511703995988,0.531469074310735,0.788141491590068,0.0958372512832284,0.786774103995413,0
0.38204722921364,0.921549792867154,0.714217096567154,0.25760860950686,0.0622673989273608,0.404924180591479,0.655986695317551,0.937789903022349,0.580947377718985,0.820513803744689,0
0.983761538518593,0.273351854411885,0.687381613766775,0.050244192359969,0.142345746746287,0.871414892375469,0.890781822381541,0.761073789326474,0.35727858892642,0.661115547874942,0
0.156289520673454,0.256727720377967,0.486715927952901,0.217631065519527,0.827499202219769,0.884210992604494,0.790823785820976,0.19116093008779,0.314652716740966,0.932448006933555,0
0.775553309824318,0.797081840224564,0.469652165425941,0.877856580307707,0.158160940743983,0.203065274748951,0.82172414730303,0.853606729535386,0.879255344858393,0.0532546539325267,0
0.965563305420801,0.351809772429988,0.45262307417579,0.802968021482229,0.0783313801512122,0.0988458376377821,0.30603058822453,0.364840813679621,0.981661665020511,0.661148556508124,0
0.553766519995406,0.224187315674499,0.416408112738281,0.184457049472257,0.824364020954818,0.470096479868516,0.144224069779739,0.363117150263861,0.0740023832768202,0.595205342862755,0
0.270648876903579,0.593960766680539,0.170266557019204,0.10672242520377,0.320319264195859,0.800234459107742,0.873334178701043,0.981972620123997,0.691544358851388,0.000730986474081874,0
0.868422457249835,0.471397859742865,0.581921099685133,0.0112385435495526,0.52670935401693,0.259547109715641,0.680683247279376,0.0426726234145463,0.965252017835155,0.628495675045997,0
0.588351644575596,0.611707499017939,0.850438309134915,0.975612918147817,0.53820625715889,0.575205827597529,0.31952657434158,0.159382987301797,0.105113556142896,0.6207305919379,0
0.235182015458122,0.0431653021369129,0.13360976614058,0.701536305248737,0.0510350405238569,0.50832715514116,0.561416900716722,0.946499553043395,0.0386589742265642,0.223013997077942,0
0.961978952167556,0.368546756682917,0.119366418104619,0.870933698723093,0.0740119896363467,0.381952443858609,0.0908144237473607,0.223914760397747,0.143267398001626,0.766529220854864,0
0.205092715565115,0.998455103021115,0.634380530565977,0.883060218533501,0.841651978669688,0.496187960729003,0.919317280873656,0.789455201476812,0.267301494255662,0.813537390902638,0
0.456069421255961,0.780675020068884,0.660685312468559,0.990638090064749,0.736959628760815,0.0840657721273601,0.900806895690039,0.892561288317665,0.663970239693299,0.490745897172019,0
0.67184765660204,0.231101217679679,0.237133067334071,0.823684521950781,0.569631346035749,0.400391881586984,0.765064872335643,0.359999845502898,0.967104261741042,0.276204622583464,0
0.650723586557433,0.200818802928552,0.238141187932342,0.254267380340025,0.31261492962949,0.286978875286877,0.315503713907674,0.368248420068994,0.653322057100013,0.389092549448833,0
0.717449708841741,0.988818261073902,0.666294163325801,0.0636450999882072,0.479943820508197,0.353911379817873,0.324047303758562,0.420969951665029,0.555886475369334,0.504958638688549,0
0.220480683492497,0.724194293143228,0.00761939259245992,0.850759167922661,0.634857500670478,0.607829587068409,0.757388921221718,0.898381396662444,0.346041921526194,0.3715935125947,0
0.774749839678407,0.447048002388328,0.601061586523429,0.119920022087172,0.830565484240651,0.84926449554041,0.607584698358551,0.588113045785576,0.390261730412021,0.109504123684019,0
0.640702059026808,0.248115344205871,0.00254765059798956,0.695568368770182,0.30240601208061,0.804018883733079,0.815609521698207,0.741532721091062,0.311283201212063,0.123732191510499,0
0.0113042909651995,0.04258376150392,0.192753505660221,0.0564306215383112,0.265341073041782,0.576521092560142,0.0060433535836637,0.260694085620344,0.55689261900261,0.773371886461973,0
0.636012691771612,0.142439485760406,0.888476272346452,0.907662483863533,0.10149089503102,0.547158323228359,0.709814754547551,0.128243230981752,0.38780321739614,0.298521259333938,0
0.952086161123589,0.269496159860864,0.918919745599851,0.926289611263201,0.546960305422544,0.80836688587442,0.292206585407257,0.0420834033284336,0.639379295287654,0.566363645717502,0
0.191437819041312,0.874248673673719,0.148348905844614,0.44756048428826,0.557454864494503,0.0579790091142058,0.821048595476896,0.410634360741824,0.450968656223267,0.614692606497556,0
