"1","2","3","4","5","6","7","8","9","10","class"
0.332725092070177,0.254307091701776,0.6673638750799,0.155990495346487,0.877523712813854,0.223376291571185,0.665001536719501,0.568229101132601,0.934949587797746,0.74139693309553,0
0.864838835084811,0.831973452121019,0.959188903216273,0.458695646841079,0.503391784615815,0.316785635659471,0.640459045767784,0.844451401848346,0.42319683264941,0.869427774101496,0
0.932681354228407,0.747214549453929,0.527024123584852,0.329961072653532,0.6047392799519,0.309127356857061,0.295226404909045,0.510949082905427,0.544323567068204,0.413721932098269,0
0.513487150659785,0.100036581046879,0.0854399499949068,0.462234062375501,0.00421298039145768,0.255445145070553,0.102993018226698,0.59029669733718,0.125793070299551,0.98533784924075,0
0.744669787585735,0.620588082820177,0.385008465498686,0.4238029664848,0.747539574280381,0.632275693351403,0.980848574778065,0.226607300108299,0.24430090887472,0.57797817257233,0
0.662799515528604,0.72919025295414,0.611227633897215,0.0925370512995869,0.506268026772887,0.35539363627322,0.0732848148327321,0.311292360303923,0.722530191298574,0.105301326606423,0
0.657353327143937,0.598713056882843,0.342740162741393,0.708343820879236,0.991387208923697,0.284415618516505,0.271557360654697,0.348811708623543,0.137250505620614,0.73543542646803,0
0.0760177873860113,0.907762901091017,0.433837162796408,0.145656901644543,0.107607758138329,0.913289725780487,0.814323116326705,0.27406247658655,0.619689521612599,0.639094325946644,0
0.259500732179731,0.829685511998832,0.153223151573911,0.068384324433282,0.107708464376628,0.12204575794749,0.737817646702752,0.907018540659919,0.889871556544676,0.130918412702158,0
0.500831525074318,0.596478120656684,0.627446597674862,0.385960279498249,0.00952402013354003,0.491942577296868,0.321439746068791,0.876963253831491,0.204469825606793,0.0285470178350806,0
0.0950193216558546,0.114984935848042,0.231456977082416,0.581470971694216,0.195823360932991,0.630791481817141,0.392430274514481,0.194038265850395,0.234347049146891,0.199296577600762,0
0.533874666318297,0.47624422959052,0.499965891009197,0.44528233143501,0.0801970541942865,0.771853236947209,0.395625150995329,0.0969680286943913,0.861889927880839,0.547153800958768,0
0.129927094560117,0.251111932797357,0.398330987431109,0.380512385163456,0.180745486402884,0.624900844413787,0.883534827269614,0.507324419682845,0.950003881705925,0.835401228396222,0
0.464880720479414,0.302679705433547,0.980972587829456,0.689992883475497,0.210728596430272,0.272692273603752,0.906891670078039,0.410065192496404,0.588217010721564,0.562425518874079,0
0.512731575174257,0.119795406935737,0.501167693641037,0.505422801012173,0.57061309623532,0.772915776120499,0.0872371871955693,0.889146205270663,0.388989385450259,0.708818979328498,0
0.0918810153380036,0.0273909603711218,0.848914297996089,0.547307754401118,0.384714570827782,0.353405804606155,0.756826422410086,0.43567518866621,0.455593311693519,0.849699575686827,0
0.765339374076575,0.619369022082537,0.0186412404291332,0.220964479260147,0.911695540184155,0.0536014279350638,0.747634542640299,0.702227887930349,0.179401122266427,0.479485862888396,0
0.454609457736369,0.574553132073488,0.497800164623186,0.165618447121233,0.857409842079505,0.352441550698131,0.390985979000106,0.258173313690349,0.744605676271021,0.734194233547896,0
0.587766775395721,0.221108886180446,0.788221516879275,0.311282332055271,0.966049979673699,0.928868625313044,0.499331028666347,0.525354851037264,0.772722694789991,0.679478182923049,0
0.217202438274398,0.214803157141432,0.486070412443951,0.595465120859444,0.826770158018917,0.53743559634313,0.232506316620857,0.0691910136956722,0.854318361030892,0.596786947455257,0
0.430643292609602,0.404467302141711,0.0808461897540838,0.259617903968319,0.32261080830358,0.519027979113162,0.929266194347292,0.0487742784898728,0.166392164770514,0.685178012819961,0
0.579006158746779,0.34000495984219,0.823116629850119,0.373548382427543,0.367547162575647,0.447821688605472,0.0403497482184321,0.201611559139565,0.608939367113635,0.393529247026891,0
0.551200843648985,0.30464052525349,0.315348883392289,0.0217857642564923,0.0628772510681301,0.639181481441483,0.0955627360381186,0.257466932758689,0.687912687659264,0.638483832357451,0
0.586078824242577,0.629163845675066,0.326037264661863,0.379976443713531,0.24072584323585,0.811480282107368,0.321466997032985,0.550807173131034,0.360161925666034,0.16888858564198,0
0.234151296317577,0.334048190154135,0.579727201722562,0.0638363112229854,0.406468820758164,0.647043088218197,0.846958683570847,0.325405184878036,0.641080600442365,0.276002753060311,0
0.119119200622663,0.942440525395796,0.925881650531664,0.989003229653463,0.267626337008551,0.698255540803075,0.270787128247321,0.349880689522251,0.993561862036586,0.307054979261011,0
0.284490327117965,0.914907379774377,0.746272478951141,0.785035421373323,0.971070841653273,0.91352690034546,0.61885110125877,0.408049950376153,0.848047035513446,0.8284087611828,0
0.145154496189207,0.995752410031855,0.610757775837556,0.104068193119019,0.366687669418752,0.628158471314237,0.327874180395156,0.205935248872265,0.826555551728234,0.193025033455342,0
0.31411348702386,0.804220250574872,0.857844466576353,0.771376115269959,0.247024065349251,0.0939192259684205,0.39747262513265,0.315302915172651,0.984385311370715,0.414746571332216,0
0.328278219792992,0.482186555629596,0.632308984873816,0.0988436674233526,0.187624839367345,0.427332426654175,0.569971508346498,0.0040718331001699,0.284751841798425,0.955474314047024,0
0.500463688047603,0.727215616498142,0.315005798824131,0.607422665925696,0.502919351682067,0.691795121645555,0.0985693633556366,0.466951415874064,0.308098237495869,0.154557790141553,0
0.67628328804858,0.587175509892404,0.930663424078375,0.302971666445956,0.736129531636834,0.959138023899868,0.0684551869053394,0.42555664642714,0.272028870182112,0.204164781607687,0
0.907675625989214,0.244323396123946,0.489649520721287,0.490330924512818,0.748499932233244,0.981176828965545,0.93983206525445,0.158888340461999,0.916169037809595,0.866953301941976,0
0.628965348238125,0.863589639309794,0.816005720291287,0.796220756135881,0.516375209437683,0.304833489935845,0.843136573443189,0.392125291749835,0.735603178618476,0.868108286056668,0
0.806321064243093,0.788688368862495,0.193720590788871,0.70272093010135,0.481327307410538,0.861718804342672,0.763368673855439,0.297292116330937,0.381000607507303,0.940827404614538,0
0.727781693916768,0.00817262474447489,0.277757108444348,0.740075551206246,0.693358554271981,0.0532245645299554,0.454769645351917,0.794190910644829,0.181303638732061,0.906923169502988,0
0.837922409409657,0.353078318061307,0.529167025815696,0.810478807194158,0.794157908763736,0.587439953815192,0.306315337307751,0.912562793353572,0.675637813983485,0.364551546052098,0
0.174175851745531,0.229912227485329,0.719800537452102,0.447031280491501,0.497436419362202,0.40023395116441,0.845409162342548,0.0599929615855217,0.783823477569968,0.0796703894156963,0
0.131135879084468,0.724343692883849,0.975317206932232,0.32584490487352,0.39385252026841,0.476310673402622,0.536127445288002,0.377859135856852,0.250405362574384,0.756611523684114,0
0.48166732955724,0.959113424178213,0.0700471417512745,0.0720659508369863,0.0704256340395659,0.797994952183217,0.735752130625769,0.392383470200002,0.279412263073027,0.381844546413049,0
0.175882130628452,0.919734715018421,0.430066123371944,0.0175890510436147,0.742488920222968,0.361535069299862,0.480665511684492,0.329907434526831,0.0195041503757238,0.455562487943098,0
0.82210336446194,0.930486541890726,0.963548695668578,0.515142725780606,0.911195613909513,0.537881417199969,0.91537520266138,0.907026304863393,0.75383920990862,0.760698283789679,0
0.369176629232243,0.974191539222375,0.484121582936496,0.163179749855772,0.604820139007643,0.995995773933828,0.00772997993044555,0.204764254624024,0.642536166124046,0.150622311979532,0
0.651430069003254,0.557323456509039,0.215275024529546,0.805229502497241,0.324380822014064,0.881126677850261,0.209929109551013,0.0433496211189777,0.275570415193215,0.701181412907317,0
0.162594367920607,0.12761242308151,0.399191447533667,0.533375360770151,0.908141679130495,0.829417403787374,0.184962328989059,0.11131356167607,0.0273982533253729,0.362555023282766,0
0.0642295556608588,0.00565549428574741,0.753241578117013,0.368966802489012,0.127926805755123,0.280354098649696,0.844479910098016,0.567046259297058,0.0523348012939095,0.45865096966736,0
0.00393778993748128,0.79285468859598,0.264373459387571,0.518185538239777,0.673480810131878,0.502910454990342,0.770252438960597,0.929347203811631,0.879391524707898,0.562182773835957,0
0.173595683882013,0.140966925071552,0.766564639750868,0.678953765425831,0.00554361031390727,0.831786442780867,0.271707309642807,0.763442914932966,0.882284292485565,0.00404188083484769,0
0.365640464704484,0.720213083550334,0.0157301393337548,0.358130406355485,0.460930600762367,0.891709621995687,0.609348449856043,0.543882871745154,0.667394778924063,0.441724681528285,0
0.623432575725019,0.558016549330205,0.181117909727618,0.130035039037466,0.303510379046202,0.0175784309394658,0.28535638586618,0.813058621948585,0.992571906652302,0.795972510706633,0
0.517003421671689,0.641305692028254,0.149705455871299,0.387446489883587,0.123788364464417,0.360439015785232,0.727512615732849,0.717843940015882,0.980275582289323,0.426228320924565,0
0.356449063867331,0.591273626545444,0.551949479850009,0.0833547823131084,0.0124315428547561,0.613747159251943,0.215123512316495,0.61512442631647,0.795451072975993,0.379063025349751,0
0.294618304586038,0.745746995089576,0.722533273510635,0.819334674626589,0.176321381004527,0.996389725012705,0.438895162194967,0.391931450227275,0.966859940905124,0.0478853627573699,0
0.566194996470585,0.520744700683281,0.883240901865065,0.484399334061891,0.382435854990035,0.0575748342089355,0.990415270905942,0.672762592090294,0.110409265616909,0.730073837330565,0
0.98803381761536,0.166846453445032,0.288816580548882,0.0933010806329548,0.977538523031399,0.428602955304086,0.381587084382772,0.326344339875504,0.652824977179989,0.0699877189472318,0
0.279413227923214,0.110809231176972,0.768538537900895,0.526356011861935,0.682603143388405,0.709888042183593,0.593315553618595,0.907740372233093,0.503836591728032,0.28635856276378,0
0.237370822873712,0.0294755775222555,0.0126881205942482,0.112069829832762,0.995566122001037,0.718279561493546,0.3153805679176,0.1895804584492,0.720263319788501,0.184038656996563,0
0.489961730781943,0.468968634493649,0.994537593564019,0.175727397901937,0.533917624037713,0.384206452406943,0.95166307175532,0.0103255303110927,0.935736756771803,0.200740509899333,0
0.91430202848278,0.214849031064659,0.380681115901098,0.411678775912151,0.380658819573,0.454116399167106,0.561818725895137,0.379469804000109,0.825761788990349,0.286763984709978,0
0.686658518854529,0.352374025853351,0.929993575438857,0.372280091047287,0.139270360115916,0.242707889527082,0.913793322863057,0.799231124343351,0.36972549231723,0.342613953631371,0
0.423730414826423,0.867717270040885,0.321119459345937,0.818925694329664,0.808714178623632,0.798425120068714,0.44314708863385,0.248541996348649,0.326577539090067,0.506279741879553,0
0.515068270498887,0.833075350616127,0.431955764302984,0.845799858914688,0.602415102068335,0.657395537244156,0.177454036194831,0.122557417722419,0.323016311274841,0.70789834135212,0
0.277904900256544,0.981371683534235,0.92582128662616,0.455171989742666,0.0774753361474723,0.696071530459449,0.469463090645149,0.206508339149877,0.115701922215521,0.098737146705389,0
0.673873427789658,0.325564691098407,0.768012164626271,0.537570353364572,0.929232121678069,0.710915944771841,0.0357165003661066,0.683883923571557,0.905313771683723,0.124180669896305,0
0.667267907027714,0.907462606057152,0.102065651211888,0.715277075301856,0.200254012132064,0.872676798142493,0.877770773600787,0.180418505333364,0.658971005119383,0.436054135905579,0
0.0618555080145597,0.281444699969143,0.255355041474104,0.0824738568626344,0.411625459091738,0.205993189942092,0.168686608085409,0.43149497709237,0.532999120187014,0.00458399974741042,0
0.139831862412393,0.0476914395112544,0.460541016422212,0.333289932226762,0.241372949210927,0.243533480213955,0.371101457159966,0.349313909187913,0.529302690643817,0.907720348332077,0
0.631934997159988,0.614212839165702,0.941460827132687,0.0276630437001586,0.852975338231772,0.0125620982144028,0.724024431779981,0.132318449439481,0.313718477729708,0.663970317691565,0
0.550054725296237,0.839354519864172,0.954745770664886,0.144446650054306,0.540282574249431,0.551737216301262,0.0532193826511502,0.716033588396385,0.893004988320172,0.877449364168569,0
0.443104280391708,0.263628518907353,0.281201067613438,0.886569950031117,0.267123014200479,0.361880146665499,0.362613202538341,0.902349658543244,0.465556910494342,0.572665264131501,0
0.721547522684559,0.68631307712011,0.192956702085212,0.522142570000142,0.0364759487565607,0.215490615461022,0.484005885198712,0.177721278974786,0.436238245340064,0.580149591434747,0
0.845897266641259,0.0463080720510334,0.993280266644433,0.550402056891471,0.760092311538756,0.670216372702271,0.763734748587012,0.75237715151161,0.837080196244642,0.394173946464434,0
0.789523010607809,0.149162074550986,0.334355290513486,0.27550761657767,0.945626326138154,0.3057591621764,0.895094430074096,0.183288252679631,0.318177411332726,0.649918261216953,0
0.768793375696987,0.890745468670502,0.243008073419333,0.00474794069305062,0.707268748199567,0.307658048579469,0.469052504980937,0.674483710201457,0.0394044120330364,0.633762921905145,0
0.837111912434921,0.264282707357779,0.673913477919996,0.998795155901462,0.97528071468696,0.699965419247746,0.663170289015397,0.100409031147137,0.807131176115945,0.592931436607614,0
0.414613459957764,0.385935183381662,0.141882535768673,0.686437199823558,0.154763676226139,0.660950128920376,0.367728755343705,0.277606889139861,0.825698422733694,0.25597965484485,0
0.181424589361995,0.34391228784807,0.913202105322853,0.669806210556999,0.404961468651891,0.202680139103904,0.461181392427534,0.471214404096827,0.0179943046532571,0.221960293594748,0
0.178998605581,0.334272698499262,0.789905516430736,0.509794114157557,0.637198120821267,0.254857460968196,0.252226981334388,0.0558442396577448,0.848202537279576,0.672684089746326,0
0.58484835550189,0.519536240492016,0.45265408186242,0.706258449703455,0.894600224914029,0.607870998093858,0.815430129878223,0.413901639403775,0.958807552233338,0.412568902364001,0
0.215097970794886,0.706966711673886,0.700359833426774,0.930953591130674,0.495607394725084,0.0974176686722785,0.595245588338003,0.1975329562556,0.960227536736056,0.787435573525727,0
0.433617503382266,0.258823145180941,0.445604843553156,0.219157844781876,0.116359865525737,0.83986579044722,0.0768547179177403,0.563449806300923,0.303258853964508,0.594663649331778,0
0.643280551536009,0.0634166349191219,0.696701076580212,0.528962626354769,0.779835291206837,0.45109613891691,0.995983517030254,0.354946973267943,0.51539157400839,0.920499465195462,0
0.895682122092694,0.160736989462748,0.631199637893587,0.886626209365204,0.92181223561056,0.080378195270896,0.0187361277639866,0.966546746902168,0.398641446139663,0.837394998874515,0
0.528015668038279,0.314968396676704,0.0774915714282542,0.528884664177895,0.74453069944866,0.660385048016906,0.645759658655152,0.600853793555871,0.915975526208058,0.921603230759501,0
0.818517700536177,0.66070093261078,0.598760746186599,0.0788034843280911,0.399875722359866,0.998198367189616,0.729129859479144,0.8517802990973,0.382743126014248,0.512080913875252,0
0.556387324118987,0.290650538867339,0.62674952019006,0.803344797110185,0.525312829297036,0.50490874517709,0.53353074612096,0.416106138611212,0.490758648840711,0.767632419476286,0
0.809652423951775,0.329328711377457,0.0546158186625689,0.765926829539239,0.474323825677857,0.210376135772094,0.769260358763859,0.134027063613757,0.362760911462829,0.909122518962249,0
0.211489129811525,0.178806998766959,0.685974125750363,0.253983416827396,0.236663981573656,0.516079507535324,0.73179317987524,0.196497999830171,0.816773008089513,0.805340253515169,0
0.190472258747369,0.342676107992604,0.451854021986946,0.378175325458869,0.223565987078473,0.0908254948444664,0.129634762881324,0.477580660255626,0.457650034455582,0.821717023150995,0
0.777598230107967,0.904020485216845,0.656033291947097,0.151924767531455,0.425575447967276,0.12827502656728,0.926255493657663,0.946327918907627,0.729862764012069,0.888893088325858,0
0.430163781123236,0.123913570942357,0.829162386478856,0.770434998674318,0.480922939954326,0.971433299127966,0.183366742916405,0.811973821837455,0.720255632186309,0.374768874142319,0
0.349487141473219,0.120834680041298,0.837970035150647,0.296100342879072,0.7924862743821,0.638085652375594,0.834237401606515,0.864432339556515,0.057329886360094,0.852087760809809,0
0.89306584150549,0.090303703501448,0.138702166266739,0.219177801627666,0.901671695755795,0.834823321318254,0.218450450804085,0.452317104209214,0.295188584597781,0.523423617472872,0
0.930069313151762,0.256279497640207,0.766059221001342,0.64941665600054,0.990031409775838,0.512156677665189,0.417000103509054,0.419436800293624,0.784065339248627,0.748511376790702,0
0.820662828176841,0.00345927026197315,0.00678792712278664,0.495209459913895,0.679886393714696,0.272124090464786,0.872714830562472,0.192170314257964,0.8745535206981,0.473991899983957,0
0.412189420632552,0.681299081889913,0.417274140752852,0.61759548750706,0.936710532288998,0.892087623476982,0.862700570840389,0.0303866709582508,0.0732426771428436,0.0878854510374367,0
0.670794970355928,0.394636453129351,0.270457964623347,0.148127559106797,0.3251764010638,0.710730866761878,0.235300830099732,0.964790039230138,0.610472396016121,0.648479324765503,0
0.174498876789585,0.653863132465631,0.426469546509907,0.792486442252994,0.393261442193761,0.132505677407607,0.641430863877758,0.708834528690204,0.613118478329852,0.278746655676514,0
0.742047057952732,0.369578780373558,0.0392727903090417,0.81652103131637,0.434697551419958,0.916774866404012,0.788369582267478,0.554318537469953,0.493231748230755,0.427018511341885,0
0.754602388175111,0.322312426229008,0.29176793131046,0.074270881479606,0.297779015032575,0.696047182194889,0.613315844209865,0.0456661800853908,0.128780162893236,0.908230496337637,0
