MS
-0.11462399999999956
-0.1481039999999994
0.09177600000000052
0.07970399999999911
-0.08624400000000049
-0.04861199999999999
0.013236000000000414
0.035544000000000076
0.021491999999999845
-0.04886400000000041
0.0750599999999998
-0.0688679999999996
0.030707999999999902
-0.03782399999999986
0.06422400000000028
0.13507199999999953
0.11487599999999998
-0.16394399999999926
0.015923999999999272
-0.20006400000000024
0.021695999999999216
-0.002904000000000073
0.0014639999999999653
-0.17351999999999934
-0.08070000000000044
-0.11362800000000056
-0.06266400000000105
-0.052668000000000215
-0.17023200000000122
-0.08461199999999952
-0.026315999999999673
-0.15438000000000068
-0.22984799999999955
-0.09493200000000035
0.02482800000000085
-0.12993599999999955
0.08713199999999988
-0.05311199999999999
-0.11749200000000026
-0.008759999999999268
-0.14472000000000135
-0.060660000000000214
-0.0944519999999997
-0.023604000000000458
0.032760000000000455
-0.028859999999999053
0.11218799999999995
-0.02351999999999954
-0.008988000000001328
0.06212399999999918
