TC
-0.10163294661950839
0.13151628775067736
0.09469258037189929
-0.13967144325291236
-0.00369246030962574
0.08274778094294115
-0.010535073801741375
0.08015739252918615
0.5310691883012846
0.5056467598865794
0.6324366916054058
0.4489629787445603
0.4427762713189536
0.08775330785958538
0.2801985499878466
0.026263516393673438
0.05991677720010375
0.005942806892336364
0.03030300677713407
0.0628893063361505
-0.09252155372104809
0.08811735808346964
-0.11023039165165638
0.11050352867776253
-0.061699156626651284
-0.04679972210507434
0.007928721906445065
0.060871409286502705
0.03933136019356593
-0.18012388603073623
-0.022203305227040324
-0.033668064830499674
-0.037802051108379746
0.030521202626893403
-0.18071133365794254
-0.008442139875532611
0.14172805505274583
-0.015352668425603202
0.05578009939119429
0.2132908468783325
-0.010185483513197154
0.023756838123293707
0.09077617059513915
0.03377963988911585
0.14436872519475594
0.1590011791017554
0.16572144902542835
0.36250270281557634
0.4484415177572086
0.3108429259346237
