"1","2","3","4","5","6","7","8","9","10","class"
0.53231462626718,0.109936953568831,0.815718856872991,0.0563270854763687,0.421459376811981,0.750891232397407,0.113563369959593,0.080412037903443,0.301771699683741,0.272313415072858,0
0.144715265529137,0.323776230448857,0.718330164905638,0.520129716955125,0.88739734957926,0.623008241411299,0.91148910834454,0.988378167152405,0.811028250958771,0.684493400622159,0
0.859155217651278,0.167768173056841,0.811521466588601,0.539567203726619,0.710885575972497,0.301427687518299,0.462246181676164,0.216297840001062,0.263736927881837,0.533218101132661,0
0.0223694254461676,0.650058841099963,0.521143801743165,0.286557912593707,0.738308670232072,0.144623426487669,0.917527580168098,0.389680283609778,0.360791782150045,0.400109732989222,0
0.134602035560273,0.587280531181023,0.263621050165966,0.816666592378169,0.192333495011553,0.780778446467593,0.49918392393738,0.624590008985251,0.494981002993882,0.108243794180453,0
0.0508631069678813,0.00597997903265059,0.072356870630756,0.411236552055925,0.226688228780404,0.18525625905022,0.14351929188706,0.29700498143211,0.845479388488457,0.948753058444709,0
0.423935535131022,0.0834416715145111,0.362449346808717,0.892849013675004,0.913124249316752,0.730685611721128,0.238648895639926,0.286010837880895,0.330222549615428,0.0532488599419594,0
0.925121637061238,0.126090574088227,0.555407146224752,0.523816034896299,0.990587034495547,0.448042517527938,0.103799090720713,0.0226458301767707,0.277767084771767,0.00340884714387357,0
0.00945010059513152,0.683619460556656,0.756605132482946,0.756476378068328,0.234642252791673,0.546751684043556,0.684578788233921,0.573190076509491,0.194826953811571,0.603830128675327,0
0.140978849260136,0.0767959375401959,0.360792979132384,0.237439560936764,0.432160771684721,0.673120897496119,0.397089609177783,0.968036413192749,0.328892156248912,0.845372501760721,0
0.382946684258059,0.0537739577814936,0.370957487495616,0.388511399971321,0.462517690146342,0.758518618065864,0.445992995519191,0.473891990026459,0.78845273819752,0.693862643092871,0
0.161776100818813,0.778763219946995,0.799000582192093,0.00927418703213334,0.744498627493158,0.73434130824171,0.909250846831128,0.619030622998253,0.0762286214157939,0.431631903396919,0
0.504341154824942,0.148608653539605,0.112714224262163,0.246233222773299,0.848986798198894,0.926792593440041,0.790230677463114,0.209595322143286,0.447087683482096,0.31240677786991,0
0.110453234319296,0.543542884057388,0.799653001828119,0.706645716913044,0.948510253336281,0.0312758402433246,0.26869107503444,0.624939592787996,0.412710535340011,0.214064210886136,0
0.148506743833423,0.557916312944144,0.211262580240145,0.150125099811703,0.944676119834185,0.487643690081313,0.431907886406407,0.441175404936075,0.795171100413427,0.0212819415610284,0
0.0529844055566937,0.993423882173374,0.109025609213859,0.851984115084633,0.540444059530273,0.701768400846049,0.611845013219863,0.643894887994975,0.234431930119172,0.154977995436639,0
0.127644676947966,0.700094593223184,0.795165467541665,0.876211817609146,0.54965159134008,0.178874073550105,0.617286069085822,0.560730839613825,0.768089901655912,0.484595504356548,0
0.110096261836588,0.436027729650959,0.319320300593972,0.803454892477021,0.0852511427365243,0.0827606986276805,0.0539848904591054,0.276219587074593,0.699563860660419,0.323549769585952,0
0.0748187039762735,0.832290204940364,0.816890158224851,0.792678752215579,0.727037164615467,0.314891880378127,0.940153036266565,0.740729610435665,0.674036525189877,0.499209764879197,0
0.588433112949133,0.0259797950531356,0.995466072345152,0.509638552321121,0.512177921133116,0.324428386287764,0.835834795841947,0.211122748674825,0.600700209382921,0.10827312618494,0
0.834163150750101,0.0743436248619109,0.339960505953059,0.404547088779509,0.375702537363395,0.390515994513407,0.740924563957378,0.936430740170181,0.968852137215436,0.311668949201703,0
0.0204381369737908,0.196992378449067,0.4559055052232,0.66961551620625,0.265944528160617,0.268395192688331,0.32199406134896,0.885991027811542,0.313641564454883,0.857587195932865,0
0.867794774705544,0.170433915661275,0.789993621408939,0.568769265664741,0.925823972094804,0.86096872552298,0.497133834287524,0.893574280431494,0.358774682041258,0.515361807541922,0
0.167811124300398,0.807288930052891,0.911489931633696,0.000628095585852861,0.462174102431163,0.519092515576631,0.291753150057048,0.828936932375655,0.757093021413311,0.601869744015858,0
0.0123438781592995,0.128124241890013,0.395486474502832,0.9775213052053,0.793421316891909,0.991015651728958,0.942326687974855,0.490617466159165,0.2120040000882,0.378650009166449,0
0.0398020707070827,0.263710226630792,0.642551804194227,0.302675140555948,0.915087623288855,0.816439883550629,0.994520155247301,0.864822757896036,0.686656248755753,0.498737644404173,0
0.150948857888579,0.322610144037753,0.663474938366562,0.989620609441772,0.978795205010101,0.847751321969554,0.207652313634753,0.111522182123736,0.89662050595507,0.148923744447529,0
0.0829416662454605,0.0781115568242967,0.51897548045963,0.509581521386281,0.74225081061013,0.696894310414791,0.882079841103405,0.902695635566488,0.493858935078606,0.474451313028112,0
0.541094362037256,0.153852833260968,0.201890010153875,0.151075966656208,0.162457701517269,0.259618358686566,0.892463091528043,0.575271204812452,0.504744383972138,0.34839077363722,0
0.337399993091822,0.0756074745840393,0.865947446553037,0.242270779097453,0.576787072233856,0.855795019306242,0.102627131855115,0.604359110118821,0.0992921693250537,0.00487063778564334,0
0.0581352259945124,0.793712253915146,0.526809049304575,0.863047667080536,0.896077434532344,0.585927626816556,0.580213112523779,0.509682018775493,0.757731038378552,0.748237597523257,0
0.150409059133381,0.901926136109978,0.133628698065877,0.066469089826569,0.0696302112191916,0.974041803972796,0.757430661935359,0.295742666115984,0.596998228458688,0.00550937675870955,0
0.0231839050538838,0.651278355624527,0.30927296821028,0.723997968481854,0.131630146177486,0.393284091725945,0.871346884174272,0.652659555897117,0.809407214168459,0.602689391002059,0
0.984931505983695,0.0551793574372306,0.530765652190894,0.460380005883053,0.334239118266851,0.818473556777462,0.13927454687655,0.123456609901041,0.561554936692119,0.473562449915335,0
0.0534309488721192,0.785069862147793,0.016785493819043,0.554987763753161,0.206763821421191,0.891731360461563,0.589676522882655,0.981402480509132,0.735343126580119,0.417138488963246,0
0.0953660954255611,0.426150801824406,0.0450213281437755,0.5879586560186,0.885336727136746,0.965901483781636,0.486039456212893,0.605780674610287,0.0624474550131708,0.835753504419699,0
0.385691537056118,0.0351132790092379,0.476111690048128,0.232704775640741,0.319096472579986,0.480421259533614,0.679557520663366,0.757427586475387,0.767112962435931,0.659354026429355,0
0.433627107180655,0.000938727396540344,0.521896123187616,0.422696559689939,0.312466808594763,0.010789989028126,0.691606920212507,0.045035581337288,0.755263194208965,0.321484601125121,0
0.757998798508197,0.100750391156599,0.155177816282958,0.0540079565253109,0.379011960932985,0.562690185150132,0.65832369425334,0.918272374430671,0.0347398819867522,0.0294832368381321,0
0.0711511447814293,0.924556579673663,0.512028025696054,0.57337681343779,0.415863652247936,0.440499450545758,0.7668640720658,0.166769968345761,0.616146594984457,0.609550225781277,0
0.120870937593281,0.0645284094866365,0.51833467069082,0.24693253566511,0.45987262763083,0.211206816835329,0.9982544046361,0.676597209414467,0.967870304128155,0.561320890206844,0
0.251259411452338,0.0663195881601423,0.272442504763603,0.264950412325561,0.737724798265845,0.475724557880312,0.599107931368053,0.212658350123093,0.365556757198647,0.039369170088321,0
0.130190800304711,0.529683164320886,0.35904926690273,0.999101467896253,0.275834708707407,0.301042814971879,0.873733961256221,0.0403216099366546,0.545514400582761,0.775328701362014,0
0.893125417409465,0.111256479812413,0.965853560483083,0.287237396463752,0.975942528340966,0.49054588470608,0.689658282324672,0.170663350261748,0.486349180340767,0.195857079932466,0
0.0932322377339005,0.113916077773459,0.00472951913252473,0.432248181896284,0.175075903534889,0.345848211785778,0.622846609447151,0.199447646038607,0.92430015001446,0.439500559587032,0
0.234634209889919,0.0368204620219767,0.774922520387918,0.688532017637044,0.579617213457823,0.823162568034604,0.890836544102058,0.82587771769613,0.0684636000078171,0.489867313532159,0
0.321276615839452,0.00480118444785476,0.618928325595334,0.952337414259091,0.412789084017277,0.518179782899097,0.540741692529991,0.161667697364464,0.544590979348868,0.482380135683343,0
0.0948049810397439,0.668781829066575,0.133893298450857,0.0673425430431962,0.375992689514533,0.395238601835445,0.29987523984164,0.31420866260305,0.301190667320043,0.830121912993491,0
0.399761346913874,0.656652849912643,0.230333100538701,0.233042804291472,0.849466814659536,0.383958590915427,0.717999243875965,0.74470507260412,0.675542574375868,0.805621556472033,1
0.157085776781011,0.439035258023068,0.907575080404058,0.179899616166949,0.502893618308008,0.100576725555584,0.704162985552102,0.394051803043112,0.546512361383066,0.572861433960497,0
0.0180186101421714,0.432914416771382,0.250743424985558,0.492771633900702,0.593543484807014,0.0110214480664581,0.974076172802597,0.690923798596486,0.822473810752854,0.891734032426029,0
0.0806789437774569,0.141998497212678,0.506610492477193,0.198014781344682,0.730522910831496,0.311840488109738,0.738207150483504,0.313330216566101,0.847022326430306,0.656232547480613,0
0.993332869838923,0.0348700465297326,0.860362731153145,0.942986768437549,0.104872277472168,0.394898624392226,0.27596079534851,0.185730936238542,0.430705049540848,0.744966732570902,0
0.899963107192889,0.155219188192859,0.377270369790494,0.558273639064282,0.725598483579233,0.647171272430569,0.740846946835518,0.850829895585775,0.258780803531408,0.127655887510628,0
0.103922610458359,0.958717468660325,0.292262952774763,0.0676408365834504,0.793739653192461,0.790013713529333,0.817397891776636,0.0450752445030957,0.287045014789328,0.152029865188524,0
0.532303087646142,0.148604156216606,0.693155703134835,0.229673590511084,0.556368920020759,0.0660132130142301,0.415571002056822,0.763644822174683,0.411092129768804,0.778736994368955,0
0.0560038214247674,0.49123644316569,0.812289961613715,0.202774637378752,0.188823327422142,0.123215918662027,0.0378766579087824,0.986348812235519,0.150527495192364,0.753936849301681,0
0.123384702987224,0.43198956316337,0.398063274798915,0.367538467748091,0.811029384378344,0.298386866692454,0.543487363960594,0.23837645794265,0.415205085650086,0.906038345536217,0
0.00663486192934215,0.742538951104507,0.497323392191902,0.289520735386759,0.209637126419693,0.570534945232794,0.375099258497357,0.472458189586177,0.264101538108662,0.499269243329763,0
0.976910985074937,0.138508179457858,0.843623135238886,0.440429056063294,0.201978013385087,0.550985885551199,0.519925045082346,0.299436959438026,0.698024585144594,0.353754868498072,0
0.178861081367359,0.0662324554156512,0.292188132880256,0.114173772744834,0.520264869323,0.331490214215592,0.499666414223611,0.500610430724919,0.340927074896172,0.908716253237799,0
0.683331247419119,0.120535214130674,0.574952012626454,0.559415091294795,0.786256547551602,0.493093693861738,0.261630874825642,0.741747226798907,0.905127595644444,0.721599331358448,0
0.0301415649957955,0.260437345365062,0.24204616015777,0.661146343452856,0.537761447252706,0.806293812580407,0.21004627738148,0.187452659709379,0.920567527413368,0.408677306491882,0
0.848845205502585,0.0729020142462105,0.666030179942027,0.289901343174279,0.749903630465269,0.510595565196127,0.270637775305659,0.517146070953459,0.444132425356656,0.774677026551217,0
0.76193540613167,0.112221366157569,0.70277932449244,0.878246002830565,0.125908380141482,0.766605622600764,0.581569497240707,0.931524579646066,0.399979264708236,0.737818985711783,0
0.421351421857253,0.14533654180076,0.458050400018692,0.580433874391019,0.575360491173342,0.402491878019646,0.754035698715597,0.918449058197439,0.83097547874786,0.809304994763806,0
0.752654941286892,0.0429376207757741,0.0913004968315363,0.408342798007652,0.634860613616183,0.115935636451468,0.0608340674079955,0.775446908315644,0.812430629972368,0.758581480477005,0
0.00182095821946859,0.889050720725209,0.995857822243124,0.868823033524677,0.17603202466853,0.667510641971603,0.163902442669496,0.797312453854829,0.154510147869587,0.00955765973776579,0
0.420828896574676,0.0202525455920026,0.600945576559752,0.152309618191794,0.840101699111983,0.45649518398568,0.0152785091195256,0.802457423415035,0.639378645922989,0.612519521731883,0
0.137022861512378,0.270022246288136,0.795436596963555,0.895236712647602,0.148944912943989,0.11767420405522,0.49991060141474,0.549685769248754,0.246013910742477,0.589251291705295,0
0.0684685248415917,0.0295919597167522,0.499078014399856,0.511490906355903,0.234343708492815,0.0795942512340844,0.706157803535461,0.688941444270313,0.855346422409639,0.198155080433935,0
0.12014462370025,0.223854711977765,0.609698065789416,0.505522745894268,0.482394334627315,0.464571507880464,0.263183493399993,0.904338478576392,0.728395599871874,0.735734327463433,0
0.256016488187015,0.0650158221043646,0.888910102657974,0.529796459013596,0.919216053793207,0.579547047382221,0.507995624095201,0.369182756636292,0.38997532823123,0.185812010196969,0
0.683973462320864,0.104885472882073,0.137271682498977,0.939630153123289,0.63071531127207,0.233209071913734,0.0240898129995912,0.0210314916912466,0.0230678799562156,0.215645803837106,0
0.121302145573497,0.783691646996886,0.951636090641841,0.505470234667882,0.166073620319366,0.88697993918322,0.732720099855214,0.577748455340043,0.900580468587577,0.978360388195142,0
0.834758331300691,0.0191453960258514,0.180285757873207,0.524556194199249,0.9129361549858,0.871989487437531,0.408330323174596,0.437923080986366,0.960187285207212,0.685839262790978,0
0.071864235214889,0.0649092744570225,0.256756861926988,0.714520825538784,0.876197039848194,0.812450654804707,0.343906807713211,0.194795456947759,0.0272510936483741,0.423354932572693,0
0.715263461461291,0.122980799907353,0.772440972970799,0.719213742762804,0.908013553125784,0.585645815124735,0.618034885963425,0.502342213643715,0.815833064028993,0.489346286049113,0
0.0795051410224288,0.0258799723815173,0.688610358396545,0.586655289400369,0.547674690140411,0.778294103452936,0.0501968276221305,0.758504587225616,0.197320890845731,0.214785587741062,0
0.162465682020411,0.128117827873304,0.0558111143764108,0.780002653133124,0.545773877063766,0.781053696293384,0.289766382658854,0.805503420066088,0.930064890300855,0.680955032352358,0
0.0448210234129801,0.223430535523221,0.527629937045276,0.842095760861412,0.461922229034826,0.575840141391382,0.630308661842719,0.0101887742057443,0.330692473333329,0.273632690543309,0
0.0862407977144234,0.854748200625181,0.740005432162434,0.80160981696099,0.588118740124628,0.364858803572133,0.734527307795361,0.186157138319686,0.733579457039014,0.658664918970317,0
0.0112019018277526,0.528717916226014,0.373917339136824,0.449301301268861,0.611442305380479,0.85637992573902,0.854972430039197,0.499983958201483,0.431057093665004,0.126456669066101,0
0.188191667199135,0.0024651605905965,0.48363526747562,0.981888753129169,0.975922278361395,0.328208652324975,0.942778048571199,0.108349621295929,0.72128461766988,0.213152311742306,0
0.10625311289914,0.821612005122006,0.661595256999135,0.164342638803646,0.180359535850585,0.716784443007782,0.643302001990378,0.35524725005962,0.436611910583451,0.698406788986176,0
0.566877971868962,0.0417506274087355,0.216629532631487,0.778528372524306,0.944155340082943,0.920638710726053,0.553358752746135,0.534234599908814,0.802090770564973,0.417438616743311,0
0.22518772422336,0.0707314773898571,0.778253728058189,0.260218770476058,0.0617319247685373,0.324459896422923,0.13240180676803,0.403635608963668,0.5241444921121,0.105167472269386,0
0.099162938334234,0.967543222941458,0.232458261307329,0.336865270044655,0.337406188016757,0.720236910041422,0.399930140003562,0.351661295164376,0.940771149704233,0.218645386397839,0
0.9503078549169,0.0820385329052806,0.609383369795978,0.173753724433482,0.691388400737196,0.565960975363851,0.980776422657073,0.280251539777964,0.789037937298417,0.550531594082713,0
0.108887708709575,0.767765215598047,0.750655541429296,0.739052263321355,0.664282590150833,0.696214877767488,0.298510869499296,0.796086294809356,0.618338180705905,0.677251451881602,0
0.062415493413806,0.84818800422363,0.367140486137941,0.257407638942823,0.894965133396909,0.903376267757267,0.228380000917241,0.630868864711374,0.205555728636682,0.875235539162531,0
0.360667347209528,0.0945725746121257,0.490050550550222,0.736779188038781,0.906571969622746,0.767439524410293,0.88679709751159,0.922552130185068,0.233217284781858,0.35230266302824,0
0.787359980167821,0.0335849024519324,0.0955746229737997,0.698557076277211,0.0919892352540046,0.113974533043802,0.378778474871069,0.0659275643993169,0.412159689003602,0.965138116385788,0
0.396311722230166,0.0349143433850259,0.860438417177647,0.431608951184899,0.066832592478022,0.029512697365135,0.349940985208377,0.963533647358418,0.190468589542434,0.291511248797178,0
0.498317030444741,0.389567903615534,0.0568838999606669,0.0477050356566906,0.416421664413065,0.684074628166854,0.119455364532769,0.393385443836451,0.351387728238478,0.80648889974691,1
0.00288269971497357,0.270453057717532,0.202156178886071,0.546189462067559,0.889467439381406,0.189365245867521,0.615779623854905,0.222978516481817,0.629653261508793,0.0834954131860286,0
0.960714687593281,0.0403686489444226,0.437616071663797,0.535778566729277,0.95691044558771,0.747753341915086,0.723920857766643,0.0545778882224113,0.250770355807617,0.386771623278037,0
0.103680133778136,0.0961372288875282,0.994565314613283,0.524450342403725,0.0851495107635856,0.57063939794898,0.732457174686715,0.384244260378182,0.749645518139005,0.857644419651479,0
0.850520632695407,0.0836267355501652,0.640432969899848,0.688706470187753,0.712073404341936,0.927374563878402,0.990872198250145,0.553642423357815,0.701822495553643,0.446847463026643,0
0.855746925342828,0.0367945078250952,0.0503139980137348,0.558230059687048,0.736945949727669,0.154660299886018,0.280200948240235,0.862134397961199,0.818138776579872,0.224361696047708,0
