"1","2","3","4","5","6","7","8","9","10","class"
0.12388453935273,0.96297124796547,0.0358472357038409,0.045664255740121,0.440957529935986,0.221507543232292,0.68922193790786,0.0742145527619869,0.132579500088468,0.409907089779153,0
0.375984358834103,0.0425517229015241,0.816678168950602,0.786525678355247,0.502064194530249,0.805508140940219,0.762672144453973,0.857578614261001,0.300098981941119,0.479336954187602,0
0.0403628644088749,0.474014550214633,0.519021084532142,0.529795940499753,0.869756607105955,0.0808558838907629,0.572410607244819,0.912787638837472,0.924766236217692,0.472619077423587,0
0.0487156274862587,0.507600300712511,0.716154970694333,0.240027648163959,0.522776918951422,0.129158725962043,0.0487729981541634,0.00935444934293628,0.192804943304509,0.124239988159388,0
0.451943985652179,0.151775416125916,0.861692953854799,0.98587426636368,0.296563424170017,0.520147481933236,0.346112216589972,0.482890200335532,0.914776012767106,0.97098172432743,0
0.836874277563766,0.0332999852007488,0.622666398761794,0.389145667199045,0.909954183036461,0.584671417716891,0.673904116265476,0.910853159148246,0.302124893991277,0.519881444517523,0
0.462949631968513,0.110608531627804,0.88460110896267,0.620734447147697,0.856252875411883,0.867182623362169,0.138388053281233,0.102178477915004,0.21375428698957,0.67568396916613,0
0.238034200156108,0.0793717211583862,0.177033459767699,0.897242146776989,0.655916425865144,0.225075326161459,0.675154541851953,0.107605932513252,0.977635849965736,0.33910852484405,0
0.980348626384512,0.0777647044042125,0.967358309077099,0.977441623806953,0.721208707196638,0.192361095221713,0.409717729082331,0.53014211030677,0.762575498549268,0.00245400494895875,0
0.636071754386649,0.0437174001226202,0.260918563464656,0.335031643509865,0.977376495953649,0.667274304898456,0.79105735826306,0.288465432822704,0.598188370233402,0.221771266777068,0
0.127301401534351,0.242069553816691,0.946847051614895,0.513384559424594,0.421872684499249,0.075339135248214,0.0583233861252666,0.187795220175758,0.865408877143636,0.0797563092783093,0
0.051933291753754,0.867102426709607,0.894936749478802,0.416663457872346,0.679639414651319,0.2022121460177,0.596218770602718,0.172135839471593,0.0181088608223945,0.743441093480214,0
0.248555650701746,0.0556623479127884,0.794003267772496,0.51707821409218,0.322129959473386,0.121376258786768,0.836971967946738,0.680666721658781,0.315849437611178,0.261145532596856,0
0.00904720230028033,0.0609921161465812,0.65726078976877,0.343348978087306,0.506525793578476,0.343207373283803,0.287489321548492,0.202793577220291,0.707602483453229,0.98888166830875,0
0.222093326970935,0.017804469447583,0.177366573829204,0.349114888347685,0.29388597398065,0.166711342055351,0.436866882955655,0.724696781020612,0.496248689014465,0.888101576361805,0
0.0254741429816931,0.516310910694301,0.129597025923431,0.685150552773848,0.730252491310239,0.314091413281858,0.705523159587756,0.997990319505334,0.528957521542907,0.722883709939197,0
0.0529501920003444,0.0887942269910127,0.52462268108502,0.172583483858034,0.20614582952112,0.667424252955243,0.177323423558846,0.821520429337397,0.792595207225531,0.805285555543378,0
0.042021096771257,0.755497213220224,0.648219322320074,0.231871673138812,0.411976579111069,0.285228115739301,0.0659549373667687,0.392474029678851,0.957717043813318,0.365664295386523,0
0.0903132435624022,0.482139291241765,0.0455494476482272,0.816429870901629,0.294411177514121,0.574357764329761,0.107399206142873,0.672379990573972,0.0361023677978665,0.344214144861326,0
0.806311112130061,0.107361675289413,0.0498004665132612,0.269040595041588,0.442303708987311,0.195119174430147,0.858884150162339,0.0890531125478446,0.0746858566999435,0.531852936604992,0
0.137770302593708,0.738410088000819,0.0468776824418455,0.858398413518444,0.598850691691041,0.931048593716696,0.164285390637815,0.54482532851398,0.957026398740709,0.957025308860466,0
0.761646340135485,0.01700333761496,0.986663566436619,0.0395070421509445,0.792425555875525,0.786787507822737,0.189962185919285,0.415141578996554,0.359206280903891,0.543623673031107,0
0.633763818303123,0.0771179938556626,0.525315228383988,0.635649515781552,0.704420355381444,0.975369781488553,0.212102418765426,0.948583380086347,0.36040051584132,0.162504185689613,0
0.0407832370568067,0.725410179467872,0.788836756022647,0.214202814735472,0.417573985876516,0.42000720067881,0.564541958738118,0.104719908442348,0.60299659660086,0.471978984773159,0
0.0203706136685796,0.570151421939954,0.371801860164851,0.747791863745078,0.167712036054581,0.309656233061105,0.0712068942375481,0.440126633271575,0.862780131399632,0.369961177464575,0
0.294899876462296,0.088817840864067,0.367056272458285,0.424056180985644,0.839552148245275,0.755320698721334,0.502671293914318,0.573938774876297,0.90674393880181,0.119688237318769,0
0.057987160077272,0.0681780413724482,0.690862619085237,0.154021244263276,0.792632279219106,0.582067882874981,0.141452095704153,0.232762660132721,0.588281318778172,0.766916979569942,0
0.0629006419640733,0.742035194067284,0.724991978611797,0.663990287808701,0.539361086208373,0.0542460684664547,0.370675327721983,0.994905951200053,0.238839405821636,0.301680317148566,0
0.612097809556872,0.0363086456507444,0.485530539881438,0.668622563360259,0.426471406826749,0.482272561173886,0.509600796969607,0.694311196682975,0.947973312810063,0.734586259583011,0
0.192403065506369,0.118233441029419,0.41527960402891,0.490450709825382,0.835644911974669,0.749379680957645,0.703219821443781,0.687973463675007,0.201338437618688,0.0355026277247816,0
0.55196041688323,0.765405422821641,0.68690313026309,0.0250117401592433,0.514669614378363,0.16882937354967,0.140735578723252,0.527997943805531,0.519980372162536,0.687825144967064,1
0.373928272631019,0.116066484944895,0.23796463618055,0.685059340205044,0.0162421476561576,0.931709961732849,0.140804465860128,0.0287517744582146,0.990449797129259,0.258228387916461,0
0.00526601360552013,0.976891152560711,0.681175255682319,0.599547969643027,0.389608788769692,0.764345514122397,0.378998256986961,0.941534493118525,0.114561156369746,0.188675551442429,0
0.152584958123043,0.115423913762602,0.157828382216394,0.63771948334761,0.427990877535194,0.88000440178439,0.387301470153034,0.713445713976398,0.670663252705708,0.180733188986778,0
0.1113178806738,0.546987995039672,0.749163406901062,0.921042973408476,0.874381318688393,0.711065233452246,0.74462358863093,0.0271298226434737,0.492661341093481,0.359852874651551,0
0.0470432199072093,0.548186554340646,0.803809829521924,0.734568082494661,0.871478936634958,0.463190762326121,0.920322517864406,0.803682681638747,0.657286890316755,0.547110320534557,0
0.360092890216038,0.036844594771415,0.159353373106569,0.232904579956084,0.438393494812772,0.0274071772582829,0.23096326016821,0.0403992384672165,0.920294544892386,0.535514378221706,0
0.995340269524604,0.090612834552303,0.971339873503894,0.197096300311387,0.404947439907119,0.131709703244269,0.430916876066476,0.496616902528331,0.797026600223035,0.202849077992141,0
0.60926365852356,0.0305606257170439,0.639045660383999,0.879971272777766,0.591606967849657,0.599305167561397,0.0135704609565437,0.128330962266773,0.82459952775389,0.231306576170027,0
0.114301702938974,0.0980331377401947,0.623786893906072,0.969081412535161,0.111117281252518,0.489206968806684,0.898569578537717,0.122935856692493,0.990089249797165,0.571904768003151,0
0.0520857043829747,0.582557535963133,0.157551245531067,0.620216710260138,0.518729866249487,0.607234666356817,0.1643113035243,0.397676386870444,0.394965898944065,0.141896434361115,0
0.20894990535453,0.019678923932719,0.188086450099945,0.257868474815041,0.155250394716859,0.466765942284837,0.056244338164106,0.727809502277523,0.0277370577678084,0.50374059798196,0
0.8351973334793,0.0971987778320909,0.204826119821519,0.160352068254724,0.409514131955802,0.946102750254795,0.512054947670549,0.10773992491886,0.896005450515077,0.790272008627653,0
0.296270112041384,0.0961403872352093,0.925650050165132,0.747701991582289,0.927261682925746,0.305590587668121,0.0663410965353251,0.444813016336411,0.117402058327571,0.819004840450361,0
0.0695598347373307,0.479863610584289,0.834077456500381,0.566368667408824,0.286527657415718,0.762323841685429,0.29433453339152,0.0314871114678681,0.227954655420035,0.129112754017115,0
0.15051481523551,0.0627874413039535,0.952123343013227,0.79354706639424,0.66595291881822,0.838115075137466,0.975467293756083,0.531247155740857,0.46913535380736,0.917271172627807,0
0.117083095014095,0.344891438493505,0.327924707904458,0.542715391144156,0.0165373515337706,0.868763536214828,0.391467339359224,0.227113429224119,0.0932675837539136,0.0855605730321258,0
0.364931506337598,0.132086955736764,0.510512234643102,0.593586696544662,0.893957348540425,0.0101575716398656,0.948787797708064,0.946320600109175,0.29160361061804,0.54561783792451,0
0.0448283716723323,0.171799385687336,0.916931061074138,0.555097366450354,0.732371647842228,0.130497860722244,0.309290016070008,0.0816475350875407,0.789304959354922,0.468863571295515,0
0.0805364567786455,0.0816482651383383,0.951392978895456,0.923720192862675,0.299353021662682,0.297243609791622,0.710001705214381,0.87092811637558,0.289155242964625,0.639094810932875,0
0.00515993009321392,0.198410525452346,0.88857791130431,0.378701145527884,0.81955947726965,0.869763175724074,0.167419282719493,0.729323154315352,0.624734558630735,0.942661793902516,0
0.0183288819944486,0.877656070748344,0.540872944286093,0.0879046623595059,0.938665573252365,0.376737281214446,0.166544815292582,0.423155904049054,0.0255874830763787,0.129805413307622,0
0.105845246929675,0.060442419257015,0.158118827734143,0.809952640440315,0.557678361888975,0.0191951631568372,0.0712226328905672,0.722492939094082,0.657355284783989,0.0369592679198831,0
0.35641514020972,0.139398857019842,0.389292943058535,0.915553504601121,0.294005583040416,0.189387405058369,0.0758527205325663,0.0496937592979521,0.665788324084133,0.873683226061985,0
0.0859719807522837,0.989247053628787,0.460629701847211,0.0412729359231889,0.307911737821996,0.110687052365392,0.35615153494291,0.336003222269937,0.382066740421578,0.0237292521633208,0
0.502716545714065,0.0245188760127639,0.975840623956174,0.387435098644346,0.672322299564257,0.281661171698943,0.991039198823273,0.743440346093848,0.437186945229769,0.736541685881093,0
0.074580368820671,0.326185379177332,0.00337721547111869,0.328301983652636,0.620618554065004,0.311625802190974,0.972475964808837,0.392613690346479,0.801452967571095,0.600165157578886,0
0.0967046655714512,0.0586667847312521,0.36029594973661,0.983280244283378,0.910024631302804,0.881168876076117,0.198787579545751,0.904802941018716,0.29519195551984,0.85708755068481,0
0.116798399714753,0.872002146905288,0.931609546300024,0.806723808404058,0.39122624299489,0.0124076146166772,0.0097058501560241,0.312153846025467,0.784131482709199,0.955373117234558,0
0.326490407576784,0.0951036650584545,0.953377212164924,0.543261858168989,0.360853340476751,0.244203760754317,0.13526224065572,0.967347050784156,0.76148706744425,0.472201290074736,0
0.951781000010669,0.110536177637056,0.332799233263358,0.976309404242784,0.667824449017644,0.786268161144108,0.934585242299363,0.386808685259894,0.955787579296157,0.412798055913299,0
0.199628655100241,0.0831979627826484,0.690124496584758,0.419862689683214,0.459504075581208,0.698344330769032,0.749055035179481,0.281419620616361,0.555157887050882,0.167393081821501,0
0.131030428688973,0.949585444061086,0.228432547068223,0.455173534573987,0.834332583937794,0.928261138265952,0.71960760303773,0.753716710722074,0.968944075517356,0.094149686396122,0
0.445552369020879,0.428966349922121,0.315437301760539,0.98258964647539,0.0574231934733689,0.234210354741663,0.7896235040389,0.243283938150853,0.093072313349694,0.601945145986974,1
0.730540486285463,0.0748158352450467,0.459031188394874,0.741170558379963,0.347348304698244,0.303311169613153,0.00774391065351665,0.0033122596796602,0.642750065308064,0.159060572972521,0
0.0885653407538775,0.393232190748677,0.466294470243156,0.116791695356369,0.645516069140285,0.32992776366882,0.206690449267626,0.594348675338551,0.643842371646315,0.235762431751937,0
0.616687400499359,0.0653742157863453,0.709807243663818,0.999137322884053,0.37909911130555,0.053620787570253,0.902965492801741,0.843194191344082,0.492188440868631,0.0331833264790475,0
0.0887129094917327,0.0326682233850472,0.605609383666888,0.816557924030349,0.0305597472470254,0.381101045524701,0.981536593753844,0.579960988368839,0.295626338338479,0.260745405452326,0
0.124235795761086,0.503728770185262,0.339277938008308,0.716844156151637,0.122081862995401,0.654442898696288,0.13506434368901,0.199426570441574,0.0333050426561385,0.919559540925547,0
0.0256242358338088,0.194934407947585,0.807387474924326,0.838264893740416,0.674205911811441,0.837022087071091,0.852952574146912,0.192973101744428,0.44879090692848,0.0630954245571047,0
0.666381809394807,0.0564144521155395,0.437622610013932,0.765090115368366,0.899696667212993,0.577193633886054,0.00383489648811519,0.439691238570958,0.881650726543739,0.763526916038245,0
0.478808563668281,0.0919394566966221,0.326786337187514,0.34554725070484,0.565309094730765,0.577176335267723,0.00569937750697136,0.450934728141874,0.474273374769837,0.850718860048801,0
0.123120401729271,0.780936575727537,0.875478853471577,0.959170075831935,0.560730761149898,0.045038097538054,0.152880850480869,0.443713731132448,0.146224806085229,0.637575476197526,0
0.563324405578896,0.105500602318579,0.497201633406803,0.868073585443199,0.37257749051787,0.764835318550467,0.679305784637108,0.550111276563257,0.902225125115365,0.181532457936555,0
0.00430940208025277,0.469287915620953,0.307889411225915,0.826911680633202,0.304975664475933,0.854425365105271,0.208282472100109,0.992056327871978,0.86068437830545,0.748930644942448,0
0.112412462464417,0.490473933052272,0.373594850301743,0.16559932846576,0.914575494360179,0.703406766289845,0.577938176225871,0.897064689313993,0.418640362564474,0.510106469038874,0
0.114274439867586,0.171416516182944,0.579824160551652,0.340336613822728,0.910020533716306,0.507272258400917,0.106378313619643,0.0286717284470797,0.442825216567144,0.373604825697839,0
0.0857976283095776,0.620757980737835,0.125105467159301,0.381333338096738,0.716104123275727,0.142908009933308,0.851188680622727,0.75016791978851,0.651820466155186,0.0361236000899225,0
0.0171153987757862,0.112266604423942,0.280372985173017,0.792258864734322,0.187831616960466,0.772962690331042,0.908141287276521,0.0116444460581988,0.249016834422946,0.740082740550861,0
0.109757162608556,0.606542563531548,0.623447770252824,0.175724590197206,0.227382980985567,0.422350302804261,0.588730375980958,0.817299739457667,0.60160364350304,0.0833012340590358,0
0.844996561994776,0.0491443722262047,0.389702485874295,0.967844686005265,0.13158751395531,0.730174824362621,0.379669625777751,0.358549955533817,0.218114406336099,0.779743250459433,0
0.00264413082674146,0.851261124946177,0.793691563187167,0.148326626745984,0.286208485253155,0.398990968242288,0.38277384871617,0.986792573006824,0.572736453264952,0.240798303624615,0
0.63797599892132,0.0771768057735171,0.828386032488197,0.657735717250034,0.0411790560465306,0.772814243799075,0.751116333529353,0.610981950769201,0.0268284811172634,0.729921123478562,0
0.0526524358429015,0.0271296154242009,0.130263714585453,0.446807686472312,0.0494136069901288,0.677950796438381,0.0651710345409811,0.012813056120649,0.505524246022105,0.655715249013156,0
0.107154630186595,0.547612342983484,0.760164206847548,0.768939425237477,0.570027872221544,0.504896128550172,0.197660813340917,0.0260228468105197,0.9226241807919,0.575734960846603,0
0.0623523779505631,0.99719199561514,0.491448348155245,0.937383600976318,0.198324895696715,0.400935309473425,0.496970024658367,0.912529482971877,0.510431294795126,0.175312982639298,0
0.116984748281538,0.0400013690814376,0.272647914243862,0.148110032314435,0.31868756073527,0.774652301799506,0.302428874885663,0.60882503981702,0.469549690606073,0.156467986293137,0
0.00755474044971633,0.314028222346678,0.163730049971491,0.375357893062755,0.689750522840768,0.575126420939341,0.170189819298685,0.339791915845126,0.325770208379254,0.936916931532323,0
0.0253438474610448,0.0834535023137927,0.580677214311436,0.717415234539658,0.293607895728201,0.553986429236829,0.894176861038432,0.56899938848801,0.141472477233037,0.887309558223933,0
0.253899816423655,0.00533576275072992,0.0209686914458871,0.0895396249834448,0.824177874717861,0.440391873940825,0.635455717099831,0.349483996164054,0.245760513236746,0.499989149160683,0
0.800204246072099,0.0805825787016656,0.535321809351444,0.555890826508403,0.522536224219948,0.936177995521575,0.678345825755969,0.863287276122719,0.329373066779226,0.0637971183750778,0
0.269523818977177,0.029820339040691,0.216211006743833,0.873578236671165,0.601164384512231,0.173654096201062,0.562424641801044,0.672733265440911,0.794771520188078,0.692789270076901,0
0.0682722692463547,0.124734170502052,0.530035656644031,0.94681380642578,0.773026990471408,0.769758736016229,0.307498263427988,0.754658011253923,0.670354162110016,0.560917171649635,0
0.744610545923933,0.0611378378234804,0.391670730430633,0.379783629439771,0.155442147515714,0.732086839154363,0.985128570115194,0.227238939376548,0.676840737229213,0.40183045505546,0
0.0137193963477388,0.116371694253758,0.865264140069485,0.120369313051924,0.723117123590782,0.733583691297099,0.900725189363584,0.796792052220553,0.714882259024307,0.42853683186695,0
0.813212923705578,0.0187886919281446,0.154201044468209,0.433445172617212,0.460314354626462,0.433102727402002,0.770242179743946,0.978044397430494,0.945611708099023,0.802702266490087,0
0.0641740467399359,0.0998786400293932,0.923843699507415,0.937440205831081,0.768965217517689,0.549781920388341,0.704121964517981,0.504509662743658,0.0158424796536565,0.572330278577283,0
0.351763487327844,0.0852281818262068,0.36293831304647,0.572269704192877,0.901782567845657,0.52717315312475,0.326450528809801,0.680454205488786,0.190757761476561,0.376715350430459,0
0.0555097712616902,0.0164267725776881,0.348629310727119,0.948877479648218,0.744465646101162,0.0421271605882794,0.685321066761389,0.959710501134396,0.374163143336773,0.740950107574463,0
0.0726422106381506,0.970774114364758,0.913504978409037,0.950986044947058,0.396382448729128,0.441258963895962,0.0639713110867888,0.406151580624282,0.0798507400322706,0.384116428904235,0
