"1","2","3","4","5","6","7","8","9","10","class"
0.377293766476214,0.914432082790881,0.681733423611149,0.510966998757794,0.411475476110354,0.718356882687658,0.105107210343704,0.355901008471847,0.65752195334062,0.605791299138218,0
0.400493319149781,0.613584411796182,0.168367145583034,0.816332751419395,0.291954972082749,0.818089369684458,0.144724884536117,0.211690790951252,0.438449942041188,0.500551495701075,0
0.498731327708811,0.749920521164313,0.342957889428362,0.891178387915716,0.515005459543318,0.0641774390824139,0.992933617671952,0.861859948607162,0.44111709157005,0.862394410884008,0
0.993918700143695,0.611481982981786,0.385437018470839,0.397140437504277,0.438981279032305,0.774715369567275,0.548077238257974,0.974145024782047,0.0933880147058517,0.100689692189917,0
0.974783401703462,0.326621061656624,0.263664993690327,0.970671982970089,0.193426159676164,0.574143142439425,0.393238858086988,0.427388423122466,0.109804019564763,0.476495637791231,0
0.063757982570678,0.965276804519817,0.438661784864962,0.22188478638418,0.989220161689445,0.00446555088274181,0.220988873392344,0.712623138912022,0.214628523681313,0.153249877505004,0
0.521051495335996,0.407776889391243,0.0886466605588794,0.93704766756855,0.0394008448347449,0.517828529933468,0.121654749847949,0.2085070037283,0.983183402800933,0.078096681041643,0
0.787770573282614,0.124431581934914,0.989404927473515,0.332116940291598,0.411252175923437,0.472950409399346,0.724506134632975,0.516376792918891,0.607689276803285,0.879714336944744,0
0.149084508884698,0.912050438579172,0.767982894321904,0.959151108749211,0.36485352832824,0.649274294264615,0.108999986201525,0.958667096449062,0.489120193058625,0.704988060519099,0
0.230121319880709,0.957584381802008,0.350085754878819,0.732722112210467,0.323212707182392,0.427173557924107,0.401914279675111,0.213843910256401,0.287305981386453,0.0223676362074912,0
0.176454735789448,0.0110071594826877,0.974050619639456,0.611758792307228,0.773254378465936,0.190999597776681,0.349361343774945,0.791611332213506,0.416836801916361,0.165151176275685,0
0.956694599473849,0.40799393504858,0.113644330529496,0.510309621226043,0.268731304910034,0.0673106787726283,0.171085982117802,0.699186131358147,0.830702027538791,0.309924376895651,0
0.508919284003787,0.226304203039035,0.961267832433805,0.150721870595589,0.23899409477599,0.722279732115567,0.321045679738745,0.159008956514299,0.601884610485286,0.578669407172129,0
0.359012855216861,0.831780987558886,0.100162665825337,0.988728231750429,0.6801304416731,0.0723355980589986,0.865267147310078,0.973208472598344,0.314056191127747,0.584316075546667,0
0.491965205408633,0.479179084539413,0.252979057375342,0.803258405067027,0.47267010807991,0.503009789157659,0.311712370254099,0.428119852906093,0.0932998564094305,0.296697968384251,0
0.173488967120647,0.0629569347947836,0.78091514762491,0.407564403722063,0.780704732052982,0.960349656874314,0.524416046217084,0.180526418611407,0.122719316277653,0.161842327099293,0
0.455219141005725,0.0226120240986347,0.376102882437408,0.793283189414069,0.913217412307858,0.49960949132219,0.238143515307456,0.728009784128517,0.0586503993254155,0.00512334564700723,0
0.433138585882261,0.685761723201722,0.8801785830874,0.951742447679862,0.0847183789592236,0.0915631365496665,0.130231135990471,0.771725345635787,0.880434335907921,0.0238987372722477,0
0.821135345613584,0.474074920173734,0.105741689214483,0.27611833694391,0.467818421544507,0.801406030310318,0.395200829720125,0.518331343773752,0.367245179368183,0.391927212942392,0
0.0590485194697976,0.0634830773342401,0.647251679794863,0.761131200939417,0.988453512080014,0.764465509913862,0.0282827110495418,0.607212353264913,0.543323516147211,0.683588300598785,0
0.70385127956979,0.0825638948008418,0.152036346727982,0.207587314769626,0.341618846636266,0.824608910363168,0.579109020764008,0.817752820905298,0.23430710984394,0.494987056357786,0
0.238596241222695,0.351584319956601,0.807907218346372,0.497384640621021,0.861829702509567,0.111491834977642,0.448219026206061,0.921242706710473,0.60548875364475,0.0929255636874586,0
0.843323662178591,0.0935987927950919,0.337427206803113,0.24484023777768,0.826975695323199,0.207450750982389,0.548301292117685,0.855468548834324,0.0828363501932472,0.509779407875612,0
0.707250624429435,0.153807021069434,0.613513196120039,0.861783492378891,0.557968643028289,0.523014468839392,0.23889928474091,0.0518760979175568,0.410643016686663,0.583991090534255,0
0.587213957682252,0.177415275713429,0.611820353195071,0.91289000865072,0.797187762567773,0.0919159834738821,0.256825783289969,0.850463070441037,0.355579181807116,0.794772979337722,0
0.0458702931646258,0.27008252741769,0.94504416291602,0.51922871125862,0.970136128598824,0.885173673275858,0.577646284829825,0.496295369928703,0.480087055824697,0.275346904527396,0
0.826396911870688,0.452592374636605,0.939119466114789,0.602826013695449,0.31101597729139,0.277822333620861,0.471390713937581,0.774976291460916,0.750945286126807,0.192494652699679,0
0.093810718273744,0.355023016687483,0.4569083659444,0.5929928610567,0.967510357964784,0.163109535584226,0.624705018475652,0.296440173406154,0.855519036296755,0.896159462630749,0
0.427243240177631,0.860114749288186,0.391867068596184,0.152285808231682,0.354550202609971,0.624369690194726,0.158990996191278,0.959305039374158,0.760692565236241,0.97170886117965,0
0.130158707266673,0.245931952493265,0.993179031647742,0.852160191163421,0.0524657445494086,0.0311641325242817,0.238744540140033,0.771829760633409,0.28936207969673,0.0772360342089087,0
0.312941649695858,0.51547548850067,0.405391783220693,0.156547997379676,0.777807989157736,0.0581034005153924,0.84879965451546,0.492965357610956,0.538134530885145,0.28010863554664,0
0.645698697771877,0.340701614506543,0.430389838526025,0.332269605016336,0.232365864096209,0.0625698480289429,0.400154646718875,0.881864710710943,0.679191414499655,0.879250757163391,0
0.48234226834029,0.275607575429603,0.255146504379809,0.969867164036259,0.228717398364097,0.326101400889456,0.15926978434436,0.427916649496183,0.276804058346897,0.0851958754938096,0
0.258823662996292,0.802732160314918,0.268578822491691,0.599730736576021,0.254585040500388,0.105902177281678,0.835194711806253,0.385060824919492,0.348612208850682,0.366461517289281,0
0.235805780161172,0.899277393007651,0.469843597151339,0.649394005769864,0.131668354850262,0.893136081052944,0.833850348368287,0.232660650508478,0.174547844333574,0.902156569063663,0
0.15984033816494,0.164777051191777,0.165445412741974,0.644488197285682,0.928506261669099,0.849991178605705,0.715516993543133,0.672838492318988,0.31325217988342,0.17629237449728,0
0.602367373649031,0.761084018740803,0.646860861685127,0.591921877814457,0.314775371458381,0.852525314781815,0.820976018207148,0.468454811954871,0.220773445209488,0.132358800619841,0
0.0995630132965744,0.888977794209495,0.394202158786356,0.556760407984257,0.824381896993145,0.587819764390588,0.953536230837926,0.503148447256535,0.0326270156074315,0.642182969721034,0
0.814398268004879,0.45081212115474,0.454058076487854,0.902701508952305,0.0750227309763432,0.390133096370846,0.212941083824262,0.978220632998273,0.137294898740947,0.0313684102147818,0
0.503864971455187,0.943139414535835,0.244559156475589,0.258455197326839,0.0690456230659038,0.369813061319292,0.889107038965449,0.260832963278517,0.66286345757544,0.441114959539846,0
0.602779678767547,0.733091734815389,0.321836433140561,0.0170478941872716,0.509508052840829,0.143260286422446,0.258434469811618,0.331220006337389,0.657456700922921,0.149895952781662,0
0.833646670449525,0.174413858680055,0.257620244054124,0.66575206303969,0.0112264160998166,0.352456856518984,0.456689427373931,0.838923229370266,0.967030674451962,0.215394392842427,0
0.062309246044606,0.90786997997202,0.0944513026624918,0.448153271572664,0.188084804452956,0.314376507652923,0.405734166968614,0.639147440437227,0.166449252516031,0.0990464852657169,0
0.543640593066812,0.122022735886276,0.988784957677126,0.618952171178535,0.806239057797939,0.421957977348939,0.259559358935803,0.209704713430256,0.0760861986782402,0.472631036769599,0
0.0943480101414025,0.755598458927125,0.326298854546621,0.711519057862461,0.0881180337164551,0.547697408590466,0.395610088016838,0.627608401700854,0.860387951135635,0.354181655216962,0
0.17847940674983,0.105159952072427,0.155980170704424,0.594312320230529,0.556114422855899,0.995675866957754,0.350896357558668,0.339876042213291,0.381653676042333,0.701245510485023,0
0.290050171781331,0.748880284139886,0.232229012530297,0.691854982171208,0.24342896300368,0.944836254930124,0.722220613621175,0.863982614595443,0.0265348944813013,0.187247381545603,0
0.0148345266934484,0.415243529714644,0.136638033436611,0.102897556964308,0.600654439069331,0.122593282023445,0.493304063100368,0.154773394344375,0.592551687266678,0.86525947204791,0
0.793112767394632,0.57084031845443,0.510164270177484,0.176825149916112,0.0279407766647637,0.26374969095923,0.47257458162494,0.800328175071627,0.877548408694565,0.334659314947203,0
0.888104414567351,0.295584994135424,0.312912115594372,0.549045253777876,0.558103360934183,0.338403914589435,0.842455457895994,0.483413164271042,0.268295455724001,0.912369893165305,0
0.118013464054093,0.232578361639753,0.697851973352954,0.617950957734138,0.279084637528285,0.0113427748437971,0.875092587666586,0.786197987617925,0.423017458524555,0.245024864096195,0
0.279493846464902,0.0211062768939883,0.681733820354566,0.77003142144531,0.0344767470378429,0.020951863611117,0.592123994603753,0.922500586602837,0.339781925315037,0.20111410273239,0
0.261516926577315,0.842771025374532,0.668267397442833,0.686243652598932,0.0153863858431578,0.227512172656134,0.189978562761098,0.974652624921873,0.684699788223952,0.489796069683507,0
0.760737645206973,0.378155460814014,0.378086582757533,0.804587800987065,0.925416633486748,0.534072137903422,0.754459969699383,0.943945363396779,0.436442877398804,0.451652838150039,0
0.752575575606897,0.186302987392992,0.583201637491584,0.293978339293972,0.552197432378307,0.206685119541362,0.750914371106774,0.256761801661924,0.995367195224389,0.975176013540477,0
0.589303367771208,0.620156754041091,0.853918426437303,0.827456225873902,0.657998984213918,0.748126689810306,0.275227509206161,0.547590890899301,0.13678933843039,0.433268541237339,0
0.326570150442421,0.743304152507335,0.792477378156036,0.512373395496979,0.112970946589485,0.112704511964694,0.348211800213903,0.247815538197756,0.467800903134048,0.136032741283998,0
0.423868054058403,0.161259990883991,0.768555297283456,0.210791679564863,0.564813657896593,0.928825371433049,0.390584975248203,0.808562744408846,0.194907383294776,0.614229973871261,0
0.146729048686102,0.705059122061357,0.807180506177247,0.39825810608454,0.69469572766684,0.947068982291967,0.962234480073676,0.405654503963888,0.508102153195068,0.143226846354082,0
0.0395801714621484,0.0649236561730504,0.00106004881672561,0.207651790464297,0.477549727540463,0.886111834552139,0.904518123483285,0.365710989572108,0.768237503943965,0.305315233534202,0
0.0446742079220712,0.663606900488958,0.523257307941094,0.436214084038511,0.371442697942257,0.349368476774544,0.811625369125977,0.353353389073163,0.661536169471219,0.788339921738952,0
0.386767818825319,0.800430089700967,0.0223356354981661,0.244895969284698,0.839326823595911,0.331745096715167,0.102992420550436,0.206793716643006,0.083051992347464,0.990483975270763,0
0.746165531454608,0.559688355308026,0.383448999142274,0.709398514823988,0.779429821763188,0.695362988859415,0.953775210538879,0.216493018437177,0.229641980025917,0.977818237850443,0
0.297582189665921,0.943620506441221,0.306778397876769,0.495062683243304,0.266233420232311,0.182964964071289,0.78723343834281,0.466868695337325,0.276933504501358,0.903149968013167,0
0.395663338713348,0.904766434803605,0.643704181071371,0.948040044633672,0.366907109040767,0.347534617641941,0.480293185450137,0.267540908418596,0.525171196553856,0.0358713706955314,0
0.0453109515365213,0.835821100743487,0.903655139729381,0.112697997828946,0.651181142311543,0.628586947685108,0.4871611809358,0.662153141573071,0.0209353950340301,0.714527680538595,0
0.00911865034140646,0.96291959984228,0.818184840725735,0.320950974710286,0.315215572481975,0.977378455456346,0.934021605877206,0.826602095039561,0.494720029877499,0.760234648827463,0
0.529570401180536,0.579387345118448,0.0626674506347626,0.486838571028784,0.601361399749294,0.307637318270281,0.984456285368651,0.042144866194576,0.673740703146905,0.457276392029598,0
0.700843167258427,0.520464339992031,0.382344245677814,0.717601700453088,0.647226184839383,0.676848254632205,0.360737267648801,0.84242859762162,0.906038660556078,0.651076946407557,0
0.91062360489741,0.590854602007661,0.0130359758622944,0.510750197572634,0.733823490561917,0.188837708672509,0.0450535959098488,0.514995749108493,0.890632658498362,0.0819991650059819,0
0.241214281413704,0.62555860565044,0.206628970569,0.773617744678631,0.068775370484218,0.0921006745193154,0.382534017786384,0.159106287406757,0.120685837231576,0.790889339288697,0
0.873430936364457,0.317127767018974,0.996463101357222,0.230206445790827,0.311150900553912,0.496780951274559,0.534609735012054,0.793854135554284,0.178700999822468,0.924563543638214,0
0.0436673157382756,0.397307173581794,0.0295929042622447,0.911801858572289,0.766312956344336,0.929234810173512,0.041752002434805,0.696847825078294,0.344098650617525,0.627227016026154,0
0.121813075616956,0.823681437643245,0.243725606007501,0.645794244250283,0.0153763145208359,0.0828278290573508,0.93097674078308,0.826600758358836,0.908755988115445,0.4594537592493,0
0.739772328874096,0.179132983554155,0.863800458377227,0.376059502363205,0.31797267566435,0.576203995617107,0.946062095696107,0.324233661638573,0.991102255648002,0.145325221586972,0
0.475071852328256,0.788425072561949,0.377554605249316,0.900837956462055,0.792535544140264,0.490468245232478,0.468634270364419,0.155760354828089,0.421203088480979,0.460682859178632,0
0.739932222524658,0.143546173814684,0.359255185117945,0.616628867108375,0.47240331186913,0.366662565153092,0.880978957749903,0.782108969287947,0.551482306793332,0.108045371482149,0
0.803179761162028,0.406634029699489,0.715941632166505,0.372785076033324,0.254987641004845,0.898699822835624,0.87331442325376,0.470940138911828,0.29993690084666,0.171024760464206,0
0.285203120904043,0.51129985996522,0.64383321092464,0.246486195828766,0.368237550836056,0.197317458223552,0.547083872836083,0.54327254020609,0.702654349850491,0.76269665081054,0
0.00569070409983397,0.318879942642525,0.841783059062436,0.617215003818274,0.488564985105768,0.871058955322951,0.265956729184836,0.734159750165418,0.874097356339917,0.0154949121642858,0
0.441137984860688,0.733324415050447,0.730265056714416,0.959638257278129,0.530137805500999,0.0103630037046969,0.770360359223559,0.220998027129099,0.780275033786893,0.48749818908982,0
0.333194983424619,0.0493273914325982,0.16205090796575,0.945745834615082,0.90301912673749,0.588443252723664,0.573477933881804,0.676556337391958,0.133269194047898,0.629654080141336,0
0.390201117610559,0.207033891230822,0.730358758708462,0.723967664409429,0.540980458026752,0.933381929527968,0.733786809258163,0.526297835167497,0.713900682050735,0.273645570036024,0
0.576932910131291,0.077711453428492,0.437267674366012,0.612814651569352,0.423054598737508,0.644634227734059,0.630527300294489,0.228553251596168,0.403549804119393,0.40634572529234,0
0.0686339568346739,0.566711346386001,0.121046018088236,0.63056461350061,0.39361855131574,0.193301202030852,0.440076588653028,0.115021814592183,0.936062772991136,0.5279592780862,0
0.619663324672729,0.368568199919537,0.313961141277105,0.754339053994045,0.0753278876654804,0.41405164450407,0.826508765341714,0.746242846827954,0.881937753874809,0.807345770532265,0
0.613800361519679,0.161753724562004,0.465119731612504,0.281058026012033,0.128695973893628,0.472516661277041,0.279345060698688,0.722769239917397,0.834488428896293,0.303625714732334,0
0.62753694690764,0.425103110261261,0.562707037897781,0.93648454034701,0.651730965590104,0.51588905765675,0.237257181666791,0.555572246666998,0.960051284404472,0.657020843820646,0
0.546298196539283,0.567008238984272,0.924459292087704,0.063943064538762,0.931780534330755,0.754197398666292,0.165253945859149,0.432859955821186,0.0739401653409004,0.751935507869348,0
0.355716913705692,0.895758806262165,0.419429412577301,0.531641663052142,0.132044137222692,0.841859239619225,0.31443850370124,0.938438711222261,0.342783348634839,0.221442768117413,0
0.188315861159936,0.0374424383044243,0.291607135906816,0.99482678482309,0.636932119028643,0.807271019788459,0.98696690890938,0.437630443833768,0.220326942391694,0.423653381178156,0
0.970489625353366,0.160353088751435,0.746631346875802,0.424260104307905,0.945739289047197,0.426353662041947,0.643790253903717,0.505269663175568,0.0206494622398168,0.804197346791625,0
0.689279336249456,0.466256776358932,0.654824196593836,0.490304539911449,0.038537495303899,0.411907630506903,0.0326946864370257,0.123579921666533,0.589273754972965,0.376388365402818,0
0.359798934709001,0.151941538788378,0.538517418783158,0.49535008170642,0.206535493722185,0.411470104940236,0.134987014811486,0.0880112226586789,0.0681572060566396,0.541886724997312,0
0.275482731638476,0.723730429308489,0.857991523575038,0.377713049063459,0.237148530548438,0.905710119754076,0.602984893834218,0.967304406454787,0.365943371783942,0.357408010866493,0
0.187466480769217,0.0403070370666683,0.698483512038365,0.709882798371837,0.536439288407564,0.746915596537292,0.431618591072038,0.685398594243452,0.52034439239651,0.969574657501653,0
0.344849898014218,0.392560520675033,0.865128859877586,0.542794639710337,0.796643797308207,0.534440044313669,0.542640245053917,0.812152615515515,0.99870915687643,0.267091151792556,0
0.227059782948345,0.237637734506279,0.4242297350429,0.396901443367824,0.000124239595606923,0.158195319585502,0.13493857649155,0.889387476723641,0.421419664053246,0.974688665475696,0
0.828330229595304,0.732856772467494,0.790475208777934,0.909362707519904,0.0543087306432426,0.262983052292839,0.616966030327603,0.606602469226345,0.470411334885284,0.83420972712338,1
0.772967383498326,0.260436403565109,0.244350717402995,0.453861528076231,0.773113546194509,0.880967559525743,0.789649122860283,0.682016468141228,0.389897047542036,0.0942846664693207,0
