"1","2","3","4","5","6","7","8","9","10","class"
0.0148118946235627,0.326301392400637,0.180807679193094,0.628446658141911,0.346637001726776,0.936217344831675,0.688404775457457,0.214325580745935,0.246235250961035,0.44569874368608,0
0.12098573287949,0.731902667554095,0.705868358258158,0.874991886084899,0.649916461203247,0.872323417570442,0.768625084543601,0.845386991742998,0.28662916412577,0.828130937181413,0
0.197236487641931,0.3599412238691,0.829405131284148,0.118823318975046,0.0578863399568945,0.445065466221422,0.55031131929718,0.780549926450476,0.404574696905911,0.509953028988093,0
0.193530481790006,0.656860910821706,0.689086050493643,0.164679692825302,0.389789711916819,0.994378678034991,0.374613021733239,0.589030110277236,0.423159455414861,0.140563662629575,0
0.435549925314263,0.204417208777182,0.363980330526829,0.780013707233593,0.852250496391207,0.00135391647927463,0.282640265533701,0.988639569841325,0.110448351595551,0.390116699272767,0
0.0794594152830541,0.412824902916327,0.2195593661163,0.826668882742524,0.167042822344229,0.0885293204337358,0.918850710382685,0.770553491311148,0.917776889866218,0.89700714382343,0
0.485964726191014,0.309702829477191,0.956102980766445,0.18374112341553,0.437610398512334,0.650275277905166,0.505228509893641,0.485166196012869,0.13903552130796,0.704934676876292,0
0.114136088872328,0.584632373647764,0.681652331724763,0.623570495052263,0.519058098085225,0.824632764561102,0.513831014279276,0.885929604293779,0.615687226410955,0.535172544885427,0
0.238347491482273,0.940030368743464,0.948173887096345,0.32185921818018,0.961426761001348,0.50132968579419,0.371840662090108,0.702337021008134,0.623882907675579,0.431737624108791,0
0.0954108613077551,0.0140905517619103,0.301655575633049,0.643503474071622,0.00994075462222099,0.964917101664469,0.934747724561021,0.0804115717764944,0.0935732740908861,0.427116999868304,0
0.597816260531545,0.263341710504144,0.00359573191963136,0.0720352071803063,0.871507114265114,0.569420403335243,0.199587448732927,0.507029136177152,0.906451005721465,0.208551300689578,0
0.0739752717298456,0.668944166507572,0.251602704636753,0.974677810445428,0.0816399708855897,0.508957657963037,0.337110133375973,0.870924153830856,0.0380462801549584,0.0441007243935019,0
0.180116769159213,0.192273880820721,0.362685956293717,0.86768122529611,0.799738610163331,0.792558192275465,0.164825981017202,0.241207200102508,0.7547207090538,0.46708419220522,0
0.30706036509946,0.295630608810671,0.597993483766913,0.275934046134353,0.307499272748828,0.232197611127049,0.220062212087214,0.64676878368482,0.684305667178705,0.196573632536456,0
0.127932372270152,0.283068933757022,0.405434816842899,0.864531714702025,0.430941285798326,0.0526999749708921,0.569006586214527,0.254765331745148,0.981499434215948,0.254031263291836,0
0.0107299326411448,0.996263521490619,0.334682872286066,0.53977655665949,0.523828895064071,0.126243544975296,0.325231286464259,0.239790802123025,0.376837318763137,0.622290109284222,0
0.204561309888959,0.716690859291703,0.475560918916017,0.501611865125597,0.599071014672518,0.314572666073218,0.183833586284891,0.605930152349174,0.291416301624849,0.698147630086169,0
0.44796702475287,0.16962496321341,0.0560755748301744,0.37420122185722,0.124089558143169,0.849479724420235,0.849929460557178,0.989951112540439,0.542567324126139,0.0664703818038106,0
0.105249315034598,0.87036705436185,0.391153494361788,0.827624755678698,0.432459180708975,0.729104980360717,0.848869433626533,0.797222384717315,0.239038784056902,0.555340288905427,0
0.801226375624537,0.316792840944696,0.113151284633204,0.480419497005641,0.430747209116817,0.867746832314879,0.675475534750149,0.544227419886738,0.568978020222858,0.673820755211636,0
0.229476938024163,0.181545029710047,0.13815079187043,0.855495128547773,0.858764060307294,0.690091506112367,0.118080286076292,0.604532149387524,0.157021502964199,0.676869751885533,0
0.07241305639036,0.0973017427131534,0.0563854284118861,0.244415659457445,0.570526480907574,0.354573618387803,0.600416519679129,0.0480455432552844,0.126370780402794,0.256801506038755,0
0.0494315447151661,0.435736277140677,0.774582420475781,0.5699171514716,0.902722212020308,0.371810971526429,0.673066708724946,0.843407182954252,0.938978965161368,0.406127480091527,0
0.196968027856201,0.484217870747671,0.937254409072921,0.784219552995637,0.0864720731042325,0.995081704342738,0.490646636113524,0.303727599326521,0.0176057189237326,0.844629286555573,0
0.129406037381291,0.526730794226751,0.881441668374464,0.844266786705703,0.896446912316605,0.721353506669402,0.420420315116644,0.946609202073887,0.972313757520169,0.310149149037898,0
0.0388118519913405,0.298926627861802,0.65894205821678,0.259480561362579,0.589654467999935,0.388546836795285,0.95871093403548,0.660656644729897,0.96811326383613,0.952539164572954,0
0.0101771403569728,0.433395211817697,0.109261029399931,0.433650521095842,0.854486041003838,0.789051329484209,0.984138579107821,0.531197448726743,0.469943572068587,0.142577598104253,0
0.333642402198166,0.304411381948739,0.856026308145374,0.546900059329346,0.639128153212368,0.575424729846418,0.889378732768819,0.495098835090175,0.697916390607134,0.589597451733425,0
0.459062346257269,0.108699677977711,0.547007465269417,0.613197388825938,0.88478896394372,0.27834285213612,0.157783810049295,0.634065409656614,0.634344834601507,0.831035758601502,0
0.204042653320357,0.627124897902831,0.241537633817643,0.964537609135732,0.966807971708477,0.209612797247246,0.604960020631552,0.311681537888944,0.364948203787208,0.171569968340918,0
0.307815143140033,0.63244697637856,0.936652533942834,0.190330731216818,0.639018456917256,0.398909223731607,0.647400821559131,0.961513665504754,0.622340397210792,0.41686154063791,0
0.00994467246346176,0.685038939816877,0.312688469653949,0.415834212908521,0.114724958781153,0.611980314133689,0.976778476499021,0.208294973243028,0.0722232537809759,0.580831745406613,0
0.169500628253445,0.119525242364034,0.550874653970823,0.718769979430363,0.813126763096079,0.532623273553327,0.568990200059488,0.724703034618869,0.895922902738675,0.457965752808377,0
0.144076189026237,0.0343192620085552,0.675724789733067,0.864570417674258,0.781056598294526,0.485518523026258,0.727617029566318,0.23547943518497,0.743040979607031,0.818292053183541,0
0.14309254125692,0.535812216810882,0.363091419683769,0.989985477179289,0.832300903974101,0.943772778380662,0.975308177759871,0.0240293880924582,0.121465235948563,0.868605691473931,0
0.434528517071158,0.256244774442166,0.807267140131444,0.963704409543425,0.743089271709323,0.371556892991066,0.239678716752678,0.582008747151121,0.255236469442025,0.66674744989723,0
0.0212569553405046,0.345107071334496,0.917907287366688,0.151166450697929,0.490787216695026,0.316109997918829,0.0965072058606893,0.158320386195555,0.52121078199707,0.774285310646519,0
0.0935845095664263,0.657955389702693,0.82529970491305,0.53677021432668,0.0913169113919139,0.50295264320448,0.154824598459527,0.531846765661612,0.906877425033599,0.649861491285264,0
0.119012615643442,0.00963613484054804,0.0522719551809132,0.757663067895919,0.606621747836471,0.990336125250906,0.100398476002738,0.042149662040174,0.600073550827801,0.24474623054266,0
0.0571625752678141,0.81410026550293,0.652616970939562,0.00456655607558787,0.135786403203383,0.697484633419663,0.981898359721527,0.764902740716934,0.691664637066424,0.978828410152346,0
0.16955089638941,0.786782022332773,0.983594635734335,0.267270219279453,0.925233305664733,0.166189634939656,0.707757539348677,0.424817751161754,0.272900202078745,0.775374872609973,0
0.293764931848273,0.470588326919824,0.595829961588606,0.36692043277435,0.0236641857773066,0.726959481136873,0.839834727812558,0.465585094178095,0.613702506991103,0.176517359213904,0
0.842329604085535,0.136614996474236,0.402879501692951,0.206051650689915,0.508759433636442,0.552811007481068,0.863343004370108,0.27886014804244,0.293895615730435,0.253416830906644,0
0.0148450299667194,0.353269032202661,0.716665929881856,0.268385240575299,0.281846477417275,0.596660671755672,0.733805324183777,0.777113977121189,0.0717860555741936,0.905392400920391,0
0.397622600197792,0.17013610368222,0.818437605397776,0.393986173672602,0.860065156826749,0.458955833688378,0.493628503987566,0.782943808007985,0.302859536837786,0.671200439799577,0
0.542592725018039,0.236710413702298,0.0569927771575749,0.636062911944464,0.540351192234084,0.207424090476707,0.670959496870637,0.447911293013021,0.6247048440855,0.869928917847574,0
0.662281862692907,0.11064731794931,0.136494768084958,0.28937703021802,0.563414567615837,0.858547732932493,0.769312571967021,0.339682429330423,0.476927197305486,0.441075587412342,0
0.289812636328861,0.598509940085933,0.587849442381412,0.864535897504538,0.16355353477411,0.399531956994906,0.396318913903087,0.560958668123931,0.510872669517994,0.275364677654579,0
0.170269531663507,0.211932384874672,0.223587822169065,0.72597945923917,0.19378848024644,0.798853303305805,0.840129540767521,0.265577123267576,0.0149948485195637,0.922610534355044,0
0.278003967832774,0.0333229298703372,0.0434733722358942,0.615178130334243,0.919091599062085,0.880971434991807,0.783943116664886,0.414820840349421,0.149789425544441,0.490822045132518,0
0.304237858625129,0.296331775374711,0.53639187477529,0.0593488060403615,0.0286456106696278,0.501909035490826,0.910210276721045,0.183778073173016,0.200815763324499,0.490507341455668,0
0.0911947569979355,0.630185909103602,0.254759230883792,0.993317623157054,0.319682195549831,0.625527367461473,0.58427749783732,0.227005321066827,0.117967866593972,0.40405897772871,0
0.0998758531641215,0.794901638524607,0.734577700030059,0.333496909355745,0.859827514737844,0.968293926445767,0.207017113920301,0.520039362600073,0.699332504998893,0.361861115787178,0
0.602309266105294,0.271542482078075,0.52427980909124,0.324009239906445,0.611852487549186,0.950115869985893,0.967296411283314,0.957448545843363,0.456825383240357,0.893845525803044,0
0.172557631041855,0.759197034640238,0.675032965140417,0.648244151379913,0.447762721916661,0.217603713972494,0.469420592067763,0.624322095420212,0.257601118879393,0.734605646459386,0
0.132190694566816,0.98101837025024,0.966931209899485,0.97739597922191,0.0671873975079507,0.490028786007315,0.662021383875981,0.893295809160918,0.376336405286565,0.682870365912095,0
0.594893189379945,0.299690177198499,0.940361388958991,0.821160530205816,0.689223942346871,0.0299154731910676,0.501687987940386,0.0368088015820831,0.184702294413,0.248237548163161,0
0.191965144692361,0.996257639722899,0.56015338958241,0.331079862313345,0.753482969710603,0.192718044389039,0.412473102333024,0.278101273113862,0.63769252365455,0.486220261314884,0
0.878961934708059,0.272241174476221,0.929647342069075,0.752566078910604,0.647180605214089,0.945638930890709,0.340568097541109,0.245286335470155,0.0125727010890841,0.650933302240446,0
0.524226206121966,0.00182338547892869,0.144592715892941,0.210043383995071,0.0201562950387597,0.534396557603031,0.302676761522889,0.282911385875195,0.322687721811235,0.741897499654442,0
0.215481342514977,0.649697045329958,0.790769420797005,0.76567265111953,0.144660626305267,0.155697871232405,0.406765959691256,0.140577708370984,0.552547098370269,0.666391350794584,0
0.224328496027738,0.190029805293307,0.957832159940153,0.206163129070774,0.621059919008985,0.666897363960743,0.798356732586399,0.661404023412615,0.0199992738198489,0.880303434096277,0
0.609645006246865,0.0870696457654238,0.762307155644521,0.07809630734846,0.336988519178703,0.0258149614091963,0.855756767094135,0.979896073462442,0.879074396798387,0.632221341598779,0
0.0942750056274235,0.345786785939708,0.199836608953774,0.448438276303932,0.119383151642978,0.867323525249958,0.949800351401791,0.838456406956539,0.347138015786186,0.745138136204332,0
0.464968168176711,0.00953348423354328,0.717196210054681,0.893337261630222,0.867089391686022,0.0101040797308087,0.324030049145222,0.0541064871940762,0.285648413933814,0.814353041350842,0
0.312753426226322,0.883263035677373,0.528204595902935,0.174491381738335,0.0164102676790208,0.44503784738481,0.153005367843434,0.641366147669032,0.483029816765338,0.93299529585056,0
0.873557051410899,0.0585771561600268,0.111909701721743,0.900863443966955,0.359371222089976,0.503964889096096,0.499455142067745,0.2662305587437,0.821217228425667,0.614585280651227,0
0.166197945130989,0.288867304022144,0.264272619504482,0.287767336471006,0.769606210757047,0.853789504384622,0.213288069004193,0.039595689624548,0.536203242605552,0.0317905403207988,0
0.530830188887194,0.110754926385917,0.689294354524463,0.0444478373974562,0.0187609437853098,0.776395086897537,0.0915333495941013,0.0505299316719174,0.648074619704857,0.547715777298436,0
0.295741614419967,0.160831813234836,0.714715098962188,0.749637322267517,0.307673463365063,0.658846995793283,0.371454676846042,0.0666174243669957,0.244532153010368,0.0250353505834937,0
0.0479234694503248,0.904528871644288,0.626722370740026,0.0600782157853246,0.396051741205156,0.819259895710275,0.621024280786514,0.841279583750293,0.637705654138699,0.020658423891291,0
0.773215704597533,0.145788190187886,0.726042810827494,0.660737234167755,0.879218213027343,0.835695490241051,0.656901819398627,0.831432480132207,0.43748443829827,0.481634370516986,0
0.0162230941932648,0.152894109254703,0.463866604724899,0.495675602462143,0.488899173913524,0.497730359202251,0.990515921963379,0.599077122518793,0.574964608298615,0.936750927940011,0
0.947223825147375,0.195401419885457,0.479191671358421,0.913728463929147,0.124136249069124,0.373231085017323,0.934564465424046,0.106820117449388,0.372493624454364,0.090873735724017,0
0.467771740164608,0.00440609036013484,0.127160991542041,0.197810225188732,0.36071534617804,0.934815060114488,0.666844992665574,0.976666229311377,0.129426681436598,0.89678222942166,0
0.451693188166246,0.110285458154976,0.245755149750039,0.103159973863512,0.62298458092846,0.65250754263252,0.702352538239211,0.582311174366623,0.572108316468075,0.767291138414294,0
0.0248818656429648,0.481907284120098,0.610585894435644,0.391314113512635,0.606981097022071,0.959568854887038,0.988980723777786,0.124561159871519,0.965692158089951,0.427669981727377,0
0.142109698615968,0.626587209990248,0.499425401212648,0.544930693693459,0.43801918393001,0.00896411505527794,0.222764564678073,0.46213684626855,0.361359759699553,0.671138744801283,0
0.44695972581394,0.0661118818540126,0.826556208077818,0.875088452361524,0.305315893143415,0.574898898368701,0.911555271828547,0.83281909301877,0.103051707148552,0.450557450531051,0
0.815315801184624,0.0323995086364448,0.0529553906526417,0.731042884523049,0.283500355435535,0.148548184894025,0.481867819093168,0.697914788965136,0.519931339658797,0.847708953777328,0
0.634326283587143,0.16475583989732,0.675171411596239,0.390151517465711,0.997315549524501,0.713391994126141,0.86187475733459,0.0504574256483465,0.493737341836095,0.731192404404283,0
0.488435430219397,0.178037418285385,0.845139146782458,0.119925362523645,0.963490038877353,0.676965524908155,0.447129806037992,0.333975156536326,0.0593682364560664,0.810072708874941,0
0.0767587891817093,0.251432868186384,0.0924459386151284,0.209980272455141,0.516278040362522,0.888492064084858,0.555904300417751,0.4803699136246,0.88259799242951,0.536055644275621,0
0.227042698534206,0.414694520179182,0.22987031377852,0.45669353287667,0.893836368108168,0.635527181904763,0.580653538461775,0.647762533975765,0.246318817604333,0.709839537739754,0
0.643043702235445,0.130809857044369,0.687000777805224,0.22547043277882,0.777975807664916,0.11410103761591,0.359068965073675,0.0728021133691072,0.0566957739647478,0.220650805626065,0
0.879712911322713,0.0116703328676522,0.227277942700312,0.389503158861771,0.136010577436537,0.825797046069056,0.0200491694267839,0.305225819349289,0.684346454450861,0.0895471330732107,0
0.663643764797598,0.0138907821383327,0.893776064971462,0.446256456431001,0.295430530095473,0.806543402839452,0.209487091284245,0.035187870496884,0.255091756116599,0.769427851773798,0
0.0799810376256704,0.890627739019692,0.76998960133642,0.623900091508403,0.024882625322789,0.136868871049955,0.536521306727082,0.895184824708849,0.704383592354134,0.118560567265376,0
0.877809268422425,0.210653166519478,0.542485622456297,0.613263015635312,0.18615890503861,0.128842865116894,0.323915389133617,0.773685097228736,0.416894627036527,0.302806066581979,0
0.271724379621446,0.52133047953248,0.335410033119842,0.925723666558042,0.975170488934964,0.222068651812151,0.610416556941345,0.406192236347124,0.697617390891537,0.472716804826632,0
0.802541094832122,0.161749755963683,0.935059110401198,0.0647650279570371,0.0864328807219863,0.822986558545381,0.0557845435105264,0.865591168636456,0.483244193252176,0.666988183744252,0
0.0264711901545525,0.605010831030086,0.0211070661898702,0.409084726823494,0.308587919687852,0.863107229582965,0.532544204033911,0.0189854151103646,0.0102160985115916,0.270269339438528,0
0.0775276506319642,0.0590538877155632,0.715310590108857,0.961850392399356,0.809781211894006,0.769948574015871,0.450689372373745,0.625778960296884,0.896507909987122,0.308835267554969,0
0.381178048904985,0.202937649330124,0.750661517726257,0.946688022930175,0.96224228432402,0.20138850598596,0.0528636546805501,0.167834897525609,0.00116422050632536,0.950147605966777,0
0.758542106254026,0.148654704913497,0.363058778923005,0.0729332603514194,0.654589104931802,0.0690004595089704,0.613485716050491,0.507155930623412,0.310772499535233,0.3541952339001,0
0.207590683749411,0.68576438492164,0.085173541912809,0.495603340910748,0.506912719691172,0.73467008350417,0.979541609995067,0.121458631008863,0.720772505039349,0.58829387743026,0
0.0294418407138437,0.392415737966076,0.381940823048353,0.733446364989504,0.67725622933358,0.48847710667178,0.67457098630257,0.397317137569189,0.179355694912374,0.0993174156174064,0
0.12870506452499,0.740788235329092,0.218821241986006,0.489216034533456,0.924104287056252,0.371806094888598,0.0511670052073896,0.260729109402746,0.120515228016302,0.966158998664469,0
0.557652954943478,0.203998708864674,0.349248114041984,0.548484270693734,0.0923198098316789,0.294132262701169,0.767385014798492,0.960699733812362,0.886265284847468,0.382067829137668,0
0.545034783426672,0.058409042423591,0.374628860969096,0.350084411911666,0.423441742779687,0.409378842683509,0.267345062457025,0.905754738952965,0.911200595553964,0.825097661232576,0
