"1","2","3","4","5","6","7","8","9","10","class"
0.752927910536528,0.0309732393361628,0.780952234053984,0.406071737408638,0.0973328645341098,0.121379199204966,0.779822421027347,0.301134088076651,0.932636568322778,0.62686305702664,0
0.0602429919429123,0.444777531782165,0.0506062910426408,0.72131939092651,0.517461185343564,0.388234875397757,0.0523848854936659,0.758332268334925,0.435576426796615,0.213926654076204,0
0.0284524819664657,0.213729452108964,0.508872627280653,0.942911140387878,0.757123930379748,0.174314181320369,0.918140253284946,0.170013367664069,0.395245409570634,0.148584689712152,0
0.967499226797372,0.102744152536616,0.529415742959827,0.686355227371678,0.583288977621123,0.589992239838466,0.154311133548617,0.57686520810239,0.0719065384473652,0.988983604358509,0
0.573484241729602,0.181298427500762,0.665690733119845,0.625957538140938,0.912397283827886,0.0185088939033449,0.588461639592424,0.38369869091548,0.323917658999562,0.742635653587058,0
0.0454452636023052,0.463359035551548,0.567401946987957,0.910599716939032,0.925854329951108,0.694306911434978,0.475923185236752,0.664841749239713,0.548588497564197,0.866680497536436,0
0.154578408226371,0.469326477963477,0.427650817902759,0.404434508411214,0.169502590084448,0.590674966108054,0.332713867072016,0.136701684445143,0.991159859579057,0.514882133342326,0
0.62969742086716,0.0853584099095315,0.61070015328005,0.215956585714594,0.0286978879012167,0.346881898818538,0.63677292666398,0.274709713645279,0.715162764070556,0.385915785795078,0
0.222901180386543,0.12234535669405,0.766573240747675,0.627597156912088,0.57179431989789,0.0681800444144756,0.353381080320105,0.164959993911907,0.680136981187388,0.815037734108046,0
0.59507403918542,0.182236581319012,0.971622918499634,0.596948729129508,0.488643283722922,0.366322135552764,0.983046010136604,0.76107520936057,0.142965894658118,0.326744108693674,0
0.0106495638173073,0.126577784540132,0.837784923613071,0.0335064195096493,0.388091542758048,0.894166467478499,0.226772211957723,0.00269186776131392,0.552895972738042,0.0486843932885677,0
0.426147121936083,0.108834941556212,0.230518359690905,0.872711604693905,0.952079988084733,0.659160349983722,0.219820051221177,0.976333916652948,0.0107880413997918,0.943281450308859,0
0.949183492688462,0.118689570915699,0.721860075136647,0.556795260403305,0.632825612556189,0.571630557300523,0.997165557462722,0.882764472160488,0.144256122875959,0.805639017140493,0
0.180745632572938,0.732293255394325,0.190001093316823,0.0363534090574831,0.797710245940834,0.685541543411091,0.771320472238585,0.475930794840679,0.808833080111071,0.00192795344628394,0
0.0862979025114328,0.864187454804778,0.418153276666999,0.288736605085433,0.198679060908034,0.844635258195922,0.792318563675508,0.0948642052244395,0.723403416341171,0.48657375969924,0
0.066656472990755,0.508041454711929,0.624214773066342,0.0667020715773106,0.170896763214841,0.623272284399718,0.22501743491739,0.479104432510212,0.539050706196576,0.181463413406163,0
0.59480263129808,0.185255514923483,0.51109999907203,0.0899230625946075,0.2363319050055,0.277148652123287,0.858054940355942,0.974377627717331,0.407627013046294,0.85231463983655,0
0.462921281345189,0.114847169992328,0.215345720527694,0.426170169143006,0.2461060306523,0.756062761181965,0.24925649119541,0.0343123769853264,0.450329469051212,0.449990190565586,0
0.0671681722160429,0.940084683476016,0.422044858569279,0.879716624738649,0.608104520244524,0.924300614511594,0.843773529166356,0.38084927550517,0.882910765940323,0.607525275554508,0
0.958549123490229,0.178574906339217,0.964763329131529,0.964920887956396,0.723654317902401,0.60129484673962,0.425012799212709,0.136941967764869,0.885670283809304,0.418893568916246,0
0.158524152092636,0.191821176791564,0.911921749589965,0.394126955652609,0.763434039661661,0.699509529396892,0.829755169339478,0.432429816806689,0.15404896158725,0.908359947614372,0
0.136142263654619,0.0216260341979563,0.159094441216439,0.101709835696965,0.164122827816755,0.509187412215397,0.479507938725874,0.606577538419515,0.69827396562323,0.368768967222422,0
0.0459594271183014,0.953191316220909,0.836163625819609,0.241208852501586,0.524051853921264,0.827793939970434,0.748546217801049,0.365184881957248,0.262906946009025,0.23495788522996,0
0.10067274956964,0.478261945070699,0.129823936149478,0.402502325130627,0.406103738583624,0.143068872625008,0.562341953394935,0.010628454387188,0.802256303839386,0.585134038468823,0
0.0174628461426124,0.280422260984778,0.980153123382479,0.128056252375245,0.0106629577931017,0.540083639323711,0.216688170330599,0.231293675955385,0.391739923274145,0.782581497449428,0
0.173702008090913,0.168906016952824,0.182473462074995,0.889418103964999,0.216993788722903,0.287949520163238,0.584392222575843,0.0197514391038567,0.0802187218796462,0.959470964269713,0
0.101458131786436,0.270244277780876,0.571687268326059,0.328611061908305,0.561622109264135,0.0134385710116476,0.530099916039035,0.643597800517455,0.106672047637403,0.372600752627477,0
0.179013727360591,0.739604822127149,0.593698343494907,0.232477110810578,0.165944068692625,0.381626908900216,0.528873115777969,0.5087659440469,0.235951310256496,0.874432002659887,0
0.790539024863392,0.0491590985003859,0.00191353820264339,0.83269055117853,0.229178219102323,0.754672700306401,0.642179695889354,0.252560651162639,0.612424640217796,0.0588035199325532,0
0.122181188666448,0.665954879019409,0.0429536867886782,0.0719977202825248,0.129941538907588,0.442656898871064,0.0640224372036755,0.414183668326586,0.370610016863793,0.987799934577197,0
0.127592154935002,0.406613152474165,0.126152857905254,0.0102274580858648,0.231216917745769,0.238484123023227,0.14398364094086,0.822491162223741,0.347364940680563,0.354075312847272,0
0.190509772166889,0.963198452955112,0.137750716181472,0.0158014909829944,0.505115469219163,0.0991833293810487,0.603849610313773,0.033956783823669,0.892427902668715,0.706898321863264,0
0.24902556464076,0.172578008549288,0.949239102192223,0.724130512448028,0.514512152876705,0.259618431096897,0.121320299804211,0.0114871275145561,0.69732010178268,0.26903270999901,0
0.0103944400847889,0.838180715218186,0.30134469922632,0.333136883098632,0.239932724740356,0.925674287835136,0.709092282457277,0.423950003227219,0.227700917283073,0.947282353416085,0
0.760353368939832,0.189417632537335,0.522984234150499,0.431893373141065,0.0973111637867987,0.930957616306841,0.378161658067256,0.594473934033886,0.930215385276824,0.681912368861958,0
0.0845719887875021,0.834746318869293,0.460993682732806,0.0979382966179401,0.587882043560967,0.244851242518052,0.286409975262359,0.374491070164368,0.299935695016757,0.0505970560479909,0
0.480708023533225,0.0340140686592087,0.859813623363152,0.0128301912918687,0.947198604466394,0.619739676360041,0.154678968945518,0.0403353134170175,0.556821882724762,0.990090046776459,0
0.949820275884122,0.181480502244085,0.842432800680399,0.0388818457722664,0.739584987983108,0.168773671146482,0.569651536177844,0.660348525969312,0.567428366746753,0.957493601832539,0
0.136165531896055,0.438467046478763,0.123616776894778,0.579254902433604,0.021257507847622,0.319344069808722,0.823464073240757,0.786212781909853,0.114112363196909,0.55378653248772,0
0.00584048978313804,0.00598265789449215,0.842492659110576,0.452668039128184,0.0539064782205969,0.0442458717152476,0.707292068516836,0.0191871277056634,0.19063981785439,0.672900319332257,0
0.0700292038833722,0.61523462086916,0.945893835974857,0.0689766977448016,0.374071835307404,0.964968903455883,0.156871578888968,0.993751748232171,0.135356366401538,0.342103560222313,0
0.898653680924326,0.141674894582387,0.752473085420206,0.286215603584424,0.249847442377359,0.931124491151422,0.46527056209743,0.0969328412320465,0.0049408613704145,0.100846060551703,0
0.540956024546176,0.0521331997320056,0.561747980304062,0.443008195143193,0.356422621756792,0.321014238987118,0.910149598028511,0.911495401756838,0.496645290870219,0.685635734349489,0
0.172763973940164,0.759162825299427,0.916860742494464,0.621351605514064,0.469054251443595,0.394662479870021,0.935611572116613,0.798741147387773,0.280673675006256,0.768304713303223,0
0.620176458731294,0.130232981791906,0.275507860817015,0.79889701330103,0.0480237260926515,0.609295643866062,0.442828996106982,0.977541187545285,0.242334781913087,0.738376661669463,0
0.0973877752823755,0.281404432840645,0.858888315502554,0.594969239318743,0.858222764683887,0.978238124866039,0.029525393852964,0.463249369291589,0.547419187845662,0.274090735241771,0
0.738441097550094,0.197962861651182,0.340091580059379,0.423994516022503,0.716163924196735,0.0493423878215253,0.569470495916903,0.320622735889629,0.48465062584728,0.770535667659715,0
0.994780160486698,0.0192963141016662,0.42390240333043,0.814108500722796,0.88736477913335,0.465630013262853,0.468955914955586,0.394349172478542,0.530849308241159,0.483911154791713,0
0.422279121121392,0.0580485963307321,0.72676669456996,0.36442447709851,0.897835215320811,0.629200980998576,0.487768958788365,0.446134640136734,0.287729799281806,0.348921642871574,0
0.745901166461408,0.0832371062133461,0.228817595401779,0.669378730235621,0.588756873738021,0.0243253265507519,0.0512093112338334,0.0852643961552531,0.996060144621879,0.0679874524939805,0
0.073772257193923,0.496895218733698,0.057881788816303,0.825738718966022,0.446505585452542,0.680184126133099,0.509119595400989,0.373287007911131,0.517234282102436,0.292411692207679,0
0.464510132325813,0.0520830913446844,0.529318432323635,0.725114216795191,0.22638206067495,0.370946136070415,0.249583017779514,0.513236728962511,0.586326656863093,0.515787709038705,0
0.170509912427701,0.857549160020426,0.865297635318711,0.393438561353832,0.706576265394688,0.0440926740411669,0.789314707741141,0.551357057644054,0.957405227003619,0.98134816903621,0
0.0453885253818706,6.07420224696398e-05,0.271941691637039,0.078756038332358,0.479047949658707,0.803193342406303,0.43486215826124,0.803178618662059,0.470674589509144,0.116199214011431,0
0.0622953217126429,0.174850750947371,0.460723428288475,0.650590195320547,0.197673524497077,0.691094661131501,0.585450456943363,0.830592529615387,0.592680991394445,0.120969469891861,0
0.015925641734153,0.95160099142231,0.0457183087710291,0.417791125364602,0.859252767637372,0.819986370624974,0.0438455902040005,0.576753225876018,0.0821515077259392,0.712285842979327,0
0.502586113288999,0.031695663302578,0.374411470256746,0.258349858922884,0.51970635028556,0.809446798637509,0.335811658529565,0.754202101612464,0.290031230542809,0.189873154740781,0
0.0800697752094827,0.195892636664212,0.36484782397747,0.783310836413875,0.0011863112449646,0.181021256139502,0.152923196321353,0.756683086510748,0.695580831030384,0.319448154419661,0
0.175329486606643,0.51512485393323,0.473913358291611,0.349215586669743,0.849457995500416,0.281124270521104,0.0418582200072706,0.101492621703073,0.222224872326478,0.0596911304164678,0
0.0480371273588389,0.245126815279946,0.668901788303629,0.479643592145294,0.702035852707922,0.171696792123839,0.664098290493712,0.950271795270965,0.0120497741736472,0.694659217260778,0
0.0857077634325251,0.316022244980559,0.909920253558084,0.619705111021176,0.247930807061493,0.190273449523374,0.757922668242827,0.190245421603322,0.540797541383654,0.0676764969248325,0
0.869127267738804,0.0793484092646279,0.858895040350035,0.235432381276041,0.122186535736546,0.0577761593740433,0.326381306629628,0.216496761422604,0.371057585580274,0.905255362857133,0
0.902524544391781,0.0503031907558441,0.285000581294298,0.726813085144386,0.0796629805117846,0.840633629821241,0.0278990548104048,0.407933868933469,0.46338742156513,0.355605006916448,0
0.295466878684238,0.135601180525124,0.479648005450144,0.033848554128781,0.326313967583701,0.916449769865721,0.110460060881451,0.337964424164966,0.771974749863148,0.691415303619578,0
0.455563471419737,0.166726943105459,0.400581998284906,0.0655657446477562,0.348709735553712,0.345640486106277,0.858428651466966,0.0377360940910876,0.681554944720119,0.78980023926124,0
0.180824267910793,0.0753544910275377,0.122007596539333,0.00959942187182605,0.256861929548904,0.786927008768544,0.349878656445071,0.437687226803973,0.75873584067449,0.680731479078531,0
0.0553922655735165,0.345930414274335,0.620878137880936,0.904577470384538,0.594734349520877,0.0423630573786795,0.357026975369081,0.0520967282354832,0.295195168349892,0.710570889757946,0
0.700500516220927,0.135795700101368,0.130812842864543,0.88451292202808,0.860188122140244,0.80393965006806,0.706916688708588,0.61683459719643,0.731072571594268,0.561429619556293,0
0.173436330201849,0.41870133834891,0.0681492511648685,0.387749697314575,0.238826466491446,0.957405491732061,0.0292555869091302,0.362131300615147,0.828950893366709,0.601086037466303,0
0.0586108730172738,0.0589655381627381,0.157120434334502,0.226320413174108,0.201161532197148,0.570976766524836,0.252465795958415,0.949806021759287,0.012953053927049,0.323318984359503,0
0.803732997039333,0.0141754033975303,0.685737765626982,0.642481996212155,0.0459757167845964,0.543192184530199,0.42433154117316,0.699691135203466,0.332979027414694,0.737755529116839,0
0.198671757243574,0.877891963114962,0.785720608662814,0.194227109663188,0.894330461043864,0.0219668594654649,0.858537396648899,0.71148565900512,0.887647389201447,0.315919778309762,0
0.202759718379378,0.115059550618753,0.907561334315687,0.405331369955093,0.764517072122544,0.91500084172003,0.153146982192993,0.303709025494754,0.527361067011952,0.783325875177979,0
0.107106976909563,0.167515938000381,0.975877672899514,0.449149294290692,0.549626548076048,0.530997783876956,0.915235096821561,0.504734155489132,0.684945943765342,0.149022717494518,0
0.966201161500067,0.145268026506528,0.923375701066107,0.800097141880542,0.299199634697288,0.63312683487311,0.819622059818357,0.805482280673459,0.887314464664087,0.526576614705846,0
0.943168175639585,0.0772614658344537,0.341536727268249,0.626596902729943,0.153706169454381,0.634585682302713,0.643752575619146,0.239223942626268,0.541810488328338,0.523151505971327,0
0.518938175169751,0.119931088287942,0.608338023768738,0.737568727694452,0.371196221094579,0.00625630444847047,0.0244734443258494,0.0565709073562175,0.959498645737767,0.813153315102682,0
0.110248299315572,0.65153627214022,0.705595114734024,0.426958490395918,0.451115750707686,0.409015539800748,0.071040945360437,0.915551732061431,0.670208321651444,0.9040427072905,0
0.0189809842586517,0.809872414683923,0.81772480905056,0.573291854234412,0.539085202850401,0.46103067137301,0.62803071574308,0.708749129669741,0.0668064788915217,0.839864566223696,0
0.00398604852920398,0.284832624252886,0.599868247751147,0.246844805311412,0.652105528162792,0.116055198479444,0.0759617912117392,0.221632132073864,0.88941867579706,0.755118853179738,0
0.192078431710601,0.854320273036137,0.861008488107473,0.678994618356228,0.524432160891593,0.0656135368626565,0.286412344546989,0.0609675555024296,0.364763308083639,0.174670142820105,0
0.0719155404483899,0.699989155400544,0.648072522133589,0.687710752943531,0.257964928401634,0.908872978994623,0.611508037894964,0.333743488183245,0.294695170130581,0.449487111531198,0
0.414748918963596,0.0755362985655665,0.771670238580555,0.490032856585458,0.607119002146646,0.470804238691926,0.0185984303243458,0.203494937857613,0.78651889692992,0.649152761790901,0
0.07850167225115,0.567172370385379,0.882419573608786,0.465662091737613,0.027198399649933,0.857851362787187,0.971580717945471,0.373076867545024,0.336336533306167,0.682019207626581,0
0.451476091751829,0.114843058240972,0.542317839339375,0.207990546477959,0.173620138550177,0.436089044203982,0.344090514117852,0.923003379954025,0.454650746192783,0.343321023974568,0
0.096674291882664,0.966112301684916,0.974406104534864,0.289980230620131,0.918202215339988,0.60190575895831,0.537020179210231,0.906993655255064,0.305335945449769,0.358719747280702,0
0.616369764320552,0.0953503078781068,0.45323299523443,0.604641518555582,0.716308322967961,0.0636095406953245,0.335477396612987,0.343698916956782,0.276666390011087,0.518792862072587,0
0.333785713417456,0.140923780092224,0.412576540606096,0.542893347330391,0.289094056002796,0.703131158603355,0.468830309808254,0.886711571831256,0.421577507862821,0.897368494188413,0
0.603051482932642,0.000798010732978582,0.847292023943737,0.950776366516948,0.779914613813162,0.696144129615277,0.0180207204539329,0.669195836409926,0.832648342940956,0.911415052367374,0
0.373026930261403,0.0160511581563391,0.120324575342238,0.634131010388955,0.912075960775837,0.196003618417308,0.0333826844580472,0.378221128834412,0.977093379711732,0.844784480752423,0
0.151695472886786,0.906695776386186,0.387695488519967,0.266972892452031,0.241435504984111,0.201066898880526,0.115000879159197,0.804669975768775,0.0207821463700384,0.91795012797229,0
0.249190425500274,0.0131748620331287,0.334262917982414,0.387796045280993,0.888279265025631,0.623781451024115,0.855786197353154,0.0621825219132006,0.104084203951061,0.0640854190569371,0
0.152851380640641,0.124922867827117,0.179784731939435,0.734226106433198,0.431985367322341,0.277778396150097,0.151437576394528,0.476951840566471,0.491246956633404,0.975006281863898,0
0.92363682272844,0.0996032914076932,0.819592221174389,0.906842573313043,0.78836735477671,0.131390621187165,0.7274141961243,0.534166893223301,0.575284649152309,0.539792046649382,0
0.0803338373631239,0.550842688186094,0.865988523233682,0.0688369157724082,0.456644341815263,0.463137003360316,0.21861966396682,0.935521218925714,0.53416418354027,0.12752703553997,0
0.103080720460042,0.407366602215916,0.741661779116839,0.349206325598061,0.702054716646671,0.378204064443707,0.784831553930417,0.260213029105216,0.33662920515053,0.348194328136742,0
0.00432191020809114,0.917870152974501,0.668643491575494,0.345610088668764,0.597250878345221,0.149378308095038,0.42340760701336,0.227017987985164,0.239900790853426,0.830326173454523,0
0.801988361403346,0.150590670508333,0.177866550162435,0.74067913601175,0.958295451244339,0.42612410383299,0.943792730104178,0.83754451898858,0.582596604246646,0.623253841418773,0
0.202310872070864,0.716542199254036,0.997149414382875,0.995471874251962,0.325839299475774,0.216728487983346,0.369181433226913,0.501690048258752,0.0392367870081216,0.544477802934125,0
0.431831271620467,0.217421679990366,0.903444675728679,0.579334775684401,0.0207997420802712,0.793702794238925,0.792833587387577,0.268901403760538,0.432067162357271,0.132816264405847,0
