"1","2","3","4","5","6","7","8","9","10","class"
0.473757236031815,0.262486368650571,0.718471623025835,0.756806764751673,0.325176539365202,0.274576523341238,0.880941004492342,0.0364819010719657,0.687359764939174,0.183415676699951,0
0.789205241249874,0.0766090454999357,0.761097428388894,0.555222205119208,0.35805129352957,0.162478044396266,0.393007853068411,0.783486996777356,0.41093731415458,0.602209847886115,0
0.903916822746396,0.700169626856223,0.758800287498161,0.568192316684872,0.886826180154458,0.381387688685209,0.339340278645977,0.0713368037249893,0.131999042350799,0.170966661768034,0
0.445004862034693,0.733324207831174,0.735455446410924,0.131839997600764,0.824685076717287,0.768086203141138,0.498394217342138,0.795733420178294,0.439875523326918,0.927067250944674,0
0.835625478764996,0.51127497642301,0.534829497803003,0.237044987967238,0.236453340854496,0.818313229130581,0.542094833217561,0.65285491431132,0.822568089002743,0.291536324191839,0
0.61711947619915,0.0282429892104119,0.0995449768379331,0.72937796334736,0.909655390307307,0.490765933180228,0.971491137053818,0.68543591001071,0.890771553618833,0.661812670761719,0
0.0870165275409818,0.694878070382401,0.0677971525583416,0.557733637746423,0.719031230779365,0.253066787263379,0.0426275632344186,0.201649817405269,0.281573854386806,0.937862198334187,0
0.545610747036897,0.583363729994744,0.711128537077457,0.876655285945162,0.447163146920502,0.61171160871163,0.835546719375998,0.982682037400082,0.162019197596237,0.935504466528073,0
0.610926472581923,0.27938490989618,0.834196266951039,0.745564715005457,0.684073622571304,0.349432239541784,0.727517194114625,0.150602390756831,0.812426420394331,0.956769968150184,0
0.660781888989732,0.275336569175124,0.796651017619297,0.901513346936554,0.158136644633487,0.948955412721261,0.157479384215549,0.824913635151461,0.381372099975124,0.874778282595798,0
0.434110353002325,0.241651711752638,0.839839936234057,0.114177294773981,0.271525303833187,0.644210906466469,0.992030652239919,0.885577992303297,0.988505458924919,0.00781133491545916,0
0.65696237841621,0.396265372168273,0.641683650901541,0.655605796026066,0.812726132106036,0.82179357833229,0.851251553976908,0.779962357133627,0.342353866668418,0.0415109470486641,0
0.682016781065613,0.143573944224045,0.864700545789674,0.402042614063248,0.315512524684891,0.866242614109069,0.123720472911373,0.75860804785043,0.71418443415314,0.0517950709909201,0
0.805183039978147,0.979819438653067,0.991290606092662,0.875878371531144,0.0687715541571379,0.733604210894555,0.806506321299821,0.117921044584364,0.121160218724981,0.774876907235011,0
0.0108564968686551,0.903294779825956,0.95766165968962,0.790644833585247,0.656158875441179,0.631071623414755,0.0130160716362298,0.563599858200178,0.153820978244767,0.223952817032114,0
0.584299417678267,0.169335726415738,0.405672447988763,0.448942968854681,0.11811422300525,0.97506466624327,0.0891758443322033,0.149125915719196,0.0162813842762262,0.619556206976995,0
0.566760696936399,0.615748529555276,0.0690992921590805,0.740447696298361,0.52850163099356,0.364434341201559,0.276650552172214,0.838538528652862,0.793168155942112,0.529445515014231,0
0.188910946495831,0.899209154071286,0.277988383546472,0.785296251764521,0.000317960977554321,0.159472708823159,0.702528839698061,0.854490875964984,0.474656731123105,0.264763248153031,0
0.676907478366047,0.796227206010371,0.891407810617238,0.364375696051866,0.149869140703231,0.0181787253823131,0.258346288464963,0.0878391887526959,0.20058957953006,0.206387090263888,0
0.322190100327134,0.301824013702571,0.167423556325957,0.728227658662945,0.463486334076151,0.557152584660798,0.57984756003134,0.373167438665405,0.930884853936732,0.964940100908279,0
0.919376902747899,0.835466061253101,0.158702807035297,0.702480096602812,0.503172470256686,0.991516034351662,0.0211422310676426,0.956038618460298,0.334537305403501,0.227242242079228,0
0.0826406297273934,0.0302322115749121,0.417475018650293,0.411956435069442,0.191333631053567,0.73411480919458,0.715590100735426,0.606349145527929,0.77058180840686,0.0489388711284846,0
0.565924279857427,0.459939942928031,0.988662007963285,0.147869292413816,0.183510386152193,0.471593502908945,0.173405727837235,0.658592567080632,0.16160255507566,0.0747915839310735,0
0.856705804821104,0.271493524312973,0.644090173766017,0.349236075999215,0.553203161340207,0.30528008332476,0.854000992840156,0.718550810124725,0.999748779693618,0.450123533140868,0
0.586704194545746,0.301125080790371,0.839763961266726,0.883659752784297,0.460263896500692,0.474113636882976,0.511040649143979,0.207740837475285,0.111434882972389,0.238279395736754,0
0.372250419575721,0.145594810368493,0.784024429274723,0.355135760037228,0.0498291326221079,0.968129663262516,0.293600921053439,0.177933205384761,0.756548411911353,0.515119469491765,0
0.826294018188491,0.0978141447994858,0.665229549398646,0.444486391264945,0.226007686229423,0.907520234119147,0.285443241940811,0.433031268650666,0.250763205578551,0.996195960789919,0
0.222984168678522,0.968106099870056,0.979051073314622,0.903191871242598,0.945894250413403,0.59664859296754,0.231852681143209,0.93554215808399,0.3327612048015,0.219058845192194,0
0.937297115335241,0.854798927670345,0.699185922276229,0.281800227239728,0.64592183730565,0.861260199220851,0.25735446694307,0.581010314403102,0.0258911878336221,0.329067854676396,0
0.874589274870232,0.279718112200499,0.462087180931121,0.704053359804675,0.93095344491303,0.392534591024742,0.245477736229077,0.163110234076157,0.44908727100119,0.662048747530207,0
0.392377177020535,0.926023155916482,0.136437045177445,0.430611593415961,0.00129689136520028,0.354896572418511,0.261399501468986,0.0855508202221245,0.530255265766755,0.947826044866815,0
0.35682189790532,0.600179103435948,0.86957146320492,0.338363939430565,0.738696030108258,0.286751164589077,0.294095792574808,0.0676693997811526,0.447666387772188,0.058314866386354,0
0.013651016401127,0.199529612669721,0.516091180499643,0.166354190791026,0.493620620574802,0.892665531951934,0.541721489280462,0.647352441679686,0.984261465258896,0.515991461463273,0
0.83606011653319,0.336434689350426,0.815136187942699,0.569809399312362,0.136105601442978,0.672041760757565,0.666750770062208,0.845923523884267,0.282642078585923,0.483336992328987,0
0.974695432931185,0.772563050035387,0.447051609866321,0.705851597478613,0.252855012193322,0.632197202416137,0.381570470519364,0.414593623485416,0.0199279589578509,0.732315356144682,0
0.0232267703395337,0.328041544882581,0.0504881017841399,0.40989355253987,0.745557952439412,0.678678546799347,0.432312238728628,0.677087348420173,0.179212886374444,0.119431379018351,0
0.268846586113796,0.368347191018984,0.321818691212684,0.988962436560541,0.119627881795168,0.940108061302453,0.573779672384262,0.841824279166758,0.81146470294334,0.442175206495449,0
0.0118156995158643,0.717260013101622,0.32228177273646,0.701015311991796,0.229962541954592,0.679118879837915,0.551531760022044,0.0463516663294286,0.35558036994189,0.478590312879533,0
0.680326300673187,0.992496906081215,0.172180254012346,0.290312177268788,0.501704272115603,0.119808227056637,0.771718117874116,0.958737271139398,0.506371642230079,0.639764226507396,0
0.34333251719363,0.0877151887398213,0.780294905416667,0.0589466278906912,0.730139213381335,0.45635900599882,0.166729122865945,0.362649877322838,0.278229668503627,0.60398360225372,0
0.641161253908649,0.446191495517269,0.217883208068088,0.848214249126613,0.352884630905464,0.60683587519452,0.96466124150902,0.848717782413587,0.903730216668919,0.811359972227365,0
0.79013008531183,0.879728243686259,0.47920646937564,0.539232013979927,0.644403093028814,0.802361802896485,0.378383584553376,0.676347510656342,0.116721152793616,0.874489480163902,0
0.127177369082347,0.926033308496699,0.475016061216593,0.799421050585806,0.942670212360099,0.656831218861043,0.558741904562339,0.961019061505795,0.540825197705999,0.108553004683927,0
0.179398015839979,0.899121628841385,0.00932111567817628,0.0853554566856474,0.602289861766621,0.00447974260896444,0.536496247397736,0.196762909647077,0.700643774122,0.0469797309488058,0
0.981665592873469,0.823647215263918,0.18052622443065,0.762313117505983,0.990758400177583,0.348353868583217,0.602161521324888,0.254215330351144,0.292867676354945,0.358498023357242,0
0.626109592849389,0.514977808343247,0.108460459392518,0.936149245128036,0.628469268092886,0.467518679564819,0.355268511921167,0.73325850488618,0.838319190545008,0.0185489277355373,0
0.0407925571780652,0.738542027538642,0.301466281060129,0.431403213646263,0.757305161096156,0.953655731631443,0.853045779047534,0.778770755976439,0.929540550336242,0.66492631402798,0
0.244183991104364,0.782073193317186,0.514397002989426,0.769604345550761,0.0293525150045753,0.846114885527641,0.752985886065289,0.799057001480833,0.800866550533101,0.361534584313631,0
0.493236191303283,0.975811087992042,0.4567263238132,0.72397344885394,0.811850662110373,0.959257335402071,0.656837528105825,0.35801648022607,0.157408984843642,0.528498339466751,0
0.0102291223593056,0.748582560569048,0.178730918327346,0.721832969691604,0.538815974723548,0.223346612416208,0.499373717233539,0.86858445731923,0.277022182941437,0.374103795969859,0
0.723569923546165,0.865903655765578,0.0446875016205013,0.318684132536873,0.828448493499309,0.5146795141045,0.827295279596001,0.364785996731371,0.15136638074182,0.450713196769357,0
0.362402150174603,0.151084564626217,0.0263859715778381,0.563122527906671,0.894632729468867,0.807429670356214,0.832252107094973,0.309679650468752,0.55863356217742,0.465938903158531,0
0.0830199903158471,0.849754206603393,0.622411619639024,0.963641027221456,0.23624396789819,0.876628914149478,0.102931573987007,0.975395269459113,0.525690025649965,0.863975168671459,0
0.894750145031139,0.0337247401475906,0.900354076176882,0.877337086712942,0.739588693715632,0.830365198431537,0.360288986004889,0.663276868639514,0.416152599267662,0.199328961316496,0
0.583006390370429,0.0910381400026381,0.986356243025512,0.433529666624963,0.948691096389666,0.0947949097026139,0.560398149071261,0.257606910541654,0.318291638046503,0.414101728936657,0
0.119249854236841,0.382173349149525,0.557389144320041,0.0236885901540518,0.981547197559848,0.822516004089266,0.0521658838260919,0.269743823679164,0.591606747824699,0.308991769794375,0
0.817624534713104,0.0402528289705515,0.990001125261188,0.999852781649679,0.120908174198121,0.703380977734923,0.947855095844716,0.88569375872612,0.764808387495577,0.22985256370157,0
0.28164341696538,0.232033373787999,0.750438104616478,0.258005429757759,0.0901463984046131,0.678471766179428,0.12722685886547,0.124671046156436,0.889201304875314,0.932024186011404,0
0.935322067700326,0.0274364515207708,0.589971229666844,0.884024997940287,0.236111370148137,0.535027717240155,0.505336354486644,0.756758332485333,0.492173450067639,0.824811888393015,0
0.45537514355965,0.072794625768438,0.365702437469736,0.958685530815274,0.0678531632293016,0.876440543681383,0.0795943078119308,0.879962380742654,0.475202506640926,0.540982241509482,0
0.627616916550323,0.0702774932142347,0.593424464575946,0.574754904024303,0.0633957609534264,0.405205136397853,0.487687358167022,0.894902902888134,0.116718930657953,0.0642359724733979,0
0.757109009893611,0.492438529152423,0.0981910133268684,0.990082289790735,0.112810368882492,0.378719777101651,0.673114374279976,0.477620876394212,0.630103702424094,0.653286307584494,0
0.793708843644708,0.546072045108303,0.362819115631282,0.338425937341526,0.837871733587235,0.820246157702059,0.4128565012943,0.148488693172112,0.777136031305417,0.00348599813878536,0
0.0488521358929574,0.755580126540735,0.666789310052991,0.441444253083318,0.735735424561426,0.639722749358043,0.56479011150077,0.0574047977570444,0.0541482598055154,0.800915192114189,0
0.426715831970796,0.34973019384779,0.517857189755887,0.501023969613016,0.525554326130077,0.0862041441723704,0.0910725218709558,0.195817601168528,0.843302299734205,0.259355254936963,0
0.250622706487775,0.997708679409698,0.989732852904126,0.0806523780338466,0.752885882044211,0.059633047087118,0.990949037484825,0.380495904944837,0.875287186121568,0.119265939341858,0
0.498254138510674,0.802067019278184,0.618629294680431,0.312517589656636,0.816505357855931,0.325747867813334,0.136513761943206,0.849192557856441,0.254595417063683,0.0638091231230646,0
0.918023825855926,0.156480892794207,0.791170502314344,0.331836840137839,0.557558469008654,0.375840628985316,0.5915450619068,0.020736041944474,0.968274215934798,0.0863793275784701,0
0.133982053725049,0.923203599406406,0.294463742990047,0.623920557321981,0.812885239953175,0.461315010208637,0.674124628538266,0.00917028589174151,0.570240729954094,0.835086343809962,0
0.073789362097159,0.152207103557885,0.338579082163051,0.872097388841212,0.485750312916934,0.377725966274738,0.762554717482999,0.986032108077779,0.852804378606379,0.0303054682444781,0
0.0180606485810131,0.0533204837702215,0.383212104672566,0.0846914211288095,0.0229055744130164,0.255852554691955,0.294525128090754,0.454223526874557,0.461785599589348,0.730542119825259,0
0.533003998687491,0.0703230160288513,0.699528685770929,0.844605218153447,0.143379143439233,0.408990035532042,0.179831682471558,0.944201220758259,0.156627156073228,0.729673685040325,0
0.450296830153093,0.813329956261441,0.288392294198275,0.602890231413767,0.628018478630111,0.696468990528956,0.681581375654787,0.638062802376226,0.12303802347742,0.497427779017016,0
0.716821414418519,0.270139865810052,0.138191261095926,0.13355417130515,0.602025460219011,0.227369885891676,0.717876130016521,0.436451647663489,0.133944859728217,0.838409033836797,0
0.661602752748877,0.445065632695332,0.0243986947461963,0.0954229873605072,0.23941772384569,0.0810722920577973,0.990675043780357,0.446196025470272,0.311573546146974,0.632561285514385,0
0.746175363194197,0.288819908630103,0.0372964723501354,0.771139997988939,0.764227226842195,0.775560855865479,0.867488014977425,0.327665935270488,0.453841958660632,0.453094575554132,0
0.0143884610876441,0.42478401795961,0.124555731657892,0.463938676053658,0.213848479092121,0.806572371628135,0.791468226583675,0.83130796183832,0.534064025385305,0.489042252535,0
0.887154398486018,0.637557933339849,0.349919517990202,0.823155527468771,0.71036795922555,0.419525214470923,0.614001211477444,0.0249835839495063,0.766078774584457,0.0207485884893686,0
0.432807336095721,0.726850762264803,0.382803136715665,0.898111541988328,0.119124315911904,0.094585437560454,0.478975064121187,0.201212333282456,0.709741235943511,0.148970267968252,0
0.00746514042839408,0.672016984317452,0.415014238795266,0.795229408657178,0.375308325514197,0.0969566039275378,0.643196310382336,0.322407701751217,0.459274935303256,0.687758984509856,0
0.987748693441972,0.854805910727009,0.376710980199277,0.483109963592142,0.644858150277287,0.841773520223796,0.142611271468922,0.570034317206591,0.995113801443949,0.994582924759015,0
0.989305616356432,0.195334796560928,0.220888864248991,0.13855908322148,0.260384877678007,0.14220415847376,0.878008732805029,0.823709114221856,0.75544744846411,0.155890970025212,0
0.496551549760625,0.110021823551506,0.317265802528709,0.349428275832906,0.529084374662489,0.841997616691515,0.19882493512705,0.280579530866817,0.57557680294849,0.0154978255741298,0
0.775286147836596,0.0629813682753593,0.994993766304106,0.12415845063515,0.394308616174385,0.0864606245886534,0.812401387142017,0.426286472007632,0.434517272980884,0.478588845580816,0
0.722392180701718,0.363678937312216,0.289815384428948,0.0717989529948682,0.227407898986712,0.185032546985894,0.340117014711723,0.141996490303427,0.919294452760369,0.00637610210105777,0
0.163917010650039,0.817521210294217,0.137210492743179,0.896275448147207,0.518013412132859,0.668670539278537,0.947486767079681,0.684580653905869,0.160570002859458,0.175790202105418,0
0.201842889422551,0.872292030369863,0.435079160612077,0.0279494831338525,0.706498777493834,0.0270322628784925,0.0421407246030867,0.379806421464309,0.173968515358865,0.658776271389797,0
0.185181587701663,0.825193211436272,0.613736796425655,0.276704117655754,0.92758346744813,0.405344154918566,0.131728840991855,0.154971207957715,0.575238078832626,0.820034026633948,0
0.895741848507896,0.116371308919042,0.619673821842298,0.832555239554495,0.018947146832943,0.542854215018451,0.371187426382676,0.272462802706286,0.260482608340681,0.41555417724885,0
0.182942668674514,0.291033155983314,0.723420765949413,0.0185632044449449,0.439712048508227,0.841777342138812,0.99228689703159,0.980692364973947,0.828064287547022,0.922452943166718,0
0.0391609952785075,0.947532060788944,0.0286760069429874,0.932376419892535,0.853370500495657,0.0565975576173514,0.887259815586731,0.522674737730995,0.0358617340680212,0.141600824892521,0
0.774606955470517,0.58539397129789,0.555638618534431,0.45255488762632,0.775062999222428,0.699132282752544,0.750276764621958,0.0452037691138685,0.778157192282379,0.158106005983427,0
0.880994975566864,0.789144863840193,0.287755532423034,0.303788942983374,0.879494015360251,0.363635909277946,0.547381993383169,0.490193187026307,0.674875645199791,0.210522352717817,0
0.413662097416818,0.389294668799266,0.125893070362508,0.403299060883,0.232525218045339,0.432388224173337,0.43073086370714,0.201367675792426,0.552182943327352,0.030919122742489,0
0.886335825547576,0.387391056399792,0.656360523542389,0.876666999422014,0.694387031719089,0.59136283909902,0.190508540486917,0.0596154166851193,0.24079054244794,0.398155539762229,0
0.193834029138088,0.748437556670979,0.29671914759092,0.873601210070774,0.969308294355869,0.243543925695121,0.476152574876323,0.0562266167253256,0.055161263095215,0.908106452319771,0
0.434546708827838,0.551492038415745,0.931209913222119,0.798191423062235,0.000557441730052233,0.688038072781637,0.398167202016339,0.6772689986974,0.0876729406882077,0.538179127965122,0
0.0300213058944792,0.41975288442336,0.218576421029866,0.926618107361719,0.548797378782183,0.61310105654411,0.247115504462272,0.830840558279306,0.196467649657279,0.667503967648372,0
0.943154633510858,0.743827688042074,0.363485449925065,0.760933466721326,0.91162748564966,0.917384627275169,0.212294151773676,0.0178873930126429,0.557615664089099,0.947970961220562,0
0.903871071524918,0.550885141827166,0.120491712586954,0.40318398270756,0.135692394105718,0.554299460723996,0.522568482207134,0.757324036210775,0.222699297592044,0.364885225193575,0
