"1","2","3","4","5","6","7","8","9","10","class"
0.0151267833388487,0.290520587567598,0.04996641818434,0.508319202577695,0.581544059794396,0.00163429533131421,0.816825905349106,0.495862289797515,0.784556509461254,0.659400086151436,0
0.126410209920572,0.11693739853807,0.224386099493131,0.598772656871006,0.389510358683765,0.689126609824598,0.059807555982843,0.664136821171269,0.105903189629316,0.57473245728761,0
0.780128936748952,0.778188932454214,0.295284406282008,0.272946799406782,0.553066357271746,0.475665564648807,0.777536795008928,0.912008758634329,0.709585866658017,0.19126326800324,0
0.616880286293503,0.95026815164313,0.853251597844064,0.967943890253082,0.530604269355536,0.977439521346241,0.286465581972152,0.440355199854821,0.0485384855419397,0.454896970884874,0
0.293975014006719,0.0650877433363348,0.996262978995219,0.703825672389939,0.0907588165719062,0.582748657558113,0.19634914258495,0.62504407716915,0.0116266715340316,0.902493725065142,0
0.995755232716939,0.528648812919248,0.23144633625634,0.830813677515835,0.31314381561242,0.347666862187907,0.530716285808012,0.329755402635783,0.600929439300671,0.984682806069031,0
0.231082109734416,0.899273955496028,0.0848917700350285,0.979899658355862,0.723019477212802,0.901848548557609,0.0777392399031669,0.5791832995601,0.263684172183275,0.435846856096759,0
0.793403875082731,0.298439206555486,0.485409399727359,0.51074151834473,0.97806563321501,0.0795163842849433,0.487368184374645,0.923051469959319,0.206268069101498,0.630068281199783,0
0.88995060720481,0.438041287707165,0.0703272244427353,0.931592406472191,0.009474121266976,0.479998417431489,0.476033590966836,0.034434893168509,0.398864699527621,0.884784571127966,0
0.959102317458019,0.686393104959279,0.873236476676539,0.925609313650057,0.721267624059692,0.0413083916064352,0.438359224237502,0.857089256867766,0.273333661956713,0.695096372161061,0
0.388650977518409,0.903012436581776,0.0929027525708079,0.40202386979945,0.98925725906156,0.991104196058586,0.309087262721732,0.996837290702388,0.178977585863322,0.660688877571374,0
0.0935472081342751,0.144948462267855,0.223578207194805,0.610798891168088,0.296644290210679,0.225498538231477,0.268274076515809,0.680601984495297,0.626909038517624,0.721470628632233,0
0.316314802310929,-0.025818442594304,0.537163276225328,0.863151083234698,0.462721631163731,0.153913869289681,0.581601901445538,0.956330202985555,0.881050632102415,0.379918271210045,0
-0.0426510783390237,0.499196397784179,0.133788599865511,0.782425347249955,0.127989615313709,0.330688912421465,0.284584022359923,0.504613176453859,0.605722211766988,0.812409137375653,0
0.325471709121733,0.943756539828419,0.973665460478514,0.0171190584078431,0.975219747750089,0.379775246139616,0.204696530941874,0.483701736899093,0.448617708869278,0.0275001258123666,0
0.970371956137099,0.401531410306916,0.64156969008036,0.662698943400756,0.394764651078731,0.244664339581504,0.948641162365675,0.424784196075052,0.647195510100573,0.434363222680986,0
0.474620649631437,-0.0465167094817277,0.853607526281849,0.0523644885979593,0.683078618487343,0.5617783612106,0.998525436269119,0.133528738981113,0.227033875184134,0.971298355376348,0
0.456538279090291,-0.0219164139820153,0.867265567416325,0.483878262573853,0.0545612438581884,0.622190720401704,0.693033380666748,0.946082291658968,0.31368291284889,0.343486295314506,0
0.442553569618256,-0.0384958063439989,0.696466601220891,0.412550705019385,0.914256539428607,0.863842850085348,0.435364214237779,0.941580903017893,0.159464288502932,0.512690481729805,0
0.846498162506514,0.789998415547095,0.379452344495803,0.025818957015872,0.0617690039798617,0.576278847176582,0.491186566418037,0.0581019774544984,0.492993500083685,0.64813261735253,0
0.35595739306882,0.127756563946605,0.508343559456989,0.33111134939827,0.234275512397289,0.668219298589975,0.533224798506126,0.0125735714100301,0.409337477292866,0.491211597574875,0
0.816594645613804,0.88565255375579,0.829304098384455,0.565870727645233,0.216703948331997,0.747210455825552,0.651844442123547,0.863982274197042,0.734078967478126,0.214212817372754,0
0.173687459435314,0.354193751001731,0.087698495015502,0.251663549803197,0.0810977772343904,0.719831749796867,0.96017300686799,0.351384844630957,0.752079116180539,0.451129666063935,0
0.202526616340124,0.0914573372414645,0.705766981234774,0.0654711318202317,0.767326176632196,0.714518818538636,0.102612814866006,0.575640861643478,0.880428278120235,0.10916535765864,0
0.873056929325685,0.714910089271143,0.20738823688589,0.0288289089221507,0.397599939722568,0.844449831405655,0.618940424639732,0.44378384295851,0.811316949315369,0.056584226898849,0
0.428066983046077,-0.0173837343564081,0.206628004321828,0.628081388305873,0.368283704156056,0.375022476073354,0.817394230049103,0.157746170181781,0.620439764810726,0.279859188711271,0
0.977907597153981,0.48993205704663,0.158698015380651,0.042714721756056,0.30107135255821,0.521215897286311,0.66503183869645,0.803810051176697,0.195119569078088,0.807866873219609,0
0.380387352041845,-0.0156332506387252,0.644704364007339,0.347843753872439,0.0299591568764299,0.725716801127419,0.371357800439,0.386810310650617,0.584944210015237,0.308005428640172,0
0.123646554537117,0.504775060573593,0.266941074747592,0.194610778708011,0.312547795474529,0.212070802925155,0.753028511535376,0.663150084204972,0.997483328450471,0.53027201583609,0
-0.0235565336843885,0.606603295387454,0.779455461539328,0.223233138211071,0.538731609703973,0.877095429692417,0.0336837514769286,0.14599742135033,0.182518089190125,0.512314120540395,0
0.214411827947784,0.91537295820752,0.107080484973267,0.866343175759539,0.671597732231021,0.939154115505517,0.581743241520599,0.427392846439034,0.570584505097941,0.671200200915337,0
0.015579702051172,0.699811736276399,0.174020421458408,0.261701586656272,0.829034159658477,0.506985716987401,0.12296441802755,0.423633464612067,0.982248974964023,0.578574297018349,0
0.540383691899478,0.984599831746891,0.411689126864076,0.217935400549322,0.211303551448509,0.893092635087669,0.365186737151816,0.442854996304959,0.00670763477683067,0.233829867327586,0
0.243087700889735,0.917707567575549,0.829756771679968,0.692954275757074,0.701255975756794,0.00141264242120087,0.291339382296428,0.0437995444517583,0.167410730617121,0.250360937556252,0
-0.0383613798414927,0.36278077576996,0.708596153417602,0.775476621231064,0.396848956355825,0.543624467216432,0.178245921619236,0.543988547986373,0.523054219316691,0.253828717395663,0
0.820934248622507,0.132801249856129,0.914091216633096,0.769316863734275,0.277034189552069,0.772212562616915,0.891166161745787,0.806583319092169,0.825368946418166,0.910169873386621,0
0.972135116811842,0.3972598973196,0.840049705468118,0.072539662476629,0.757101802155375,0.0955150544177741,0.223235755460337,0.807834902312607,0.701484567252919,0.0971385550219566,0
0.902005553514018,0.747776364571213,0.851459213532507,0.984902059426531,0.409782498842105,0.842650338308886,0.585184961324558,0.369347852654755,0.766952614765614,0.827078850008547,0
0.251249162945896,0.197223647497594,0.652218961855397,0.478903482435271,0.525148290442303,0.244907425250858,0.12696003424935,0.568813126767054,0.963715384248644,0.0995741724036634,0
0.180470757419243,0.31223657913506,0.0472190822474658,0.848461044486612,0.309734837850556,0.58651159494184,0.291424137540162,0.785884832963347,0.654549604048952,0.750825844937935,0
-0.00226644739834581,0.281930476804805,0.643620062386617,0.330749609740451,0.341433164663613,0.688334163511172,0.735479497350752,0.532354233786464,0.801625345367938,0.586986704031006,0
0.495820022855819,-0.0382003702107961,0.179521894548088,0.419880493776873,0.646045703208074,0.858794451225549,0.624729942530394,0.278855124954134,0.247412313940004,0.925808789907023,0
0.850317794102261,0.129851324003352,0.763179102912545,0.458215242018923,0.698479680344462,0.813067954266444,0.316399956354871,0.743315166328102,0.356883753091097,0.321937219472602,0
0.0987223829142749,0.698477189987898,0.827122641261667,0.262430819217116,0.0678358271252364,0.773679473437369,0.349462289828807,0.14661569125019,0.521499186521396,0.205516284331679,0
0.997762285717825,0.530408293633847,0.169281077804044,0.222355423495173,0.70816059038043,0.98582437611185,0.948743470013142,0.914268450811505,0.582497426541522,0.299726332072169,0
0.903946323708244,0.778526008628464,0.523177238181233,0.494333731476218,0.132644831435755,0.108074703486636,0.733985685976222,0.966420958517119,0.835810480639338,0.519746610661969,0
-0.0191890789449013,0.588105089975287,0.448978991014883,0.127678892808035,0.228938537184149,0.383359946776181,0.00497325463220477,0.647979818051681,0.705986196408048,0.0623893027659506,0
0.492233124917304,0.989905093078758,0.703308049589396,0.535951808327809,0.503001558361575,0.342692272737622,0.414081382798031,0.193481394322589,0.0719385631382465,0.211347775766626,0
0.0553009768021032,0.17490878055101,0.304351463215426,0.344762327848002,0.626833064947277,0.631137424148619,0.265498906141147,0.570954417577013,0.158955471357331,0.157175091328099,0
-0.0345514942270048,0.376888648345454,0.791227046400309,0.690601479262114,0.261322497390211,0.314392807660624,0.0261523961089551,0.100727577228099,0.997700913110748,0.923943440662697,0
0.828637188927488,0.125063290137586,0.616364129818976,0.409065949264914,0.350826903479174,0.810637845657766,0.798891486367211,0.444395945640281,0.0783262953627855,0.168239504564553,0
0.860555375227705,0.296353673562407,0.798390782438219,0.758654272416607,0.874901557806879,0.822813316481188,0.690023187780753,0.504973273491487,0.848231436451897,0.421282458119094,0
0.839028170099482,0.317963783396408,0.373758141882718,0.756107532652095,0.78703093691729,0.646427968982607,0.0656888622324914,0.720756144728512,0.693439182592556,0.796563013689592,0
0.725890933556276,0.0599305247409663,0.775465121958405,0.218536135507748,0.269180000061169,0.392453653505072,0.671219689305872,0.754182734293863,0.472572781145573,0.149891353910789,0
0.990187453571707,0.427722087129951,0.802434730576351,0.00793812773190439,0.958760470384732,0.50279711233452,0.452277645701542,0.343985554529354,0.0465944574680179,0.607116246595979,0
-0.027211706447158,0.350255209395329,0.558919874718413,0.187000169651583,0.872501376084983,0.134816606994718,0.381651541916654,0.352274768520147,0.952046192018315,0.54852371616289,0
-0.0299994679159185,0.484292044154403,0.975719971116632,0.65279595577158,0.883940883679315,0.929235752206296,0.964759028051049,0.479113182285801,0.0684163300320506,0.01080322265625,0
0.0152772559391339,0.658834932183602,0.287974043283612,0.600703988224268,0.315471804700792,0.559686710359529,0.526383246760815,0.0304768907371908,0.670309340115637,0.343978881603107,0
0.802596817724407,0.685080754105002,0.183354893233627,0.250011686468497,0.0582835136447102,0.959924589376897,0.16503990185447,0.748470385093242,0.446793656796217,0.0421828727703542,0
0.754776625406464,0.864186110331508,0.0429240737576038,0.840781447477639,0.907774986233562,0.474110435228795,0.859159702667966,0.925180781167001,0.545111940940842,0.179170212475583,0
0.829140913905576,0.217730534495786,0.265321445651352,0.253012901870534,0.689811878837645,0.156374872894958,0.547446968499571,0.0257687473203987,0.658795587718487,0.896565230563283,0
0.0951708960346878,0.716403934871778,0.292436609975994,0.013395412825048,0.644492216641083,0.305736608337611,0.527607720578089,0.187989529455081,0.287834185641259,0.771071466617286,0
0.835551619539475,0.8109585514724,0.386412106687203,0.918336078291759,0.890682604163885,0.992000236408785,0.817507213214412,0.0930287383962423,0.941368906525895,0.1398212518543,0
0.914430075380703,0.25423284639361,0.457017599139363,0.0389858731068671,0.785812759306282,0.920973885105923,0.617625391343608,0.456980756949633,0.610430067637935,0.372738131089136,0
0.475587496236745,0.976387998658252,0.998144396813586,0.351484729908407,0.853589632315561,0.450862908503041,0.680524675641209,0.267109284643084,0.850670386338606,0.544231957057491,0
0.547745954245329,0.990053051151335,0.416662697680295,0.442137266276404,0.38320893025957,0.273684179643169,0.870621704729274,0.174405972938985,0.709635539213195,0.899694589432329,0
0.0056118545715369,0.258870119403458,0.472307646879926,0.721863584127277,0.452996071893722,0.135609365534037,0.308195003075525,0.0671116162557155,0.610620968276635,0.260522866621614,0
0.81960239703767,0.87150764092803,0.102691097185016,0.913696273695678,0.779515542788431,0.966159948846325,0.715862724464387,0.997922055888921,0.161649302579463,0.419527512276545,0
0.0245408977203994,0.62179224162437,0.849794027162716,0.669586782110855,0.00150954443961382,0.537198576377705,0.407699564937502,0.438557320740074,0.408484642161056,0.697149389656261,0
0.445972679881379,0.142915269127116,0.92759666708298,0.244127238634974,0.549475722946227,0.470226805657148,0.779397403821349,0.313792066881433,0.295630902983248,0.615176364546642,0
0.920828552082096,0.220657762121784,0.775871379766613,0.988127270014957,0.120208815205842,0.773498032940552,0.329209053656086,0.96648978209123,0.881908937357366,0.0400744855869561,0
0.100585662069018,0.802212144617459,0.665931285591796,0.271671445574611,0.237293263664469,0.787584509700537,0.938837211113423,0.772927031386644,0.292641184758395,0.0611656901892275,0
0.340514298295602,0.151904347818345,0.747786151478067,0.749172233045101,0.118489825632423,0.193380394252017,0.854279891354963,0.866797542432323,0.546551317675039,0.829187992261723,0
0.95541846113216,0.560483501380765,0.515430799452588,0.106956029310822,0.78595818229951,0.0235707017127424,0.18178200093098,0.867822097614408,0.885226331651211,0.463054206455126,0
0.31113619916141,0.844096515094861,0.517382761929184,0.348988475743681,0.971941026858985,0.164370224112645,0.967441520886496,0.488956707529724,0.70937609183602,0.694409945048392,0
0.108789775573578,0.853491631442233,0.626251289155334,0.790153296198696,0.656846911413595,0.272852588444948,0.52573645953089,0.269797329325229,0.0538022329565138,0.875427167629823,0
0.153112389845774,0.530697855399922,0.255230546928942,0.853544731158763,0.407152986386791,0.996298867976293,0.743638820247725,0.0442203681450337,0.731672876747325,0.382432203739882,0
0.907287747599185,0.679280484560877,0.36295794416219,0.880177423125133,0.330933380872011,0.0520481280982494,0.652965768706053,0.870932956459001,0.181249251123518,0.7714006989263,0
0.74362427322194,0.187191797886044,0.858257279265672,0.556201147148386,0.673857708461583,0.683109183330089,0.595766139449552,0.0565242036245763,0.0638604399282485,0.816029390320182,0
0.868676122510806,0.419389999005944,0.0790698444470763,0.443296647397801,0.069814189337194,0.142091597430408,0.017148663289845,0.492015857482329,0.724416583310813,0.410769893089309,0
0.201737685129046,0.880679473746568,0.568313388153911,0.702972681028768,0.508427704451606,0.888715385692194,0.941668967949226,0.514176827622578,0.125116707757115,0.144445898011327,0
0.0362499018665403,0.499620688846335,0.163366374094039,0.827153275953606,0.592903806595132,0.0995555662084371,0.839575234800577,0.11387010384351,0.261539378203452,0.999249414773658,0
0.928188946633401,0.280405675481671,0.924948807107285,0.480380779830739,0.436573170358315,0.605965314200148,0.248252051649615,0.0148757507558912,0.478389826137573,0.698527249041945,0
0.831394520122558,0.639539843890816,0.50581666175276,0.250593395903707,0.00961191044189036,0.882984461961314,0.758124028332531,0.914405604358763,0.524445367511362,0.966704785823822,0
0.83470485243015,0.225853899493814,0.52900741295889,0.676630092784762,0.962472492596135,0.587246234761551,0.404043521266431,0.48152096173726,0.869582090293989,0.461856106994674,0
0.291060701943934,0.0727248440962285,0.226988509763032,0.997740489663556,0.230800628662109,0.795161271002144,0.263534284662455,0.389986504800618,0.0318861589767039,0.570362473139539,0
0.685746179466281,0.938157287651886,0.551517040235922,0.208991159917787,0.587658217642456,0.733454272849485,0.850594791350886,0.538995926268399,0.27970085456036,0.498534522717819,0
0.0178868939205188,0.27028703894658,0.572524881456047,0.274131636368111,0.309048040769994,0.0617710794322193,0.690925003960729,0.648788787191734,0.0147721467074007,0.973018103744835,0
0.0822587464783234,0.772929734492712,0.831259264843538,0.977305995766073,0.0603263590019196,0.995236503425986,0.489705744665116,0.00966626428999007,0.964689373737201,0.111529127461836,0
0.480239597041396,-0.048562868315476,0.298938473453745,0.94086629175581,0.890416399342939,0.75668173097074,0.803396684350446,0.512598970672116,0.501195426564664,0.540461621712893,0
0.811563507656026,0.0951321186010706,0.63490165094845,0.521389561006799,0.744330102810636,0.710860338294879,0.589926090324298,0.831581462407485,0.657546200091019,0.895689643453807,0
0.672387409023941,0.8105242268648,0.626719560008496,0.232551486464217,0.160414710873738,0.682856420520693,0.231775254476815,0.56100420281291,0.0142967125866562,0.900848252465948,0
0.424002595443479,0.958738334274695,0.63619777187705,0.0252911783754826,0.123764876276255,0.855710620991886,0.241907423594967,0.437875756295398,0.509997386252508,0.785971597069874,0
0.805725705550903,0.827422931240968,0.44787032622844,0.340018234681338,0.564215673366562,0.577783369924873,0.816680988995358,0.950870695989579,0.262105144327506,0.50953059992753,0
0.786791000748053,0.737681883387268,0.501048531848937,0.0904236501082778,0.795938860392198,0.769857635721564,0.172079059761018,0.586469532223418,0.288445385405794,0.873274381738156,0
0.275174197356553,0.00373850279059895,0.351659536594525,0.344861851073802,0.564595232484862,0.941746523138136,0.417433742899448,0.0777294903527945,0.167157351970673,0.844753408571705,0
0.00222873192801781,0.373767076166692,0.662880813935772,0.532260689884424,0.625160708790645,0.273919669678435,0.463926122756675,0.551200881367549,0.623261482920498,0.671615820378065,0
0.998581857056166,0.437645948769827,0.139935123501346,0.184476803522557,0.337810340803117,0.462965893791988,0.911920051788911,0.521593410288915,0.205420771380886,0.717394908890128,0
0.17208362886374,0.0604851604769971,0.952753355493769,0.512442664243281,0.518041732255369,0.72167926793918,0.870441682869568,0.446277300128713,0.77410339214839,0.253488757647574,0
0.60704192169942,0.923409287352115,0.519638750003651,0.801696141948923,0.290052937343717,0.265476258238778,0.458554789656773,0.971387339988723,0.359697514912114,0.519347351510078,0
