"1","2","3","4","5","6","7","8","9","10","class"
0.0335289662432574,0.656091060406096,0.27476650243625,0.383075608639047,0.482136548962444,0.968550506979227,0.891701716231182,0.21870323526673,0.103893032530323,0.351833512075245,0
-0.0396003898154873,0.496682706481474,0.603240777971223,0.19120524590835,0.513805971946567,0.207957903388888,0.937776334118098,0.374352060491219,0.834132591960952,0.0466029357630759,0
0.683475970962188,0.00534549879486423,0.205811465857551,0.775732798269019,0.273745982674882,0.643529489403591,0.267063076142222,0.937220533378422,0.87833566730842,0.0144320062827319,0
0.717685445272509,0.930047841945475,0.297039496479556,0.124393705977127,0.619677397422493,0.897771951975301,0.511282992782071,0.884199689840898,0.279658668674529,0.784004312707111,0
0.863120010821149,0.419832241721451,0.244432026520371,0.186243487522006,0.112614402081817,0.482488453621045,0.482998951571062,0.634540221886709,0.729179139016196,0.0628989459946752,0
0.191967786789492,0.0597207031946535,0.254869516007602,0.434506490128115,0.0286703824531287,0.683976987143978,0.322680498473346,0.925197883043438,0.145629811333492,0.669599709566683,0
0.136273868847638,0.50976961501874,0.547156772576272,0.142375546041876,0.560662856092677,0.101416449062526,0.869669433217496,0.555854363832623,0.0875968516338617,0.123753746738657,0
0.802119094938482,0.874607947033253,0.657319425139576,0.959722068859264,0.336911298334599,0.38803500472568,0.325693731894717,0.609042265219614,0.214879331877455,0.523268976714462,0
0.866599115310237,0.375416658585891,0.0479137229267508,0.592008581385016,0.294635824393481,0.430945636471733,0.818227249430493,0.0930621724110097,0.0184746070299298,0.621109450003132,0
0.0778648287523538,0.344105052994564,0.233115598093718,0.428101115627214,0.658122624270618,0.0871813111007214,0.75581414392218,0.648886417038739,0.50184474256821,0.309683373430744,0
0.696673503058351,0.905523445623712,0.411048901733011,0.386945993639529,0.568292041542009,0.603866986464709,0.361152380472049,0.548416102770716,0.202483704779297,0.496467250399292,0
0.00241301305050651,0.362249589369909,0.00264483923092484,0.916875980328768,0.466173947090283,0.79600919270888,0.751928490819409,0.636916962219402,0.924819711595774,0.73144992836751,0
0.396101599093527,0.942667538998649,0.668698960682377,0.160814374452457,0.0319953432772309,0.735351245384663,0.845001986250281,0.701282336842269,0.0659870449453592,0.893582433694974,0
0.120837709400803,0.509627944091335,0.23218176770024,0.658553096000105,0.277285419171676,0.973152783233672,0.602541957283393,0.0929475198499858,0.0870065672788769,0.853654888924211,0
0.376014565583318,0.881790999788791,0.616440016543493,0.458643958903849,0.483996223658323,0.942937826737761,0.136875953292474,0.252925631357357,0.212242651265115,0.840163722867146,0
0.917067264905199,0.686093472409993,0.763481386937201,0.828667656518519,0.922334149479866,0.899157077306882,0.669078866485506,0.865026695653796,0.722681565908715,0.934199762763456,0
0.447178039234132,0.024228458525613,0.70401085796766,0.472376735880971,0.344759246334434,0.839935535565019,0.0650239025708288,0.377678595250472,0.585017133038491,0.188727273140103,0
0.0251914586026558,0.239118472087781,0.705601647496223,0.0677959122695029,0.061882329871878,0.817390225594863,0.932452426990494,0.840799857396632,0.635298149427399,0.864128929330036,0
0.93147417481523,0.862056872388348,0.59245077567175,0.680726481135935,0.606377623975277,0.780745046213269,0.856454317225143,0.871401218697429,0.904433217830956,0.704351271269843,1
0.503832657821476,0.984155510086566,0.195706404512748,0.376150985946879,0.864497960079461,0.0527241942472756,0.693753987783566,0.627932209521532,0.14344267337583,0.0288607075344771,0
0.624976843362674,0.0718046310357749,0.743809930514544,0.879417633637786,0.569861755007878,0.237154498230666,0.286570174386725,0.811730502173305,0.640283239772543,0.303063236176968,0
0.913514250423759,0.296948199160397,0.205891311401501,0.633342625107616,0.105181813472882,0.258726643165573,0.744184152456,0.259295024909079,0.272849896224216,0.94017531350255,0
0.0642170333264472,0.770488844228158,0.822701577330008,0.942798743024468,0.603744040708989,0.435076762922108,0.624619886977598,0.00310805928893387,0.671795258764178,0.391771395457909,0
0.474897818710641,0.973587122594892,0.0209442495834082,0.0243863239884377,0.547820503124967,0.0844746883958578,0.471378074260429,0.348971332190558,0.437717944616452,0.812869726680219,0
0.551300970371813,0.874466173350811,0.671015531057492,0.408049784600735,0.591887127608061,0.669127329951152,0.602010414237157,0.226723842788488,0.822163775330409,0.373560280306265,0
0.352446106728166,0.0340903068426996,0.239431937457994,0.306763742817566,0.349726543296129,0.919160121819004,0.114919142099097,0.340265847276896,0.81279260199517,0.618336445186287,0
0.505070223130986,0.991841362147175,0.76746704033576,0.308374324114993,0.880655272398144,0.823942647315562,0.144262948539108,0.381970656337216,0.451068338705227,0.103362817782909,0
0.50542286480777,0.977847915608436,0.622797338059172,0.224915516329929,0.536431736778468,0.308426470728591,0.993388289120048,0.13072607642971,0.825217091245577,0.0705397836863995,0
0.0482039591301445,0.708561833112843,0.787633332423866,0.657532070064917,0.000256061553955078,0.834192390553653,0.718482175841928,0.137923223199323,0.509268346475437,0.786281510954723,0
0.101960165191412,0.185999787427803,0.765393980545923,0.617547150934115,0.37335280678235,0.759980071336031,0.409396070521325,0.201959973899648,0.800299724331126,0.80747244739905,0
0.376381211311394,0.000165757667344779,0.358159375842661,0.683096664492041,0.855965425493196,0.5608973975759,0.735355257522315,0.147861736360937,0.933354613371193,0.0646044183522463,0
0.92193500418216,0.258090073242784,0.52289970824495,0.647543693426996,0.112648242153227,0.81739318324253,0.491584264207631,0.388138967100531,0.481367690488696,0.671245884848759,0
0.570709555330309,-0.0094065126391949,0.616148076253012,0.781234388705343,0.160604416392744,0.00024988129734993,0.144831320736557,0.014969945885241,0.035298133501783,0.502517868299037,0
0.951839145745452,0.637125605334256,0.219316713279113,0.373437351547182,0.676079096272588,0.490856818854809,0.776839267462492,0.971208040136844,0.361566911684349,0.677584857214242,0
0.696204468966569,0.930256118803928,0.529458127450198,0.882703660987318,0.468273533973843,0.634641580283642,0.104070782195777,0.821870414540172,0.187678491463885,0.0747102904133499,0
0.455486959956201,0.96429603652131,0.366133105941117,0.196392806246877,0.702060586540028,0.938466467428952,0.475370560772717,0.0918305807281286,0.458873676136136,0.954137331806123,0
0.356041779018794,0.967291022176619,0.242429058998823,0.286697524599731,0.0743839524220675,0.712266485206783,0.0147080437745899,0.520910049788654,0.838156561600044,0.314573029056191,0
0.187232557917014,0.62082954775542,0.168772309785709,0.307249944889918,0.639348177937791,0.0034413633402437,0.444273707224056,0.628286601044238,0.232947908807546,0.941895265132189,0
0.0307112786276447,0.212880102902167,0.173537387046963,0.670545698842034,0.291102786548436,0.786413017660379,0.521348528098315,0.261525440262631,0.694642185699195,0.424422180280089,0
0.202636239925015,0.924486600453971,0.401977876666933,0.883883122587577,0.931319928495213,0.0175651432946324,0.634784933878109,0.857761009363458,0.033209852874279,0.70976843778044,0
0.790488021443769,0.895194203901768,0.638865539804101,0.424816936487332,0.128136704908684,0.105100597487763,0.560800107661635,0.0219043688848615,0.370213636662811,0.929334526183084,0
0.214916836341566,0.0450343570494313,0.392336413729936,0.728780260775238,0.570252585923299,0.0593958580866456,0.530140861636028,0.518465684726834,0.800679366802797,0.175955140497535,0
0.153233117542187,0.821208157470111,0.784716762602329,0.00823468877933919,0.98108386178501,0.626226858003065,0.0222467468120158,0.14027744741179,0.82157575734891,0.393505385844037,0
0.17851097183302,0.461784235667437,0.860470738494769,0.986435612197965,0.0189930393826216,0.0613958886824548,0.888013672782108,0.0355014693923295,0.256281680427492,0.288249312667176,0
0.966222789981892,0.590815162143701,0.337634073570371,0.276136745465919,0.909065545536578,0.319524832768366,0.877745824865997,0.876175171229988,0.367303262930363,0.6681720148772,0
0.824035066645592,0.179405156522989,0.757689288118854,0.59126834361814,0.514397220918909,0.487768526887521,0.894343958934769,0.895347048994154,0.422846389468759,0.709933895617723,0
0.582248149905354,0.147616384318098,0.171787636121735,0.825814881594852,0.711510610533878,0.263000161619857,0.232950621983036,0.149502808693796,0.556909180013463,0.740094025386497,0
0.467550691615351,0.958309817027079,0.855589089682326,0.472172535955906,0.438966079382226,0.594483601627871,0.291902280645445,0.435692200204358,0.0567966960370541,0.487707314314321,0
0.472013806441758,0.957111005756657,0.543712127488106,0.524032538756728,0.0534475955646485,0.684298646403477,0.117623504949734,0.455215002875775,0.948273267829791,0.179637535708025,0
0.822371596703306,0.215962318703532,0.0846303207799792,0.243569658370689,0.00833236356265843,0.413599374238402,0.912749510025606,0.342450512805954,0.931451162789017,0.881759247509763,0
0.503964446562653,0.453444488540602,0.449817847693339,0.0542827998287976,0.799359863856807,0.505108051700518,0.517835695995018,0.091879922663793,0.778805639129132,0.676666652783751,1
0.68680695281364,0.0459019395057112,0.222481216769665,0.589339952915907,0.799556234385818,0.883853004314005,0.294628491392359,0.00749381631612778,0.221638108836487,0.653626238927245,0
0.919846814125776,0.368189736735076,0.038617042126134,0.435085721779615,0.818636684911326,0.272192694013938,0.821035600500181,0.0276719625107944,0.940791117725894,0.155549076851457,0
0.855758855352178,0.246158563997597,0.971319973468781,0.767617138568312,0.0598203064873815,0.681745879119262,0.81992304394953,0.473701532464474,0.56285863253288,0.760698658879846,0
0.636058598989621,0.180802675662562,0.449161054799333,0.673788841580972,0.455124194035307,0.568993415217847,0.430924450745806,0.823045434663072,0.876827007858083,0.304842269746587,0
0.973710189473976,0.579993603234812,0.965508503140882,0.410260877339169,0.49313239660114,0.437062755925581,0.185697830514982,0.404116922058165,0.735129099339247,0.98684975807555,0
0.298226671293378,0.231642548693344,0.462172558065504,0.26608598837629,0.965544794220477,0.352285722037777,0.620356436353177,0.922011278104037,0.0802559074945748,0.401450085453689,0
0.28588048601523,0.823548459913582,0.760026591131464,0.989503818331286,0.537690493743867,0.21619161660783,0.51349759940058,0.823604718549177,0.774274027906358,0.340841861208901,0
0.19226636341773,0.298911870922893,0.0838969845790416,0.434052823344246,0.83798267506063,0.634023554390296,0.0120047179516405,0.0344718350097537,0.971696235705167,0.750285540707409,0
0.40071927223373,0.973301564253612,0.0745872422121465,0.529806554783136,0.00979574699886143,0.715355593943968,0.919011818943545,0.85061997664161,0.322702998761088,0.128578045638278,0
0.177192156435922,0.171855099266395,0.960920006269589,0.848510223906487,0.143257494783029,0.969489882001653,0.393713030731305,0.240115359891206,0.983737998176366,0.588672879152,0
-0.0079944347739801,0.384513886811522,0.924503076588735,0.225631239125505,0.621171435108408,0.711488302331418,0.868425825610757,0.409089513588697,0.660360521869734,0.252291143406183,0
0.821407244540751,0.845715381903574,0.0943337185308337,0.0456657519098371,0.282380304532126,0.100249242503196,0.72358830505982,0.143575121415779,0.0566579080186784,0.125748429447412,0
0.0546320044410902,0.685308171203069,0.465328932739794,0.576037377817556,0.286606029607356,0.163300617132336,0.984765833243728,0.344391374150291,0.408134593861178,0.429951949510723,0
0.376114384038374,0.14731407770887,0.099529470782727,0.528833503136411,0.7379827410914,0.443245128262788,0.281604290241376,0.796912087826058,0.965400052955374,0.213610353879631,0
0.1483889346757,0.845882905928842,0.980512024601921,0.85707445978187,0.802731538657099,0.365098040783778,0.240244629327208,0.274981000693515,0.383519565919414,0.55803776322864,0
0.156164990590848,0.839749689246929,0.0703698783181608,0.09678456466645,0.176008193287998,0.0259105982258916,0.616454202216119,0.929764108033851,0.0773043984081596,0.742015419295058,0
0.907799023238472,0.263355294552986,0.0155829547438771,0.531808279920369,0.0311156420502812,0.935139389242977,0.151887951418757,0.867088675964624,0.90629103872925,0.202002126025036,0
0.679024304263294,0.895960176363587,0.0821920998860151,0.474273326341063,0.0474150448571891,0.312109535327181,0.300979596097022,0.92171083833091,0.642095206305385,0.0554089015349746,0
0.113752980901626,0.82340453203522,0.654408318223432,0.923145258566365,0.599709829548374,0.838836614508182,0.374126987764612,0.496099469950423,0.907114089699462,0.793863631784916,0
0.129417954944074,0.2652652496472,0.724877462023869,0.792949777562171,0.909909006208181,0.393847826402634,0.915810072794557,0.715079779969528,0.446437433594838,0.467687721131369,0
0.745082243112847,0.230486665619537,0.814914011629298,0.737454627407715,0.328074489720166,0.183601612690836,0.529312488855794,0.587585979606956,0.0753629957325757,0.896546794334427,0
0.211762451023124,0.914441290033926,0.992988510522991,0.384361727628857,0.19187780818902,0.78699224954471,0.203061501029879,0.81935317767784,0.269379222532734,0.26664388529025,0
0.0215013487019129,0.656890046325152,0.112190516665578,0.239165956154466,0.324816019739956,0.0663559515960515,0.733967975946143,0.471493423916399,0.838488656328991,0.466954521136358,0
0.0411005298904883,0.742454304969674,0.654325022129342,0.926467118784785,0.465994175290689,0.579279171302915,0.46175119234249,0.754381802864373,0.768163193715736,0.454027111176401,0
0.201721964252205,0.864981659152892,0.223316117189825,0.0482539965305477,0.237384208710864,0.0465201453771442,0.65328720305115,0.930660649435595,0.352714098291472,0.811104981927201,0
0.277021750576027,0.916693998245168,0.782491635531187,0.589249808806926,0.598847498884425,0.66819304949604,0.494843148393556,0.380825789179653,0.840930558741093,0.537398512242362,0
0.433847002917901,0.880151944002137,0.553321381332353,0.115106720244512,0.112548364792019,0.793004947016016,0.541414651088417,0.555340566905215,0.370030934456736,0.443548825802281,0
-0.00986170903554728,0.311179821767007,0.246204734779894,0.539861219935119,0.499652201542631,0.345300208311528,0.842330224812031,0.396318244980648,0.164725372567773,0.62439053459093,0
0.35469081485644,0.86564206937328,0.456170935649425,0.321528808679432,0.658213334158063,0.690558288246393,0.477278700564057,0.915327237453312,0.91291438927874,0.17824475094676,0
-0.000852355463351162,0.670671183123542,0.97617276920937,0.101418581558391,0.177656600484625,0.263881511986256,0.872101063141599,0.0651023341342807,0.547863095765933,0.784860826330259,0
0.00176593638025224,0.463576713344082,0.986971724778414,0.0618215743452311,0.0916429369244725,0.686839620349929,0.85119113791734,0.372337133157998,0.635102269472554,0.557203744770959,0
0.440959569774626,0.967324682698684,0.897522836457938,0.0268754090648144,0.744393036467955,0.985334997996688,0.835654082940891,0.978083713212982,0.586503610480577,0.235426266910508,0
0.93973489598079,0.351857587670151,0.357640465255827,0.607714877231047,0.835998300695792,0.0439640772528946,0.765483694151044,0.104764476418495,0.792528327554464,0.634704312309623,0
0.19009937912735,0.881817545666128,0.102285212604329,0.24306167755276,0.675001617521048,0.501678263302892,0.313419900368899,0.42517704423517,0.530932077905163,0.523710812907666,0
0.99402474990296,0.402735718203275,0.52611937536858,0.309730550041422,0.953427066328004,0.468147265026346,0.047179102897644,0.172933434136212,0.711818068753928,0.180986450752243,0
0.80840817440511,0.83704685121704,0.490352044347674,0.416919722221792,0.157748522469774,0.141683277674019,0.69454789115116,0.403319251723588,0.565230171661824,0.8624138366431,0
0.636140420101583,0.163919000886381,0.636793769430369,0.0867258512880653,0.25441390578635,0.809095955453813,0.257549851434305,0.447522971546277,0.0168835415970534,0.918018490541726,0
0.983833555132151,0.467653551604599,0.339987717568874,0.618875699583441,0.707330110482872,0.00317086162976921,0.001882319804281,0.912871728185564,0.204930980224162,0.421711177565157,0
0.957446614191691,0.510430641743296,0.285123232519254,0.128412214107811,0.649464416550472,0.44749457272701,0.97511163726449,0.812465826282278,0.494202068541199,0.244895019335672,0
0.0389877526646606,0.665683725788909,0.841268370160833,0.230241441866383,0.0886829595547169,0.131945336936042,0.847822077805176,0.205877312691882,0.487646481022239,0.0982714819256216,0
0.962561481957678,0.482381745291809,0.508406748529524,0.771608280949295,0.590341607341543,0.679268980165944,0.139830409083515,0.181603850098327,0.354218816850334,0.338958163745701,0
0.47361051800876,-0.0069409172170849,0.207290329504758,0.59472002950497,0.16949220513925,0.164698443375528,0.595752343535423,0.769518336746842,0.967840460129082,0.562390627339482,0
0.303267280803993,0.0415655900724232,0.406602804781869,0.563914627069607,0.406465644482523,0.0323069696314633,0.549658310832456,0.468743703095242,0.336260494077578,0.695425731828436,0
0.95674957148906,0.405887481912094,0.11309576779604,0.795408992096782,0.440206384751946,0.909928461536765,0.866963514126837,0.190685604698956,0.610055841039866,0.401886960724369,0
0.550916371168569,0.063928137999028,0.947450207313523,0.706883552949876,0.496872902614996,0.434999954653904,0.704816081793979,0.0310436475556344,0.0834117936901748,0.167047305032611,0
0.880855357041582,0.703674346674234,0.573373700026423,0.782094349386171,0.963089537108317,0.0766099176835269,0.540112680522725,0.330990953138098,0.544794140616432,0.414392592152581,0
0.108602186432108,0.31463054055348,0.0475530971307307,0.328793594613671,0.399482200155035,0.567393486155197,0.290355516830459,0.0325794180389494,0.266687104012817,0.100282403640449,0
0.392332989836957,9.04639948069996e-05,0.425712173106149,0.322137258248404,0.909793680068105,0.670800251653418,0.923056823667139,0.211509817745537,0.659630551934242,0.0686440549325198,0
0.352347901789472,0.866243666736409,0.8678299409803,0.754068600712344,0.296340531902388,0.0978075284510851,0.627596627222374,0.630877590505406,0.150512856896967,0.597601115470752,0
