"1","2","3","4","5","6","7","8","9","10","class"
0.07466904090669,0.165370016095409,0.913423487218097,0.662162694847211,0.387824211735278,0.930091247428209,0.329979885835201,0.675787127576768,0.287830202840269,0.857775014592335,0
0.779075521277264,0.869457919150591,0.752995277289301,0.130875787464902,0.122941620415077,0.764995560515672,0.596470275660977,0.680367983877659,0.801374866859987,0.917737383861095,0
0.919192901804295,0.238295583894534,0.358815944520757,0.497486427659169,0.367355182068422,0.0147464929614216,0.270649601938203,0.104133355198428,0.492746550124139,0.656432804884389,0
0.907036311905251,0.236589932403685,0.121066866675392,0.470615149708465,0.359592396533117,0.453979154117405,0.197340880054981,0.3168243477121,0.770469130715355,0.929748036898673,0
0.332799953527077,0.0122520419149997,0.346461673732847,0.470532603096217,0.469233991578221,0.211699206847697,0.804227571701631,0.156040829606354,0.333707170560956,0.673993040807545,0
0.0531848720393517,0.18773976520121,0.708727612160146,0.536164220189676,0.0823441974353045,0.683347765821964,0.541667109820992,0.892980226548389,0.942900820635259,0.683260158170015,0
0.790559241082519,0.0994923072867095,0.381524255964905,0.0320101517718285,0.64288573898375,0.170298382639885,0.643748820293695,0.435530967544764,0.94219517451711,0.900332139106467,0
0.798172249049618,0.108060866194345,0.198470794130117,0.73454026854597,0.168267053551972,0.239924714202061,0.64523688191548,0.220087527763098,0.0195369441062212,0.957990056369454,0
-0.0135604921452956,0.313258244016686,0.400180891621858,0.0579932995606214,0.629635458812118,0.202103502815589,0.68089966638945,0.4568563667126,0.16126173757948,0.576868472620845,0
0.156978001594874,0.838672354257827,0.371609616326168,0.650985776213929,0.670235263882205,0.458934995578602,0.267987828701735,0.480862907599658,0.323347680270672,0.84264344512485,0
-0.00199649780587852,0.320301749934062,0.0684787179343402,0.518125769216567,0.0645805271342397,0.570065045263618,0.747878773603588,0.286009601084515,0.191273791249841,0.942190756555647,0
0.597088875536741,-0.008351273613598,0.759493784746155,0.555642950348556,0.261248571565375,0.112333755707368,0.9506629856769,0.800834719091654,0.782649711240083,0.918165649753064,0
0.260865633113122,0.044148908780271,0.866588181583211,0.687078150222078,0.956213158089668,0.850953751942143,0.805092943366617,0.369990038219839,0.176573122851551,0.388384336838499,0
-0.040782106786714,0.421266416757317,0.614378622034565,0.216561718145385,0.991724456427619,0.141397458035499,0.32401473284699,0.878302344121039,0.340732955140993,0.966660306788981,0
0.226991889569779,0.88631117328722,0.402338654501364,0.559896670281887,0.389002462150529,0.407114868983626,0.163759953808039,0.176289460156113,0.978915038751438,0.342124546179548,0
0.227244412554506,0.908030684842288,0.389220650307834,0.267647008644417,0.996032162336633,0.853780990466475,0.67299360758625,0.692264259327203,0.429843983380124,0.137823595665395,0
0.934730268083513,0.576021100161597,0.0724939280189574,0.983430849621072,0.245648873969913,0.124515183037147,0.652546886354685,0.427536021685228,0.709659028798342,0.831316435709596,0
0.975691716814945,0.377394415647447,0.927884131204337,0.854513877769932,0.647069320548326,0.331384753808379,0.921994945965707,0.69420107617043,0.401805267669261,0.931298203300685,0
0.0231529864534636,0.232751853177709,0.00266833882778883,0.98903085058555,0.929104320006445,0.578632875112817,0.909895804710686,0.474399274215102,0.485555381281301,0.595201181946322,0
0.165977733699859,0.873513924303471,0.810275603784248,0.754913591546938,0.144969935994595,0.81176209799014,0.751077357679605,0.86457040742971,0.76242617238313,0.485425015445799,0
0.0288005360239615,0.252576552895308,0.161539450287819,0.196480465820059,0.755073840729892,0.687720695044845,0.691237674327567,0.610493648331612,0.163762697484344,0.859451692551374,0
0.202687913551927,0.805063748266548,0.46663189586252,0.75306105078198,0.117043382488191,0.670665874378756,0.435674725100398,0.853680113097653,0.29324110946618,0.410351502243429,0
-6.12993588665622e-05,0.562755403089358,0.821149341762066,0.457250895909965,0.712480549933389,0.117039794800803,0.912852202774957,0.174619920318946,0.262861834373325,0.0515097898896784,0
0.869248334209481,0.172498388231927,0.77408493263647,0.782588447676972,0.162430284079164,0.0775670215953141,0.538748136954382,0.72983431071043,0.192628283519298,0.568115619244054,0
0.888929561083111,0.725423434280957,0.207008800003678,0.329914339352399,0.0347931783180684,0.753433777485043,0.618968355935067,0.357199714519083,0.475253555225208,0.740893885726109,0
0.949363700347021,0.432038114638999,0.702496090438217,0.983521269168705,0.180851068813354,0.707029830897227,0.260039111599326,0.99294362613,0.834866442251951,0.780817475868389,0
0.883997101834663,0.792598804372137,0.267085906816646,0.691287052817643,0.989500437863171,0.363025116035715,0.876371280290186,0.76664002565667,0.255083974450827,0.14663955825381,0
0.384962993208319,0.0251285810954869,0.142632500268519,0.770485089393333,0.23782638926059,0.0382607192732394,0.0919970101676881,0.137499577365816,0.404947909060866,0.0344228358007967,0
0.287214944646685,-0.00283400896003516,0.655290374299511,0.236941180191934,0.927003279794008,0.189088213024661,0.0803140227217227,0.668167182477191,0.655304251238704,0.789731924887747,0
0.979859484368349,0.347143518672661,0.812728181714192,0.021986685693264,0.571358873508871,0.239746523089707,0.0664136507548392,0.275837011635303,0.19096339144744,0.814853047253564,0
0.0337553517892957,0.48333724308759,0.0961415052879602,0.730881861643866,0.724645333597437,0.310013322625309,0.0544797903858125,0.894353770883754,0.443422589916736,0.944100511725992,0
0.151197606464848,0.763442269759253,0.576663298299536,0.0296446525026113,0.536665793973953,0.841726490063593,0.123503326438367,0.656940493034199,0.703552114078775,0.302082740236074,0
0.0391846941209059,0.28302676162397,0.047763884300366,0.811455132905394,0.443447427125648,0.932347529102117,0.831118009286001,0.962201539892703,0.108942383201793,0.599662985419855,0
0.146621829348372,0.850028106053143,0.903985531069338,0.389780862722546,0.292742826044559,0.496978529728949,0.0790100011508912,0.899071424035355,0.842513257404789,0.17371264914982,0
0.409300027765854,-0.0278706308609566,0.589649342466146,0.407898197649047,0.353177844546735,0.603574680862948,0.991607866249979,0.620324479881674,0.475621796678752,0.0397152244113386,0
0.812136122956872,0.844278413336724,0.415708501590416,0.494442114373669,0.18424010835588,0.443488055840135,0.362592072226107,0.938637413317338,0.246520039159805,0.425223405240104,0
0.49651811835974,-0.0164677947486314,0.815955000231043,0.76973358518444,0.739390775095671,0.596024422440678,0.950966846896335,0.916345537872985,0.866323939757422,0.781160230049863,0
0.907814774895087,0.300099201500416,0.99581354833208,0.617270812857896,0.682487550424412,0.462043742416427,0.623541969573125,0.984984372043982,0.647433419711888,0.903806561138481,0
0.221971690293745,0.0264543835776235,0.523071080679074,0.109433692414314,0.680636670440435,0.314610386267304,0.924534334801137,0.0533225215040147,0.708098389906809,0.46059699729085,0
0.716395040367147,0.895339414305468,0.462161014322191,0.465352845843881,0.394807716133073,0.0882609442342073,0.361144651426002,0.0687784291803837,0.189085766673088,0.680051908828318,0
0.281628518388119,0.9366651162537,0.357975507620722,0.981183604104444,0.53211569134146,0.85385104524903,0.850718629313633,0.294615456368774,0.909075658069924,0.886098192306235,0
0.967460287543088,0.45918821870748,0.899719494394958,0.163072562310845,0.862294584512711,0.644059126963839,0.863728556316346,0.877778386231512,0.557258479297161,0.710324242012575,0
0.0905514305923134,0.716726486105472,0.419235329376534,0.511749781435356,0.555883660446852,0.094889534637332,0.0966249126940966,0.963239725679159,0.314719809684902,0.771920759230852,0
0.585620983527572,0.0140226658296,0.98802430415526,0.219843989238143,0.815246960846707,0.927987449336797,0.958645191276446,0.267064021434635,0.251916519133374,0.0336661112960428,0
0.249908067053184,0.0924203135073185,0.331180446781218,0.462395428912714,0.714771412778646,0.208626739680767,0.453261647606269,0.694528271676973,0.85184727772139,0.327321846503764,0
0.118867723745998,0.809392771051691,0.108979154145345,0.884304173756391,0.0478417105041444,0.342444412875921,0.171063762390986,0.414755566976964,0.0921863988041878,0.348429672420025,0
0.944785469623999,0.330412640647987,0.788930562324822,0.0467364666983485,0.201517712092027,0.660621989984065,0.942565619479865,0.591365841915831,0.553537148749456,0.724522904027253,0
0.0792561930138618,0.409374843118712,0.51507682679221,0.0961231815163046,0.0670558053534478,0.947882815962657,0.790654400363564,0.767261700704694,0.0301589665468782,0.573375155450776,0
0.965398256666958,0.548078505555168,0.198708489071578,0.213171874172986,0.798920472385362,0.101642527151853,0.557166812708601,0.123764243908226,0.667458263924345,0.156902984948829,0
0.954234160141701,0.662324138281151,0.117186086485162,0.0550475618802011,0.682949637062848,0.544130084570497,0.901463184738532,0.690296508138999,0.563356616068631,0.912925076205283,0
0.721472309774867,0.892386797742481,0.754929703194648,0.0157043188810349,0.2602975636255,0.332485048100352,0.648774241097271,0.52062099124305,0.109021807322279,0.0219029653817415,0
-0.00277830289347225,0.673844703491478,0.807762446114793,0.117642010794953,0.114647602895275,0.82152865245007,0.0205456991679966,0.240330949425697,0.441895169205964,0.891749193891883,0
0.0104459489285263,0.651982493583181,0.242297211894765,0.697724637342617,0.961055124877021,0.523251234320924,0.468345934757963,0.0455813659355044,0.717679187189788,0.386283132946119,0
0.605697965583288,0.956665516921175,0.749454912031069,0.0369356677401811,0.984832983464003,0.903532573953271,0.226275555323809,0.732043695868924,0.130042986944318,0.166041305521503,0
0.971533584772315,0.598908280725709,0.877264350419864,0.416810331400484,0.597486144630238,0.564791406737641,0.57494976487942,0.573284927057102,0.169327424140647,0.0313037638552487,0
-0.014622416819016,0.327890543097083,0.299759909277782,0.13346698670648,0.239131498849019,0.265900111990049,0.248643860220909,0.851636824198067,0.346202422631904,0.76159934210591,0
0.662801886443049,0.904986067442223,0.316869435366243,0.95249359915033,0.934633738361299,0.203223423101008,0.729636473581195,0.180013613542542,0.762076176935807,0.694371874909848,0
0.0282779015144737,0.727425783138668,0.123961618402973,0.823673565173522,0.665382825070992,0.174350273795426,0.217165837064385,0.0750019396655262,0.29818455176428,0.707483293721452,0
0.169875646207922,0.910346925187134,0.533485633786768,0.853183769853786,0.377036486752331,0.548935959581286,0.552546585444361,0.985017008846626,0.47502401098609,0.3394313857425,0
0.0953476792810257,0.788348642473172,0.669931711629033,0.971779783256352,0.168568209512159,0.537635188084096,0.579343872377649,0.769487580284476,0.577664730371907,0.70518490485847,0
0.711958045139909,0.900179386371747,0.701509065227583,0.361563374986872,0.529260594164953,0.508623782545328,0.486621156567708,0.580842642812058,0.631149040767923,0.176474667619914,0
0.766996209975332,0.0984872232656926,0.339940404053777,0.979851955547929,0.381102438783273,0.688573880586773,0.0712365675717592,0.0659991512075067,0.317406339105219,0.336199720622972,0
0.0929056848166511,0.0544843444367871,0.690606973599643,0.531427518930286,0.266363178612664,0.850706108380109,0.769238024717197,0.0797238568775356,0.56452157208696,0.943200139096007,1
0.966301186722257,0.631445995462583,0.460490506608039,0.810465266229585,0.669678536709398,0.336716956924647,0.259270714828745,0.483706887345761,0.943163371179253,0.678042384563014,0
0.448648185702041,0.9905450346414,0.68495622719638,0.449068451300263,0.964063229504973,0.659100709250197,0.905392986023799,0.386464930139482,0.935871547786519,0.0309860471170396,0
-0.0373410921307873,0.402968206033278,0.169863928342238,0.096901515731588,0.0453226559329778,0.565119934035465,0.877512600738555,0.393868811428547,0.210694989189506,0.813701134873554,0
0.901750261429697,0.681189145892859,0.283677511150017,0.842465871246532,0.105958071071655,0.78812467539683,0.675048514967784,0.148107837652788,0.96564584155567,0.897816639393568,0
0.00782734445522149,0.648321680428828,0.550052026053891,0.230624897638336,0.217951539903879,0.816299666650593,0.989224955905229,0.0759739188943058,0.183184658875689,0.555442538578063,0
0.433856707366126,-0.0107336906611222,0.361870867665857,0.368714124429971,0.628411259967834,0.973763346904889,0.576349285431206,0.941174134612083,0.18156901653856,0.245727567700669,0
0.730947545205287,0.91035997004872,0.802667660173029,0.306309539359063,0.149797941325232,0.703507032478228,0.412741150939837,0.16929964418523,0.463036792585626,0.650878898566589,0
0.953974023284621,0.327289795185716,0.106840073131025,0.52026014146395,0.573641416616738,0.552711689146236,0.877541326917708,0.874430048046634,0.468657143879682,0.954916842514649,0
0.209894038516105,0.0632956200931802,0.127394712530077,0.0326483391690999,0.58613439835608,0.81813293742016,0.390266948379576,0.845463293371722,0.682061576051638,0.817581883864477,0
0.655952696195631,0.928021587290839,0.811091727344319,0.0350000699982047,0.844725980656222,0.86569360550493,0.528366627637297,0.735380820231512,0.679086966905743,0.564212066587061,0
0.548361730576376,-0.0302189785118533,0.326770009938627,0.587562102358788,0.4162630753126,0.885515525471419,0.544455440947786,0.0727832310367376,0.292075152508914,0.639554385328665,0
0.36647088476902,0.94808432307747,0.456203919136897,0.18112676939927,0.792461956152692,0.368147670058534,0.413030760828406,0.232023234013468,0.242551399162039,0.246851363684982,0
0.286158670295957,0.92004304968403,0.446052181301638,0.437666803365573,0.625981457764283,0.393332831794396,0.632065252168104,0.819691366981715,0.731266865506768,0.438813470304012,0
0.626981159914037,-0.0202099029997431,0.353519908618182,0.782014740630984,0.135056511964649,0.0617629268672317,0.580590436467901,0.172719222959131,0.709698040271178,0.66363972867839,0
0.80635074624803,0.817728739603128,0.859929711325094,0.919723344035447,0.0494559674989432,0.945820959052071,0.263119068462402,0.303750270279124,0.820665521780029,0.528105249162763,0
0.849290627256654,0.119681254614107,0.740305248182267,0.701063690939918,0.700929917395115,0.788609058829024,0.40190310892649,0.269940817961469,0.821480329614133,0.705644957022741,0
0.379583996069366,0.945258245450832,0.704100434668362,0.555683893617243,0.210983148077503,0.288727197563276,0.205047190655023,0.669828277314082,0.877373554976657,0.152499147690833,0
0.0355031602340838,0.236671612429893,0.550252786604688,0.0484015706460923,0.964974243659526,0.680739374132827,0.367621940327808,0.0439180321991444,0.620132038602605,0.600649929372594,0
0.0454686061795026,0.20524984963267,0.497639770852402,0.525733991991729,0.230225688777864,0.499713415512815,0.406031477963552,0.130911148618907,0.414856619434431,0.435826646629721,0
0.41620172047665,0.991710456206783,0.229853543685749,0.495065626455471,0.744179962202907,0.750755317043513,0.0394001926761121,0.870582693023607,0.0352494309190661,0.504013679455966,0
0.673195037620151,0.939965715208342,0.238299926510081,0.978077786043286,0.814843625528738,0.532584929373115,0.704835105221719,0.198604545788839,0.649281703401357,0.451425761915743,0
0.700789923779666,0.865506506990641,0.343496118905023,0.685036589857191,0.516935027670115,0.535928756697103,0.975414585089311,0.298681800020859,0.194597759051248,0.18087673955597,0
0.670873213372075,0.940213826085347,0.932467979611829,0.293317991308868,0.44915713975206,0.155623194761574,0.677811834495515,0.963543134508654,0.447881291853264,0.208481050096452,0
0.897661954630166,0.331211872166023,0.479068117216229,0.126032883767039,0.433475840603933,0.836921765236184,0.356175032211468,0.389070211909711,0.271643785992637,0.930608736351132,0
0.0403011210728437,0.554085088195279,0.515361002413556,0.176269301213324,0.330432581948116,0.0633548675104976,0.931779184145853,0.974375187419355,0.641492440830916,0.526197534054518,0
0.518289249623194,0.910712545970455,0.364130735863,0.7804979106877,0.446919513866305,0.52475323737599,0.983133184257895,0.0889395142439753,0.538084944011644,0.492980441777036,0
0.939780281158164,0.6200595672708,0.165374655742198,0.0402722761500627,0.483026891248301,0.489002271322533,0.376010590000078,0.412861802615225,0.694581849966198,0.140646754996851,0
0.965259293957338,0.350201047828996,0.834402799373493,0.980933042941615,0.647193219512701,0.30583268404007,0.237556564854458,0.573445117101073,0.388596143340692,0.81365724420175,0
0.096600728109479,0.783362416317686,0.771218914305791,0.276288985507563,0.289836117299274,0.693813843419775,0.556215989403427,0.0108329162467271,0.36831193533726,0.180194377433509,0
0.838769087796579,0.812312476328331,0.218655846547335,0.160333324689418,0.14221338997595,0.134897737763822,0.29310546326451,0.459040021989495,0.604169534752145,0.473204696550965,0
0.167554678655425,0.0751991599821909,0.414931020466611,0.698712010402232,0.0445775827392936,0.301651251269504,0.960211879340932,0.354338417761028,0.0111840441823006,0.93253070442006,0
0.926678716371915,0.677042289029423,0.625962964491919,0.298963271081448,0.404832863016054,0.872851959662512,0.656980192288756,0.199292151955888,0.415486420504749,0.0134672422427684,0
0.842654458923522,0.789017498642978,0.234967208933085,0.806341648800299,0.171398122794926,0.655185412848368,0.91596212843433,0.615735269617289,0.56962708523497,0.328774378169328,0
0.173713641241193,0.187966641737148,0.905116545734927,0.457641284447163,0.258257565787062,0.122513254871592,0.609065028373152,0.397292815381661,0.549471438163891,0.703001384157687,0
0.780039900448173,0.184296106919646,0.485254644183442,0.485191176412627,0.419204297009856,0.0656106038950384,0.513026527594775,0.493680846411735,0.319218083284795,0.578016761923209,0
-0.0246279406130943,0.477542239037506,0.092313283123076,0.0848530305083841,0.179693475365639,0.688527798512951,0.189196587540209,0.976619531866163,0.535563305020332,0.912495144410059,0
0.201865595337112,0.925815029074771,0.00728251505643129,0.51172998175025,0.152123586973175,0.682684689294547,0.809229518286884,0.997254983987659,0.978076949948445,0.697652098257095,0
