"1","2","3","4","5","6","7","8","9","10","class"
0.737900358937259,0.041117484233515,0.381582284811884,0.891665090341121,0.720850188983604,0.19636570289731,0.930967119522393,0.562709475168958,0.488545568892732,0.910457603866234,0
0.533231476321816,0.930325405672193,0.0352675875183195,0.875527392607182,0.119942545192316,0.62726654112339,0.38062817370519,0.24098103842698,0.229089787229896,0.223823013482615,0
0.264813252287458,0.927460489599881,0.840133917052299,0.774714080616832,0.0914894691668451,0.179440518142655,0.402691985480487,0.627764622680843,0.288880408974364,0.450538366567343,0
0.700396252584436,0.0351756682954977,0.279140343889594,0.963845474645495,0.420753346756101,0.349913815036416,0.319820657139644,0.543141658417881,0.753112411359325,0.160674232523888,0
0.787819885430953,0.101094170358235,0.787406282965094,0.0413608353119344,0.0566554039251059,0.725919661577791,0.775717767886817,0.800578028894961,0.674325173255056,0.0217033769004047,0
0.842791973846033,0.754738541319966,0.34070542966947,0.755592624191195,0.263426514109597,0.940840457333252,0.273653462063521,0.308365326374769,0.919038685038686,0.514636520529166,0
0.997811968197414,0.490717016344506,0.539705821778625,0.458048791857436,0.87094763875939,0.295389056671411,0.00210050167515874,0.225212245248258,0.282513267593458,0.173637757543474,0
0.953377144876868,0.525795990135521,0.145322651136667,0.849514808272943,0.376153300283477,0.379839379806072,0.706997006898746,0.76058047125116,0.798169892979786,0.685856141149998,0
0.858071997871367,0.177369331784483,0.0478662417735904,0.187833207892254,0.152184771373868,0.143910850863904,0.731794309802353,0.559723980724812,0.177617724752054,0.447308413218707,0
-0.0111324142861645,0.575150167996405,0.489588784985244,0.681989969452843,0.00717696640640497,0.000390947097912431,0.353900874732062,0.0114176895003766,0.695657219504938,0.200243819504976,0
0.950519440054882,0.423416487492191,0.596633100416511,0.266411219956353,0.284259528387338,0.344968715915456,0.798634003615007,0.994557395810261,0.646414833143353,0.344595266738907,0
0.926505752140656,0.381120461504906,0.86107744416222,0.622046385891736,0.605486908229068,0.417308653704822,0.785314280539751,0.088574152207002,0.241363823181018,0.655208471929654,0
0.509551073130353,0.988766668352033,0.913890373427421,0.048317793989554,0.55370760243386,0.957977032056078,0.41393430926837,0.533014126121998,0.0690043857321143,0.0647177181672305,0
0.955329023485263,0.287682642968446,0.193687383783981,0.625037720426917,0.968369734473526,0.32595244795084,0.486095799133182,0.807812899583951,0.982895640656352,0.223875197814777,0
0.156144398599918,0.102634672945019,0.0814415416680276,0.559868366690353,0.209436448058113,0.300479240948334,0.788969906978309,0.721979635534808,0.435975302476436,0.296973895048723,0
0.628975297294829,0.944828353919287,0.123395959846675,0.705909664044157,0.0531103366520256,0.161267508985475,0.729627376189455,0.874896070221439,0.519226138712838,0.749405402923003,0
0.912904080108914,0.247603709294024,0.149888569489121,0.777057468192652,0.5671506524086,0.643216412281618,0.910557658178732,0.781893050996587,0.284950366709381,0.506185825215653,0
-0.0277484850246017,0.387588415920615,0.761018852470443,0.234916804125533,0.484542730264366,0.681197313824669,0.418924527009949,0.654108373913914,0.19174509239383,0.276484803995118,0
0.0874649439228285,0.149930077105257,0.347863194299862,0.663116433424875,0.168708213139325,0.797124604461715,0.624798075528815,0.320457242662087,0.0110133776906878,0.0473114212509245,0
0.0273527088575065,0.451935799792409,0.0773998098447919,0.387881175382063,0.585579222533852,0.784693382214755,0.471641957527027,0.717951099388301,0.323097292799503,0.891055091517046,0
-0.0230006096191662,0.54286630653404,0.707068529212847,0.56831177813001,0.757303262595087,0.893982300069183,0.470483869779855,0.586763835744932,0.572598082246259,0.933327784528956,0
-0.0110691540026604,0.423828208788617,0.91741482145153,0.479348862310871,0.232233516406268,0.373024000087753,0.757762941764668,0.948480268474668,0.695796818938106,0.217564946506172,0
0.435598818179042,-0.0198510012086278,0.201991794398054,0.525882188463584,0.4549816979561,0.573713986203074,0.605207852553576,0.37353105051443,0.884701043833047,0.419676580000669,0
0.949676578932235,0.266045569017241,0.802385553019121,0.506692838389426,0.579267630120739,0.887411730829626,0.09099266002886,0.124295240966603,0.292568183038384,0.086108076851815,0
0.0778799788095057,0.601296152919531,0.658904403448105,0.399875218048692,0.0257054623216391,0.989600786473602,0.969398663146421,0.990186802810058,0.60154341510497,0.369275809498504,0
0.946200823389689,0.227335651412626,0.538106811465696,0.342951124766842,0.663118106080219,0.941415549488738,0.252492664149031,0.848592767491937,0.247237234609202,0.179763251217082,0
0.018304371715551,0.345230977047316,0.271106251049787,0.743383347755298,0.0837328415364027,0.481891280040145,0.631566427648067,0.0831312274094671,0.714408770669252,0.0274440206121653,0
0.076524794640261,0.778327006184552,0.811804431257769,0.72917968314141,0.79298540065065,0.389102214714512,0.129955868935212,0.707424689549953,0.704712852602825,0.676838202169165,0
0.286519081953548,0.022954500513456,0.422394847963005,0.627095991047099,0.80928509333171,0.272545098792762,0.280313286930323,0.103877844754606,0.597198280738667,0.770197307225317,0
-0.00921927591246019,0.365531992872266,0.777021544519812,0.643017997033894,0.897225390886888,0.0601152898743749,0.320910435868427,0.772738391766325,0.00945317931473255,0.611607736907899,0
0.438848889633259,-0.00656536733375279,0.785662902519107,0.294098370708525,0.590366022428498,0.339201844064519,0.283457991201431,0.335728571284562,0.00369612080976367,0.365704194176942,0
0.567421521777308,-0.00966570767110475,0.174303307197988,0.624994784127921,0.102726919809356,0.883470603032038,0.617685473291203,0.474947076989338,0.38214653194882,0.850833871401846,0
0.0936097709927708,0.318927954649553,0.441634232411161,0.75048680184409,0.711947257630527,0.412189399823546,0.563106999034062,0.743570766178891,0.731560367159545,0.689105624333024,0
0.87607883723744,0.815212872170021,0.495449230307713,0.851006484590471,0.529607609147206,0.683744977228343,0.0511490383651108,0.764766863547266,0.402421382954344,0.64609485026449,0
0.985834571167637,0.468478594932665,0.649594733724371,0.0554784934502095,0.946190226590261,0.00450689718127251,0.920138533459976,0.850770349381492,0.567130518844351,0.0313920171465725,0
0.708483897076762,0.0630337403299057,0.807201482355595,0.295337286312133,0.390104348538443,0.618463434977457,0.242758116452023,0.528814635472372,0.481819021049887,0.993601060006768,0
0.0624859637852642,0.756865277313664,0.115880525205284,0.300956065068021,0.478872058680281,0.38114641001448,0.212571784388274,0.194287551334128,0.0488046479877084,0.643162062158808,0
0.759717804938886,0.897362311654974,0.0143789877183735,0.830316893057898,0.660642596660182,0.29051540279761,0.602195856161416,0.579161881236359,0.0337221741210669,0.0235475350636989,0
0.0438333696348998,0.694436999309479,0.143550237175077,0.598245008382946,0.584584552794695,0.99929543863982,0.622349868994206,0.880032764049247,0.290059858001769,0.351333655416965,0
0.568783091141449,0.947518857546818,0.544113182462752,0.672904566396028,0.701470784842968,0.182323019020259,0.889235993148759,0.833013176219538,0.298248514765874,0.42645198572427,0
0.37888372914123,0.988142642925989,0.869166771415621,0.246761034941301,0.940062919864431,0.685827737674117,0.017543357796967,0.280082667944953,0.968056485755369,0.837745840195566,0
0.741533681980989,0.901598652035146,0.322252584155649,0.987166159320623,0.778884401544929,0.925008937483653,0.629691778682172,0.160545040620491,0.88945555430837,0.321730900555849,0
0.0949951043950763,0.82450149157668,0.172917729243636,0.193035717820749,0.890205340459943,0.392925367923453,0.401724574388936,0.0304519115015864,0.509975600987673,0.147802081191912,0
0.974378336686641,0.404067547526211,0.758063309593126,0.94030831521377,0.00476993806660175,0.114385014167055,0.971934025175869,0.862897637765855,0.347091481322423,0.437425797572359,0
0.701298078504215,0.0434497847896825,0.18673178483732,0.221934434957802,0.657548978924751,0.863045849837363,0.646640287013724,0.382712026825175,0.868577641434968,0.150497463997453,0
0.0701342981166965,0.790150865557224,0.365035460097715,0.0271225876640528,0.301118077943102,0.91928693652153,0.88028581882827,0.0285673507023603,0.706749265780672,0.0859843797516078,0
0.930361282116782,0.22655295434909,0.296323522226885,0.245702899293974,0.258238644571975,0.982798938173801,0.834828020539135,0.239034162601456,0.971573361894116,0.0527024830225855,0
0.993272816007436,0.549154642547572,0.232427925802767,0.0511585928034037,0.124818897806108,0.0908936562482268,0.182473772903904,0.65069383312948,0.102476533036679,0.628305749967694,0
0.21784126575394,0.0343749555649964,0.129581426735967,0.271360052516684,0.590786124113947,0.143117181956768,0.199729910353199,0.570812921505421,0.150522701442242,0.572926031891257,0
0.761757430605853,0.0509138067676915,0.354087650543079,0.151826208690181,0.32769203116186,0.588917952496558,0.707314352039248,0.536910249851644,0.742691319435835,0.714362169150263,0
0.956214891600746,0.29398377800803,0.179049464408308,0.603438790654764,0.552886778023094,0.621444922639057,0.0694077641237527,0.0937653419096023,0.38383801560849,0.781366077484563,0
0.171629890702971,0.868196296759264,0.608512970386073,0.324656344950199,0.829177716281265,0.227237065089867,0.548819278366864,0.044330928241834,0.83715505618602,0.208926829742268,0
0.873831488024459,0.187002416595585,0.363547283224761,0.858292002463713,0.453224232885987,0.654141514096409,0.875364866340533,0.881492994958535,0.729702734854072,0.142909158021212,0
0.0763274628318472,0.147453697250684,0.75976551650092,0.31295946938917,0.923816853901371,0.164405415067449,0.820706199621782,0.787994971266016,0.925760912476107,0.913833299418911,0
0.964291850444558,0.334587836972928,0.324848581803963,0.92675324366428,0.0884313015267253,0.135793440276757,0.490890677785501,0.0501194871030748,0.396223979070783,0.612539861584082,0
0.842899108305573,0.22356937918812,0.384126761928201,0.369910543318838,0.842791029717773,0.00382164982147515,0.154999798163772,0.234271224355325,0.57263198774308,0.860513956286013,0
0.130250540516753,0.0768020102762987,0.486925575649366,0.426216798834503,0.162054759217426,0.979499813867733,0.561479451367632,0.503467207308859,0.264501656172797,0.768549345899373,0
-0.0295338649102219,0.415425435967422,0.436852673301473,0.875960869714618,0.206752171739936,0.359937147935852,0.640348537126556,0.0363281366880983,0.335113234817982,0.541874750051647,0
0.0532923717983067,0.712478525238112,0.286872667260468,0.979365961393341,0.341868793824688,0.238960358314216,0.51156803034246,0.816248737508431,0.0449089338071644,0.647527877241373,0
0.936027625746344,0.649060052834534,0.0513080335222185,0.480816004099324,0.509839999955148,0.0560094499960542,0.575795620679855,0.696739693405107,0.995562266791239,0.294335851678625,0
0.947184830259708,0.633456269410577,0.33704444183968,0.833368637831882,0.836762310471386,0.430985733866692,0.119973862776533,0.0462737791240215,0.45434607937932,0.7138701248914,0
0.965257008179636,0.350360670782649,0.95817879983224,0.926488168071955,0.223432881524786,0.988143291790038,0.743583803297952,0.78131904406473,0.256441162433475,0.359694252721965,0
-0.00607548678118863,0.619236538508561,0.349456081399694,0.478623891947791,0.694500464946032,0.213116199709475,0.352359266486019,0.119015091797337,0.986745057394728,0.902411674382165,0
0.640544700436294,0.905605758074671,0.779914559330791,0.223968159873039,0.452063527656719,0.0469002632889897,0.899321623146534,0.89186580828391,0.969604422803968,0.395256523741409,0
0.846828670695421,0.786368587485664,0.476797417737544,0.895570214139298,0.0690559761133045,0.123067282373086,0.739322583191097,0.218802868388593,0.356722250347957,0.329364883014932,0
0.063108223606098,0.155951364108245,0.476269203703851,0.346659864066169,0.435700399102643,0.768202694132924,0.370993566233665,0.921294459607452,0.521804469870403,0.707353376783431,0
0.978008701617449,0.544634176614257,0.772195693105459,0.862707311520353,0.234413203550503,0.485449968837202,0.50819590059109,0.700102120172232,0.425214655464515,0.0666898840572685,0
0.655034002465423,-0.00756052384810002,0.861301007214934,0.052099093561992,0.913502810755745,0.353402570821345,0.469595249509439,0.490428095217794,0.0682035037316382,0.514264445286244,0
0.606195728079619,0.0138468621727802,0.846926255850121,0.236181602114812,0.616994918324053,0.444956664927304,0.183633120497689,0.683550377609208,0.555666935397312,0.665975967422128,0
0.357906396185095,0.945235277801313,0.685643316013739,0.698904233984649,0.217135549290106,0.195240645203739,0.655841415282339,0.399783794302493,0.258884086506441,0.798644384602085,0
0.454631315961916,0.94992791429416,0.73288983758539,0.670454508624971,0.199010541662574,0.883940466679633,0.440886644646525,0.336578121641651,0.425399105763063,0.550255628535524,0
0.849306148709729,0.769107797183096,0.650352508295327,0.766881783958524,0.591195054817945,0.917864917544648,0.185270197689533,0.821327563608065,0.161081477766857,0.952999490080401,0
-0.0371108749430767,0.541269090872293,0.923909998266026,0.598853728733957,0.985598116181791,0.708920100005344,0.426773223560303,0.599369124043733,0.516490269219503,0.847129057860002,0
0.620280649478534,0.925160985345308,0.119818406179547,0.378910612314939,0.42251075967215,0.0993257784284651,0.678002074826509,0.931263651931658,0.36081650108099,0.953441725578159,0
0.773968209978193,0.830409624846652,0.198223423911259,0.934445296181366,0.737277975305915,0.455473243491724,0.532433626707643,0.839039308950305,0.911875805817544,0.0958973045926541,0
0.17099224217236,0.787650645244867,0.300580780487508,0.0896233187522739,0.287502593593672,0.625440601492301,0.98865358135663,0.9629495984409,0.658298297552392,0.415787812788039,0
0.278595375320757,0.954227751991829,0.895044363802299,0.775920984800905,0.628111576428637,0.33830253011547,0.895955866435543,0.412450534524396,0.769170443760231,0.419831062899902,0
0.341311342060327,0.967346631288914,0.303076401352882,0.156908876262605,0.613377533387393,0.610684915678576,0.277479130774736,0.178472196683288,0.192767678759992,0.6390224553179,0
-0.028216266247944,0.451553754039547,0.227539910236374,0.322392492555082,0.59359611524269,0.625036660814658,0.920769925694913,0.275249406695366,0.544210596708581,0.595290119526908,0
0.839328210191326,0.175965456866442,0.379889946663752,0.719852804671973,0.287664579460397,0.432837941450998,0.751086649019271,0.967092870268971,0.893422840861604,0.0219157999381423,0
0.112180280033499,0.232876425143331,0.274601966841146,0.644019935047254,0.591986956773326,0.654210457345471,0.63707532430999,0.865887864492834,0.905289413873106,0.601413582451642,0
0.171781462098394,0.881365430229661,0.143223524559289,0.84614767995663,0.609323595650494,0.262131163384765,0.978706569643691,0.643837077543139,0.893715765327215,0.445502118207514,0
0.910479975814406,0.268191260479308,0.80719870259054,0.36178440740332,0.67281117849052,0.131932788295671,0.890849668998271,0.0451382689643651,0.58506319578737,0.768851967295632,0
0.325570491933182,0.951702295965547,0.44990377407521,0.973941192729399,0.869307494023815,0.806757961399853,0.459861832670867,0.130707000615075,0.741516722366214,0.544083244400099,0
0.167934259632602,0.792697871103883,0.0856515124905854,0.0714816285762936,0.249940338078886,0.571487033274025,0.145862692967057,0.583297774661332,0.313297485699877,0.250556931598112,0
0.564813121252882,-0.0302557759886662,0.540749000385404,0.371613141382113,0.776959714014083,0.40644798008725,0.682477571070194,0.75831315596588,0.734530242159963,0.840000064577907,0
0.00163267339758721,0.289862527191657,0.988838030025363,0.291196038480848,0.30574028310366,0.733309297822416,0.693551314529032,0.535112997284159,0.0744794167112559,0.736444927984849,0
0.13399809392597,0.818937071862544,0.141372506739572,0.795134640065953,0.0250751143321395,0.346222528489307,0.308509684633464,0.838160229614004,0.995600102934986,0.831183578120545,0
0.294519455637783,0.101260659052059,0.333089451305568,0.351307583972812,0.939442626666278,0.11708176205866,0.915548175573349,0.0538380867801607,0.752375323092565,0.709574399050325,0
0.535881626174013,0.962839961228369,0.244754045736045,0.864316035294905,0.339088045293465,0.707667391980067,0.183894606307149,0.511416940018535,0.554458996513858,0.0343562790658325,0
0.623867834736281,0.948100953902469,0.907815724378452,0.886757506523281,0.545287939719856,0.578274846542627,0.24063334451057,0.65439491905272,0.338056066539139,0.104233435820788,0
0.712812693992025,0.938332506810701,0.064213793259114,0.521478447597474,0.939065859420225,0.354504680261016,0.579563161591068,0.474077605875209,0.00883306632749736,0.511037055402994,0
-0.0236689704006237,0.517844745207447,0.946733164368197,0.105772087350488,0.476027792552486,0.791026063961908,0.894525150069967,0.207845534663647,0.337236406747252,0.659906949615106,0
0.524602970789787,-0.011875150811496,0.590831902809441,0.593826852273196,0.873151229694486,0.752828090684488,0.794591576559469,0.336891116108745,0.117788631469011,0.618324016220868,0
0.821283214145433,0.809457875604162,0.25622275704518,0.827075911220163,0.6561545424629,0.678101839264855,0.0449065300635993,0.182505220174789,0.808632093947381,0.446390491444618,0
0.00249912136009955,0.266873126344693,0.592113850172609,0.585163290379569,0.451617463026196,0.560929168015718,0.657654130831361,0.131229606224224,0.247210998320952,0.600552815012634,0
0.0642355944670712,0.220067218715315,0.110476317349821,0.165404939092696,0.828903496032581,0.804913183441386,0.139156837016344,0.64484196016565,0.988651094958186,0.363177605904639,0
0.662358421133831,0.916066032834351,0.838360261637717,0.848518676590174,0.222971482900903,0.0791150117293,0.721358020091429,0.0961102326400578,0.39383676671423,0.62971332971938,0
0.57275881911405,0.961573523790552,0.526807232527062,0.740359907969832,0.862053508171812,0.69205604121089,0.459377293940634,0.0695838495157659,0.838112157536671,0.892334249103442,0
0.160982235253103,0.835669729895136,0.0219923937693238,0.559769662329927,0.184978412464261,0.218905944377184,0.911100045777857,0.512075015343726,0.380982475820929,0.506672700168565,0
