"1","2","3","4","5","6","7","8","9","10","class"
0.430029055569321,0.824111763155088,0.814901493256912,0.222272159997374,0.272312258370221,0.359071688493714,0.661083247512579,0.490865766769275,0.951907272450626,0.203790738247335,0
0.568787302589044,0.0287108295597136,0.175201348029077,0.937715836567804,0.868341459194198,0.419400008162484,0.0940195706207305,0.766559318406507,0.373613246483728,0.755354626569897,0
0.969612402245301,0.405613867205356,0.321906819008291,0.864863423863426,0.308064754121006,0.43471556995064,0.932007456198335,0.416879894444719,0.260209991130978,0.274572384776548,0
0.624900649387962,0.954190465248634,0.111205300781876,0.167827829020098,0.79544908227399,0.860837216023356,0.826974382391199,0.325789140537381,0.356824297690764,0.299270336749032,0
-0.0120476717408041,0.378561073482989,0.687370015541092,0.0257817532401532,0.36111582769081,0.107431869022548,0.977718442911282,0.938804121455178,0.667148190550506,0.709032604470849,0
0.171639699023217,0.393113141180947,0.537032696418464,0.439158928114921,0.0376823411788791,0.116429808549583,0.0277477053459734,0.369007220491767,0.00861431402154267,0.708731714868918,0
0.430266543209305,0.983646680223501,0.322058732854202,0.393853318644688,0.77334262104705,0.108057557605207,0.456136604072526,0.144546939991415,0.117784762289375,0.187348122475669,0
0.224012827500701,0.269900755491108,0.214230764657259,0.425843317527324,0.766524630365893,0.112881799228489,0.861840599682182,0.928544183494523,0.408761713653803,0.389937213389203,0
0.818090867018327,0.683202364016324,0.16909384727478,0.253267185995355,0.25260870042257,0.24474146659486,0.298452880466357,0.749627237673849,0.559178190072998,0.0121201451402158,0
0.729881448671222,0.622902305563912,0.0912999380379915,0.336589955491945,0.561975403456017,0.0653410255908966,0.345288068056107,0.312443050555885,0.294234234606847,0.0349719179794192,0
0.928511512282664,0.215585801441525,0.89859487186186,0.0517186985816807,0.327188091818243,0.787812510272488,0.927476909477264,0.367550758644938,0.0833061560988426,0.589680893812329,0
0.668960856506601,0.860931249102578,0.590387750184163,0.690245691919699,0.499681685818359,0.249215855030343,0.443106908351183,0.849418210564181,0.914679913548753,0.701862354995683,0
0.615177005296573,0.147566518513486,0.29113024729304,0.0730982639361173,0.0605963915586472,0.537368258927017,0.808194727171212,0.736398239154369,0.667512021493167,0.375894984230399,0
0.814956234535202,0.815584173193201,0.470053223427385,0.680648835841566,0.75015611643903,0.0109263230115175,0.824344394030049,0.656049235956743,0.5078329090029,0.277502434095368,0
0.864319933578372,0.721406560624018,0.995412369724363,0.708638136740774,0.944045239826664,0.39253685506992,0.962739113485441,0.386389838298783,0.307693004608154,0.309159306809306,0
0.223579649580643,0.789597657509148,0.937425019685179,0.26512578711845,0.750281831482425,0.650672426680103,0.991615456296131,0.189889253815636,0.263638728531078,0.910063940333202,0
0.180210347985849,0.496042882557958,0.513783682603389,0.556546864798293,0.574088180437684,0.251290110871196,0.307313954690471,0.351835465524346,0.298390706535429,0.264979145023972,0
0.19370987859718,0.86991947030444,0.498437677742913,0.894249789183959,0.539532128022984,0.497373569058254,0.318174359155819,0.553825210779905,0.857067231554538,0.874434960540384,0
0.033120034262538,0.493724345928058,0.362661120016128,0.167770879808813,0.937762936810032,0.817847112193704,0.426243715221062,0.531163675244898,0.404689486604184,0.970368249341846,0
0.207592823775485,0.0969352477695793,0.00495027936995029,0.934407938970253,0.644838947569951,0.76738951774314,0.697139320662245,0.215102560352534,0.0817108741030097,0.865470524644479,0
0.608804467134178,0.952842864207923,0.100366762140766,0.000373705290257931,0.689222481567413,0.197543794522062,0.658462783554569,0.999487536493689,0.972820259165019,0.0704655461013317,0
0.877508324570954,0.511319556506351,0.0400606563780457,0.680572155397385,0.182045939844102,0.329965629149228,0.356479559093714,0.355026618111879,0.502640567487106,0.793208373012021,0
0.15259078796953,0.801455856533721,0.853682334534824,0.499825957696885,0.0817530250642449,0.0357059799134731,0.287234744755551,0.968832396436483,0.895748539129272,0.518195341341197,0
0.178995714225228,0.896069700222575,0.543703349307179,0.41295459959656,0.19255161145702,0.927001456264406,0.233042410807684,0.0254926029592752,0.526781792752445,0.76000550459139,0
0.854781491681933,0.45427965791896,0.0296391723677516,0.244106248486787,0.000792135484516621,0.989507036050782,0.0355926936026663,0.621925635728985,0.808386465767398,0.123058836441487,0
0.0162671699654311,0.555391376838088,0.725565885659307,0.741836354834959,0.397232626099139,0.432211830280721,0.0476478736381978,0.619652722030878,0.296284387353808,0.726812635315582,0
0.155161162262955,0.093410055972318,0.156639469321817,0.642103604273871,0.767987655475736,0.785362855065614,0.655036063631997,0.658009532140568,0.407197060994804,0.358564969850704,0
0.798110062256455,0.55355735309422,0.317486180458218,0.782770233694464,0.0622956193983555,0.949584238696843,0.564604167127982,0.506077299825847,0.552993977675214,0.776351527776569,0
0.0756361898966134,0.707350019132718,0.725266395136714,0.83197148819454,0.783046985976398,0.987912526587024,0.45959542458877,0.421746996697038,0.641451447503641,0.938808233710006,0
0.309690193505958,0.120139353675768,0.207570496015251,0.129173950757831,0.524908605730161,0.0792007145937532,0.37451102794148,0.619585780194029,0.439665582962334,0.398972736205906,0
0.140567033201349,0.814364204433821,0.451811469392851,0.400728881591931,0.333822325337678,0.720649493858218,0.764678668230772,0.0546597123611718,0.91334431245923,0.422078585252166,0
0.438569593243301,0.112135632894933,0.334740075515583,0.386499947635457,0.445180505979806,0.163858828833327,0.538402921985835,0.390687585575506,0.470047874609008,0.223583420738578,0
0.804944187752872,0.0958080186688956,0.964069930370897,0.129410483408719,0.692342685069889,0.767016347497702,0.488534571835771,0.187677909852937,0.503301474731416,0.761300893034786,0
0.938255795572345,0.69262382723008,0.664744484703988,0.516947204712778,0.00178471836261451,0.706970677478239,0.0664864941500127,0.515538010746241,0.935842195991427,0.786855727666989,0
0.598801658553137,0.935295624172472,0.681967367650941,0.480094174155965,0.241382090840489,0.201984724728391,0.601083284709603,0.590272311586887,0.444134807679802,0.680615799734369,0
0.0525955838649984,0.762061915817051,0.486999427899718,0.752489347010851,0.0913383450824767,0.675693098222837,0.561074536526576,0.829028370091692,0.323153272503987,0.474109779577702,0
0.909183382755145,0.364067947957665,0.795034751063213,0.583651307504624,0.468696840340272,0.325059986673295,0.753169679315761,0.95452956459485,0.253901757067069,0.388066965620965,0
0.215464967535809,0.600083544151857,0.345927216112614,0.299594657262787,0.666838666656986,0.473270966438577,0.825914005516097,0.35397174092941,0.85708969598636,0.930460591102019,0
0.437838700367138,0.138731786981225,0.499755311058834,0.399370395811275,0.991731928195804,0.774013797054067,0.737926121801138,0.106586154783145,0.375599515158683,0.473418062087148,0
0.926362209829795,0.721268274702971,0.239141699392349,0.637064839247614,0.740911044413224,0.50376119511202,0.502316423458979,0.737403951818123,0.605360927060246,0.0791519740596414,0
0.261415423320913,0.903787941081575,0.47125022765249,0.262432096758857,0.597691373666748,0.690692307660356,0.682799480622634,0.873580974759534,0.0206347198691219,0.556015885667875,0
0.94324308465696,0.303677556781551,0.364918577019125,0.292672706069425,0.0519076869823039,0.747501821024343,0.991617708001286,0.696494521340355,0.405172889586538,0.505392660852522,0
0.581782004795969,0.77238149382174,0.145829352550209,0.422512288903818,0.816959526855499,0.544970058603212,0.530276555102319,0.281980455620214,0.126981187146157,0.0251267063431442,0
0.953925891561395,0.66113174938417,0.934670907212421,0.0938640285748988,0.619359564734623,0.788366497028619,0.485237021930516,0.108114040922374,0.122614667518064,0.239135356154293,0
0.368114672190819,0.00215927936963556,0.593292374629527,0.781606756849214,0.757040661992505,0.263305418426171,0.29660697793588,0.943181464681402,0.885991056449711,0.641631091013551,0
0.375737388593354,-0.000685524933327186,0.122954196762294,0.31485269870609,0.650435263523832,0.0967943449504673,0.471694565145299,0.740072010783479,0.607125581474975,0.152048632036895,0
0.952559915602065,0.532243885497347,0.311519516631961,0.794196026399732,0.148747134255245,0.0451207899022847,0.0510768103413284,0.673393272561952,0.406610517064109,0.590605311794207,0
0.82743795484855,0.113902507684482,0.645661931484938,0.884622917510569,0.228317794855684,0.613856425974518,0.0963314608670771,0.995080158580095,0.954340072115883,0.5704305623658,0
0.777219068724662,0.550279644550756,0.455929659772664,0.887577046640217,0.45537325553596,0.567686210386455,0.10339681035839,0.986107592936605,0.526472025085241,0.663106163498014,0
0.91098930244334,0.538765812525526,0.42213591048494,0.580624473746866,0.306233856128529,0.0961469579488039,0.927709280978888,0.445997625589371,0.769960421137512,0.182761257980019,0
0.319864085131127,0.959768189602104,0.613585489802063,0.0051664577331394,0.777625042712316,0.230652034282684,0.386336710536852,0.209700257983059,0.474229771643877,0.137890146812424,0
0.0230930319521576,0.611981984926388,0.0729705358389765,0.183208510745317,0.952981581911445,0.446055243723094,0.334599093766883,0.594948621699587,0.339067186927423,0.95061156549491,0
0.747622056398541,0.407603301806375,0.94401696533896,0.317190230125561,0.673543811542913,0.962449353188276,0.152942860499024,0.110399633646011,0.682099712081254,0.464845103910193,0
0.956582478814542,0.648722846841256,0.367629029788077,0.0397383051458746,0.828253681538627,0.427835105685517,0.138478996697813,0.236769574927166,0.704276367789134,0.56643823813647,0
0.633691163571179,0.0215559996817789,0.648434115340933,0.371054918970913,0.0570698822848499,0.64385323622264,0.393680295906961,0.780202382011339,0.623652765527368,0.711203917860985,0
0.0900715186726302,0.306173768360168,0.301530655939132,0.22945499047637,0.936176241375506,0.974728382891044,0.281070244731382,0.937299566343427,0.804082766873762,0.701346607413143,0
0.918595900188496,0.289576358322526,0.719857571646571,0.144411874236539,0.824557607062161,0.880631519947201,0.388124709017575,0.441311748698354,0.538703654427081,0.0702567922417074,0
0.803035268792883,0.385678602848202,0.61223868583329,0.729801755398512,0.904838691698387,0.671841514995322,0.185972685692832,0.60077130724676,0.112576921470463,0.0324042688589543,0
0.806813331317342,0.822994174925089,0.283370495541021,0.081745995907113,0.522273001959547,0.250756522407755,0.547044279286638,0.984869498061016,0.0574114765040576,0.208031635498628,0
0.0324368958827108,0.375268044648692,0.389252098277211,0.225689154583961,0.921904291259125,0.343266313895583,0.275302573107183,0.475128216436133,0.674388913437724,0.155791306169704,0
0.885510724270716,0.745793523499742,0.0258424184285104,0.742047048639506,0.881487695267424,0.852119533112273,0.8864613736514,0.00558649376034737,0.834775700233877,0.926494288956746,0
0.520073358202353,0.0138292994815856,0.397066588280722,0.0171720441430807,0.988347249338403,0.328386163106188,0.590584769379348,0.763970634900033,0.365401225630194,0.55316522391513,0
0.378106843615311,0.958582970914193,0.1515393324662,0.796714074211195,0.829011604655534,0.678119868040085,0.344209229340777,0.00992311211302876,0.918732441961765,0.121206474024802,0
0.424878533463925,0.0158876203931868,0.645067107165232,0.339265890186653,0.0690496345050633,0.132474311161786,0.588422463275492,0.87326175509952,0.0983987094368786,0.706525361863896,0
0.132341074058786,0.274681224720553,0.273805282311514,0.833119300426915,0.312066731741652,0.839934520889074,0.0913841279689223,0.670374087523669,0.159171379636973,0.448456234997138,0
0.294741743244231,0.278397421585396,0.727851811097935,0.193131826817989,0.291884887730703,0.653418615926057,0.577701006317511,0.417727400548756,0.0201381291262805,0.755663825431839,0
0.924012765055522,0.488533839350566,0.978651587152854,0.626720837084576,0.973332936642691,0.462641538353637,0.957177341450006,0.0882509923540056,0.914799962891266,0.479181029833853,0
0.11278733657673,0.456809818278998,0.83210986899212,0.830514995381236,0.00627428805455565,0.0534168381709605,0.388855532044545,0.107799386838451,0.837277530925348,0.382012673188001,0
0.905141902286863,0.230532419192701,0.056762367952615,0.993935267208144,0.762596801156178,0.0821540295146406,0.48610641551204,0.641451648436487,0.373353629140183,0.906194125767797,0
0.312392027003778,0.946124850937201,0.532402285607532,0.416551240021363,0.999643272720277,0.905771597987041,0.688166831387207,0.107947184238583,0.344803037354723,0.120371951721609,0
0.880457313964143,0.210059519391507,0.894694994203746,0.226332825841382,0.887256799032912,0.602947558043525,0.280932628083974,0.234517795732245,0.260051013436168,0.0257382516283542,0
0.269103466533124,0.279693024698645,0.727813195437193,0.136281412560493,0.497982675675303,0.733892103889957,0.027228283463046,0.122712229378521,0.838822132907808,0.084071810124442,0
0.111291598761454,0.720720930490643,0.0899257676210254,0.277268063975498,0.855984020745382,0.506582767004147,0.698944638716057,0.922528534196317,0.503979830304161,0.708168346202001,0
0.740965003613383,0.197846054565161,0.986937998561189,0.907443923410028,0.53467794158496,0.391125964932144,0.22083995398134,0.800020651658997,0.202205977169797,0.673418932594359,0
0.97405800141307,0.476283413825802,0.333816329482943,0.0662285373546183,0.339734525652602,0.337100006407127,0.502221041824669,0.0631099625024945,0.214452276239172,0.97528226277791,0
0.137902237242088,0.307874266523868,0.71197253651917,0.606129554565996,0.319585303775966,0.267429106868804,0.636263340478763,0.00852992641739547,0.609986786264926,0.933581783203408,0
0.26619272120297,0.176074462942779,0.675931328441948,0.428741749143228,0.219868443207815,0.950575947295874,0.728224602295086,0.0797727340832353,0.0715262822341174,0.456419062335044,0
0.35691790911369,0.111007692059502,0.0601552445441484,0.282040681457147,0.775862821610644,0.875527164200321,0.302897286368534,0.261246668174863,0.0317400232888758,0.656263145618141,0
0.0306505584777798,0.732739019412032,0.265296252444386,0.688758821226656,0.823116231942549,0.443237068364397,0.360618912149221,0.940050251316279,0.827595861861482,0.0624981224536896,0
0.447982617259111,0.961893854296731,0.0764883689116687,0.402477272553369,0.0711220586672425,0.446566044352949,0.232520222431049,0.564837236655876,0.699292689096183,0.73304866021499,0
0.851824513636529,0.717994930688292,0.123785553500056,0.897626666584983,0.290728842839599,0.0459446746390313,0.284487036988139,0.605486888671294,0.512136796489358,0.0380770831834525,0
0.795079483883455,0.153706952696666,0.872264472302049,0.277041041525081,0.461715211626142,0.230348204262555,0.286973850801587,0.76343334116973,0.0685242307372391,0.456650786567479,0
0.942422786826597,0.655967072491999,0.0616317635867745,0.0516739503946155,0.924622450489551,0.0538108022883534,0.860341250430793,0.115433871280402,0.626780357444659,0.549013180425391,0
0.686241419054568,0.274413945386186,0.644743762910366,0.262667932314798,0.0913028614595532,0.944094214122742,0.745923036942258,0.499716724269092,0.98851072252728,0.971119748894125,0
0.830487153260037,0.671244446653873,0.572225810727105,0.453169919550419,0.635082248831168,0.534658153075725,0.605403391178697,0.290989355649799,0.0873335199430585,0.578887611627579,0
0.196016106056049,0.704388014739379,0.00862852856516838,0.964677646989003,0.354449646780267,0.974139264551923,0.170213390840217,0.32714316342026,0.486599826952443,0.507535478100181,0
0.111720166867599,0.602518402505666,0.40630348934792,0.388156808447093,0.584920990746468,0.539754200261086,0.21324653015472,0.873947113752365,0.829783505527303,0.641902180155739,0
0.116981899498248,0.778536563297176,0.0911274347454309,0.326432460919023,0.801770675228909,0.175893599167466,0.154544644290581,0.269312314223498,0.945866436697543,0.462828297168016,0
0.761904579121619,0.442675510188565,0.10238245385699,0.10778343048878,0.0922400038689375,0.458932881942019,0.8972698955331,0.99594065756537,0.557173811132088,0.734888070495799,0
0.768027613518812,0.0547968838072879,0.793645799392834,0.269536317093298,0.600009751971811,0.52845618641004,0.268846941646188,0.35838113958016,0.959863923024386,0.229289588052779,0
0.116870903178315,0.809003298095972,0.537253905786201,0.109280049102381,0.932356243487448,0.0470811175182462,0.460435707354918,0.723909851396456,0.55433893064037,0.949093638220802,0
0.421796045731753,0.0588129952084273,0.282346785767004,0.681227159686387,0.713979569263756,0.683078029891476,0.33237717510201,0.641971862176433,0.0729424743913114,0.0241755512543023,0
0.810255688382313,0.611604447942227,0.654474586481228,0.841659576399252,0.00818007485941052,0.492111623287201,0.965320868883282,0.960786239244044,0.305277997162193,0.585107140475884,0
0.425508728719857,0.973135559986057,0.515775133157149,0.110299186082557,0.731807868694887,0.758313082158566,0.700118795502931,0.877793237334117,0.410102950641885,0.39482724876143,0
0.95583268840126,0.556695621308366,0.136766213690862,0.697456848109141,0.57581328949891,0.746806335868314,0.812461032066494,0.44263911084272,0.103786870837212,0.639975108671933,0
0.353414068231359,0.0288685609120876,0.337762916460633,0.117975992150605,0.896038947859779,0.406273731030524,0.320796920917928,0.0937009153421968,0.960482903523371,0.174689774867147,0
0.296052638742941,0.95616718775932,0.965865665115416,0.689799692481756,0.655467087868601,0.0318503272719681,0.381215397734195,0.66593377199024,0.0318061497528106,0.932296967599541,0
0.13313780608587,0.61493746843189,0.697494642343372,0.726863972842693,0.156617037951946,0.973377542104572,0.292661234037951,0.335536722559482,0.784321215702221,0.243040935369208,0
0.274698473280296,0.293549409369007,0.220287126721814,0.449888040777296,0.124908491270617,0.265500224195421,0.980602933559567,0.156033667037264,0.562094456516206,0.843143424019217,0
0.065423494231406,0.75503921205359,0.241192395333201,0.271189226768911,0.754704184830189,0.305763627402484,0.406807632884011,0.733085585059598,0.709350646939129,0.144079804886132,0
