"1","2","3","4","5","6","7","8","9","10","class"
0.169859671226201,0.889085032404598,0.549799861619249,0.886015233816579,0.667626199545339,0.65059983311221,0.368469921406358,0.898488607257605,0.118947131792083,0.547293284209445,0
0.928693397387901,0.310737224292572,0.874316728673875,0.316906962078065,0.0085675606969744,0.989100184058771,0.503045961959288,0.886525356210768,0.964209948666394,0.819972732802853,0
0.118822266232443,0.111268703238023,0.6466343132779,0.76698743016459,0.592548597836867,0.748739760601893,0.794668955728412,0.81340322853066,0.785851852968335,0.201912359334528,0
0.165495939552784,0.511676423251629,0.262399332830682,0.0911942927632481,0.256175908260047,0.120150642236695,0.272917561000213,0.285149930045009,0.120114482939243,0.360604105284438,0
0.110561785718999,0.16158816623456,0.519626670749858,0.544161340920255,0.771943329833448,0.839196141576394,0.776747746393085,0.248321076622233,0.157250245800242,0.0189881403930485,0
0.0391201608792418,0.669570486016037,0.46006447635591,0.521005247719586,0.0860241437330842,0.962120002135634,0.617248133989051,0.791796011850238,0.586354569066316,0.044281552080065,0
0.716820191126317,0.290768682723865,0.078315899008885,0.60490657761693,0.265808846103027,0.393863321980461,0.688174429582432,0.594682628987357,0.271812880178913,0.596973893698305,0
0.748102452605963,0.203424099599943,0.0194514491595328,0.00987997651100159,0.504894925979897,0.421201197430491,0.577396946027875,0.607218299526721,0.211865609744564,0.102583689847961,0
0.41447592433542,0.984705967828631,0.23142703785561,0.0853189476765692,0.88136251620017,0.713023197837174,0.489253429695964,0.645426125032827,0.24660746450536,0.628080494236201,0
0.945796497625093,0.30981850469122,0.346506730420515,0.0357503592967987,0.135454828850925,0.315149551723152,0.461516953771934,0.826240967260674,0.476861496455967,0.898666210705414,0
0.208026889478788,0.477078015217558,0.337997678900138,0.430429113795981,0.586206573527306,0.830407801782712,0.157700681360438,0.801088398322463,0.480201651575044,0.750723685836419,0
0.849225597921759,0.333542434964329,0.270132700446993,0.655355278169736,0.912899093702435,0.758530785562471,0.785672898869962,0.287137430626899,0.966101210098714,0.334045493742451,0
0.0577628693961182,0.211299645089932,0.909748384961858,0.143144726054743,0.937772455159575,0.645481758285314,0.899897877825424,0.631844320101663,0.535323433578014,0.276285130064934,0
0.828684072941542,0.160251753637567,0.807131444569677,0.729956686962396,0.409833317622542,0.996299616526812,0.497825829312205,0.91270737349987,0.854522409383208,0.578431978821754,0
0.468674052739516,0.953159073134884,0.118176690302789,0.540987170534208,0.135366028407589,0.911530806683004,0.648460414726287,0.0784295802004635,0.196234417380765,0.707100991858169,0
0.969406010583043,0.349116829456761,0.963466584915295,0.742717809975147,0.606062642531469,0.596715204184875,0.307798585388809,0.170434412080795,0.793318805284798,0.949365479173139,0
0.950661747017875,0.493931760080159,0.995356403291225,0.183707567863166,0.653562725055963,0.941842728992924,0.218219440197572,0.0770688117481768,0.594960781279951,0.524589240783826,0
0.728580564260483,0.912456317804754,0.410944693954661,0.814361595548689,0.335957282921299,0.601075366372243,0.299488624092191,0.786636484088376,0.271094156894833,0.197467853315175,0
0.689374835755489,-0.000619883816675881,0.00199854956008494,0.623927774839103,0.890955073060468,0.758889407850802,0.943188800942153,0.152643204899505,0.857247350271791,0.153376322472468,0
0.291512900200764,0.967601182748332,0.227174692554399,0.202216773992404,0.0790565954521298,0.646104591200128,0.947546196402982,0.955674007534981,0.0375473103486001,0.787749626440927,0
0.70596083727226,0.0397639456258737,0.0320997592061758,0.785875864094123,0.57225589454174,0.588085325667635,0.97344933799468,0.0169578602071851,0.845692681148648,0.473567217588425,0
0.512842845477812,-0.0280791683396689,0.505992230493575,0.462433758191764,0.341796117136255,0.089730006409809,0.175383574794978,0.713234130758792,0.370925666531548,0.6162863553036,0
0.618290542213523,0.954042910810723,0.120947616407648,0.196423410438001,0.254466565093026,0.224379469873384,0.930328981950879,0.461791825480759,0.641620627604425,0.0112226044293493,0
0.443785065102677,0.970626333176148,0.903502602828667,0.716890526469797,0.560676791705191,0.947286261245608,0.736965890508145,0.397309698164463,0.654165012296289,0.906973236938938,0
0.450728539048422,0.000445325039489797,0.847119504585862,0.857222714927047,0.0344636682420969,0.63396173575893,0.863742991816252,0.439159817062318,0.948653197148815,0.358645959990099,0
0.561925161093515,-0.00376271822249252,0.706838709302247,0.596012327354401,0.776717922883108,0.749702116008848,0.794170915381983,0.120852271094918,0.654657521517947,0.637225655140355,0
0.507383747724816,0.899458775762469,0.677529957145452,0.449254525592551,0.356711488217115,0.78875533095561,0.159251573495567,0.81764621543698,0.520168782444671,0.983508879784495,0
0.257607653969899,0.936918361810967,0.337457630783319,0.490451554069296,0.385136016178876,0.946728574112058,0.466247328557074,0.459610419347882,0.746836230624467,0.302315466338769,0
0.268215065589175,0.167413071263582,0.90672028134577,0.251346016535535,0.651184269925579,0.0420363426674157,0.754757196176797,0.232788267545402,0.542259047972038,0.233471763320267,0
0.947594427719508,0.274078377473698,0.131647864822298,0.137272868072614,0.406380419386551,0.0966330675873905,0.112081598257646,0.844770372146741,0.410473722498864,0.0998404715210199,0
0.842790441354737,0.80581405502744,0.167223341530189,0.247553789289668,0.0717963296920061,0.167733852984384,0.517156241228804,0.638820097083226,0.348234945908189,0.531360782217234,0
0.131732894107699,0.464187741978094,0.334578978596255,0.581692387349904,0.906089624855667,0.254670230904594,0.116132438415661,0.824159074341878,0.373638827586547,0.860801997594535,0
0.343326544156298,0.951954072806984,0.236100764712319,0.0143404866103083,0.350355092203245,0.362899182364345,0.8467230303213,0.297652544220909,0.0414715732913464,0.790697007672861,0
-0.00596523563170592,0.439170119225902,0.844373531173915,0.313584156800061,0.468117830343544,0.25581535208039,0.601913541555405,0.43851232691668,0.866317629115656,0.0961211766116321,0
0.182247037574782,0.902643515839106,0.870917343534529,0.401254380121827,0.846373377367854,0.379111589631066,0.830085177673027,0.386685007950291,0.994641050463542,0.591205659322441,0
0.793278063683569,0.104028053298543,0.662721107946709,0.881975038442761,0.7202355095651,0.573214060394093,0.256416459800676,0.88328475994058,0.113216110737994,0.340913251042366,0
0.898159932345152,0.330460118595511,0.695351157104596,0.706884820014238,0.0389097761362791,0.533516100840643,0.99522153637372,0.322229566983879,0.17633945774287,0.355198195902631,0
0.936649291077629,0.710414430592209,0.898535663029179,0.459568022983149,0.425825741840526,0.000121733639389277,0.568138740025461,0.479813433019444,0.468443804886192,0.346206349786371,0
0.946765063621438,0.392289842239484,0.144743413664401,0.408176016295329,0.0234085065312684,0.843323475914076,0.774885696591809,0.537542628590018,0.0512258631642908,0.745944454334676,0
0.00625236166917603,0.646112154114659,0.431614740053192,0.255162059562281,0.936369467061013,0.682519112946466,0.622538285562769,0.641183557454497,0.156964735826477,0.26692233630456,0
-0.0308394018112634,0.550038913685994,0.849842433817685,0.147336876718327,0.0931277857162058,0.527287284610793,0.252657407196239,0.340548175387084,0.573774594347924,0.782276842277497,0
0.105795671842813,0.104584333247431,0.171929097501561,0.641600525006652,0.0812423932366073,0.76527399639599,0.857538268668577,0.272388942306861,0.0266420156694949,0.781033409992233,0
0.372802139259875,0.813874018611386,0.20803239592351,0.344276234973222,0.0981062655337155,0.654478468000889,0.681880842195824,0.231093540089205,0.838442599168047,0.59382418054156,0
0.282713702647015,0.156486543128267,0.197638848796487,0.164037661859766,0.431530093774199,0.430474092718214,0.00732945604249835,0.591936561046168,0.892322610132396,0.663624811684713,0
0.555412409128621,0.478643649762186,0.00193114345893264,0.516647203359753,0.455600791145116,0.161768433870748,0.216566804796457,0.534162485739216,0.716099760262296,0.789739540079609,1
0.887514604570407,0.208045019297588,0.823606298305094,0.72194625204429,0.353672028752044,0.689940674463287,0.554787650471553,0.25362440967001,0.632543787360191,0.852687326259911,0
0.446731854627381,0.957304179473352,0.988224850269035,0.999787773936987,0.596012404421344,0.082020211732015,0.155059904092923,0.630343281198293,0.832215000875294,0.277524014003575,0
0.541042682859041,0.993013721414324,0.916467937640846,0.922268740367144,0.0629805095959455,0.0836692715529352,0.792873451951891,0.339585077483207,0.702032780274749,0.0172225669957697,0
0.974982800576364,0.405204538829421,0.381205220706761,0.262554011540487,0.562475375831127,0.952881060075015,0.257203991524875,0.981237040134147,0.177825158694759,0.0633068555034697,0
-0.0125570055033062,0.549055251190424,0.141860397299752,0.845388824352995,0.680032685864717,0.630227343644947,0.203247946687043,0.571796944132075,0.864640170941129,0.565723520237952,0
0.465408527757972,0.826441540848464,0.111791100818664,0.512476195581257,0.16902884002775,0.288993617054075,0.855130474315956,0.776263249572366,0.460838679457083,0.936160167213529,0
0.0583209739997983,0.28591647092253,0.613141193520278,0.990212420700118,0.46610818291083,0.25144969439134,0.455022324575111,0.247106639435515,0.686783053679392,0.539064795942977,0
0.651175032835454,0.0806415223050863,0.110342429485172,0.802102218847722,0.667848893208429,0.965197503566742,0.0269054744858295,0.0500706913881004,0.354430681793019,0.526157854357734,0
0.536255931248888,0.0922751047182828,0.010963901411742,0.448919038521126,0.636798091931269,0.75371922319755,0.0789227571804076,0.133051210781559,0.736315312795341,0.80439948826097,0
0.345244480762631,0.788031952222809,0.251701918430626,0.411223019240424,0.341822918271646,0.00564780877903104,0.41381188062951,0.273065624991432,0.0359386457130313,0.470358578488231,0
0.15876831044443,0.585885635344312,0.706730202771723,0.96019165799953,0.561083441367373,0.284643951337785,0.442332878476009,0.223601844161749,0.301514824153855,0.188760570017621,0
0.522468682844192,0.922323650447652,0.343959354795516,0.416474373778328,0.228134202770889,0.305540876463056,0.163777836831287,0.459171667462215,0.219448146875948,0.546380617888644,0
0.143855379661545,0.758371122879907,0.0633970673661679,0.334485786035657,0.245981133775786,0.910407214658335,0.559435386909172,0.883992760907859,0.568529176292941,0.0548525890335441,0
0.489173722167103,-0.0203406048402935,0.383821253431961,0.227581744780764,0.850535687990487,0.530607807449996,0.804082951275632,0.411349708680063,0.487115859054029,0.144781042123213,0
0.767480786656961,0.0992827794980258,0.907203222392127,0.550098278094083,0.212970427237451,0.176018681842834,0.520577535964549,0.225780041422695,0.752970150206238,0.367908741813153,0
0.702779960772595,0.0291525724518225,0.24710132018663,0.884578593308106,0.498304265085608,0.713567027589306,0.256665447959676,0.325208954047412,0.117375622969121,0.539851269451901,0
0.977832596975037,0.314102422093887,0.405017857206985,0.814745048526675,0.843532704981044,0.0353771238587797,0.786764050833881,0.761790203861892,0.949555567000061,0.733945644693449,0
0.00883921748027205,0.573747961316258,0.74681133707054,0.443922381615266,0.419956430327147,0.491692689014599,0.912328032078221,0.0582021891605109,0.186277033761144,0.0564114020671695,0
0.783999024657533,0.323963662842289,0.784916379954666,0.630473586497828,0.511187771568075,0.106326794950292,0.725015724077821,0.262549489503726,0.0661130354274064,0.495340056717396,0
0.222370286236229,0.911838594576509,0.804950860561803,0.134375508641824,0.783412219956517,0.630999381653965,0.234728252980858,0.208569817710668,0.401931717293337,0.400121732382104,0
0.154856761559314,0.884298393653971,0.749488101108,0.910318985115737,0.000739875016734004,0.249753620941192,0.536087912507355,0.809191445121542,0.236967245582491,0.763888866640627,0
0.845504441065714,0.303088368149474,0.643137355102226,0.267030759947374,0.500945499166846,0.971884260885417,0.318638730794191,0.0527865579351783,0.742199513362721,0.529756691073999,0
0.949429026448747,0.553066247349765,0.255893828580156,0.850230168551207,0.795683461008593,0.185125682968646,0.420043313642964,0.742853280855343,0.190928823547438,0.202493110671639,0
0.386437111687537,0.944517909742704,0.756829870864749,0.0382591038942337,0.798678940860555,0.879073227755725,0.638394056819379,0.100308984518051,0.739327129209414,0.596877070143819,0
0.166805746266618,0.387062906287611,0.160049843834713,0.703362766187638,0.449291962431744,0.151019220706075,0.866037761792541,0.300654754508287,0.84305799822323,0.710889010224491,0
0.420911730289162,0.959062048056143,0.307597315637395,0.00723483925685287,0.629629527917132,0.406504676677287,0.7966358945705,0.0515248253941536,0.546901246532798,0.541113361250609,0
0.908748538428111,0.233616328935952,0.454019167227671,0.439137738430873,0.847032852936536,0.547051277942955,0.614709471119568,0.965085933217779,0.554012369131669,0.119012912502512,0
0.357147516217083,0.821642339229584,0.24966471712105,0.541368611622602,0.92418352374807,0.272705403156579,0.712901019025594,0.241275530308485,0.892066658940166,0.465678647626191,0
0.0793644512560182,0.172301232405211,0.0784889487549663,0.226242311764508,0.88325893948786,0.311609202064574,0.162591140950099,0.576310368487611,0.6247065695934,0.164409174816683,0
0.284093577647582,0.835760391084477,0.523423605598509,0.399074720684439,0.200210779439658,0.656894346466288,0.686699435347691,0.285388540942222,0.0859560593962669,0.452047486323863,0
0.897502773880101,0.747656427299646,0.600412430707365,0.0712480857037008,0.733225614530966,0.855486945481971,0.422308984212577,0.034977822098881,0.95521601382643,0.306041206233203,0
0.521624077190373,0.990161415547773,0.674317584838718,0.905696745263413,0.219308255240321,0.366127363871783,0.485530375735834,0.000316247111186385,0.00926896324381232,0.337439827155322,0
0.0687431980814805,0.212008827946307,0.514915735227987,0.528983212774619,0.427572611486539,0.000299816485494375,0.575156946433708,0.0925029313657433,0.499767175177112,0.952101150760427,0
0.077334882515814,0.756896013261823,0.882538960548118,0.726996722398326,0.685113566694781,0.935119483852759,0.872509979177266,0.74286995921284,0.00367727829143405,0.290114812320098,0
0.974298726682044,0.356541206654308,0.500986022874713,0.344980526482686,0.709852029569447,0.017674294533208,0.727142003364861,0.458701531169936,0.826123110251501,0.397565699415281,0
0.0569531309884042,0.577530793147162,0.923166594002396,0.936921165091917,0.267331801354885,0.606319224229082,0.644494643434882,0.755202832864597,0.687659454764798,0.107839164324105,0
0.260633840458468,0.893979500746354,0.912589098326862,0.744135747198015,0.751682011177763,0.173969034571201,0.930731712142006,0.462716616224498,0.254673701478168,0.17561401752755,0
0.241727381469368,0.93832160524814,0.392385440180078,0.136782879242674,0.2359985972289,0.672472852049395,0.520243627950549,0.783051537582651,0.419721277197823,0.518189269583672,0
0.514112374752499,-0.0246735177801227,0.323785426327959,0.138039498124272,0.940474439412355,0.108890603994951,0.174435655586421,0.416139791021124,0.637456194031984,0.0964511565398425,0
0.42461044061929,0.91407343535684,0.712362659862265,0.696190201444551,0.0268720276653767,0.574450927088037,0.166564640123397,0.584619216155261,0.405297309160233,0.785444359993562,0
0.716280527878553,0.886762307723984,0.0973242043983191,0.101188963046297,0.741283127106726,0.5071580351796,0.466177923837677,0.953420127043501,0.206970106111839,0.702225523069501,0
0.38176632871974,0.951878475460656,0.472446484491229,0.597777469549328,0.0538634983822703,0.308201582403854,0.439147409517318,0.783805838320404,0.534716274123639,0.186967334710062,0
0.185761304284973,0.0759680276951126,0.798433698248118,0.241561682894826,0.03443115320988,0.63448246056214,0.0867646026890725,0.969110904959962,0.819718240760267,0.0473022505175322,0
0.756122969706479,0.874349006352271,0.0806381641887128,0.0256106595043093,0.301532634999603,0.185342871351168,0.798702897736803,0.462139385985211,0.44105903012678,0.0573229694273323,0
0.854397954301599,0.162058908870421,0.358223658753559,0.281290403800085,0.131279884371907,0.503725810209289,0.691361645236611,0.99741638591513,0.735171531559899,0.651137533597648,0
0.282210319094096,0.0308849426272756,0.33486585970968,0.686670188093558,0.215224737068638,0.809158492367715,0.561693952884525,0.937523887027055,0.584763652877882,0.701794385444373,0
0.949898962032335,0.443343403186234,0.661328062880784,0.362995917676017,0.585883742431179,0.101009697420523,0.348448924254626,0.255205051973462,0.123267767950892,0.652446349849924,0
0.643917258968105,-0.00132268599490148,0.885447142180055,0.21313864341937,0.679348405450583,0.234286017948762,0.529126826208085,0.326426358427852,0.899202433181927,0.496251477627084,0
0.597249918518084,0.973453717096764,0.558874702779576,0.603062083479017,0.471071593463421,0.928888021036983,0.807594531448558,0.123254986014217,0.710088169202209,0.306510356953368,0
0.349016348365694,0.820884475018829,0.752969690598547,0.0059579205699265,0.218918767757714,0.827437974279746,0.943534719524905,0.0333621492609382,0.349785072496161,0.766194013413042,0
0.956930634798482,0.654200175544247,0.384289564099163,0.461231801193208,0.575469087576494,0.478931437479332,0.809351271949708,0.605530775384977,0.0828131015878171,0.715599684044719,0
0.556833783870084,-0.0281504140764948,0.0723066527862102,0.91644030297175,0.62548890360631,0.0621937827672809,0.422238793689758,0.408412779681385,0.627118322765455,0.822230337420478,0
0.422263958044606,-0.0306954028942099,0.695604648673907,0.948008021805435,0.213890289887786,0.918391680112109,0.332682705717161,0.425454356707633,0.546186670195311,0.460413894150406,0
0.742080912459642,0.199734590481967,0.0267506923992187,0.283392307115719,0.0980889985803515,0.115375956287608,0.25813146517612,0.962987618055195,0.929275746457279,0.313731265487149,0
0.782893570140004,0.182829383993521,0.159565983805805,0.572536271298304,0.263790196040645,0.170705200405791,0.450347918318585,0.91879830439575,0.977726967539638,0.70717665925622,0
