"1","2","3","4","5","6","7","8","9","10","class"
0.937651323174347,0.287310444265099,0.182341466424987,0.614545040065423,0.807114392751828,0.958208474796265,0.8606322563719,0.088407413335517,0.393435494508594,0.403089637169614,0
0.224600121193459,0.0389981846865617,0.979175586486235,0.974732659524307,0.721641305135563,0.856054766103625,0.155173385050148,0.196175962220877,0.767210088204592,0.859742793953046,0
0.0701668294995705,0.134188662852196,0.921245126752183,0.325751260621473,0.934423164464533,0.857525097671896,0.439499759348109,0.253982210997492,0.514008103869855,0.27565270382911,0
0.617468782528888,0.944392427568616,0.311824707081541,0.575609914958477,0.0215983698144555,0.639667178271338,0.1247682813555,0.763328790897503,0.133641892811283,0.8913687041495,0
-0.0303105476103894,0.347480416381296,0.792504047742113,0.654624236281961,0.0783526471350342,0.4111335107591,0.371299795573577,0.74415458412841,0.923324624309316,0.13828761735931,0
0.0840795676009738,0.763130360143702,0.910046918084845,0.101486899890006,0.401301953708753,0.904049933422357,0.825626524165273,0.0444141591433436,0.420294268755242,0.970854083076119,0
0.301161577282718,0.956145473807378,0.857868067920208,0.0851841333787888,0.595556046580896,0.763735121348873,0.331079888623208,0.244887080043554,0.785404776921496,0.41578542208299,0
0.184555713785812,0.162178811384365,0.505230471724644,0.255912525113672,0.680471764178947,0.424397296505049,0.399942880729213,0.39062176598236,0.0618489137850702,0.703892212826759,0
0.935382876441721,0.626100219084136,0.0362377895507962,0.488932479172945,0.184437799965963,0.221095430199057,0.469375875312835,0.634806104004383,0.768097748514265,0.804592443397269,0
0.346694885753095,0.153088010614738,0.151894306298345,0.687705601332709,0.337048709858209,0.171396811725572,0.505334581481293,0.849605568451807,0.868338262895122,0.323095605475828,0
-0.0194001735493494,0.337348632454332,0.892168186837807,0.795216929167509,0.787487624213099,0.502651885384694,0.710895529482514,0.170365336816758,0.961407326627523,0.530744482763112,0
-0.00225840497451379,0.263758694586527,0.550699923653156,0.353784480830655,0.683751213364303,0.33732224907726,0.391100180801004,0.561680806567892,0.745874650543556,0.745241479715332,0
0.973630067815042,0.403374159225954,0.781597979832441,0.333703323733062,0.521787592209876,0.665529899299145,0.954902041470632,0.190984078450128,0.821860438911244,0.169291737256572,0
0.208886462263763,0.185779627878219,0.898751092143357,0.914146899711341,0.159274910343811,0.512718528276309,0.601985496236011,0.251738496124744,0.0772206617984921,0.848277291283011,0
0.0133498036302626,0.584861218463629,0.942184126935899,0.0487869267817587,0.171810269355774,0.625256785890087,0.829707314725965,0.86747462535277,0.0425917003303766,0.252290658885613,0
0.051602456253022,0.442238176940009,0.0538015407510102,0.681048318510875,0.755924829747528,0.513028074288741,0.435986395226792,0.126712173223495,0.148818433750421,0.671042085858062,0
0.835903404280543,0.723556362558156,0.684257343644276,0.642900950973853,0.688654136843979,0.354390344116837,0.29417474498041,0.0151637997478247,0.0962051104288548,0.896144439000636,0
0.516462216950734,-0.0398409754604488,0.128751716110855,0.590790024260059,0.351304643554613,0.602519227424636,0.990895711584017,0.27685576537624,0.0407952233217657,0.236808963352814,0
0.781222310848534,0.75861525372602,0.206566052744165,0.386836569057778,0.574756115209311,0.0226919881533831,0.889037643093616,0.860723623307422,0.736164098605514,0.486352188279852,0
0.867792134871706,0.812221253989264,0.567662003682926,0.989312214311212,0.00637353141792119,0.475931690307334,0.75228886702098,0.230977143859491,0.294515653513372,0.276509142015129,0
0.0292505995830217,0.730385904936022,0.44022466102615,0.362372896401212,0.850890017813072,0.339945976622403,0.0408234717324376,0.269685363164172,0.821086417185143,0.0260847259778529,0
0.18953258683905,0.766934722894803,0.492258154088631,0.107371077639982,0.907136128516868,0.968528726371005,0.336342733353376,0.344497685320675,0.637137548532337,0.894083461491391,0
0.554360508736508,-0.0246209004495234,0.872576357796788,0.167457609670237,0.0561534012667835,0.924747457960621,0.788666154257953,0.68214288726449,0.900793578010052,0.610632832162082,0
0.411217181685002,-0.0296935800166349,0.762065800139681,0.495659710140899,0.739997085183859,0.912904268829152,0.969868925632909,0.408615256426856,0.944623098010197,0.522212080191821,0
0.0297563890490356,0.699083457428314,0.894133377587423,0.608749033650383,0.33474742830731,0.735529330791906,0.0764533630572259,0.724767322884873,0.591246224008501,0.502310947980732,0
0.629825239807057,0.495265804658023,0.529495194321498,0.137433274416253,0.298132250551134,0.864816724555567,0.07269536703825,0.294023069320247,0.665801181923598,0.928927364293486,1
0.787104777791188,0.864897906190197,0.44917369633913,0.552556762704626,0.57754203514196,0.12186231627129,0.292605014285073,0.973208573414013,0.545541860861704,0.273841804591939,0
0.1272516483441,0.477840411709622,0.0569264809601009,0.0851148050278425,0.513866952154785,0.0679957335814834,0.106307212729007,0.18963840813376,0.460949311032891,0.856143838027492,0
-0.00482528235826385,0.569034418570211,0.783478549914435,0.0723730269819498,0.74039370031096,0.153548333328217,0.160371979000047,0.411091530229896,0.801750727230683,0.222291736397892,0
0.251169552520473,0.928232029265362,0.764984400942922,0.541668066056445,0.532189127756283,0.35823188140057,0.990653178654611,0.23513173032552,0.963140835985541,0.49661204777658,0
0.185841042315587,0.20348626258783,0.481477147201076,0.119747623102739,0.709693177603185,0.128604150842875,0.613365623168647,0.225722081260756,0.309890348697081,0.204371688188985,0
0.0554066598415375,0.667134752264246,0.0049701351672411,0.013444613199681,0.180414561880752,0.253232761053368,0.509857224998996,0.251364798052236,0.594833455514163,0.256656030192971,0
0.914247030608626,0.265621762590492,0.209020033478737,0.86076475167647,0.172602617647499,0.00804965873248875,0.944935540435836,0.742248375434428,0.472189536085352,0.702994996681809,0
0.968200214823216,0.602981144403776,0.427549208048731,0.745454519521445,0.686859403038397,0.441523576388136,0.589162758784369,0.664710537996143,0.669049756368622,0.906530381878838,0
0.924363891404464,0.307039922806731,0.300136222969741,0.513360885903239,0.695953190326691,0.997274638153613,0.441302924882621,0.416784730972722,0.246741785435006,0.145909785525873,0
0.543646412203088,0.976536707952619,0.360723284771666,0.272696235217154,0.882923092925921,0.563340018736199,0.53534119320102,0.322817963780835,0.891640279674903,0.38383267307654,0
0.140264197615214,0.112566974393434,0.951665071770549,0.895606375066563,0.510144389001653,0.767212390666828,0.979998793918639,0.463870037114248,0.093391333008185,0.663105417741463,0
0.9746069004944,0.424025499848991,0.993500418495387,0.104740798939019,0.626381594920531,0.202045218087733,0.293741994304582,0.538581412285566,0.302377551794052,0.49660526541993,0
0.870637942803235,0.760984173078584,0.937823546817526,0.458237717393786,0.927186949877068,0.492167836986482,0.401492866454646,0.484412653604522,0.849607084644958,0.876928583486006,0
0.808857309733084,0.0997396188741084,0.284002203028649,0.242520103463903,0.612427235580981,0.730200803373009,0.340135219506919,0.388494584709406,0.611424856819212,0.84090236434713,0
0.952629619233674,0.653267517933471,0.742177976062521,0.187496972735971,0.806521998951212,0.50544638489373,0.796449051005766,0.0351059609092772,0.210484431358054,0.744841701583937,0
0.994199755366398,0.454505588313217,0.146407251479104,0.822451652260497,0.407307925866917,0.616247904719785,0.138978367205709,0.306150508811697,0.574266031384468,0.734041360905394,0
0.616010205126503,0.946083948602249,0.0804806523956358,0.542657241458073,0.177693381905556,0.353723264066502,0.660341236973181,0.299112906679511,0.587285034824163,0.0585884749889374,0
-0.04033595710446,0.556265337647486,0.1066894964315,0.453477413626388,0.589244573144242,0.689751233672723,0.803165100049227,0.564814013196155,0.88702072086744,0.0528874273877591,0
0.675378249725327,0.94612115691416,0.719821150414646,0.923797215335071,0.593906462425366,0.314886831445619,0.554132458288223,0.826161583419889,0.0693419144954532,0.0565962311811745,0
0.787041002707343,0.0978072960752453,0.475487414514646,0.415972458897159,0.741828956408426,0.364889561431482,0.801184703363106,0.0856669072527438,0.511143278563395,0.0763696755748242,0
0.548425262681549,0.985064221363066,0.466397630982101,0.73810132779181,0.897703500231728,0.678788399556652,0.611566578270867,0.680388892767951,0.425919424276799,0.922845402732491,0
0.104427537645474,0.769949211195021,0.792182290228084,0.569323636824265,0.690158303594217,0.547350452980027,0.98473844747059,0.224895503837615,0.440466641448438,0.442564981989563,0
-0.00957577528055398,0.419131397317567,0.78234855667688,0.1333075275179,0.262462042970583,0.0585083914920688,0.861836338182911,0.584684869274497,0.275335226207972,0.0742206003051251,0
0.919838132253261,0.225840932267813,0.610487106954679,0.261913899797946,0.743307033088058,0.07436299091205,0.733038177480921,0.73018562910147,0.836714546894655,0.330707573099062,0
0.363671708645389,0.950010320172716,0.129769673105329,0.00163477938622236,0.358585519948974,0.524597154930234,0.454638981726021,0.614389798836783,0.432250763988122,0.708124222001061,0
0.340871878201142,0.852532885270193,0.636129318969324,0.249733854550868,0.216363738290966,0.219037150265649,0.106370562920347,0.107159263687208,0.744778306921944,0.106152386171743,0
0.786504343808788,0.0943853764068063,0.00720191630534828,0.930245804367587,0.0286009134724736,0.601123665692285,0.682864780537784,0.208879211219028,0.239636350190267,0.340756428660825,0
0.507739264285192,0.982922207564116,0.813565198797733,0.880355234257877,0.96693157707341,0.283548959763721,0.917795358458534,0.263258530991152,0.409706850070506,0.311368730384856,0
0.551302306311183,0.941273383299186,0.166395396459848,0.0556774055585265,0.323787956731394,0.885857245186344,0.0974222815129906,0.40715518919751,0.902748902328312,0.645733448443934,0
0.00243986579686456,0.62194119396979,0.492740170564502,0.220302143599838,0.605248539708555,0.787174065597355,0.466338732047006,0.61686606449075,0.727760942652822,0.881140646059066,0
0.180076235439628,0.761227271752432,0.157865348272026,0.288854106795043,0.712465229444206,0.409078392665833,0.416848307941109,0.218846866628155,0.158444865606725,0.956517281243578,0
0.0963685403112322,0.538508461089805,0.73949565528892,0.182917936006561,0.0606132401153445,0.504950905451551,0.388577329460531,0.538885318441316,0.822126893792301,0.392104157246649,0
0.412934663705528,0.96363884722814,0.51401927229017,0.994974868372083,0.364910338772461,0.723400595830753,0.924598109908402,0.776167178060859,0.48744416446425,0.759916863637045,0
0.872751652459712,0.182109320629703,0.899861116195098,0.332898488966748,0.111261954996735,0.0833693530876189,0.042343650246039,0.102182287257165,0.808794373879209,0.359177068807185,0
0.251228803934241,0.898264991505504,0.704067141050473,0.0486923237331212,0.212571926880628,0.797463193070143,0.361926828278229,0.118846328463405,0.248737001558766,0.859134764410555,0
-0.0275706926035598,0.351848558375467,0.0725755412131548,0.28512939508073,0.28690564702265,0.490446412703022,0.819835335016251,0.30001463368535,0.648012952879071,0.287919377209619,0
0.0292232988991618,0.24617162800282,0.849621869856492,0.404273751191795,0.110321856103837,0.57025991845876,0.815263059688732,0.78257402125746,0.280559689970687,0.322020620107651,0
0.93959598698805,0.608330147150854,0.0136465926188976,0.446257419651374,0.717037755297497,0.160365680465475,0.995979319792241,0.0633270377293229,0.991013519931585,0.097151028458029,0
0.43912355741486,0.924578216392547,0.557155204936862,0.650715004419908,0.612398226512596,0.465497270459309,0.0941296801902354,0.00614329660311341,0.561710484791547,0.0682102786377072,0
0.142175492364913,0.769141989992931,0.616345948539674,0.813380295876414,0.242668055463582,0.397981307003647,0.172735322033986,0.803912143222988,0.712905392749235,0.404141859151423,0
0.000301914991953034,0.235547726138901,0.992446069838479,0.953715828014538,0.87413055379875,0.435370572376996,0.0458365071099252,0.444062034599483,0.580811816966161,0.0123185345437378,0
0.759769227333995,0.0533803331215053,0.665336339501664,0.70782675081864,0.96075551584363,0.360170065658167,0.994588649598882,0.707476832671091,0.929965917253867,0.424979129107669,0
0.271358111873269,0.895218508550897,0.894254040904343,0.684499039547518,0.0135311011690646,0.225652665598318,0.792278862092644,0.696110418997705,0.23069509351626,0.658072410384193,0
0.404626308706778,0.960148846852362,0.0352797685191035,0.991337904008105,0.465708086499944,0.397870923625305,0.848002960206941,0.992234602337703,0.0669292088132352,0.474348601419479,0
0.972043875802477,0.40704136716892,0.624593495856971,0.230872979620472,0.492869590641931,0.940927833551541,0.0893782386556268,0.400333809666336,0.685214418219402,0.678580104606226,0
0.845952440135792,0.176048107655439,0.201535539934412,0.673129860311747,0.889770601643249,0.287132690660655,0.476363342721015,0.604393025161698,0.674169672187418,0.816846544155851,0
0.560071125160903,0.00796277518384159,0.268149933544919,0.975204087793827,0.552105807000771,0.480051991995424,0.102353187277913,0.4605767657049,0.116141045931727,0.042922678636387,0
0.959623395930976,0.636437306646258,0.980282932519913,0.203108746325597,0.602498977212235,0.158942876150832,0.655374206602573,0.229353328002617,0.621300342958421,0.433017248753458,0
0.0935876413073934,0.831600904129577,0.715473802061751,0.375613770214841,0.31648601940833,0.0720637841150165,0.316813488025218,0.987320673884824,0.61800540308468,0.71578791923821,0
-0.0340245234111167,0.507716216262258,0.119866373483092,0.00298327370546758,0.776336813112721,0.587171957362443,0.105769885936752,0.957514544017613,0.637512257322669,0.162294282810763,0
-0.0350188366529962,0.389826053717055,0.00350040942430496,0.717862306861207,0.185034662252292,0.301501807989553,0.329895344795659,0.2243709967006,0.104575965320691,0.0715098804794252,0
0.991601007633972,0.384840866588926,0.56924039684236,0.141463038744405,0.132730060257018,0.3965534332674,0.641825071070343,0.986166508402675,0.00163871957920492,0.223833751631901,0
0.533939054472777,0.973752656768899,0.773816815344617,0.0436271331273019,0.215841818368062,0.614937152946368,0.743705052882433,0.384633372770622,0.591776306042448,0.269669371889904,0
0.870243589255738,0.744953788843845,0.134173368103802,0.546799660427496,0.392371294787154,0.998705606674775,0.818574909586459,0.296743824146688,0.239266894524917,0.590478057041764,0
0.771559186437483,0.0862904006681057,0.125664378050715,0.159925931366161,0.419947809539735,0.0197082271333784,0.648462631041184,0.22004027524963,0.168631275650114,0.701423194259405,0
0.972101187799126,0.443500076886266,0.440213048132136,0.946907987585291,0.734470795374364,0.728215208277106,0.815740996040404,0.808800099883229,0.00851188087835908,0.444506698520854,0
0.286877638943907,0.91053901169309,0.801408757222816,0.420257169287652,0.351448261644691,0.549257017672062,0.906986544607207,0.183187431422994,0.263476042309776,0.480577770620584,0
0.777346943149746,0.89580905553575,0.189201165223494,0.285934248706326,0.373031654162332,0.228579648304731,0.51175370416604,0.0896330159157515,0.203404565574601,0.573687663301826,0
0.301482573384419,0.0413252243306488,0.652492987224832,0.279700769111514,0.311744082253426,0.585541969863698,0.0886620841920376,0.685291430447251,0.410553302848712,0.998993837507442,0
0.397782171549484,0.987240790841067,0.798294264357537,0.36995242908597,0.7685573536437,0.904062048066407,0.868471966823563,0.344299419550225,0.0303019296843559,0.0492647378705442,0
0.690716774202883,0.139670716365799,0.695136392954737,0.41919956356287,0.812143033603206,0.671935361577198,0.534655170980841,0.784188062185422,0.769687364809215,0.778128649340943,0
0.625895175415175,0.974667198785752,0.534530248958617,0.116683939937502,0.420656491769478,0.58124752365984,0.914772182004526,0.691000473918393,0.0561614171601832,0.846440433058888,0
0.924450009182409,0.756637187638086,0.166415370069444,0.661629209527746,0.138321051141247,0.991012572310865,0.107323806965724,0.480923503171653,0.594632943859324,0.383920898661017,0
0.501049712998793,0.942744598258287,0.159702475648373,0.00513214990496635,0.505364411976188,0.425279456190765,0.710569756571203,0.16701713972725,0.350517625687644,0.0169621421955526,0
0.140291049979825,0.825355255350974,0.579689869657159,0.0481320891994983,0.697779787005857,0.900733557296917,0.823248495813459,0.64550563832745,0.792945101624355,0.585551236057654,0
0.0975376817706421,0.16453185389108,0.254431164823472,0.89711712510325,0.725465646479279,0.575761038810015,0.10732748452574,0.800928769400343,0.251949477707967,0.810015727765858,0
0.325430701486766,0.902951701078564,0.874464189866558,0.495265985839069,0.974696063436568,0.642207174561918,0.838410194031894,0.0904647568240762,0.60186875751242,0.729003911605105,0
0.0208913297401608,0.337309478797038,0.105702404631302,0.821968944510445,0.65843586367555,0.719436739571393,0.6144140700344,0.372651766287163,0.911060268757865,0.500957673881203,0
-0.0161766830239659,0.664428727977573,0.343818366760388,0.309726954903454,0.558432458899915,0.0645658783614635,0.689919526688755,0.319705440429971,0.119299713522196,0.832164457533509,0
0.955085837436722,0.407103292481381,0.953400742495432,0.637095958692953,0.0606762247625738,0.443983362056315,0.873232939746231,0.406226882711053,0.625954825198278,0.759759561391547,0
0.384179851505905,0.970620969310403,0.497941505396739,0.982363005168736,0.533324324060231,0.487995983799919,0.114721411373466,0.498780270805582,0.538210077211261,0.453533068299294,0
0.500003153706141,-0.0231229578969976,0.244007287314162,0.723820256767794,0.776558117708191,0.032084159553051,0.945823365123942,0.883036977844313,0.270765850087628,0.347916148370132,0
0.0816242014313408,0.136645286893144,0.218668006360531,0.726062409579754,0.148558952612802,0.736622479511425,0.390182176139206,0.846750566270202,0.657368240645155,0.984581200871617,0
-0.0348549497501103,0.351882902845599,0.791932012187317,0.0786463436670601,0.95015711709857,0.87530798627995,0.756398779340088,0.535679019987583,0.453655825229362,0.945179155329242,0
