"1","2","3","4","5","6","7","8","9","10","class"
0.788239667192101,0.282853961922228,0.185821280581877,0.680103501770645,0.0789879816584289,0.882346566300839,0.704419329995289,0.443561579566449,0.511196235660464,0.178244534414262,0
0.136180115863681,0.489333553938195,0.951961355283856,0.462254649261013,0.930990296648815,0.357752850512043,0.26618901710026,0.774914955720305,0.817291405750439,0.986024056328461,0
0.885210996260867,0.519520181929693,0.428066153777763,0.959265970624983,0.173452658113092,0.687483818735927,0.572888106573373,0.0796730585861951,0.866732783149928,0.896494588581845,0
0.59994907634443,-0.025788346197249,0.0823388015851378,0.659817643929273,0.0912827141582966,0.58471719850786,0.109762868843973,0.400510665262118,0.333389804931358,0.997146929614246,0
0.754940091262372,0.898506670046183,0.850335233146325,0.0746453991159797,0.886956535745412,0.737021556589752,0.34560293937102,0.960861884523183,0.999189793132246,0.737720188917592,0
0.560637371614575,0.875964161939919,0.355861951597035,0.522502931300551,0.84297631517984,0.449971948750317,0.0630992820952088,0.615269886096939,0.186011982616037,0.213556775124744,0
0.42075273511,0.664113593520597,0.152439803350717,0.25918209226802,0.397199079394341,0.721452843863517,0.513188409619033,0.109723607078195,0.498900682199746,0.812808691291139,0
0.313401024837062,0.948134519008737,0.135531589621678,0.341578532010317,0.738883436424658,0.145720996661112,0.00582701503299177,0.872849375009537,0.0643900486174971,0.699043761240318,0
0.566450988408178,0.893108023330569,0.685465021757409,0.483084885869175,0.732997402083129,0.683149795280769,0.379736914532259,0.407679911004379,0.501892023487017,0.2458668530453,0
0.479195292340592,0.853062198730186,0.932038984494284,0.508197697810829,0.491138633806258,0.607018417445943,0.370385623304173,0.194701756350696,0.901388806290925,0.269397440832108,0
0.4770489835646,0.289052973967046,0.735082083148882,0.981695926049724,0.537238325225189,0.511954203713685,0.351733065908775,0.828046357724816,0.922908454667777,0.871460989583284,0
0.58525850600563,0.752685030223802,0.016483134124428,0.748056788928807,0.0350819525774568,0.225373376859352,0.535424593137577,0.49580587213859,0.62891088728793,0.225425583077595,0
0.12047455389984,0.525808942504227,0.764709738548845,0.206600375007838,0.29006748762913,0.384173941798508,0.128092446131632,0.466994762187824,0.487658300204203,0.00583241111598909,0
0.811045687412843,0.265874963719398,0.624380184803158,0.732628315454349,0.640093065565452,0.402034017490223,0.599926734808832,0.710586736211553,0.201764139113948,0.989744264632463,0
0.614318100037053,0.0147329189348966,0.60708178114146,0.55918617057614,0.973660932155326,0.543747744755819,0.790113308466971,0.31312864809297,0.00564294448122382,0.960294178454205,0
0.290300871944055,0.74588554399088,0.690872513921931,0.30557536939159,0.694668637122959,0.447750832885504,0.941728992387652,0.105168172158301,0.837198892142624,0.0443341634236276,0
0.289140964392573,0.223165091127157,0.326357971411198,0.243526576086879,0.277683869469911,0.69523652177304,0.242813994642347,0.468951403629035,0.509925437625498,0.899443275062367,0
0.505774576216936,0.777431240072474,0.996504731010646,0.623647909145802,0.883568674558774,0.956666768761352,0.797289320034906,0.792214707005769,0.296678730286658,0.571872105356306,0
0.847290294943377,0.749406616901979,0.724522839533165,0.989622950321063,0.0260044983588159,0.246619591955096,0.972884300164878,0.783630783902481,0.502562363399193,0.121289643691853,0
0.583044245373458,0.940211738692597,0.573682908434421,0.647025364916772,0.843250087695196,0.68845406617038,0.0207201014272869,0.525069647235796,0.237632441334426,0.0508706506807357,0
0.0740172013174742,0.40981304179877,0.421113212127239,0.423602550057694,0.347867954755202,0.0932646009605378,0.370588414371014,0.0776972812600434,0.882971753599122,0.59142870362848,0
0.483414608286694,0.982523325830698,0.84899894008413,0.755019417731091,0.0999349064659327,0.814852238632739,0.215190325863659,0.878084481693804,0.646471388172358,0.780467211036012,0
0.283633445156738,0.553292965283617,0.301316966768354,0.656671456061304,0.26414259406738,0.65023126010783,0.967549265129492,0.852409922750667,0.952916632173583,0.396585602546111,0
0.84658325696364,0.612946696346626,0.806888090213761,0.294269065605476,0.00913521251641214,0.0432169439736754,0.501581543125212,0.0976756354793906,0.28645906294696,0.364996406482533,0
0.38434196379967,0.385991181014106,0.960741569520906,0.225099337054417,0.127296386752278,0.654411942698061,0.748354137176648,0.318483795737848,0.163177432725206,0.631913016084582,0
0.91883573236581,0.263199078491169,0.279156552162021,0.208110506413504,0.327017649076879,0.878947412362322,0.881431165616959,0.284421637887135,0.823312929365784,0.535906583769247,0
-0.000128571342474126,0.321390883232263,0.930364558007568,0.371948560932651,0.0259683460462838,0.766338331857696,0.64498581062071,0.51695171976462,0.460530752548948,0.655680910684168,0
0.5949729711283,0.163214286090806,0.548219772521406,0.227849192917347,0.568059951299801,0.848679368617013,0.254734335234389,0.107207117369398,0.435233984608203,0.0549875714350492,0
0.322119729127735,0.135824661469087,0.366160431643948,0.422778617590666,0.480006927158684,0.0189549510832876,0.880393662955612,0.253578303381801,0.335073827533051,0.0214533777907491,0
0.212492439430207,0.887976328842342,0.110800383146852,0.739810547791421,0.874439013889059,0.233888070564717,0.707833844935521,0.917294641723856,0.630917089059949,0.124764757696539,0
0.793625287245959,0.513642289908603,0.547736083157361,0.485301099251956,0.158066680887714,0.163372578797862,0.291164541617036,0.105050809681416,0.0648067893926054,0.160243203630671,0
0.511854601791129,0.845643437700346,0.446885301964357,0.727518387837335,0.228525456041098,0.322950858622789,0.581603663275018,0.724819248076528,0.1202596523799,0.717418585903943,0
0.507762322784367,0.998984084838251,0.860546017531306,0.289238266414031,0.50374122033827,0.315832923864946,0.294825178571045,0.948024770012125,0.819418788421899,0.134063649224117,0
0.0454778685625328,0.691810093037278,0.690796927781776,0.0909408691804856,0.744569286005571,0.84231187379919,0.805820318637416,0.644606450339779,0.190080981701612,0.51266705757007,0
0.452014287933707,0.231687360210344,0.884846072178334,0.368825086858124,0.789852626388893,0.988802932435647,0.471993267536163,0.975986046018079,0.521228856407106,0.367021116428077,0
0.913210012950003,0.330344551242888,0.221502157161012,0.129176100017503,0.582449932582676,0.363865888211876,0.121706182369962,0.709829878760502,0.930331705370918,0.0889134157914668,0
0.507043987543831,-0.0135725097054448,0.472015181090683,0.589012240525335,0.490423591108993,0.943072066875175,0.724465018836781,0.38217969215475,0.926482299342752,0.990007251035422,0
0.259659832576019,0.944979578322926,0.772159081418067,0.623656970215961,0.438332253601402,0.737667152192444,0.248284881701693,0.246748812962323,0.863737608538941,0.568781584966928,0
0.13057145836965,0.829164709903273,0.282013857970014,0.0782870268449187,0.858166736317798,0.642177327303216,0.300745952641591,0.763879017205909,0.681832500733435,0.441995641682297,0
0.080640354892239,0.675757432356477,0.298164160223678,0.62424194579944,0.447164047509432,0.592024382203817,0.787344141397625,0.947196607012302,0.449520781869069,0.350046251434833,0
0.345099085476249,0.768892975989729,0.143806498497725,0.206784346373752,0.860262544127181,0.706043995916843,0.823821214493364,0.572744060074911,0.718651061411947,0.528614508686587,0
0.564009551424533,0.153883081395179,0.0668153266888112,0.0368677596561611,0.528886081883684,0.981875245692208,0.743539560353383,0.471680824644864,0.384307113708928,0.967438878957182,0
0.110156013863161,0.782488457858562,0.154541915515438,0.683792390627787,0.487353312550113,0.0717952460981905,0.977231825469062,0.742590834619477,0.573205168824643,0.24564653262496,0
0.553504859155041,-0.0214776774339307,0.0650221998803318,0.624604250304401,0.397781636100262,0.743601016467437,0.787020134972408,0.902271721046418,0.879375213058665,0.410220429999754,0
0.461114812947145,-0.00818845883931996,0.261055621085688,0.476104011293501,0.528592526214197,0.514542697230354,0.216038196580485,0.629963706480339,0.341922201914713,0.677975631551817,0
0.554047333941486,-0.0381120486560436,0.690725539810956,0.587668590247631,0.443176443455741,0.375763321295381,0.461172526003793,0.0764977429062128,0.484380973735824,0.166743405396119,0
0.74938661727567,0.0772040790933856,0.138465668773279,0.108680490637198,0.90149868442677,0.0378396098967642,0.237611600896344,0.245124118868262,0.126583329634741,0.118367227958515,0
0.247555164054783,0.0289660047038762,0.110416925046593,0.530945317121223,0.682885407237336,0.104094673413783,0.844018397154287,0.417188296094537,0.559993828414008,0.258576821070164,0
0.846567793982103,0.372041420545429,0.36886616749689,0.529614667408168,0.0698353464249521,0.548956036800519,0.201389090856537,0.051188548328355,0.62352475640364,0.57957596029155,0
0.973051909124479,0.415896645281464,0.405468244804069,0.0368285663425922,0.499647137708962,0.433093769708648,0.835787907941267,0.0503721544519067,0.45093273348175,0.317379447864369,0
0.464872000253499,-0.0130190292369072,0.451252004131675,0.59459575987421,0.879816679749638,0.0709972339682281,0.684873288031667,0.300243308534846,0.872309803962708,0.150719831464812,0
0.833408846696857,0.837402541762031,0.807440026896074,0.626307497965172,0.0143025768920779,0.0464929973240942,0.840171423740685,0.894773170119151,0.683460987405851,0.514669931260869,0
0.664431013865396,0.467206239933148,0.87451784638688,0.378928472287953,0.108001928310841,0.631196076516062,0.85430389479734,0.651650744024664,0.158324689138681,0.522885024314746,0
0.474449939094484,0.331585017498583,0.693786745425314,0.919911928940564,0.294563175877556,0.627136604627594,0.669805014971644,0.565232227556407,0.283525027567521,0.928289069095626,0
0.505311873275787,0.718795183813199,0.94896307727322,0.545730491867289,0.0398782207630575,0.926979957614094,0.000657064840197563,0.40031666168943,0.602352336514741,0.704045465216041,0
0.825287484098226,0.154844107571989,0.37548934831284,0.0425769444555044,0.44087583059445,0.333333850838244,0.256522083422169,0.336282331263646,0.630657576490194,0.628792107570916,0
0.368235013447702,0.813176145078614,0.357557384064421,0.296591541497037,0.406148085836321,0.637764641549438,0.768079068046063,0.875037362799048,0.0401522661559284,0.851701623527333,0
0.962555779376999,0.660534801194444,0.284928577486426,0.16902033239603,0.925553337438032,0.700010728789493,0.0430311935488135,0.644464124459773,0.393894449574873,0.200654796790332,0
0.273573804879561,0.875438618706539,0.880616125650704,0.466074631083757,0.425606250530109,0.775553423911333,0.829258295241743,0.676423870259896,0.1041783480905,0.679921282455325,0
0.600106199201431,-0.0256518293967837,0.0493582622148097,0.603219020646065,0.297017537755892,0.439429669873789,0.745457297656685,0.77307780017145,0.767842019209638,0.809572711819783,0
0.468217468414916,-0.0134282551690047,0.159565390087664,0.565106068737805,0.726607456570491,0.956840615719557,0.402771709952503,0.0485497363843024,0.921724065439776,0.279289478436112,0
0.340815662173554,0.922771457117051,0.514088786672801,0.721186280250549,0.312699613627046,0.466653240611777,0.64927076222375,0.768119004555047,0.603902267990634,0.452494398457929,0
0.348183565074578,0.416591844521463,0.610777061898261,0.360571882687509,0.328224575845525,0.374802763340995,0.616815408226103,0.529070902848616,0.212474331725389,0.465472353156656,0
0.804893088937223,0.874754139319001,0.198504890315235,0.782231357414275,0.256180641939864,0.122270050225779,0.516372692305595,0.256469514220953,0.421814249129966,0.563744296319783,0
0.8413910723757,0.238976647611707,0.40046669379808,0.651045600883663,0.613942236406729,0.258468095678836,0.154746596002951,0.0288104133214802,0.684583361726254,0.453316996106878,0
0.822376419790089,0.573222013888881,0.888732092222199,0.474512454587966,0.714298540726304,0.563065751921386,0.18084852071479,0.638987261336297,0.0080763699952513,0.774105299962685,0
0.944923133780559,0.677252381368812,0.679944975767285,0.0351051883772016,0.934332181932405,0.681366034317762,0.0866966845933348,0.0560513471718878,0.0714946934022009,0.609083657152951,0
0.748810542420438,0.862840885896015,0.19004690204747,0.207383504835889,0.965973662212491,0.794134772615507,0.375005578389391,0.973154734820127,0.264394328929484,0.241339777130634,0
0.38230580999516,0.760847416939214,0.0884759267792106,0.157329711830243,0.515745351323858,0.51867735455744,0.664452847559005,0.921246607089415,0.0210206483025104,0.767604624154046,0
0.976125659762137,0.549845831693013,0.908063585404307,0.0128993026446551,0.420486567541957,0.979150974424556,0.937223685439676,0.913904801476747,0.75495550618507,0.370625959476456,0
0.642736716191865,0.967678207605212,0.492047202307731,0.358786946628243,0.500451071886346,0.388304685475305,0.438818973489106,0.453262748662382,0.775387335103005,0.780875049065799,0
0.203045584727079,0.836322927149013,0.105797856580466,0.086649018805474,0.541706028627232,0.995928381336853,0.341408779611811,0.486597117735073,0.711700272280723,0.771463281707838,0
0.600956974318251,0.363083874573931,0.848384252982214,0.785894599510357,0.519118960713968,0.274849334498867,0.063910361379385,0.443678012350574,0.579184609698132,0.332298122113571,0
0.617905595805496,0.761558838188648,0.64344403706491,0.412348006619141,0.759789664763957,0.214766182005405,0.79878698522225,0.864870375720784,0.244302788516507,0.980265128426254,0
0.311035440303385,0.823464376153424,0.502655436052009,0.966062211198732,0.967527135275304,0.882315852446482,0.166989663150162,0.86285867029801,0.0918303192593157,0.654347990639508,0
0.0596263039213373,0.220738693785273,0.637873068684712,0.606249585049227,0.743390074698254,0.62888707104139,0.950307468418032,0.928251572884619,0.255154274404049,0.872204811545089,0
-0.00718998354832856,0.566062272917533,0.15189025667496,0.492309978231788,0.431306082522497,0.319400486070663,0.582923332462087,0.510939361294731,0.916870511136949,0.235636796802282,0
0.976734067778317,0.517515753818292,0.8767129634507,0.325321419164538,0.5107944579795,0.0318603136111051,0.268152376636863,0.376219066558406,0.0349670150317252,0.54760337411426,0
0.423484876286238,0.00950963492505252,0.638753611827269,0.161148766288534,0.0686684723477811,0.976820459356532,0.45743680652231,0.709646344650537,0.863797633443028,0.164859671378508,0
0.695904841180891,0.468595365993679,0.228515808004886,0.586018360685557,0.651943363714963,0.237299758940935,0.15102871065028,0.722496959147975,0.408569414867088,0.349850366590545,0
0.707954595331103,0.0636416242923588,0.217920285416767,0.217848133062944,0.633186782477424,0.0699546344112605,0.493954416597262,0.461824069963768,0.597117721801624,0.242821239633486,0
0.634493633173406,0.787293589441106,0.136582483770326,0.544869742356241,0.293049499392509,0.00226257275789976,0.984205769840628,0.99132919148542,0.16099442425184,0.842990260571241,0
0.378117950400338,0.146064797881991,0.538490614388138,0.122823734534904,0.184668373782188,0.842726176837459,0.88636036333628,0.0431331878062338,0.897874678717926,0.152326219482347,0
0.757029825355858,0.125238640233874,0.683989783981815,0.683520501013845,0.637176195858046,0.244530562311411,0.80150669394061,0.222399427555501,0.869252609787509,0.239523921860382,0
0.0983365117572248,0.278903214028105,0.764231122564524,0.338257901370525,0.703831708990037,0.65914761624299,0.844781073508784,0.123544660396874,0.388198136352003,0.00293047004379332,0
-0.011635692723624,0.410515880337549,0.0453715973999351,0.960909201065078,0.940031835110858,0.506591667421162,0.591162239667028,0.818436744390056,0.690274771535769,0.75135119445622,0
0.958410030270574,0.549049476492373,0.783399295294657,0.253820314072073,0.200233254348859,0.20795388892293,0.793394913198426,0.78959834179841,0.989682546118274,0.473361766897142,0
0.817692339583875,0.124117987091755,0.246417215559632,0.957206632010639,0.100208720425144,0.906705521279946,0.103035474196076,0.32871737354435,0.152017659740523,0.529480017023161,0
0.437369028339162,0.310521810082719,0.315361939603463,0.340345931705087,0.411977283423766,0.899165637558326,0.670895837713033,0.729595178272575,0.613044643076137,0.942250122316182,0
0.270652162842453,0.438407738460228,0.907607635250315,0.335423168260604,0.689278282225132,0.506417148513719,0.516465967288241,0.187699950765818,0.174336476251483,0.585957680363208,0
0.452841602265835,0.966951104812324,0.247146360110492,0.600415097549558,0.448773903772235,0.108315690886229,0.831075883936137,0.355161585146561,0.313460278790444,0.490448853233829,0
0.313486730447039,0.600628849351779,0.0227673691697419,0.988724136026576,0.070392195135355,0.676411715801805,0.612267425050959,0.743374802870676,0.240097547182813,0.565602730726823,0
0.742544188164175,0.127018495230004,0.214758606860414,0.124638196779415,0.319680911488831,0.567322354298085,0.34957745927386,0.0737958590034395,0.90908944956027,0.830547297140583,0
0.439295853488147,0.875235861400142,0.883371768053621,0.501666106749326,0.586112518096343,0.225113740889356,0.0647841778118163,0.547478466527537,0.903421842493117,0.0402103858068585,0
0.978949592847458,0.489803363872769,0.824372216593474,0.215736118843779,0.0223842405248433,0.646410200046375,0.30591465625912,0.0450248091947287,0.332001336617395,0.567847769474611,0
0.228899511042982,0.451916484627873,0.414525234373286,0.901365639874712,0.496999735943973,0.238338686525822,0.629012676421553,0.755083559313789,0.423165831947699,0.331651433138177,0
0.774114776169881,0.269081725040451,0.768832666100934,0.898097217781469,0.0347435758449137,0.616999620338902,0.0889836184214801,0.162996432511136,0.807611318537965,0.0376881014090031,0
0.601858383975923,0.0294646373949945,0.514473631279543,0.352329125860706,0.179075986612588,0.927876744884998,0.293719598092139,0.833239414962009,0.570092056877911,0.480312455911189,0
0.799337367527187,0.559120159363374,0.690337393665686,0.833575302036479,0.54742904775776,0.437015513656661,0.123349766945466,0.172596539603546,0.387238527880982,0.581104278564453,0
0.926955728791654,0.624561097240075,0.0925839091651142,0.0186831783503294,0.179586418904364,0.737656400538981,0.885978502221406,0.279650954995304,0.376652508508414,0.908927333075553,0
