"1","2","3","4","5","6","7","8","9","10","class"
0.684593608835712,0.732377394335344,0.15848349663429,0.666364706354216,0.936142541235313,0.0251370659098029,0.407049757195637,0.53202456003055,0.795946604339406,0.444585524965078,0
0.0634459430152556,0.733916462631877,0.329821677180007,0.435506826266646,0.523280394263566,0.0290927470196038,0.928592144278809,0.0214792527258396,0.793547010980546,0.476744300452992,0
0.0552510357765,0.261441943764469,0.705790084786713,0.972258361754939,0.727448348188773,0.205950717208907,0.432266010437161,0.301692126784474,0.441118115093559,0.750250049168244,0
0.875638147319578,0.182872782834427,0.0135418574791402,0.854862733976915,0.428815692197531,0.0658056128304452,0.258852277882397,0.939266448374838,0.60108463675715,0.228170636110008,0
0.310414195526391,0.278485489310697,0.77239842293784,0.764148075133562,0.608549737604335,0.716865679249167,0.830967402318493,0.426023942185566,0.661358108744025,0.454849745379761,0
0.620975918560558,0.0109063994315393,0.184863436967134,0.579182170331478,0.740771407727152,0.940507563995197,0.937692827545106,0.0848747312556952,0.46774470503442,0.275456499541178,0
0.579142209142447,0.775841276627034,0.0217336097266525,0.201089370530099,0.939660845324397,0.153878692071885,0.729831894859672,0.026148475240916,0.684259637957439,0.555628475500271,0
0.153899708995596,0.376247933134437,0.176574899349362,0.773991018533707,0.102833174867555,0.570401585428044,0.478140099672601,0.826802999246866,0.420490265125409,0.0312689773272723,0
0.121904637664557,0.231557676102966,0.6447631677147,0.925385906826705,0.0733550069853663,0.531795244198292,0.273629399714991,0.502279134700075,0.367943441262469,0.191572291543707,0
0.153017239179462,0.709658859297633,0.627868629526347,0.943592201685533,0.944009131053463,0.91943943942897,0.169149751774967,0.289728167001158,0.0044532788451761,0.940328164724633,0
0.891993361292407,0.63259733794257,0.356969530694187,0.532667556544766,0.926017232239246,0.0120347868651152,0.636334848357365,0.382028581574559,0.145998174324632,0.287997191771865,0
0.0659051121302227,0.227159559645758,0.152870070654899,0.0546126032713801,0.546344654168934,0.00653734290972352,0.757594439899549,0.0483328374102712,0.601460753241554,0.157815146492794,0
0.449246821459383,0.0518422201275826,0.773761361837387,0.346870768116787,0.0182627800386399,0.0792106785811484,0.275405133143067,0.627783104777336,0.34744499437511,0.0397658578585833,0
0.163219838403165,0.756383483298123,0.325842874823138,0.718392379814759,0.0874750665389001,0.833688694052398,0.0757303431164473,0.327846393687651,0.690735056530684,0.89635729114525,0
0.363017260365539,0.941700819979382,0.0896412110887468,0.296554282540455,0.394382681464776,0.823025716934353,0.286017206031829,0.259856692515314,0.639441751409322,0.0939980165567249,0
0.314707507845014,0.22366849030368,0.653849638532847,0.886597166769207,0.759184055030346,0.377752356231213,0.622931388672441,0.479738817317411,0.194666841300204,0.458004880929366,0
0.829492924036458,0.64067490119487,0.523624692577869,0.293387026293203,0.242030295077711,0.200909015024081,0.583271532552317,0.676511110039428,0.626316111767665,0.881684190127999,0
0.722901927720599,0.905829494196636,0.0368896664585918,0.0155264488421381,0.838800100143999,0.177916142391041,0.43667894648388,0.0209887779783458,0.158789407229051,0.990394450956956,0
0.766705841524526,0.264973745215684,0.185210697585717,0.779303124174476,0.868323456728831,0.451393194962293,0.3197572438512,0.31608322286047,0.845141479512677,0.781372999539599,0
0.129070719936863,0.449192355154082,0.150098695419729,0.0563013181090355,0.0346393906511366,0.90114867198281,0.632591428468004,0.227306712651625,0.496776025509462,0.460035767639056,0
0.159318869467825,0.225852138595656,0.324727608589455,0.410381843103096,0.473194556310773,0.17058006930165,0.116301632486284,0.40997337619774,0.0599928954616189,0.503100896254182,0
0.563536299625412,0.729749175719917,0.5867703568656,0.410794631578028,0.322590675204992,0.688325118273497,0.535039498936385,0.216386220650747,0.292790386592969,0.994664129102603,0
0.365899996599182,0.0429558996111155,0.630621970864013,0.347795728826895,0.761249370407313,0.962070100475103,0.0821447989437729,0.261250060750172,0.0829140543937683,0.723818770842627,0
0.0355543177574873,0.673032789956778,0.715115452650934,0.350912148831412,0.620513775851578,0.086650513112545,0.347803652053699,0.759215348167345,0.106774414423853,0.83111947379075,0
0.225495668360963,0.172827066387981,0.983796545304358,0.715379286091775,0.344502300256863,0.770827437052503,0.0719599488656968,0.741427686763927,0.894281696295366,0.065654655219987,0
0.65356705682501,0.0283523961482522,0.757207694929093,0.274376594927162,0.165874822763726,0.468829807592556,0.986405721399933,0.840147921582684,0.908803034573793,0.867539626313373,0
0.603510969510494,0.940522683790893,0.71933305147104,0.587739252252504,0.114802917465568,0.404058446642011,0.718933141091838,0.705938992556185,0.11899389908649,0.113303972873837,0
0.34894679998979,0.186256353277713,0.613668195903301,0.0839468503836542,0.0679705303627998,0.890187648124993,0.742454670602456,0.428954424336553,0.646382096689194,0.338594657834619,0
0.320153146749362,0.841134881367907,0.909950983477756,0.273072080686688,0.194395607570186,0.0467911984305829,0.546770894899964,0.0154762587044388,0.195578139042482,0.258196083130315,0
0.272100141039118,0.185623087687418,0.00514669413678348,0.908444641856477,0.249647844582796,0.558847721898928,0.548577920300886,0.978289499878883,0.610023816814646,0.728388196090236,0
0.358919022371992,0.816029163543135,0.799962437013164,0.402598454384133,0.400964773492888,0.790712064597756,0.355969996890053,0.396992476191372,0.366215597372502,0.11701857089065,0
0.818242681678385,0.462627423927188,0.350925717968494,0.239667004905641,0.160838987678289,0.166542277671397,0.042741576442495,0.664343008073047,0.301217288244516,0.196574909379706,0
0.862864860100672,0.714484572177753,0.900186313083395,0.763926093932241,0.506115766009316,0.98598708328791,0.141644645249471,0.8778587046545,0.200357207562774,0.880819146521389,0
0.682175026973709,0.31551418104209,0.855175454169512,0.658256399445236,0.665258630877361,0.962422988610342,0.599777329247445,0.690474806120619,0.323917645495385,0.347787956008688,0
0.265335670493665,0.908838368940993,0.929905148223042,0.776986223179847,0.867813562275842,0.0921600412111729,0.115077656460926,0.899792367359623,0.675427054753527,0.50686580920592,0
0.521563424728811,0.161371466238052,0.689475126797333,0.0695853685028851,0.452124482486397,0.133675663499162,0.472039936808869,0.794148099375889,0.0568841903004795,0.188791662221774,0
0.973740010522306,0.359416022663936,0.710689431289211,0.500241827219725,0.907967142760754,0.191236489685252,0.100270979339257,0.925950579112396,0.210223734844476,0.88998034899123,0
0.0917450510896742,0.546365110902116,0.6327021245379,0.430272174766287,0.605811982182786,0.445902952225879,0.51263629947789,0.824548678472638,0.879584840964526,0.825075355358422,0
0.965042582066354,0.272106035744062,0.923115194309503,0.997095171827823,0.0824907328933477,0.0798953548073769,0.23707600357011,0.0499347762670368,0.179154955549166,0.371735755121335,0
0.694439116399735,0.334817426046357,0.914578616851941,0.235593417426571,0.0546304574236274,0.564137832727283,0.0371431179810315,0.800850466126576,0.139132778625935,0.702260377816856,0
0.633622208851677,0.933602748683538,0.74865005700849,0.0379645761568099,0.766593646956608,0.601818992756307,0.468664818676189,0.392329811817035,0.0269376754295081,0.274794524069875,0
0.21230535604991,0.205161882331595,0.741019008914009,0.269492270192131,0.745921617839485,0.590339801739901,0.660867235856131,0.329814990749583,0.711849186569452,0.739270022138953,0
0.999018064090467,0.498402694080384,0.633996519492939,0.498525596922264,0.83513973117806,0.897782460786402,0.93527069943957,0.289522112114355,0.97819169354625,0.646484712371603,0
0.88504096176229,0.22183387919881,0.887703216867521,0.243398583028466,0.141337426379323,0.646784618496895,0.744250789517537,0.0879061347804964,0.319635092047974,0.291897861752659,0
-0.00510471174214122,0.529093374304139,0.0910978901665658,0.547991374507546,0.168040935415775,0.596739199012518,0.139491064706817,0.220553224906325,0.172920987475663,0.648007410345599,0
0.399344057628077,-0.0305929384771978,0.811580758076161,0.932160034077242,0.422085860976949,0.619002469349653,0.378737048245966,0.83605468692258,0.800395083380863,0.46694815158844,0
0.147670069243759,0.84330979315564,0.922156513435766,0.901047962484881,0.575542179867625,0.036166635574773,0.544103827793151,0.317866527242586,0.231242735637352,0.567244268488139,0
0.733163971919566,0.391437473939732,0.175188802415505,0.981860293075442,0.816196952946484,0.0151246949099004,0.249138591811061,0.719620713498443,0.76616322947666,0.630218751961365,0
0.97471904149279,0.362227894831449,0.94073918601498,0.234030925203115,0.309894292615354,0.231881312094629,0.0884676261339337,0.618665199959651,0.975637265946716,0.560503728920594,0
0.0792204255703837,0.587264806265011,0.436397862387821,0.658090626820922,0.419427215820178,0.33291494473815,0.697067296365276,0.431836809497327,0.677696978440508,0.37875551590696,0
0.431454326957464,0.0715498374775052,0.508348225848749,0.888059105025604,0.292253938270733,0.688905951799825,0.431316976901144,0.073232404422015,0.837209039600566,0.541386272758245,0
0.44555188738741,0.830122620332986,0.252783980919048,0.404984084423631,0.224195741582662,0.470007125753909,0.995890059275553,0.420446426142007,0.349569085519761,0.450011038919911,0
0.424110127369895,-0.0149331301032237,0.492159593384713,0.403097398579121,0.610054878983647,0.414537047035992,0.0623569416347891,0.520138225983828,0.302144162822515,0.797087156446651,0
0.544239286333323,0.0342152041848749,0.547674988396466,0.222083954606205,0.95656491490081,0.836049903184175,0.700460248859599,0.0544241408351809,0.237939276732504,0.90083129145205,0
0.822771193925291,0.63771882141009,0.742826609639451,0.038311512209475,0.406943794107065,0.0981778833083808,0.98035701434128,0.47897964133881,0.916333112167194,0.554888222366571,0
0.772998694330454,0.416471755830571,0.762791153974831,0.953201015945524,0.601057767402381,0.299880157457665,0.950288874097168,0.535550764063373,0.476228040643036,0.217500495025888,0
0.616434547118843,0.83505819668062,0.470459455391392,0.136686965823174,0.940740132238716,0.675716571044177,0.13380293501541,0.29885566746816,0.315152342431247,0.780885342974216,0
0.321812856011093,0.30277163698338,0.347172245150432,0.666754697216675,0.0845429347828031,0.996648399624974,0.696477126562968,0.381427461048588,0.394387205597013,0.669564717914909,0
0.0754850094672292,0.472536464687437,0.896283794427291,0.162063996074721,0.538656325545162,0.533355664461851,0.290253065293655,0.884785482194275,0.07921610516496,0.900456517469138,0
0.0969326186971727,0.844190344448388,0.904119286919013,0.897407177370042,0.435952153522521,0.628397592809051,0.215910568134859,0.247638757107779,0.503556758863851,0.093409666325897,0
0.227793880505487,0.201047970913351,0.694285183213651,0.102957456372678,0.941002148436382,0.575852392474189,0.0637843303848058,0.386207009200007,0.256087959278375,0.903319964185357,0
0.747179209021851,0.175638249143958,0.354697925504297,0.451274722581729,0.974221488228068,0.217472785152495,0.471895647700876,0.42668228619732,0.39281588117592,0.846957682166249,0
0.323596493108198,0.856783497147262,0.944213043432683,0.290218041278422,0.797197326319292,0.728939710417762,0.574623098829761,0.562398885143921,0.0210651161614805,0.587245018454269,0
0.83324761944823,0.79949982999824,0.955260872840881,0.64618397760205,0.812083653872833,0.632532315561548,0.224933001212776,0.770879544783384,0.147372300503775,0.389162321109325,0
0.0804008797276765,0.502534489380196,0.690496795810759,0.922090762061998,0.658923359587789,0.05856913048774,0.386740646092221,0.57134611485526,0.967844082275406,0.938840355724096,0
0.117921545635909,0.427111518802121,0.669229631777853,0.412172297481447,0.481322332751006,0.60535401920788,0.0980459898710251,0.675922685302794,0.515752634732053,0.268381713423878,0
0.06845694441526,0.138654488453158,0.380137656582519,0.390240774955601,0.522139502223581,0.381319435080513,0.713331284932792,0.336134113604203,0.937486452748999,0.701949086273089,0
0.247688739327714,0.755680362693965,0.02654965268448,0.660978610860184,0.66767497244291,0.784163669683039,0.512157731922343,0.381132162176073,0.663605062989518,0.806905655888841,0
0.909946204450957,0.737615810539965,0.0218284041620791,0.135868726531044,0.561788991326466,0.724397734738886,0.149620955809951,0.242886957712471,0.686935705831274,0.96246517682448,0
0.7484326956328,0.1516920090653,0.297456761356443,0.734710515942425,0.161604853812605,0.720486711710691,0.880955370143056,0.415497608948499,0.867380933370441,0.802943858783692,0
0.845795886931272,0.842848971746852,0.320304694352672,0.683204283006489,0.524780211737379,0.728860313771293,0.605879152892157,0.331728659803048,0.803451979300007,0.60335153574124,0
0.873015846358612,0.19033742044121,0.717410795390606,0.0694491388276219,0.46656359732151,0.607901404611766,0.237907447153702,0.286779685877264,0.257333872606978,0.115975107531995,0
-0.0173156526896421,0.358615407448757,0.993073295103386,0.427650289842859,0.217686648480594,0.516733611933887,0.691997178830206,0.960491170873865,0.624808981083333,0.0524642020463943,0
0.585490011610091,0.912092533661053,0.657705769641325,0.0375661049038172,0.679955591447651,0.0410112261306494,0.0274157912936062,0.290291001088917,0.405181751353666,0.522154393373057,0
0.216976388124749,0.57656832691282,0.136166787706316,0.186455854214728,0.821723342640325,0.331033999100327,0.544624853646383,0.425076072104275,0.0427361677866429,0.912591118831187,0
0.133744189282879,0.703953481279314,0.216222818475217,0.263105756836012,0.198279154486954,0.815382479922846,0.0337555219884962,0.244591110851616,0.330267097102478,0.690307887038216,0
0.620647750329226,0.14668238395825,0.0706625077873468,0.904012385522947,0.214811580488458,0.221628155326471,0.354809552663937,0.327133337035775,0.0497808335348964,0.602742491057143,0
-0.00704605099019673,0.465502547827321,0.600226428825408,0.563093036413193,0.874800003832206,0.811215137597173,0.477028380380943,0.405882420716807,0.917643280234188,0.115203727036715,0
0.725847744615749,0.230257257586345,0.869167085969821,0.44461065903306,0.050432586343959,0.702533169882372,0.44215361494571,0.616319840541109,0.30093400971964,0.911754873115569,0
0.326923175328388,0.022259841272422,0.408389009768143,0.333289211848751,0.809168155537918,0.548920619068667,0.161024590721354,0.606592919910327,0.699811407830566,0.0665735460352153,0
0.682154877344146,0.769392583752051,0.667242763098329,0.507162972586229,0.557494922541082,0.3383601505775,0.724024808499962,0.901282466482371,0.707282793940976,0.00150464614853263,0
0.102764514274895,0.702827872475609,0.598475474864244,0.175943949026987,0.233879188308492,0.134559977799654,0.347044264897704,0.0293457461521029,0.697829907527193,0.0479690453503281,0
0.135222429780664,0.112355585918907,0.225919820833951,0.402185036800802,0.952720668399706,0.755439700558782,0.997809510212392,0.988728646654636,0.348553828895092,0.660123165464029,0
0.663674846058711,0.115716407774016,0.611854785354808,0.733550942968577,0.250951267546043,0.945161151932552,0.645527333253995,0.317708040587604,0.778819180093706,0.807575351558626,0
0.126080770744011,0.736194413388148,0.601834224769846,0.344836392207071,0.961886977078393,0.0220834005158395,0.288776886416599,0.809348039561883,0.385424064937979,0.382475992431864,0
0.709636930922889,0.0470904894778174,0.177951598074287,0.85963969072327,0.0754086470697075,0.689530031522736,0.277709880378097,0.819644493050873,0.874087596777827,0.465035470202565,0
0.250176366754977,0.908635407354166,0.559894750127569,0.561674424912781,0.451791129540652,0.0626189154572785,0.648577279876918,0.785814417060465,0.269692976027727,0.18814441608265,0
0.494304095162079,0.244710137601942,0.146182004362345,0.807160941883922,0.40023330762051,0.892482610419393,0.51693065953441,0.498795702122152,0.135921515524387,0.352629095548764,0
0.30368158807637,0.0157240765027627,0.888378457166255,0.363480795640498,0.582960406318307,0.433427833486348,0.457959935301915,0.1534013368655,0.527723802020773,0.776458138832822,0
0.855111306533217,0.287764223990962,0.374221632024273,0.482749468414113,0.174346119863912,0.0788616193458438,0.818883732194081,0.586199569283053,0.632889598840848,0.528200300177559,0
0.448261322507783,0.991151057766525,0.116063157096505,0.87653269385919,0.832262801704928,0.169563476229087,0.52633887459524,0.195644492283463,0.560756252147257,0.868273248197511,0
0.145438856195147,0.0927959548087292,0.625402968609706,0.252197499386966,0.493479328462854,0.90661732852459,0.378386038355529,0.830888283904642,0.228039444657043,0.866225591627881,0
0.307444012491032,0.838102528359741,0.264290816383436,0.0838198077399284,0.690080889733508,0.0738189304247499,0.881058943225071,0.0771099135745317,0.51184629322961,0.462203842354938,0
0.285613012965769,0.706990882055834,0.465481210500002,0.934554218547419,0.709593979408965,0.446879105409607,0.859100709436461,0.077490447089076,0.150454375660047,0.533151261042804,0
0.982413505257566,0.363598727551302,0.710826223250479,0.905437803128734,0.774275743635371,0.419127687811852,0.800164156593382,0.0131282981019467,0.000174613436684012,0.505132708698511,0
0.804702994180843,0.717485517729074,0.878481953404844,0.964508201228455,0.00270744762383401,0.267476185690612,0.474815214518458,0.324955033604056,0.90911220270209,0.486391196027398,0
0.909362610196695,0.335751886013895,0.786077435826883,0.239128479035571,0.0565933876205236,0.645028820261359,0.251173797994852,0.211064621107653,0.10662767989561,0.607355765998363,0
0.855724080232903,0.361586204729974,0.891784475184977,0.0733960478100926,0.889371517114341,0.931882635923102,0.560421785106882,0.432506361743435,0.719160309527069,0.14182172040455,0
0.871129838516936,0.351882540388033,0.452411655103788,0.424491192679852,0.709668099647388,0.0411979130003601,0.958392053842545,0.211108222370967,0.428961825324222,0.58851587632671,0
0.0929446861359426,0.149489562245735,0.42841447936371,0.1594819042366,0.975310511188582,0.623156970599666,0.720856921747327,0.530791640281677,0.166614645160735,0.86046776897274,0
