"1","2","3","4","5","6","7","8","9","10","class"
0.358181934924385,0.968251472898813,0.682293359655887,0.839875064324588,0.0114850490354002,0.828272790415213,0.719585020560771,0.501490603201091,0.786692759022117,0.123649665620178,0
0.0610927160345007,0.208479516924077,0.486587034771219,0.441796545870602,0.413522677263245,0.822328328154981,0.225402100943029,0.889992831740528,0.548643783899024,0.380584949860349,0
0.910727773560211,0.774486167356372,0.639360380591825,0.383144621504471,0.756592567078769,0.237369275419042,0.977923101978377,0.785012074746192,0.032915371004492,0.313963656080887,0
0.140211962994493,0.840173478862077,0.986279001925141,0.465848528314382,0.134651188505813,0.24293640977703,0.673986250068992,0.528033905429766,0.898757258430123,0.991290362784639,0
0.883426165920016,0.762640445249586,0.631822871975601,0.79629222326912,0.184603715781122,0.882835980737582,0.12654929375276,0.15489030838944,0.410061725880951,0.465993186691776,0
0.516552312299609,0.00376347964629531,0.969302687095478,0.697242175461724,0.696065330645069,0.66902492637746,0.274291747016832,0.380903327604756,0.988780967658386,0.506368886679411,0
0.34954460830759,0.968834662360492,0.172954347915947,0.777618391206488,0.135593711864203,0.0509782773442566,0.760546487290412,0.380778381368145,0.147766043432057,0.409283241955563,0
0.132406840627964,0.826277617859117,0.354786806041375,0.192380372667685,0.787438681349158,0.684409108245745,0.825287829618901,0.709176246076822,0.344643055927008,0.31209771707654,0
0.159806989684403,0.101378961437337,0.784028157358989,0.530093827052042,0.301509860204533,0.490987312979996,0.739737260853872,0.165190896950662,0.765908744651824,0.315660071792081,0
0.0969062296207994,0.260025619994849,0.739014150574803,0.00612165476195514,0.357418176252395,0.869923181599006,0.356480880407616,0.854617385659367,0.843378170160577,0.115454321494326,0
0.208870035130531,0.846911947242916,0.35210340609774,0.478837108006701,0.465010403422639,0.346494714030996,0.995937360916287,0.342413442907855,0.734403226524591,0.643491597147658,0
0.683798240930559,0.9370479066087,0.394007239723578,0.317354930797592,0.873008772730827,0.377374295843765,0.615390030201524,0.0689291721209884,0.56012782198377,0.825808589812368,0
0.0675755710251261,0.731028984529219,0.950666296295822,0.179746582638472,0.645280081080273,0.0912094051018357,0.776081223040819,0.556913451291621,0.391388742020354,0.833270836621523,0
0.591478179201588,-0.00681970011324395,0.619889971800148,0.197364123305306,0.74082538834773,0.975768709788099,0.859753908123821,0.177091576857492,0.924516159808263,0.710973256733268,0
0.973325746244667,0.526500028512249,0.132357044843957,0.918049012776464,0.989632373210043,0.245385118527338,0.181503668893129,0.231993553694338,0.0858522178605199,0.433557328069583,0
0.0810553720220923,0.334602104034275,0.163755557732657,0.529623423703015,0.795714520616457,0.628183883149177,0.614552882267162,0.715770371491089,0.824544817209244,0.39434971450828,0
0.784570098359966,0.0780887717040292,0.0239646711852401,0.962961096316576,0.821221428224817,0.354906489606947,0.29212098615244,0.994560014689341,0.106209713499993,0.114515851251781,0
-0.0406476680852301,0.529877884923134,0.0615902587305754,0.894793250365183,0.620276573579758,0.433066825848073,0.196918612578884,0.53649379289709,0.779235816560686,0.260505031095818,0
0.215578324758927,0.0679451667836535,0.983569083968177,0.201821567257866,0.119255983503535,0.20623572403565,0.633541553746909,0.970248353900388,0.606500394875184,0.303335374454036,0
-2.85736416989479e-05,0.623084799149177,0.879956590943038,0.420871523441747,0.737027559895068,0.448054295498878,0.870413937605917,0.708101733122021,0.681426401948556,0.809771130094305,0
0.291573936119676,0.933343564160168,0.421159364981577,0.796044326620176,0.759129796409979,0.840364669915289,0.359835658222437,0.890879842219874,0.448908814694732,0.18022388080135,0
0.503878953300456,0.958541925049248,0.397988186217844,0.816029513254762,0.918313666712493,0.243713810574263,0.108978673117235,0.87742171343416,0.23290961724706,0.902696889592335,0
0.777592267052854,0.883738382674137,0.737300979439169,0.709469226188958,0.436893260572106,0.923363485839218,0.803690799279138,0.807721787830815,0.11245628981851,0.744935502996668,0
0.729020295813388,0.0538129523262058,0.630668957484886,0.526202969718724,0.38291976833716,0.93811352411285,0.284023078391328,0.465536268893629,0.815674475394189,0.906991178635508,0
0.958263269393703,0.341180866104915,0.689979620510712,0.894558855798095,0.0555689062457532,0.890758342342451,0.254619870334864,0.238821656210348,0.692646456183866,0.70815391256474,0
0.351794453376026,0.986692238791401,0.0224361317232251,0.0529332719743252,0.419322837144136,0.570520773530006,0.892559160944074,0.114092648029327,0.200001461664215,0.203239489812404,0
0.36213487945497,0.0864132738206536,0.612963708117604,0.0562879017088562,0.618373282253742,0.68675624858588,0.421324531082064,0.313300220062956,0.406309199519455,0.819646006450057,0
0.499712013501453,0.956061820945142,0.81769838090986,0.165797448949888,0.590724409557879,0.229610294802114,0.443730299128219,0.482259826967493,0.252082536462694,0.451604643370956,0
0.674574075233479,0.000259682441077547,0.471736377337947,0.816906893858686,0.365358351962641,0.284390322864056,0.328944051638246,0.795558898011222,0.321722985245287,0.560452226083726,0
0.822948592947796,0.177405969006941,0.261166797718033,0.939477779669687,0.455522157717496,0.74593358184211,0.706933599663898,0.457793795038015,0.0604558167979121,0.959069073665887,0
0.718445631378364,0.0269615043956764,0.766029914841056,0.70460738404654,0.694473560899496,0.28575058048591,0.654252230888233,0.0347333683166653,0.215674111619592,0.252101137535647,0
0.582063263146068,-0.00709017665238543,0.92974168760702,0.541605419013649,0.631810356630012,0.707228760933504,0.230217345058918,0.228848318336532,0.37411404796876,0.072465987643227,0
0.0728429227601737,0.343520949594676,0.778565908316523,0.578795046079904,0.00344151072204113,0.680830395082012,0.985667349770665,0.273452075198293,0.573194459546357,0.501309697981924,0
0.97281647585143,0.481513892623166,0.731508929748088,0.712376300711185,0.0961326844990253,0.781790229259059,0.961296352557838,0.902794108260423,0.664702401263639,0.801247618859634,0
0.929741010768339,0.748703331220895,0.628141917986795,0.209380433894694,0.600276931654662,0.336136715486646,0.12346720462665,0.524656606838107,0.665100821526721,0.343302038032562,0
-0.0383226651256328,0.409245332453589,0.172648253384978,0.668559424579144,0.4620134702418,0.542676782933995,0.122017630375922,0.94771075877361,0.736066344426945,0.575834755785763,0
0.827606533886865,0.122295151930302,0.0177745881956071,0.125937997596338,0.675069633871317,0.299054166302085,0.774001498473808,0.678573894780129,0.234825855121017,0.361058918526396,0
0.0460492974346548,0.750203049003265,0.668905682628974,0.850830117240548,0.417911528842524,0.767854591365904,0.230168798705563,0.13801900553517,0.0685580833815038,0.697093965252861,0
0.474985917699673,-0.0346271968496539,0.690373138757423,0.181623471202329,0.288479542126879,0.230404540663585,0.980794179718941,0.401604035869241,0.214605598011985,0.298812667140737,0
0.888513961294853,0.746736221558139,0.32523696590215,0.0930605218745768,0.0488434745930135,0.711418881313875,0.809790848987177,0.133431451395154,0.812976055080071,0.578741305274889,0
0.962038139953026,0.347866459815957,0.554694187827408,0.166851747548208,0.0542719340883195,0.456901936791837,0.334152342984453,0.749780424172059,0.889812492765486,0.708224006230012,0
0.0551897390134056,0.191282882772862,0.612561587011442,0.923833251465112,0.297817929415032,0.376225808635354,0.0178999474737793,0.206735394895077,0.562063336372375,0.787694900063798,0
-0.0208964951058916,0.623704141749169,0.582773959962651,0.472911722259596,0.19181762333028,0.767048947745934,0.71749729802832,0.248259563697502,0.8050572052598,0.462423535529524,0
0.273436190094799,0.928852309472859,0.125472700688988,0.568268264643848,0.0816301966551691,0.109117683023214,0.622144340071827,0.584605105919763,0.291462221648544,0.011588467983529,0
0.9857144701021,0.33610653180981,0.0647101867944002,0.265823078108951,0.75650457595475,0.209815277252346,0.497374660568312,0.191331873415038,0.949717169860378,0.22559468797408,0
0.955399454396957,0.513679004282627,0.56080520991236,0.594476511934772,0.973537653451785,0.385185953229666,0.837008377537131,0.350331753492355,0.147874508751556,0.0690477655734867,0
-0.0377455823367007,0.373294279117102,0.324796999571845,0.138004072709009,0.647084168158472,0.394571144599468,0.0215184499975294,0.255819076905027,0.0680818208493292,0.311647290596738,0
0.865529025833469,0.14718146185764,0.226555655710399,0.673483543796465,0.735764980083331,0.577001941855997,0.991508789127693,0.906736909877509,0.114539270522073,0.556223672349006,0
0.0975267340755483,0.79184189350633,0.605620803544298,0.92268301686272,0.209205047227442,0.735603351844475,0.0365061366464943,0.207745810039341,0.729293843265623,0.705069089774042,0
0.338247869320671,0.942811796958389,0.11105161998421,0.598612867528573,0.158246917882934,0.11675056326203,0.524463770212606,0.813809253973886,0.793324383674189,0.838933105580509,0
0.359570934980487,0.537930088971431,0.258013237733394,0.866821870906278,0.838273970643058,0.630999709013849,0.428838953841478,0.304489007452503,0.224263576092198,0.518131031654775,1
0.741805296743651,0.896148138457392,0.696674367412925,0.105370920151472,0.299151777522638,0.949439411982894,0.766650090925395,0.460436307825148,0.182249469915405,0.523107380606234,0
0.953585748408374,0.523215804164392,0.152206864906475,0.506064829649404,0.384524958673865,0.941483929986134,0.998917625984177,0.533694628160447,0.789399273460731,0.469421022804454,0
0.390191072365269,0.0301515005994588,0.460668309126049,0.685964819975197,0.564861856168136,0.151334823574871,0.754701509838924,0.816015037475154,0.922671079169959,0.432964857900515,0
0.239849816562912,0.933788447922177,0.670306319836527,0.197390678804368,0.0274663979653269,0.6245912455488,0.0645748181268573,0.48451413330622,0.297286485787481,0.895612314576283,0
0.754153086925303,0.895818024489816,0.391759696183726,0.360263193724677,0.193733682855964,0.133725261315703,0.831888639833778,0.945210916455835,0.766385455615819,0.432868373813108,0
0.11811044956047,0.866958647505515,0.247969519579783,0.788987655891106,0.213902830379084,0.423017193330452,0.817422606982291,0.00695499777793884,0.958502281224355,0.506797265727073,0
0.294921526166952,0.926638173001516,0.961333424318582,0.168351230910048,0.387590590398759,0.686373775592074,0.821669867029414,0.569200261496007,0.798369811614975,0.0859097456559539,0
0.973390686872163,0.614454564389305,0.129523665877059,0.823790045222268,0.0580504939425737,0.8782127504237,0.446531854802743,0.526891102315858,0.0104555452708155,0.173961516935378,0
0.517636694148378,0.984741005085371,0.874855267349631,0.91555804037489,0.470036540878937,0.073753533186391,0.872952377190813,0.310162398731336,0.0020717759616673,0.671170162968338,0
0.984415915190864,0.425515094239274,0.633001188514754,0.396374055184424,0.108716187765822,0.275720677804202,0.0651287904474884,0.50573093094863,0.235346431378275,0.99407270969823,0
0.966049473142006,0.623510628180783,0.765671066939831,0.498767431592569,0.640050662215799,0.702695553423837,0.844597707735375,0.57527303067036,0.885808998020366,0.305650401394814,0
0.0926072135672809,0.774287710908575,0.825498808408156,0.960610590642318,0.820950038963929,0.156249888474122,0.298250754131004,0.670669444836676,0.0612767396960407,0.418671103427187,0
0.939766287453083,0.627647145415901,0.742884198669344,0.212160826893523,0.79088868922554,0.179165468551219,0.0988873394671828,0.280951886670664,0.467652029590681,0.312643799930811,0
0.702824004073578,0.934354795247592,0.107162305386737,0.865710788173601,0.989953223150223,0.541555849835277,0.131131025031209,0.606062945676968,0.631807041820139,0.291066156001762,0
0.927574376109987,0.301303421379998,0.0803149954881519,0.0468947305344045,0.809409110341221,0.494396812282503,0.208388331113383,0.798062708694488,0.467575854388997,0.199060168582946,0
0.81763149700531,0.867099124174835,0.454675112385303,0.972214636392891,0.455751740606502,0.16653428808786,0.627532232785597,0.0481594938319176,0.945751491235569,0.770787027897313,0
0.838978523833451,0.167795255757337,0.296779568074271,0.994148666039109,0.971227256115526,0.565041909692809,0.295552775030956,0.645696106832474,0.370635074563324,0.661228924524039,0
0.00512179872021079,0.552612696774304,0.985849601216614,0.866736638126895,0.662672328529879,0.510664805304259,0.00634584808722138,0.261455094674602,0.734656423330307,0.166430193465203,0
0.169217084599993,0.0711565729920821,0.888052745955065,0.680742028634995,0.54355599055998,0.743273398373276,0.872166730230674,0.167182841338217,0.243728183675557,0.776846528053284,0
0.815374735400665,0.834754739590573,0.000298116821795702,0.294619808206335,0.376443548128009,0.950486657675356,0.355738540180027,0.377543442416936,0.824754179921001,0.170573175419122,0
0.134777295694768,0.856065117735511,0.541969059035182,0.437634783098474,0.566240244545043,0.200401104521006,0.384489242453128,0.434524885611609,0.604417239315808,0.398858223110437,0
0.98723062381716,0.460302615737981,0.0549840445164591,0.448758413549513,0.256011654622853,0.169051836943254,0.201602979097515,0.88314342382364,0.760701943188906,0.0217969310469925,0
0.209324107971042,0.137907716445625,0.413842218695208,0.842509980546311,0.8645881973207,0.645624077878892,0.518141079461202,0.898399522295222,0.391248075990006,0.235329336486757,0
0.777912928962853,0.864767858639352,0.898634431650862,0.447225983021781,0.10872083553113,0.472869866760448,0.71449387492612,0.639116820180789,0.560505333822221,0.891833717701957,0
0.971321880857351,0.553989243741921,0.43056194880046,0.281021710019559,0.951093343086541,0.876969282515347,0.16235734638758,0.577526538865641,0.17939956439659,0.855129598872736,0
-0.00853713081854512,0.33794413311213,0.168361031915992,0.33540198719129,0.695749278645962,0.110887942137197,0.891521126031876,0.264922038884833,0.52709999284707,0.0321344884578139,0
0.509481870203244,-0.0395340822749667,0.692743996391073,0.294343931600451,0.651936152949929,0.050841350806877,0.78689556196332,0.258833704283461,0.419276182772592,0.722386628622189,0
0.0205670989256004,0.714680106474057,0.743467562599108,0.217754937475547,0.354103642515838,0.795390776591375,0.803487329743803,0.431970958365127,0.0488538455683738,0.662784681422636,0
0.124711577518265,0.128067217251142,0.378423855872825,0.180439137853682,0.558984897332266,0.676052907016128,0.381506714969873,0.520634785993025,0.93845541216433,0.490607454907149,0
0.846827247856836,0.151137799772975,0.318051530513912,0.370141654275358,0.478262888034806,0.269455269910395,0.880719974869862,0.0646576141007245,0.560046315891668,0.57188880443573,0
0.706780138797334,0.0416617223266612,0.997058241162449,0.260510344756767,0.359353436157107,0.0899892875459045,0.431075557833537,0.729305595625192,0.613413322716951,0.61353510688059,0
0.454656607133621,0.967605867572136,0.524328214582056,0.959484219783917,0.33565683523193,0.173025144962594,0.507534504402429,0.473470430355519,0.101148732705042,0.513784138020128,0
0.763968696084333,0.885129302664812,0.370913545368239,0.178604109678417,0.20314693893306,0.569619540590793,0.923269937513396,0.177600296447054,0.653781970962882,0.452768781920895,0
-0.0449540060072383,0.470109559703141,0.60747670661658,0.210645352723077,0.142222095280886,0.104551959550008,0.629117711912841,0.0391529309563339,0.241256611421704,0.414153170771897,0
0.967022912525027,0.547035394256163,0.397496462799609,0.460307589732111,0.266142515232787,0.526072553824633,0.935082742013037,0.58243737090379,0.791340660769492,0.29702633805573,0
0.0633748924054642,0.754340383418684,0.930553624173626,0.427878440357745,0.0741415554657578,0.542925633024424,0.947866064263508,0.0440178443677723,0.114520933944732,0.927221684250981,0
0.845962041571922,0.144679292542069,0.100373288150877,0.24812717968598,0.822644894011319,0.0616204468533397,0.108410049695522,0.0414154359605163,0.948334509972483,0.512982344487682,0
0.820104803302367,0.128625099024918,0.580801158910617,0.0198309260886163,0.949372021015733,0.792854459723458,0.0748387044295669,0.528510215226561,0.999522025696933,0.286542855668813,0
0.0450271796435118,0.471670121187344,0.684767117258161,0.591658279299736,0.54788475506939,0.646519478876144,0.944552806671709,0.699479843955487,0.202859704848379,0.782935560448095,0
0.986594563586609,0.48089132224853,0.990660068579018,0.323538694297895,0.907101874705404,0.107601946685463,0.766570097301155,0.902938169892877,0.653038620017469,0.218917834805325,0
0.935966754439053,0.635141577025261,0.794832862215117,0.057839410379529,0.993474842747673,0.722222627140582,0.478184462059289,0.183693451108411,0.092027771519497,0.345255339052528,0
0.074013978782527,0.774638245375434,0.686264497227967,0.157948629697785,0.677793857874349,0.408905238145962,0.747588101774454,0.953040970489383,0.702623082324862,0.00084608793258667,0
0.828582864431185,0.825301317468562,0.00623119925148785,0.800944201415405,0.677167263580486,0.790497199166566,0.680381643818691,0.440264984499663,0.902591655496508,0.000136578222736716,0
0.711963845388808,0.880929889832555,0.443891882430762,0.837733762105927,0.460500743472949,0.632834777701646,0.0433407926466316,0.808582874713466,0.492060259217396,0.558725463692099,0
0.58465574379079,0.0521800073329359,0.0568271342199296,0.649989220546558,0.656586870318279,0.674582813400775,0.368299729190767,0.459731299662963,0.267612583003938,0.45479785441421,0
0.948400739448974,0.635255132736948,0.433371296385303,0.326143722049892,0.348623579600826,0.293990498175845,0.0725701709743589,0.278850720264018,0.498127867467701,0.250755506334826,0
0.248432534746826,0.883849355857819,0.77568719862029,0.31552419392392,0.284588951617479,0.544032424688339,0.60170071083121,0.53162370226346,0.917312536621466,0.303355139680207,0
0.81550743979905,0.873660242282722,0.324566681170836,0.749918346991763,0.364418354351074,0.81340591609478,0.788837839150801,0.456230184528977,0.869756967993453,0.476762539008632,0
0.168609425776944,0.884865539270631,0.289181346306577,0.934595471946523,0.357248537475243,0.906134512508288,0.874795463401824,0.0664445860311389,0.283467419445515,0.951851610327139,0
