"1","2","3","4","5","6","7","8","9","10","class"
0.830379537539557,0.131782574113458,0.889919859124348,0.66385913756676,0.978032845305279,0.279087875038385,0.64698608382605,0.91813145740889,0.857586314668879,0.363131823251024,0
0.44269146467559,0.965268767438829,0.373209932819009,0.826183655764908,0.0753112074453384,0.628357795765623,0.196583750424907,0.900235238717869,0.913010512012988,0.67270925687626,0
0.444019523822076,0.99698342531236,0.315743257990107,0.44902929966338,0.138128815218806,0.0347208427265286,0.988482842687517,0.621631580404937,0.372708953451365,0.818835595622659,0
0.966041115345433,0.374045765958726,0.420225658686832,0.522404022049159,0.0790630790870637,0.136060127988458,0.592667676974088,0.788310392061248,0.911121395882219,0.748994664521888,0
0.48550367031032,0.988308287607438,0.266066513489932,0.722610599827021,0.881757586728781,0.601052177371457,0.541619821218774,0.778309297049418,0.00340342824347317,0.851721580605954,0
0.585159045411274,0.281123850727454,0.370174994925037,0.603950564051047,0.704781459411606,0.984151211800054,0.960438718087971,0.929997162194923,0.780165039701387,0.495221210643649,0
0.224238707227981,0.902320446935605,0.996343690203503,0.683286365587264,0.410011338535696,0.820298290578648,0.720741185359657,0.431056864792481,0.70984612731263,0.723810385214165,0
0.192474323009083,0.0534508956303407,0.544032314093783,0.583407594822347,0.568187029100955,0.6986478343606,0.53564954479225,0.231186876539141,0.832190610002726,0.943043935112655,0
0.733289981028065,0.314198320033029,0.51410521985963,0.346675845561549,0.212770008249208,0.211526367580518,0.234478942118585,0.136481432011351,0.124551846180111,0.919621664099395,0
0.924383897021225,0.271914736323351,0.960831649368629,0.546611855272204,0.470605570124462,0.519191607600078,0.465927783632651,0.880125297699124,0.416441334411502,0.484532046597451,0
0.385694115189835,0.663472089217976,0.7060811589472,0.328457955503836,0.218771040672436,0.0303273166064173,0.405648996820673,0.463194945594296,0.15858087525703,0.399684708099812,0
0.678760347189382,0.0808510372880846,0.899687009397894,0.430942405946553,0.95611107815057,0.348698995774612,0.544212591834366,0.0556960487738252,0.122917534317821,0.629207911435515,0
0.123149645049125,0.52684034453705,0.203056104015559,0.17804010072723,0.778394364053383,0.95518073043786,0.01036082720384,0.790991469053552,0.220261561917141,0.178001470165327,0
0.0337018850611103,0.285376592703085,0.97301457170397,0.267624768661335,0.483332162722945,0.933699448592961,0.887648046715185,0.601011104648933,0.910511203110218,0.88564989855513,0
0.986411556135863,0.429306806763634,0.382763776462525,0.918087872909382,0.65477433335036,0.504876782186329,0.813355806982145,0.763867660425603,0.569456308381632,0.985537797445431,0
0.496921199735278,-0.00633515970194132,0.634525369154289,0.170960019575432,0.244256517849863,0.170253782300279,0.491265364689752,0.847782745026052,0.0937011933419853,0.313504124060273,0
0.217534147640584,0.894799853621663,0.885819381801412,0.689047452295199,0.489144341787323,0.529949858086184,0.137328540207818,0.82919761328958,0.700143225723878,0.113346423720941,0
0.595377266639844,0.0178874449338764,0.381370531860739,0.764620071975514,0.800602559698746,0.0399230208713561,0.930548425065354,0.893941455055028,0.983890512026846,0.134391532745212,0
-0.000278585150589206,0.648742413705081,0.286057007266209,0.724537670146674,0.304217253113165,0.56817416055128,0.737314888741821,0.96910388302058,0.808894086629152,0.857883674558252,0
0.813294732244685,0.88239630474709,0.405423975782469,0.940193337853998,0.552175384014845,0.100340384058654,0.941941482713446,0.555633562151343,0.821011821273714,0.852500866400078,0
0.391352402744815,0.0320404875092208,0.22019902500324,0.766266490332782,0.255060751689598,0.743568347068503,0.139164884807542,0.497684526490048,0.226855792105198,0.899566781008616,0
0.0777238386217505,0.241240136791021,0.421732679707929,0.186069034505635,0.732446826528758,0.253132166340947,0.569040898233652,0.518485388252884,0.267947146203369,0.526144943665713,0
0.314344827318564,0.73455778718926,0.0853176799137145,0.483588427305222,0.314685671124607,0.326578452950343,0.474956657737494,0.0239680889062583,0.0824238595087081,0.796524367062375,0
0.772027015734835,0.856994598516857,0.384116753237322,0.625490186735988,0.393225703388453,0.173350151861086,0.398738766089082,0.474219794152305,0.110916761448607,0.696134008234367,0
0.87031355407089,0.787408077856526,0.762376083759591,0.0786980327684432,0.961285757599398,0.904627425130457,0.424188616452739,0.407647085376084,0.860221869079396,0.482596024405211,0
0.850194742437452,0.428765052929521,0.580706900684163,0.102676220471039,0.264057327993214,0.831046021077782,0.457857625558972,0.265662367222831,0.630015026312321,0.393700895598158,0
0.385919525520876,0.123955159215257,0.0166174676269293,0.640808694064617,0.573187725851312,0.317753452807665,0.224665322108194,0.930059366626665,0.199581245658919,0.660045609110966,0
0.0486011465545744,0.431914537446573,0.199639166239649,0.0533415821846575,0.480245504993945,0.0804918562062085,0.142882758984342,0.525887413416058,0.936825924087316,0.592889185063541,0
0.310341870877892,0.353384955320507,0.149722413858399,0.517675440059975,0.174276789650321,0.789979952154681,0.0494762950111181,0.547099137445912,0.333528180373833,0.848932918393984,0
0.267823369940743,0.789857671828941,0.234351401450112,0.911106357350945,0.613004422746599,0.0718092143069953,0.816964092897251,0.0471805203706026,0.979090848239139,0.926310903858393,0
0.828493252682321,0.135292292797957,0.73188443062827,0.826142988400534,0.0738074455875903,0.413029150571674,0.865465103881434,0.921005911193788,0.641652013640851,0.0236442890018225,0
0.902601868954578,0.682613866857767,0.0950623720418662,0.987542657647282,0.021635107928887,0.231196619803086,0.475912936963141,0.937410494545475,0.278514769393951,0.403691288083792,0
0.368637462379411,0.265130554093048,0.222686440451071,0.407398449722677,0.246716117253527,0.927532977424562,0.0891084785107523,0.0812402246519923,0.792331859935075,0.199256527004763,0
0.294572964543477,0.950873065041378,0.939537117490545,0.169898193329573,0.03051463724114,0.228937591426075,0.443099199794233,0.857461219420657,0.792257202323526,0.315433012321591,0
0.609974730756589,-0.0250947642722715,0.155759564833716,0.753115230239928,0.493212708970532,0.338153167860582,0.896973532857373,0.34036851557903,0.181946518598124,0.435667248209938,0
0.410042798379436,0.358576574362814,0.165676461532712,0.108607987640426,0.614079113816842,0.767175325192511,0.538175977533683,0.228984302841127,0.741132744587958,0.695129161933437,0
0.89526901203098,0.191183876145517,0.264359817141667,0.979908576235175,0.370324551593512,0.300544151570648,0.640856945654377,0.469086479628459,0.0740856083575636,0.697107755579054,0
0.16843047644943,0.654403906082734,0.142972300294787,0.5985182155855,0.000575287500396371,0.0945414353627712,0.654177311807871,0.877697125077248,0.366366649279371,0.493784482823685,0
0.299980850988498,0.953511620847323,0.369796636048704,0.414874715730548,0.53881217748858,0.47139631351456,0.742907396517694,0.886263663647696,0.640088178217411,0.0199126948136836,0
0.927660197252408,0.369966546539217,0.340771763585508,0.829580889781937,0.662397717358544,0.536290783667937,0.600307953543961,0.460581369232386,0.311610816279426,0.0711132534779608,0
0.795244249515235,0.88983290293254,0.922052566194907,0.439754334976897,0.941948630148545,0.705157830612734,0.410008498933166,0.352217277279124,0.81081820349209,0.567239680094644,0
0.304826613515615,0.612082696752623,0.97921257885173,0.858627914683893,0.285456039942801,0.420558465411887,0.844641844509169,0.944980505621061,0.93790961173363,0.294058981118724,0
0.0318459297996014,0.44390004593879,0.709688887000084,0.536204199772328,0.564586834982038,0.888286744244397,0.460507463430986,0.149514370597899,0.437034873524681,0.784797053551301,0
0.157820234000794,0.0736501857423303,0.538322277832776,0.23411629255861,0.501039875904098,0.00936596584506333,0.296676109079272,0.37351656332612,0.321286498568952,0.592752447351813,0
0.635052559664473,0.272769562434405,0.0598563000094146,0.474628472933546,0.576284121023491,0.162502276943997,0.807786419522017,0.744141883216798,0.210348022868857,0.975410694954917,0
0.802007111022249,0.84007879300043,0.853034758241847,0.461318388348445,0.990001406753436,0.508798436028883,0.503359845140949,0.227268319809809,0.238713958766311,0.272485053399578,0
0.311008190469789,0.95987365163973,0.900558575289324,0.600771467434242,0.328160508070141,0.0253298846073449,0.452169204130769,0.172857160679996,0.556637153029442,0.758938437094912,0
-0.0307964089415708,0.401240369907754,0.04795998823829,0.6852596194949,0.543194666737691,0.6325810670387,0.843486573547125,0.232762999366969,0.775688498746604,0.991985794622451,0
0.148259344743565,0.260426313383505,0.142194109968841,0.636264427099377,0.466221959795803,0.0622476022690535,0.778774722712114,0.927441102219746,0.213696958264336,0.320104532176629,0
0.42297133943066,0.216086372500286,0.382404095493257,0.59719391958788,0.419118224643171,0.889815778238699,0.884852899936959,0.128298877505586,0.173841847805306,0.199203771073371,0
0.883770579006523,0.61668998375535,0.890561945969239,0.299546672729775,0.560410891659558,0.666401591384783,0.412481441861019,0.895245060324669,0.4870478103403,0.0683998907916248,0
0.109823077917099,0.719757321523502,0.276397905545309,0.564981069415808,0.46653056005016,0.0215071041602641,0.38650398189202,0.644704700447619,0.797562235733494,0.955911827040836,0
0.746976257069036,0.582560789305717,0.109587978804484,0.5490269260481,0.297273295233026,0.860012768302113,0.544290531659499,0.211125879315659,0.503588911844417,0.054296821821481,0
0.111438613384962,0.221485508373007,0.425006665522233,0.864636583020911,0.373249260475859,0.0907605879474431,0.620985690271482,0.888376662041992,0.919675798853859,0.459788488456979,0
0.784395496737614,0.851981807193602,0.864561180118471,0.73102858918719,0.43833621032536,0.510710621718317,0.544468450825661,0.741679168306291,0.768598257098347,0.240524594206363,0
0.0240882050711662,0.555716271745041,0.843526971759275,0.0855625171680003,0.742570973699912,0.685855241492391,0.91714469040744,0.167015524115413,0.257999123772606,0.631385480286554,0
0.46844425634481,0.314634217880666,0.994482412934303,0.476335060084239,0.0754974375013262,0.564107478829101,0.46095254807733,0.244779180269688,0.662610778817907,0.541511307703331,0
0.144741672091186,0.188761526718736,0.199192060390487,0.072988840052858,0.36869243090041,0.583271559327841,0.867687260964885,0.933867401676252,0.2445888442453,0.715230775764212,0
0.576345949142173,0.972892923480748,0.640460154507309,0.125966312130913,0.912066704360768,0.382739939726889,0.646913140080869,0.800743871368468,0.888598960824311,0.93125562928617,0
0.314169885357842,0.693862207932398,0.767795839346945,0.86566127371043,0.622659595450386,0.6831536188256,0.14386255806312,0.180628274334595,0.977838194230571,0.0918487675953656,0
0.33997833635658,0.113080306677148,0.361844555009156,0.855791949201375,0.130153737496585,0.354400015668944,0.538531713420525,0.952405475312844,0.659883607877418,0.694581349613145,0
0.194221424870193,0.217722775880247,0.875181992305443,0.629199895076454,0.652747733518481,0.890655579976737,0.786132500041276,0.970339795341715,0.403167454060167,0.335079392418265,0
-0.00824270927517401,0.567634189157617,0.00689515215344727,0.700446147937328,0.880409427220002,0.506991236004978,0.718495568959042,0.703012681799009,0.948880987241864,0.911861587082967,0
0.983147495659068,0.512510889675468,0.7128653943073,0.790540006710216,0.140930964844301,0.496159619884565,0.893677482614294,0.363573573995382,0.171276198932901,0.919031745754182,0
0.804067362193714,0.0784817119849498,0.873377398122102,0.0791393455583602,0.0876025459729135,0.84576034010388,0.253273768583313,0.165246361866593,0.407728691818193,0.945510590681806,0
0.749302558368072,0.918400415219367,0.757574490970001,0.204870069399476,0.881930719828233,0.390521910274401,0.767019785707816,0.70541519462131,0.975448929239064,0.767637765267864,0
0.722533014137298,0.650882524671033,0.33369779586792,0.564167116070166,0.891653958475217,0.580096841556951,0.978335940511897,0.501128308940679,0.0452915050555021,0.803588373353705,0
0.748991044936702,0.339958818629384,0.783675713464618,0.917707470711321,0.0479716600384563,0.822574798949063,0.878211981616914,0.856848844327033,0.0808237988967448,0.809473267756402,0
0.380520650651306,0.977915934752673,0.65246306406334,0.0715321458410472,0.0480159712024033,0.553309222683311,0.757043983321637,0.739983626175672,0.037594610825181,0.463557612150908,0
0.180871527199633,0.000423890142701555,0.0541879734955728,0.169365175999701,0.573176184669137,0.0760846012271941,0.029289934085682,0.967893229331821,0.957361808046699,0.784234223654494,1
0.856613886076957,0.826647872803733,0.888951461529359,0.288193543907255,0.858174768509343,0.782770884688944,0.679316499968991,0.768760681385174,0.257342119468376,0.812516679055989,0
0.968303520930931,0.328648312017322,0.513313185423613,0.921564133372158,0.876772280782461,0.971036968287081,0.504617343191057,0.171104226727039,0.340996125945821,0.638854378135875,0
0.807243393035606,0.227366276085377,0.276716938940808,0.140603872481734,0.277532471343875,0.847089006798342,0.659943955251947,0.0913592148572206,0.642324197571725,0.224546806421131,0
0.14320052950643,0.244380832416937,0.638124804245308,0.711332391481847,0.0243199437391013,0.156287510646507,0.930016746278852,0.38737100479193,0.814396697562188,0.990421362919733,0
0.711227933340402,0.0314687836641734,0.749222351936623,0.896240858361125,0.526723537826911,0.498763619689271,0.640503939706832,0.766862568445504,0.224085056222975,0.581877277465537,0
0.21684137545526,0.132518190890551,0.90204309578985,0.913342765998095,0.713987804949284,0.672485140617937,0.759673432679847,0.0512733433861285,0.989630261901766,0.43433871306479,0
0.585565062006935,0.986192593118176,0.160952523117885,0.380989835131913,0.688655639998615,0.790211660321802,0.684810191160068,0.468009965261444,0.836164817446843,0.928541445871815,0
0.938712022203292,0.610131865410554,0.142351132119074,0.565940264845267,0.552393622463569,0.436443846905604,0.24082956998609,0.890325486660004,0.199865480186418,0.916191692231223,0
0.589050571899861,0.822341036284342,0.10846651927568,0.386931265238672,0.0588356237858534,0.133695769123733,0.416460461914539,0.460933135356754,0.94671481475234,0.419214391382411,0
0.452813719632104,0.302885954966769,0.572857504477724,0.353992455173284,0.692658012267202,0.0546043172944337,0.0290667004883289,0.82719558943063,0.00337724364362657,0.0999587927944958,0
0.812673632055521,0.602779125329107,0.311692380812019,0.906195599818602,0.47115257801488,0.863335486967117,0.178578224033117,0.509562468389049,0.552287883125246,0.647969231242314,0
0.279387619940016,0.932862262894695,0.929003502940759,0.844469169387594,0.240993465995416,0.0552710795309395,0.472238605376333,0.401333634043112,0.415235062129796,0.686571514466777,0
0.405515888096945,0.974086383894243,0.125223743496463,0.768147422466427,0.72908232989721,0.117744835326448,0.419998231576756,0.968266961397603,0.186998264864087,0.327067557489499,0
0.452041951939464,0.328771998407319,0.85273980605416,0.488238979596645,0.0436185591388494,0.980027766199782,0.359332775231451,0.0476235339883715,0.312372376210988,0.0531639182008803,0
0.613520403858274,0.633897080551833,0.0570734136272222,0.834738311590627,0.811451638117433,0.183769446099177,0.387309835292399,0.549680144526064,0.444477414479479,0.571036912733689,0
0.826349534840813,0.812277367124982,0.631009653676301,0.462296790443361,0.317632869817317,0.300019838614389,0.785763207357377,0.363021332304925,0.879461611388251,0.351924680639058,0
0.593510756036267,0.840211329050362,0.531302255112678,0.6352009086404,0.413297199178487,0.143263128120452,0.688933387864381,0.467630710685626,0.262350706616417,0.26993300835602,0
0.492291209986433,0.164928788784891,0.946173269068822,0.109505843371153,0.589365589199588,0.801479380112141,0.701930560171604,0.72914546681568,0.627656719647348,0.76961676357314,0
0.278760024346411,0.381265874253586,0.105888480786234,0.649143064860255,0.953344073146582,0.180872757453471,0.0915318748448044,0.356704846024513,0.298348964890465,0.0227190759032965,0
0.0441094271373004,0.322081305785105,0.214671355905011,0.179562244564295,0.16706337640062,0.378647540230304,0.914569443557411,0.596655583707616,0.662131520686671,0.282728472026065,0
0.181587095372379,0.162563785910606,0.858778928406537,0.21508170850575,0.372213935945183,0.679471538634971,0.965887246653438,0.120414007920772,0.8723436340224,0.50124852033332,0
0.196695371996611,0.55502827395685,0.511576906312257,0.295909878332168,0.942070976132527,0.543554268311709,0.153166940202937,0.438525135396048,0.775836803484708,0.327137966640294,0
0.287708244074781,0.95229144845933,0.638850474962965,0.0928997728042305,0.624025407712907,0.438415814191103,0.517292767763138,0.670093788998201,0.876830762019381,0.722208421910182,0
0.398401401937008,0.0737928140442818,0.131311878096312,0.446204250212759,0.40737137477845,0.321778102079406,0.173567063407972,0.740645088721067,0.372353965649381,0.46584395528771,0
0.185833764495328,0.523739411262795,0.993473771726713,0.860605309950188,0.305807898519561,0.324681336525828,0.474271567771211,0.55662411195226,0.325987520394847,0.259053405141458,0
0.631841269088909,0.856145733036101,0.816691747168079,0.994593929499388,0.62261881493032,0.100894556147978,0.634088303660974,0.266383053036407,0.902830195846036,0.258091756142676,0
0.378697701962665,0.0251976130530238,0.454900538548827,0.700530440779403,0.46934750280343,0.780126865021884,0.747732307994738,0.848783336346969,0.698596528032795,0.254164001904428,0
0.997189570386688,0.403080771055578,0.465680065797642,0.432359355036169,0.0255547091364861,0.146573166130111,0.0791331494692713,0.370366780553013,0.483122429577634,0.628946165321395,0
0.45095361978747,0.683657187502831,0.344662390183657,0.608370534842834,0.886490615783259,0.964231898775324,0.444720739033073,0.591830985154957,0.271289479918778,0.00330045074224472,0
0.536512889899313,0.26425043027848,0.597078316146508,0.412484785076231,0.662877001799643,0.990780974272639,0.919341820059344,0.45816506142728,0.833928112639114,0.658743786858395,0
