"1","2","3","4","5","6","7","8","9","10","class"
0.115237684622062,0.855727873358961,0.294279655674472,0.738424038747326,0.10758144268766,0.884046895429492,0.420573286246508,0.0703791978303343,0.225475770188496,0.978539847303182,0
0.226922982838005,0.688673003576696,0.282368426444009,0.472086686408147,0.568767748773098,0.80194467981346,0.764369388110936,0.753207572735846,0.566545150009915,0.0633690461982042,0
0.148307577474043,0.292866506613791,0.457144618965685,0.401297183008865,0.485438793897629,0.242602844024077,0.815205580089241,0.100898081436753,0.0405620953533798,0.589831053977832,0
0.337011063143837,0.945278033687591,0.240087640937418,0.0303848194889724,0.897201887564734,0.519832596415654,0.405178257031366,0.141642972361296,0.330762540455908,0.719539348036051,0
0.103812549263239,0.665159511379898,0.976951155113056,0.992229078197852,0.588034698739648,0.206277358811349,0.790499584982172,0.94285134668462,0.629857666790485,0.109584704972804,0
0.291000603465363,0.883586366195232,0.867587654385716,0.793147839838639,0.923911303980276,0.574475391767919,0.161841865396127,0.389780403813347,0.676778267370537,0.79319698177278,0
0.512090006610379,0.036329303169623,0.606942113721743,0.845268465345725,0.497027905192226,0.23138654185459,0.20590704982169,0.0171867441385984,0.843341483501717,0.203708461951464,0
0.193930219858885,0.365328756393865,0.516103232512251,0.0115180830471218,0.0753827642183751,0.895329666789621,0.674732834566385,0.368911602068692,0.114407908637077,0.124673674348742,0
0.366655715969792,0.974279176990715,0.557243961840868,0.944534922717139,0.232601683121175,0.098608688917011,0.702328456798568,0.5654270069208,0.00144569668918848,0.854943894781172,0
0.0814679940231144,0.698488708119839,0.392869478324428,0.619922797894105,0.132492556469515,0.798625769792125,0.701979137258604,0.860273213824257,0.117310684872791,0.90723960311152,0
0.103160864603706,0.0805083493702113,0.0981017742305994,0.167040457949042,0.2445551562123,0.442909777862951,0.681386298500001,0.925743782892823,0.0540577659849077,0.0863866463769227,1
0.198181336512789,0.876063605537638,0.517078967997804,0.916603798512369,0.544920221436769,0.844781022053212,0.266428818926215,0.15961004816927,0.0297950762324035,0.00483164330944419,0
0.0594042104203254,0.559701517689973,0.375164726749063,0.526280481368303,0.417169095482677,0.117910598870367,0.783877476351336,0.510709800058976,0.262993042590097,0.0172911894042045,0
0.417083542328328,0.674020920181647,0.532832807162777,0.166143925627694,0.070187039906159,0.835161193972453,0.10072830459103,0.311311589786783,0.398718715878204,0.380918848793954,0
0.777540137292817,0.70544916857034,0.0040527917444706,0.754377466160804,0.800553437788039,0.427210089284927,0.923642070265487,0.392681099940091,0.578938675811514,0.4272333860863,0
0.118176967138425,0.221043277531862,0.589346883120015,0.868790670065209,0.167468875646591,0.00680509186349809,0.284184633055702,0.791861580917612,0.975854529999197,0.376675081672147,0
0.339404639322311,0.65126857929863,0.355413748184219,0.0828512045554817,0.296345585025847,0.830671683652326,0.0862472259905189,0.79497750964947,0.720922157401219,0.757252912968397,0
0.833020799826472,0.131677563946731,0.936494596069679,0.70168448262848,0.639174262993038,0.463734068907797,0.942656385712326,0.606627727858722,0.438189704436809,0.66044615325518,0
0.257770207477733,0.80344733921811,0.075680420268327,0.272494714008644,0.0346570750698447,0.491367294220254,0.0289969507139176,0.702352327294648,0.599227038910612,0.92627302929759,0
0.635201001074165,0.298979818588123,0.648913687793538,0.438968389527872,0.312624889658764,0.43593306071125,0.339377925964072,0.134703387739137,0.294584465678781,0.316813464974985,0
0.532399619231001,0.898686386179179,0.171376071870327,0.275307604810223,0.0823335733730346,0.502450386062264,0.306917407317087,0.522427971009165,0.379459846997634,0.202372232917696,0
0.524990142555907,0.149530409835279,0.2781336766202,0.899426162010059,0.10873261326924,0.87498064013198,0.732582025928423,0.357202919432893,0.429997158236802,0.807850914541632,0
0.993248695559172,0.500472690783025,0.874775696545839,0.705457226606086,0.793518564430997,0.965466169407591,0.129380250349641,0.979668751824647,0.160875863628462,0.660864955512807,0
0.86401481502566,0.820880889101676,0.806335054105148,0.899277030024678,0.361206180416048,0.0152523070573807,0.0336081327404827,0.633764926809818,0.71516874874942,0.0923269554041326,0
0.494991774660488,-0.0334959941984306,0.111995585495606,0.556114532519132,0.762628834461793,0.722909372765571,0.721585031365976,0.622280244715512,0.636968495091423,0.35513779358007,0
0.21868775668554,0.874593022745103,0.904046634677798,0.851228529820219,0.381432810565457,0.88860105141066,0.44151911069639,0.361759373219684,0.270113942213356,0.973135517677292,0
0.103517324896529,0.654727363027632,0.126343639334664,0.215466478373855,0.493577092885971,0.837191136088222,0.555312406038865,0.597144530853257,0.969587748404592,0.976731792092323,0
0.479431551210694,-0.0352068130019095,0.163147244369611,0.586778497323394,0.898876828374341,0.0630758500192314,0.333429501391947,0.468842880800366,0.52769178757444,0.574686382897198,0
0.690048539778218,0.901228059316054,0.218039312399924,0.777294262312353,0.108591776108369,0.208978791488335,0.642661074176431,0.430715791415423,0.812291934387758,0.123056087875739,0
0.818382513010874,0.622693405020982,0.0317570916377008,0.402112986659631,0.27325552329421,0.911855693208054,0.931921203387901,0.942207827232778,0.375577504280955,0.210031596245244,0
0.905065724160522,0.616378245409578,0.826063703512773,0.904249719809741,0.596303450874984,0.977426710305735,0.624486388405785,0.410674225073308,0.261849808041006,0.483618209604174,0
0.140620145248249,0.552563525736332,0.654847249621525,0.0867109326645732,0.981068877736107,0.984994692262262,0.748120951000601,0.601646447088569,0.34022394916974,0.834145343629643,0
0.707807735187585,0.0424505140701443,0.64720288454555,0.488783668261021,0.791624055011198,0.256223662057891,0.578488708008081,0.714372830931097,0.45981553173624,0.118161969585344,0
0.230642883210974,0.0336974182624313,0.331848838832229,0.692334217950702,0.451127679087222,0.569290921324864,0.292160285171121,0.0306616323068738,0.471602524397895,0.901948883431032,0
0.716884398134425,0.388598275836557,0.816088716965169,0.737851351732388,0.759652365464717,0.111980483634397,0.860729250824079,0.114382930099964,0.469069494400173,0.580991611117497,0
0.973917418442495,0.5125865813264,0.301891945768148,0.58314960449934,0.547843841370195,0.750940487952903,0.358849260723218,0.421425980515778,0.621931672794744,0.849114140495658,0
0.86880725203082,0.335934508126229,0.995546224527061,0.69749307516031,0.864384304732084,0.101532058790326,0.0250906895380467,0.422050703782588,0.920188388554379,0.942766068736091,0
0.974156294716522,0.357363732997328,0.103222068864852,0.434274934697896,0.0908994437195361,0.751337306806818,0.737931660376489,0.557702217018232,0.191248783376068,0.917990431655198,0
0.0457844629418105,0.393022498115897,0.651969573227689,0.524230160983279,0.554421878419816,0.179783918661997,0.132256307872012,0.0757767618633807,0.161424790043384,0.333334648283198,0
0.692330217221752,0.0615951553918421,0.052301975665614,0.24498144024983,0.626728505827487,0.613678929628804,0.120565329445526,0.586366661125794,0.937495413701981,0.371412268606946,0
0.890271303942427,0.711399081163108,0.492448937147856,0.739475801121444,0.840142807690427,0.44238022249192,0.0200812239199877,0.162106052041054,0.67984036100097,0.492412399500608,0
0.538312879856676,0.111859290860593,0.982693394413218,0.227754305349663,0.0394254180137068,0.496483751805499,0.986343401251361,0.064853850286454,0.360724663361907,0.32924855966121,0
0.0617742647882551,0.546059873653576,0.825945609714836,0.876311999512836,0.122633657883853,0.0517792655155063,0.0972060712520033,0.908514380920678,0.369736705441028,0.856455658562481,0
-0.0445800011786999,0.430201652434377,0.00902605801820755,0.497957471758127,0.732819390017539,0.869954565074295,0.429184834240004,0.83856718451716,0.43954686075449,0.752915215445682,0
0.387399089988321,0.226340145338327,0.613782754400745,0.109542049933225,0.787398925982416,0.619409139500931,0.0695947618223727,0.378283550264314,0.627344947541133,0.143458411330357,0
0.348890492373613,-0.0183126710629804,0.00718263164162636,0.682823235867545,0.359887452796102,0.484419542131945,0.12282296596095,0.551526883384213,0.953764345962554,0.213495405158028,0
0.686491593020037,0.113721527159214,0.0219575883820653,0.310267794877291,0.587559813866392,0.677925806725398,0.667388116009533,0.807675357209519,0.121074471622705,0.598960813833401,0
0.370317015564069,0.186368014430627,0.818212279118598,0.257703263545409,0.26126528903842,0.640411416301504,0.598980193957686,0.262198824901134,0.4027284020558,0.68041808414273,0
0.516437581507489,0.112022873247042,0.686437984928489,0.431229467736557,0.727172924671322,0.024507365655154,0.983685191487893,0.520490326685831,0.000949189532548189,0.778564943000674,0
0.805355709046125,0.66674439329654,0.193807097850367,0.160620275186375,0.245126586407423,0.0125267500989139,0.755218997597694,0.288955016527325,0.995454910211265,0.382009119726717,0
0.0124003293683006,0.359674234520373,0.0740466772112995,0.2645326431375,0.371027029585093,0.329337680945173,0.00275013921782374,0.209180410252884,0.44386821356602,0.993619746062905,0
0.536746915429831,0.78004562552087,0.213089475641027,0.276436062064022,0.966860827757046,0.866681467974558,0.39954328443855,0.660715689649805,0.163221353432164,0.551672341534868,0
0.863860631128773,0.373463546391577,0.591685961000621,0.346079870359972,0.658908001147211,0.578018736327067,0.557390629779547,0.341540222289041,0.327706700190902,0.491706309840083,0
0.592950111720711,0.248111583059654,0.763387761311606,0.765590437920764,0.540790804894641,0.131964578526095,0.767824474256486,0.148927284637466,0.390417937422171,0.289624554105103,0
0.331371871056035,0.406355221057311,0.379670237656683,0.622584101045504,0.491215944755822,0.728688000934198,0.257713530445471,0.697807376505807,0.692157684825361,0.330705618485808,0
0.86720718538722,0.165529119792259,0.540351258823648,0.051938257412985,0.350184397771955,0.840768229216337,0.60521284933202,0.276228468399495,0.270018313080072,0.145057052141055,0
-0.0124456004370661,0.550405878500835,0.204120561480522,0.0325485158246011,0.57924303598702,0.213037091773003,0.34104819316417,0.601420181570575,0.00433103484101593,0.0439792978577316,0
0.507660631090403,0.165880984161049,0.841737237293273,0.0453736013732851,0.455327756935731,0.362788789439946,0.961001825053245,0.315680514089763,0.528651376022026,0.574726141989231,0
0.0850556953524307,0.12293830817184,0.586049424484372,0.716754271415994,0.974735269322991,0.337766270153224,0.255980386165902,0.110060214530677,0.613958552014083,0.687813824275509,0
0.700853062095121,0.84277821611613,0.533850259380415,0.174174309242517,0.28767718328163,0.238829962909222,0.986034450354055,0.922727969707921,0.244408390019089,0.76208059838973,0
0.274932705098763,0.182979590492323,0.918617920484394,0.0461276231799275,0.659288145368919,0.949353497009724,0.331661757314578,0.909303127788007,0.797999887028709,0.783431297633797,0
0.837482662638649,0.255375481909141,0.922340660123155,0.0707106075715274,0.762001752154902,0.5054879875388,0.952117231208831,0.932205851422623,0.245517455274239,0.839438406517729,0
0.512541878037155,0.706105520483106,0.292385321808979,0.714440399315208,0.0375601195264608,0.724537261528894,0.701500789960846,0.478640911867842,0.801964190788567,0.802490848582238,0
0.144767663793108,0.81705720549012,0.872301013907418,0.871001362800598,0.271263618487865,0.618056830717251,0.425783417653292,0.447887947317213,0.759081301279366,0.023839260218665,0
0.304551949771396,0.957151826200975,0.734535944880918,0.289338402915746,0.0461161285638809,0.784276018384844,0.962620028527454,0.770073328400031,0.653575711650774,0.860965475672856,0
0.727425418724176,0.0597899764165906,0.935713090235367,0.0672555775381625,0.489259085152298,0.731209673685953,0.818897488527,0.113787841051817,0.389749924419448,0.20816084719263,0
0.255971852253099,0.00406014336851768,0.00597404199652374,0.0794231106992811,0.952400456182659,0.556240523932502,0.115297151496634,0.752550580538809,0.792306438321248,0.0777734140865505,0
0.65947343991138,0.118733003269881,0.214784260140732,0.629099677782506,0.9879209571518,0.498004465829581,0.328370922943577,0.929396939696744,0.91223054472357,0.473051462788135,0
0.966147792160785,0.371251067413744,0.974279012065381,0.551869917660952,0.878942812560126,0.0581806213594973,0.820434663444757,0.740280800266191,0.88744905218482,0.581133951665834,0
0.205754378344864,0.780165158212185,0.0559130108449608,0.243481150595471,0.310181446606293,0.421582413371652,0.0188905966933817,0.329487917944789,0.877514330204576,0.612052802694961,0
0.975478438337652,0.590981630245063,0.161833189893514,0.15827946853824,0.595017072744668,0.371843053027987,0.656899698544294,0.576220616232604,0.742587338201702,0.0739603012334555,0
0.557646648725495,0.18702741083689,0.30003997636959,0.362681491998956,0.320716670714319,0.238178813364357,0.275044213049114,0.252291658893228,0.253355000400916,0.942345614312217,0
0.887775473529473,0.348513606237248,0.802000464173034,0.572084853658453,0.883648318937048,0.232036525616422,0.786770619452,0.589283897308633,0.575861381366849,0.0266287208069116,0
0.221115065170814,0.891457183034029,0.575820277677849,0.151407693745568,0.698319162940606,0.0963072450831532,0.22091520880349,0.362802073359489,0.0945636993274093,0.523961134487763,0
0.203689688816667,0.238522530999035,0.644037532620132,0.391386784613132,0.643902629381046,0.779436997370794,0.647084432421252,0.397866521263495,0.646897601429373,0.823753196978942,0
0.738303947960958,0.800123238004744,0.269248453667387,0.364674763288349,0.917163755977526,0.913575212238356,0.537392115220428,0.454411861952394,0.260266424156725,0.267551803262904,0
0.17389107379131,0.410653428407386,0.621639129705727,0.982193765696138,0.745862725423649,0.00453127291984856,0.967764069559053,0.098111538682133,0.230101618915796,0.530234731500968,0
0.221229029586539,0.264721638290212,0.328608474694192,0.337886833585799,0.283867775928229,0.838259831536561,0.949251269455999,0.558672498445958,0.230809087399393,0.120780357159674,0
0.752178521826863,0.227989519480616,0.575820881174877,0.4486604265403,0.8950732704252,0.205679163802415,0.703707548091188,0.508757629897445,0.749131636694074,0.420037839561701,0
0.448405928444117,0.102113413391635,0.410127909621224,0.407999605406076,0.75695821386762,0.566900829551741,0.0538644972257316,0.151549675967544,0.848066554171965,0.975134137552232,0
0.122930462937802,0.232999713160098,0.208733853651211,0.777051044162363,0.384469210635871,0.549765665782616,0.77897963905707,0.191386291058734,0.302710303105414,0.438626078423113,0
0.655681926989928,0.341363488230854,0.975304226856679,0.025050450116396,0.180804949486628,0.861135878134519,0.229167026234791,0.478460702113807,0.898044566623867,0.226121234707534,0
0.38799984427169,0.209735382348299,0.442038053646684,0.962568767601624,0.416833780240268,0.174604993779212,0.381098960759118,0.282531039789319,0.340324557386339,0.792222946882248,0
0.251788039691746,0.493635160150006,0.825310923857614,0.269958233460784,0.768178358674049,0.209359536413103,0.721549931680784,0.757759602740407,0.536585653899238,0.65870259120129,0
0.845889599295333,0.38337323255837,0.727761641843244,0.906818855321035,0.595209670253098,0.757765191607177,0.821065007476136,0.935497911414132,0.471462810412049,0.630278684664518,0
0.571375358151272,0.319009803468361,0.927486590575427,0.467269875807688,0.209977656602859,0.0490976439323276,0.0999275208450854,0.190039148554206,0.0375040324870497,0.977690224535763,0
0.801390506327152,0.34943241160363,0.00473281787708402,0.375214985571802,0.772469342686236,0.169780873227865,0.186821311013773,0.27575375395827,0.167378940386698,0.929722911445424,0
0.61382623955605,0.01275269559285,0.522147711366415,0.128625305602327,0.436325545422733,0.408234009053558,0.195347475120798,0.188833690015599,0.166023825993761,0.062262674793601,0
0.0684099763166159,0.41244451678358,0.676535630133003,0.523892138153315,0.254462796496227,0.677247271174565,0.834397814469412,0.971755758160725,0.114241633564234,0.598107487661764,0
0.906892498023808,0.324515883112326,0.131966672837734,0.352275366894901,0.726946569280699,0.673748118104413,0.919265556382015,0.436590154189616,0.772586748469621,0.779623158741742,0
0.0928830641787499,0.313104180153459,0.835052976151928,0.80920459725894,0.592982105910778,0.287602868163958,0.26301974337548,0.0107923480682075,0.72948909481056,0.483594136545435,0
0.495147945825011,0.317766867345199,0.700463276589289,0.216787500074133,0.503756786696613,0.0299866965506226,0.699234932195395,0.0426018016878515,0.330223880708218,0.838340434478596,0
0.281521525932476,0.197394804563373,0.138044525170699,0.775486420141533,0.285763372667134,0.262419976294041,0.529249290470034,0.588730979012325,0.661701996345073,0.399729768047109,0
0.831890533911064,0.178527223877609,0.756828721379861,0.894033871823922,0.639759562211111,0.68393831141293,0.0683749234303832,0.953395192977041,0.38289852021262,0.297729905927554,0
0.0717955357395113,0.713742558378726,0.0803599813953042,0.891054298495874,0.836729115573689,0.914342920761555,0.768488381290808,0.571334999753162,0.543443799717352,0.325671611819416,0
0.722237254027277,0.488590142922476,0.33004222298041,0.461025293683633,0.0495953622739762,0.386341058416292,0.65199306840077,0.133580893976614,0.738354347180575,0.620947844814509,0
0.200880750096201,0.922591697022488,0.835600445512682,0.887161312391981,0.863446305738762,0.333937835879624,0.304881130112335,0.794961317209527,0.837368129752576,0.22711565787904,0
0.422903363592923,0.719729807460681,0.656947446987033,0.761342267505825,0.201988970628008,0.138449869584292,0.076444759266451,0.379050669260323,0.708898409502581,0.00460739573463798,0
0.636838175822049,0.81152049289085,0.990027512889355,0.26285281102173,0.612028887029737,0.943280636100098,0.189530025003478,0.424513653619215,0.93104809592478,0.660373470047489,0
0.782793073682114,0.550486934138462,0.749550340697169,0.781319292495027,0.76286715362221,0.37145733111538,0.251513598486781,0.21775982901454,0.105775301577523,0.574229859979823,0
