"1","2","3","4","5","6","7","8","9","10","class"
0.909690031372011,0.902030106084421,0.179403302492574,0.924116779351607,0.723768262658268,0.160236999392509,0.120709846494719,0.902950407704338,0.391107989940792,0.677292569540441,0
0.416804213106353,0.504625975207146,0.201195648405701,0.591069472255185,0.265158876543865,0.866771290777251,0.350801004329696,0.265183341456577,0.626910589868203,0.804239055141807,0
0.817958022615686,0.899350509080663,0.576708092587069,0.270037450827658,0.0889059768524021,0.392150292405859,0.144568474963307,0.409335251664743,0.811838402878493,0.329553396208212,0
0.4363599766667,0.480169636818301,0.303521410329267,0.257363065611571,0.717295405222103,0.470202685566619,0.582610207377002,0.116631404031068,0.326137234456837,0.66291298600845,0
0.441938147225976,0.479959807769582,0.862415715353563,0.251513069029897,0.945859330706298,0.344731531338766,0.996762460563332,0.388597973389551,0.772491575684398,0.984979923116043,0
0.74462409876287,0.679323539370671,0.0126096091698855,0.641826037550345,0.416029282612726,0.901842774590477,0.0983116023708135,0.478456673910841,0.584878026274964,0.467636715155095,0
0.701559282373637,0.808298469986767,0.0608728711958975,0.946423869812861,0.0228475332260132,0.320964488200843,0.0816796126309782,0.652775658294559,0.900640437845141,0.827217421960086,0
0.135786110357381,0.162332523508836,0.811984647298232,0.783168511698022,0.219052222557366,0.114734102040529,0.973594225943089,0.90892440546304,0.765109757892787,0.285310298204422,0
0.825058523798361,0.658094293903559,0.76253148028627,0.185617638751864,0.354407477192581,0.0894967685453594,0.425080508925021,0.222761991200969,0.13351136026904,0.419801065232605,0
0.314526900881901,0.297444051597267,0.608624540036544,0.826693677343428,0.303108623018488,0.124874651897699,0.407238383311778,0.7585028775502,0.0985460167285055,0.713818215765059,0
0.685664716837928,0.800967042861506,0.589970941888168,0.960392442066222,0.715787108289078,0.40906731155701,0.915161146083847,0.141417007427663,0.35667385510169,0.578963127918541,0
0.209436525065359,0.199411399735697,0.311038109939545,0.00167920021340251,0.725012544775382,0.945782555732876,0.585794131504372,0.316702134441584,0.00107770413160324,0.113584852544591,0
0.45152696371153,0.577234876242839,0.808242566883564,0.868382458342239,0.292120461585,0.340654622064903,0.18455808609724,0.135094756959006,0.890894019743428,0.635764090111479,0
0.00190731976497922,0.222200141610298,0.442747533321381,0.345161920646206,0.239624186651781,0.0431432996410877,0.783141375519335,0.612293789396062,0.00877351337112486,0.709560057148337,0
0.102619638256729,0.0569493624035269,0.217729042284191,0.918078328482807,0.585695420159027,0.600674274843186,0.585732142906636,0.835967895807698,0.205777020659298,0.89599423087202,0
0.123084776781034,0.189796656608116,0.0933779035694897,0.631280386587605,0.850111227016896,0.7496442287229,0.168193104444072,0.110645459033549,0.494421306997538,0.0175396117847413,0
0.114155253238603,0.0680395193008706,0.709983483655378,0.510800693416968,0.813414308940992,0.0360889793373644,0.122832222143188,0.239349786890671,0.57858654926531,0.259780709864572,0
0.463167232228443,0.292840288951993,0.903635482303798,0.260079961968586,0.833651737309992,0.233313362346962,0.260544982273132,0.907886169385165,0.588910951977596,0.0410730172879994,0
0.836671564889327,0.792502379729226,0.50422249850817,0.86226254911162,0.649934735847637,0.542628462426364,0.63090402376838,0.857604064047337,0.914108336903155,0.608290140051395,0
0.650332064897846,0.664945057870075,0.509394839173183,0.0409825791139156,0.61467966879718,0.426191828213632,0.358766270335764,0.23977401969023,0.773828133475035,0.505850777728483,0
0.403052463567816,0.283471860469319,0.461466429755092,0.303381346398965,0.322857840452343,0.87404320971109,0.516365983057767,0.922493120422587,0.979535975027829,0.312774316640571,0
0.476450424015149,0.502322461033706,0.297438706737012,0.83521530078724,0.147232138784602,0.273610348347574,0.794538429705426,0.75495869666338,0.46405833074823,0.745564059121534,0
0.932273849255964,0.859028231418505,0.385359338019043,0.737532604020089,0.189817490056157,0.843078636564314,0.916022117715329,0.526721353409812,0.624344287673011,0.861709411023185,0
0.664741335614584,0.606172792787198,0.089374742237851,0.670490043237805,0.887276379624382,0.947891223942861,0.205279073910788,0.438824659213424,0.556307654595003,0.827028871746734,0
0.963556855979934,0.793093736726418,0.347725018393248,0.611913264030591,0.729188555153087,0.764651836827397,0.969645490171388,0.605503570754081,0.856386941624805,0.0824487113859504,0
0.844250840949826,0.754923921544105,0.729612415656447,0.449447675840929,0.491967582609504,0.935662708012387,0.778551363619044,0.627346017630771,0.601161092286929,0.236766296206042,0
0.139550553169101,0.0586893449071795,0.435860273661092,0.53606324410066,0.536408359650522,0.506439008982852,0.629505970049649,0.20862382138148,0.46060331678018,0.547350493026897,0
0.0242094793356955,0.172212024684995,0.936875665094703,0.890554441371933,0.15593698550947,0.250857949256897,0.215669972123578,0.433011613087729,0.363667891826481,0.468886747956276,0
0.668653915217519,0.535531209974736,0.537105871830136,0.751891729654744,0.930238592205569,0.317217759555206,0.334638726897538,0.125734974863008,0.422794744372368,0.560150708537549,0
0.399271242087707,0.235713982023299,0.854944824706763,0.203010886907578,0.735809165518731,0.165668526897207,0.976681104162708,0.751578014111146,0.330836377106607,0.746282609878108,0
0.896462849108502,0.951310890726745,0.96487126708962,0.695727543439716,0.90907546877861,0.783026068704203,0.921475671464577,0.837706542341039,0.521507798461244,0.0164205757901073,0
0.781804474303499,0.721154072554782,0.449075061129406,0.361491169780493,0.522460703738034,0.729332062182948,0.981665177503601,0.515517522348091,0.938302036840469,0.287031966494396,0
0.334717013477534,0.334592468161881,0.178692429093644,0.379060401115566,0.0385747253894806,0.592955430038273,0.214241459732875,0.17728741443716,0.804226091364399,0.48957957746461,0
0.664273215465248,0.614232742241956,0.512947627110407,0.0591769446618855,0.305138155585155,0.650513328146189,0.814281595172361,0.794691955903545,0.677884211065248,0.35838296636939,0
0.068331947786361,0.0646079568453133,0.732519891811535,0.794993648538366,0.340820528101176,0.388041502563283,0.199700854951516,0.797099223127589,0.275677900295705,0.882306171115488,0
0.494168125843629,0.373748673235998,0.40878241113387,0.371401047101244,0.338832241715863,0.857249378226697,0.859278701711446,0.729899643687531,0.768855000380427,0.340428666910157,0
0.438476281060837,0.519424132584967,0.416577828116715,0.0750195840373635,0.679116463754326,0.461190808098763,0.174882685532793,0.884577588643879,0.31065860716626,0.653181565692648,0
0.13993836945137,0.193953058031388,0.846087869023904,0.38959118979983,0.90166837326251,0.506017695646733,0.291518588550389,0.833161884220317,0.443950968561694,0.932586026610807,0
0.245495179714635,0.342599651321769,0.00658557401038706,0.491342131048441,0.581118279602379,0.484529210487381,0.507084231590852,0.659734919201583,0.974970517214388,0.607959361514077,0
0.141900055576116,0.232838747091591,0.479594801785424,0.427995105972514,0.200476967263967,0.642403688747436,0.703453240683302,0.433396178297698,0.202012562658638,0.611597296549007,0
0.841800348834135,0.963268816834316,0.514982193009928,0.497295163339004,0.127448054030538,0.428813745267689,0.377119448035955,0.506953139323741,0.666251878254116,0.450819253455848,0
0.77940654498525,0.878137080464512,0.437389946775511,0.0468192978296429,0.574084526160732,0.0949404230341315,0.723013544455171,0.633178087882698,0.070212731603533,0.643155853264034,0
0.708336743526161,0.667509026825428,0.834783926373348,0.588306802324951,0.574017726117745,0.6433568415232,0.0368378784041852,0.446330386446789,0.61546591296792,0.575734125217423,0
0.228181582545582,0.373695527133252,0.886320253834128,0.282542403321713,0.880856928415596,0.1894440818578,0.0414329380728304,0.375423649558797,0.229583020322025,0.505065553123131,0
0.87885727046635,0.935433089304157,0.190659773768857,0.130562919192016,0.275229752296582,0.218315803213045,0.689478468848392,0.915332460543141,0.148921151878312,0.0178396878764033,0
0.0733564624316059,0.0898634182084352,0.423472496448085,0.483782583847642,0.903346931794658,0.76232508989051,0.477973689557984,0.81940444605425,0.481037964345887,0.501614309381694,0
0.430980730518699,0.427253955764696,0.131156024057418,0.866702442290261,0.286325898487121,0.29471773118712,0.0648783463984728,0.513833627104759,0.141916683176532,0.375500887166709,0
0.335578607395291,0.377357528079301,0.960711257299408,0.600440559908748,0.636560232378542,0.867185591254383,0.0696937886532396,0.823372150305659,0.308952956227586,0.814981566043571,0
0.617744183718786,0.694701525569335,0.410477897617966,0.973565097432584,0.0905055513139814,0.548350523691624,0.950478750281036,0.541454360820353,0.243699371116236,0.541928166756406,0
0.183184204623103,0.0195105697494,0.843632258707657,0.843969423091039,0.685448099160567,0.25362960039638,0.404908981872723,0.417098626727238,0.203806074801832,0.817580414470285,0
0.573308582883328,0.46632904978469,0.617169063771144,0.729565185727552,0.82151235290803,0.514637920074165,0.292293730890378,0.256351348012686,0.0944651605095714,0.533964137546718,0
0.276164618823491,0.458925809499715,0.603540156967938,0.599138753954321,0.68804793106392,0.345536174019799,0.165902631822973,0.350259794155136,0.294871862512082,0.154921457404271,0
0.305470839841291,0.181498242774978,0.927428175229579,0.160146917914972,0.823905311059207,0.816956664202735,0.409897410776466,0.872804602375254,0.861760615371168,0.841219678288326,0
0.0778338436502963,0.478433695621789,0.362481493270025,0.584681116510183,0.678581702522933,0.328123197657987,0.273769875289872,0.00963552319444716,0.521583275636658,0.388234743382782,1
0.304305448284373,0.191589142948762,0.934175784466788,0.530003875261173,0.429543236037716,0.315881698392332,0.547986923716962,0.814941684249789,0.79600548860617,0.785323473624885,0
0.506052068843506,0.590778593322262,0.0497913705185056,0.733849188545719,0.419502211268991,0.20497342501767,0.0395222876686603,0.431502488441765,0.328405709471554,0.374054010026157,0
0.0279880667360499,0.0714610239861533,0.636857693083584,0.776237617712468,0.744247341761366,0.222985714906827,0.643206310458481,0.99039156967774,0.881641809130087,0.723398114088923,0
0.537829645955749,0.40797729511736,0.282817543949932,0.533393957884982,0.791130464058369,0.836548159830272,0.779228983912617,0.906324147712439,0.880846637301147,0.557577000698075,0
0.832425740314648,0.812006670748815,0.557984916958958,0.538046197732911,0.195255229249597,0.632467184681445,0.380789106013253,0.705324604641646,0.672180137364194,0.459609321551397,0
0.444803515801579,0.368398759938963,0.31805173587054,0.383996355812997,0.548145220382139,0.663114010822028,0.845924063818529,0.50061196833849,0.911842449801043,0.333001424558461,0
0.696742134989239,0.698341668516397,0.804586252896115,0.0385385595727712,0.312681481940672,0.28654341539368,0.532012952957302,0.244364961516112,0.613079625647515,0.407738646958023,0
0.590362308779731,0.6419196522329,0.941602319246158,0.641501453705132,0.993584904121235,0.0977079947479069,0.297872081166133,0.929152377182618,0.523581009590998,0.656555446097627,0
0.93449738092497,0.898971274226159,0.368492532754317,0.676427433267236,0.517207362921908,0.824612211203203,0.222054804908112,0.342318860115483,0.504746764432639,0.709981895284727,0
0.75606611431716,0.742694427371118,0.875300664454699,0.884737979853526,0.785666964249685,0.804085371084511,0.823545469902456,0.7315260800533,0.21156910690479,0.721291803754866,0
0.552032057428733,0.484241828322411,0.642423833021894,0.917981850216165,0.251348641002551,0.871597253251821,0.192108209477738,0.26574950828217,0.655887169297785,0.0203864139039069,0
0.661323709413409,0.536547206807882,0.0268770628608763,0.296963318716735,0.191312833689153,0.123397574061528,0.0446067643351853,0.640754165360704,0.19315862422809,0.240599175915122,0
0.849157557124272,0.765107495011762,0.482474070973694,0.5076513083186,0.754528796765953,0.19473695801571,0.963703271700069,0.23092985432595,0.368410935392603,0.103892179671675,0
0.928771285159513,0.894823538588639,0.888280831743032,0.153801915002987,0.111282862257212,0.0642849176656455,0.733375865034759,0.224736320786178,0.724644294939935,0.702393649378791,0
0.644263718277216,0.722165003651753,0.086486260406673,0.470660714898258,0.197818418964744,0.361053836531937,0.939100789371878,0.78456322173588,0.626576653681695,0.164525011787191,0
0.506744189420715,0.358645330648869,0.262666630325839,0.372947847936302,0.69882169412449,0.304697634652257,0.445060342084616,0.0653599377255887,0.713893993059173,0.50845770095475,0
0.767239120788872,0.801764140371233,0.448487875284627,0.132745968410745,0.528225288027897,0.841130379820243,0.661092914873734,0.712380820885301,0.965029477607459,0.295463792514056,0
0.133093938505184,0.122135856957454,0.575940712587908,0.0486257837619632,0.573307714425027,0.211756204720587,0.693402982316911,0.139500220539048,0.826118037803099,0.873844901798293,0
0.152173536941595,0.150220556022786,0.771632204530761,0.991999534657225,0.812545673456043,0.67073529260233,0.814021189929917,0.983734303386882,0.0905886772088706,0.569928807206452,0
0.517165142098907,0.531896427315846,0.150720630539581,0.321289784042165,0.242343223420903,0.203298171516508,0.0426577725447714,0.0698582048062235,0.488491712370887,0.756329603493214,0
0.245970656862482,0.353136263089254,0.285355769097805,0.595465246820822,0.447782921837643,0.449507680023089,0.0962606749963015,0.33886022050865,0.373897494049743,0.0806470359675586,0
0.282469535246491,0.266427748603746,0.56647093128413,0.350443837000057,0.644004732836038,0.456736240768805,0.0929123312234879,0.658567432081327,0.28677693544887,0.433764503570274,0
0.763663281626627,0.839745837963372,0.198920027818531,0.435854108305648,0.0133849051780999,0.413627430796623,0.620389701332897,0.657816051039845,0.380579618969932,0.958618834847584,0
0.158623163248599,0.162634314714931,0.602361703757197,0.47179279057309,0.805743584875017,0.309102711733431,0.112989565823227,0.786955994786695,0.394580665975809,0.971972205908969,0
0.690111279015616,0.795257458609343,0.0502847011666745,0.00161651917733252,0.947174315573648,0.615267116343603,0.531731468392536,0.400806542951614,0.962017940822989,0.147718179039657,0
0.328384375268128,0.247499485016055,0.638942292192951,0.920425527030602,0.431831051129848,0.953606599243358,0.852720213355497,0.583746623713523,0.104337970726192,0.937045460566878,0
0.565702038421296,0.58982101967372,0.536747350590304,0.367252656258643,0.170983963413164,0.864187269704416,0.733303512213752,0.252473978325725,0.697298303246498,0.302385329734534,0
0.700429813917447,0.762532926944084,0.361971661215648,0.404313457198441,0.591667016036808,0.282824205700308,0.494550659088418,0.0792301225010306,0.407806999050081,0.85067806369625,0
0.300321008295566,0.461683890630305,0.823377501685172,0.938326903851703,0.872751592192799,0.115161045920104,0.951997532276437,0.707285620039329,0.396162285003811,0.939231649739668,0
0.282018278727494,0.252625087893661,0.0918619979638606,0.466773636406288,0.413753557484597,0.756545883603394,0.259567606495693,0.242650250671431,0.919310594676062,0.790752898901701,0
0.908312590984628,0.961742450527288,0.853064732858911,0.353508429601789,0.264703480293974,0.861255998024717,0.594433087157086,0.0189524081069976,0.712667524348944,0.791785373352468,0
0.883909010090399,0.860002917499281,0.250449515180662,0.458402142161503,0.517936238553375,0.857461064821109,0.0953615834005177,0.406258849194273,0.741218309383839,0.234435067977756,0
0.247314570005983,0.101054108468816,0.799163026968017,0.242616449249908,0.365032335277647,0.0679713627323508,0.0777916880324483,0.11087371269241,0.022385484771803,0.451775657245889,0
0.237288281931914,0.235822729732748,0.279212480876595,0.803256486775354,0.509380395291373,0.0314414564054459,0.929268419044092,0.757119824411348,0.63451964315027,0.856115116970614,0
0.396087319022603,0.281121940666437,0.420766092138365,0.214937281329185,0.761124348267913,0.736032159999013,0.674827564507723,0.629133343463764,0.858943498460576,0.269206493860111,0
0.0286609647526406,0.154258589299861,0.832864631898701,0.976109353126958,0.24043016997166,0.270460832631215,0.934857443440706,0.951514628482983,0.152260500472039,0.733379391254857,0
0.186484967783093,0.194327031448483,0.973547686822712,0.122419137042016,0.68683448783122,0.941537756705657,0.737455022521317,0.3309635668993,0.130728247342631,0.873602663865313,0
0.823094554711133,0.177146802889183,0.609694072511047,0.868134895805269,0.335277592996135,0.67590049142018,0.475294213276356,0.254968247609213,0.24024053174071,0.0711037821602076,1
0.346617314055748,0.477184864356555,0.0491355541162193,0.461776047945023,0.885658682556823,0.556181306485087,0.205676234327257,0.788037685211748,0.432420704746619,0.74920590640977,0
0.720516646746546,0.674893606919795,0.883785448269919,0.830958030186594,0.61358443275094,0.935356018599123,0.729932585265487,0.810138906585053,0.382430924801156,0.771975027862936,0
0.136419786668569,0.158219335385039,0.0721936754416674,0.0222470588050783,0.939592584501952,0.162422054680064,0.56714755948633,0.70832564169541,0.564488495001569,0.100169905927032,0
0.474467663542833,0.593725174739491,0.404592072824016,0.273866740986705,0.773949479218572,0.510654994286597,0.136569663416594,0.673798205330968,0.846231454052031,0.203991106478497,0
0.548092267476022,0.632903565885499,0.361198972677812,0.997337067965418,0.664660821668804,0.66985606146045,0.70614071842283,0.483256478328258,0.753757284255698,0.969269026536494,0
0.878293984002154,0.845766539549455,0.629289670614526,0.950551050715148,0.639203808503225,0.201732205459848,0.271303055575117,0.75412409263663,0.785268643638119,0.098406212637201,0
0.797106937623397,0.834121304456517,0.286793492268771,0.139214624883607,0.825196525547653,0.0212560007348657,0.239130926551297,0.0738066814374179,0.246426919940859,0.261518920073286,0
0.637102093880531,0.641507717703097,0.41606065351516,0.780197841115296,0.240638443734497,0.636474168626592,0.743218069430441,0.0216589758638293,0.407359677599743,0.118629865348339,0
