"1","2","3","4","5","6","7","8","9","10","class"
0.22810572385788,0.356915053445846,0.173285118537024,0.773292717523873,0.65563842584379,0.784055915893987,0.0431668011005968,0.794854246778414,0.351693332893774,0.723697691224515,0
0.562893034657463,0.474210383137688,0.306898642797023,0.7899827985093,0.40619489364326,0.793841325910762,0.748454835964367,0.403456349624321,0.8268182806205,0.910901691066101,0
0.754290423355997,0.373193513369188,0.0542255139444023,0.712269456591457,0.50249823438935,0.210479397559538,0.535664793569595,0.4478428598959,0.0579058493021876,0.663809816353023,0
0.159303463529795,0.444320951355621,0.487221855670214,0.926131645217538,0.80416445992887,0.451247625751421,0.0778224023524672,0.959705700399354,0.959798448719084,0.980124874738976,0
0.529085828166455,0.473637136666663,0.689959606621414,0.0274143998976797,0.441822797292843,0.431427085306495,0.609086635755375,0.457924579503015,0.589782337192446,0.882419012021273,0
0.940233296947554,0.607665862422436,0.533676654333249,0.79916753876023,0.963231245521456,0.556401680223644,0.188947989605367,0.33806004258804,0.313020571367815,0.267156463116407,0
0.310992200160399,0.251513686729595,0.793100520502776,0.84284331323579,0.0203638805542141,0.230162183288485,0.837073393864557,0.00606907205656171,0.394441184820607,0.748345759697258,0
0.579826688135881,0.688246394104976,0.832381188403815,0.378484210232273,0.742073447443545,0.885377787519246,0.846595986513421,0.209552791202441,0.443969756131992,0.805120481876656,0
0.774405240137689,0.248221182938293,0.308667370583862,0.834816415561363,0.976686129579321,0.951801280956715,0.528898310381919,0.588782760314643,0.265027072979137,0.0420820075087249,0
0.318251558812335,0.341110674664378,0.0420404011383653,0.866197447990999,0.714569993782789,0.0678084304090589,0.574395606992766,0.0936284514609724,0.525102471699938,0.38310405309312,0
0.706052133115008,0.934931305469945,0.250245621660724,0.610618720995262,0.91749878693372,0.848090157844126,0.253111176425591,0.87682651495561,0.595361783634871,0.484735783655196,0
0.400111058959737,0.174817826598883,0.92258843081072,0.172688495134935,0.36529508442618,0.256171673536301,0.841773858293891,0.404635039390996,0.582168137421831,0.418951131869107,0
0.0271659139543772,0.179128066170961,0.535662475042045,0.723678748123348,0.915385003434494,0.974367937771603,0.46106229792349,0.0677570924162865,0.89928768388927,0.575373756932095,0
0.283802930032834,0.490392185281962,0.832854516105726,0.775550716789439,0.343801384791732,0.268952659098431,0.559558581793681,0.18172031105496,0.464775485917926,0.223219290841371,0
0.823827169806138,0.653061987263337,0.127180606825277,0.932864487404004,0.66408075299114,0.994030561298132,0.13975769164972,0.439704691525549,0.161504202987999,0.58163207792677,0
0.681212188676,0.356243942631409,0.48555399896577,0.384368230123073,0.652642227243632,0.376497299643233,0.327652679290622,0.952997191809118,0.70610122429207,0.776622805511579,0
0.428566829301417,0.306636709952727,0.589323942782357,0.862782070413232,0.829010791145265,0.325604943092912,0.174946565413848,0.309672342380509,0.0941277700476348,0.900165013503283,0
0.15934233040195,0.209933074227534,0.0354920921381563,0.287175392033532,0.849286801414564,0.439967173384503,0.00312105240300298,0.546191346365958,0.516838498413563,0.331686558900401,0
0.0280436540525407,0.20331990391314,0.574626766610891,0.397594844922423,0.153125413926318,0.658017158741131,0.705435054842383,0.111685666488484,0.0211042515002191,0.703040519263595,0
0.402709807967767,0.616912432946265,0.171590815996751,0.345271000405774,0.444516818039119,0.856196020497009,0.365170676028356,0.552736528916284,0.937843647319824,0.517934183124453,0
0.573957979055121,0.564961312345229,0.378154462436214,0.524281797930598,0.554862796328962,0.822882236912847,0.993200161959976,0.0462979159783572,0.385248586069793,0.733036702265963,0
0.752311908407137,0.750111032277346,0.0417348977643996,0.298798121977597,0.602760576177388,0.379136933013797,0.0139573132619262,0.105713236378506,0.757167499279603,0.119792574550956,0
0.965208007954061,0.901935855392367,0.374128039926291,0.620772561756894,0.623245273949578,0.583831978728995,0.903603547951207,0.459888324374333,0.572070634458214,0.423426473978907,0
0.0458064385497943,0.184210866145603,0.0286670597270131,0.926243963185698,0.343812573235482,0.281410692259669,0.952751236269251,0.855838619871065,0.457249055150896,0.377154021058232,0
0.507709260098636,0.468649683753029,0.139376860111952,0.85999096208252,0.916454074205831,0.885231244144961,0.782290495466441,0.28074494516477,0.4728415585123,0.19343664101325,0
0.567140527302399,0.929228720022365,0.553718270501122,0.415635806275532,0.278359482530504,0.984229531837627,0.18243900174275,0.641136909369379,0.767578665399924,0.347224463010207,0
0.535160765284672,0.181781344814226,0.33471739385277,0.674459183821455,0.451346353627741,0.447916491888463,0.229663551785052,0.404033785685897,0.303067615721375,0.385989147005603,0
0.89234892395325,0.633010762277991,0.273970523150638,0.285280082141981,0.756948313908651,0.494185332674533,0.461395317455754,0.519981230143458,0.151941139949486,0.0972295040264726,0
0.765535870804079,0.969416437056847,0.768021599855274,0.677678030217066,0.469754446297884,0.504164234502241,0.0753431005869061,0.0670637986622751,0.753626070218161,0.685494344448671,0
0.342630368183553,0.390717716874648,0.893035152927041,0.426639351295307,0.613604006590322,0.713755851844326,0.330587279517204,0.881351620657369,0.804572545923293,0.803800364723429,0
0.15762774576433,0.126236910931766,0.568789484910667,0.282754817511886,0.0958020219113678,0.507487056776881,0.423796009505168,0.145869452739134,0.431188395014033,0.520129597745836,0
0.324043602216989,0.638204414164647,0.387966533424333,0.317874601576477,0.925487058702856,0.588377957232296,0.809831670485437,0.83482965757139,0.832438913406804,0.264501623343676,0
0.587516037686355,0.341853133562952,0.906779594020918,0.782772589707747,0.849710802780464,0.974028324242681,0.720550389960408,0.501783159328625,0.274089738028124,0.678097018273547,0
0.688290302039497,0.573691601571068,0.738563920604065,0.0832379993516952,0.397232515271753,0.508292145095766,0.371577687328681,0.0263460837304592,0.227298091165721,0.0652363004628569,0
0.704678032081574,0.845731612993404,0.914752736221999,0.593868030933663,0.877249448327348,0.0500515124294907,0.112482718192041,0.827203383436427,0.131466150749475,0.110988338245079,0
0.576077118748799,0.992641805903986,0.451218994800001,0.311687699984759,0.0346695135813206,0.589211974758655,0.756077302386984,0.880201265215874,0.393607904668897,0.0206217677332461,0
0.304735451703891,0.319209637120366,0.610235720407218,0.659250919241458,0.354512859368697,0.262213613139465,0.752066181274131,0.232144729001448,0.207519991556183,0.220464002341032,0
0.669139680918306,0.719724918948486,0.330027923919261,0.983509864890948,0.473695436026901,0.230183631647378,0.549475209554657,0.629645071225241,0.595532252686098,0.495299083413556,0
0.126111694145948,0.0333810953889042,0.499131018761545,0.888207014882937,0.22119798255153,0.932624302105978,0.447051595896482,0.480492047267035,0.530169530073181,0.998891418799758,0
0.264715536963195,0.432359430706128,0.154096815735102,0.575132763711736,0.881869216682389,0.916779028018937,0.845447152387351,0.382577548967674,0.195991689572111,0.0747699800413102,0
0.843043927231804,0.640969769296236,0.453887943178415,0.900703557766974,0.124984202673659,0.813467287225649,0.597474987851456,0.149268466746435,0.604778336361051,0.115580635145307,0
0.801919682226144,0.31534044905901,0.974611547077075,0.515997884096578,0.230252500390634,0.000827650306746364,0.213748646900058,0.442813409958035,0.648691926384345,0.580751926638186,0
0.468159156385809,0.0419658843893558,0.72095586778596,0.414526532869786,0.326675820397213,0.0454885973595083,0.551098729250953,0.617206390947104,0.927641446935013,0.333080744836479,0
0.446690797787718,0.734202821715362,0.0233022135216743,0.550958248088136,0.39131406112574,0.853956007864326,0.411435872549191,0.577100705355406,0.734989562770352,0.435392663581297,0
0.676948114298284,0.575471334625036,0.0842224424704909,0.659062664490193,0.583436136366799,0.962098814779893,0.48033879394643,0.850378576200455,0.305529887089506,0.242408463032916,0
0.940431152703241,0.645723319379613,0.794329356169328,0.346763871610165,0.329182943329215,0.422677564201877,0.472494107438251,0.404828801751137,0.485908256843686,0.78150115464814,0
0.606984539888799,0.884049185551703,0.302794490475208,0.420514642260969,0.154546461766586,0.0574692932423204,0.884979458758608,0.126326481811702,0.127233195351437,0.897004449740052,0
0.921611781930551,0.832408636808395,0.497401076601818,0.801009008428082,0.936383244115859,0.519521384267136,0.430105885025114,0.983688156818971,0.222857259912416,0.699442125856876,0
0.78939058445394,0.916043405886739,0.061178385047242,0.835630345856771,0.452942996518686,0.540625749155879,0.0249269846826792,0.49248554976657,0.0417135376483202,0.59680364956148,0
0.439377027796581,0.061893668025732,0.863505981629714,0.653602882288396,0.0404623826034367,0.355705108493567,0.403287659632042,0.301407549763098,0.603512303670868,0.179899550974369,0
0.631399246770889,0.993969186535105,0.886136737884954,0.13679803814739,0.332680899649858,0.428937589982525,0.223047998500988,0.691203377908096,0.0395259202923626,0.285900827264413,0
0.783041795017198,0.710837299237028,0.2478859256953,0.256458824733272,0.619174754247069,0.661934170871973,0.99428726406768,0.574273593490943,0.23721839254722,0.370917942840606,0
0.827218742808327,0.950000775512308,0.999483965802938,0.783120085950941,0.345875396160409,0.68768862192519,0.655161249218509,0.552871143678203,0.704302676487714,0.171141721308231,0
0.901572689935006,0.750899057561811,0.834547667065635,0.276489325333387,0.30733056506142,0.921298787696287,0.878297792514786,0.32607686240226,0.0202929896768183,0.120452529285103,0
0.880781020736322,0.709400848951191,0.184145359089598,0.988961962983012,0.491854444146156,0.245967159047723,0.326741916825995,0.56080233049579,0.0834770838264376,0.620816533686593,0
0.716302620787173,0.856681894044392,0.668814970180392,0.873793852049857,0.703666141955182,0.326950671849772,0.554596672765911,0.575070125749335,0.800552698550746,0.20655477559194,0
0.0484952069818974,0.2987127865199,0.801138350740075,0.893249252578244,0.999292556196451,0.701986260246485,0.272178833372891,0.716940703103319,0.445366795174778,0.968024333007634,0
0.309360029414017,0.427766613149922,0.840456845471635,0.0238902277778834,0.0500506234820932,0.733752388274297,0.297362525714561,0.672594958916306,0.0574422446079552,0.832026420393959,0
0.433660195441917,0.720255916006863,0.969820912927389,0.877929107751697,0.616958278696984,0.752249213866889,0.249645646195859,0.391814054222777,0.660248109605163,0.290121119003743,0
0.5464405012317,0.340061555616558,0.329638717928901,0.839299507439137,0.812062337528914,0.830777243711054,0.239493763074279,0.571708291303366,0.0844739985186607,0.85337721509859,0
0.536250752661377,0.241109968493693,0.688963791588321,0.262731375871226,0.879408495966345,0.86908489651978,0.231115598231554,0.568360030651093,0.464395843446255,0.864842859096825,0
0.957670879317448,0.940283955540508,0.934667073888704,0.242174714105204,0.768598792608827,0.0691332570277154,0.324272656114772,0.379386809887365,0.76695703715086,0.89540269295685,0
0.0313631924800575,0.389637568267062,0.812009998364374,0.894553927239031,0.351156571414322,0.512996071949601,0.576824595220387,0.0416598869487643,0.722240882692859,0.0751758432015777,0
0.0863491024356335,0.145016951719299,0.727173833409324,0.748425444122404,0.00460258987732232,0.396898316917941,0.620579592417926,0.0286882906220853,0.527617131359875,0.87575212540105,0
0.932680099301413,0.754568547322601,0.517833839869127,0.637501325691119,0.227414997061715,0.904445864493027,0.132061909884214,0.248700868105516,0.418938493588939,0.721732201520354,0
0.313821273855865,0.465043271658942,0.172696976689622,0.954969278536737,0.0715720951557159,0.416094535728917,0.932221453636885,0.84538732166402,0.710162851959467,0.994005309417844,0
0.820093431975693,0.908712217817083,0.792352435411885,0.479952553054318,0.22860779077746,0.997187129687518,0.173181754071265,0.204888294683769,0.852883489336818,0.22465298534371,0
0.496475842975266,0.55279923443431,0.323499392252415,0.487832652172074,0.701444392325357,0.8057442298159,0.265253476332873,0.664995415369049,0.752587451599538,0.350457006832585,0
0.57043241430074,0.295425816439092,0.643315100576729,0.678048378322273,0.231027069501579,0.800768124870956,0.499570655403659,0.998164750169963,0.528712070314214,0.324760824907571,0
0.990592358866706,0.868058907799423,0.309203883167356,0.991817832225934,0.834786850493401,0.109986661234871,0.718507137615234,0.982934551779181,0.2616130663082,0.476226990576833,0
0.829365841185674,0.870555623041466,0.712815227918327,0.990626444341615,0.90249511692673,0.662053094943985,0.798411515541375,0.834620182635263,0.021415299968794,0.591476695379242,0
0.430531211907044,0.0741918041989207,0.0122033762745559,0.393170915544033,0.571057426277548,0.879185999045148,0.599507190287113,0.836337552638724,0.945982497883961,0.326350631425157,0
0.798219889274426,0.316141147158667,0.564174112165347,0.192454562755302,0.38600518531166,0.0249515254981816,0.142106524668634,0.289051759056747,0.200949599966407,0.940234963549301,0
0.672226916480344,0.788753205558192,0.639092713827267,0.605781964957714,0.498586212750524,0.637902681017295,0.320573807926849,0.425540513824672,0.0240886879619211,0.510441225487739,0
0.558265163563192,0.83089938107878,0.60310901934281,0.705233207438141,0.778162804432213,0.774347663158551,0.850375784561038,0.0496680161450058,0.863305951235816,0.771773219341412,0
0.205730746965855,0.413399560609832,0.34447992243804,0.648137215990573,0.218597282655537,0.140977669507265,0.424669097643346,0.80746363918297,0.75433909194544,0.94873931678012,0
0.93818756332621,0.943622017744929,0.450274858158082,0.985946381697431,0.647946438286453,0.243797227507457,0.969065718119964,0.907223518937826,0.905252272961661,0.488385312957689,0
0.830651218537241,0.627380745485425,0.0420509388204664,0.640164643060416,0.702319063944742,0.710118847666308,0.415759329684079,0.743868904653937,0.0710886232554913,0.375565356807783,0
0.555762101481855,0.694988864175975,0.015398837858811,0.93753854255192,0.151058664778247,0.745692452648655,0.673960153246298,0.0133098671212792,0.174818794243038,0.671276728156954,0
0.527154536452144,0.880452497629449,0.742685533827171,0.294873534701765,0.117948487168178,0.986047890968621,0.800348170567304,0.346995386527851,0.486285062506795,0.836183738894761,0
0.152595165884122,0.0834819786250591,0.886955718742684,0.320128081133589,0.426131328800693,0.302524378523231,0.52272491180338,0.444041593000293,0.165782458614558,0.552314273314551,0
0.128852481962368,0.222712255737279,0.0696248533204198,0.95840601879172,0.354852225165814,0.318788997130468,0.302824386628345,0.241890749661252,0.985097945202142,0.0769879342988133,0
0.573581151431426,0.783205206273124,0.653579038800672,0.0844248265493661,0.0849474677816033,0.921203330159187,0.0146574063692242,0.756306483643129,0.431453641271219,0.643601822433993,0
0.625673778587952,0.981782065238804,0.849089731927961,0.218056919286028,0.605157333891839,0.229629488196224,0.990935808746144,0.948129141237587,0.556444293819368,0.444183210143819,0
0.388635738985613,0.628659660229459,0.668673357926309,0.803444890538231,0.464701800374314,0.828758313087747,0.905276363017038,0.896760160801932,0.139474296709523,0.686899572610855,0
0.621695204027463,0.737658619294409,0.302429937990382,0.415458037983626,0.206855948315933,0.643275048583746,0.522883107652888,0.783215661533177,0.962768542114645,0.558622448937967,0
0.497967285548896,0.737086067228019,0.870606634765863,0.704614029731601,0.760944929439574,0.641816497547552,0.872434438671917,0.251200112979859,0.651494251331314,0.141477299388498,0
0.654058781489823,0.281345057474729,0.56244286429137,0.0713789346627891,0.450456505641341,0.861187029397115,0.994639886310324,0.19040576252155,0.762360891792923,0.793328751809895,0
0.123106853337958,0.350542613072321,0.468167491722852,0.382972721010447,0.700228801928461,0.844210254726931,0.695931901689619,0.467252128291875,0.305187242571265,0.893596021458507,0
0.299195922445506,0.272533518262208,0.654367625014856,0.649817539844662,0.0823498917743564,0.90710775484331,0.7886569974944,0.365347177488729,0.505104711279273,0.784774930682033,0
0.427141304934397,0.478724786592647,0.494557527825236,0.799409759230912,0.488021591678262,0.180889901006594,0.777312209364027,0.327927628997713,0.667087855283171,0.86592750903219,0
0.389353157253936,0.489778958261013,0.696114101447165,0.443575712619349,0.400835057254881,0.921651986660436,0.984994245227426,0.106283118249848,0.592343116411939,0.343863374553621,0
0.984500116435811,0.33427642006427,0.228447731118649,0.726421156898141,0.737052105367184,0.573548194253817,0.431290480075404,0.760653776116669,0.78873030282557,0.222743327729404,1
0.519950025016442,0.263171424623579,0.649698694003746,0.340440132888034,0.611779428785667,0.610378967830911,0.0971276822965592,0.622052572900429,0.833211018471047,0.379698471631855,0
0.993848655140027,0.763152891304344,0.120688843773678,0.690262471325696,0.185210864758119,0.864352320320904,0.434723469894379,0.724477180978283,0.651824415894225,0.788590913871303,0
0.407789113465697,0.368063304573298,0.632321392185986,0.638722949894145,0.0678889199625701,0.973877722863108,0.31099232332781,0.0391977492254227,0.560973825166002,0.863862406695262,0
0.238034719368443,0.241276822751388,0.894749973434955,0.80145369283855,0.963457913370803,0.959011354250833,0.464400152442977,0.923916998784989,0.441729572601616,0.996633541537449,0
0.599937938386574,0.438879618188366,0.440032252576202,0.91936171753332,0.57068600342609,0.437678232556209,0.589638056233525,0.846056997776031,0.615336767863482,0.247566505102441,0
0.450212300289422,0.631853266153485,0.195448015350848,0.18352378718555,0.875734142959118,0.865933133754879,0.211285033728927,0.366942939581349,0.634646223625168,0.754218842368573,0
0.574847720563412,0.812774568097666,0.131881845416501,0.219169416464865,0.997454503783956,0.834125135326758,0.691601916681975,0.343645746121183,0.548603338189423,0.713581891963258,0
