"1","2","3","4","5","6","7","8","9","10","class"
0.755668287863955,0.380091689759865,0.501193348551169,0.472423182334751,0.202643794938922,0.0544534160289913,0.812808841001242,0.583946203812957,0.418838842306286,0.437669796403497,0
0.765405752928928,0.385855761822313,0.60057288967073,0.559371147770435,0.543855934171006,0.921989999944344,0.456068683648482,0.102233576122671,0.758471464272588,0.294511873740703,0
0.552056101616472,0.875641324790195,0.00935350242070854,0.313238768139854,0.613490788498893,0.38600582908839,0.364120456855744,0.471833599032834,0.770616206107661,0.144178702030331,0
0.639940979890525,0.384754033060744,0.943457619287074,0.0509218263905495,0.71625231183134,0.748443325283006,0.735095436219126,0.192673587938771,0.168562029954046,0.391504962695763,0
0.653895439580083,0.841349655296654,0.32645465247333,0.687333329813555,0.573554645758122,0.569978457409889,0.242045752704144,0.528012635884807,0.280329824890941,0.555994617054239,0
0.0887136727105826,0.0289458327461034,0.194313122192398,0.836403277469799,0.673807134851813,0.594652973581105,0.572101468220353,0.848518970888108,0.200079044094309,0.579172503901646,0
0.659259381471202,0.693082549609244,0.60404923488386,0.383770114742219,0.863167478470132,0.383979962673038,0.368468454573303,0.471859818091616,0.269732057582587,0.613190273055807,0
0.510059756459668,0.654629247961566,0.0319664916023612,0.583073528017849,0.140778884990141,0.874908542493358,0.0166411409154534,0.473623988684267,0.640222328016534,0.814667419763282,0
0.122724388958886,0.115364741999656,0.836068115197122,0.526285731699318,0.209058498032391,0.0722560200374573,0.343387380708009,0.158501750091091,0.985277482075617,0.329470817465335,0
0.448551818262786,0.862961763283238,0.13586392486468,0.654652173863724,0.572477536275983,0.920122756622732,0.507116947788745,0.617621093988419,0.466776804067194,0.582654128549621,0
0.691531252115965,0.730098305968568,0.262761147459969,0.718788297381252,0.835238801548257,0.618310817051679,0.145231841132045,0.951618023915216,0.884269965579733,0.826208204496652,0
0.0214010630734265,0.442506411578506,0.571640067268163,0.417922822525725,0.938457126263529,0.966537696542218,0.853696271311492,0.194560650503263,0.0113873169757426,0.038208433194086,0
0.469085115661845,0.510172939408012,0.348351299064234,0.943396282847971,0.107963579008356,0.504230300663039,0.344714157748967,0.405985956080258,0.412476860685274,0.748261853121221,0
0.571436042897403,0.731118819443509,0.182178384857252,0.104544855421409,0.496427216101438,0.435700675006956,0.649154610233381,0.700442174449563,0.770750009221956,0.869152931962162,0
0.780053769471124,0.557518237037584,0.53302657068707,0.322684038896114,0.415373027091846,0.69324900326319,0.112840446643531,0.397285567363724,0.702442317036912,0.693732798565179,0
0.37637371593155,0.689779858570546,0.328277096617967,0.0957048423588276,0.727490305900574,0.0136847868561745,0.192816512426361,0.0510922367684543,0.24298665416427,0.620575040811673,0
0.664180759373121,0.804096286653541,0.124810356879607,0.186605046968907,0.445818731561303,0.329390416154638,0.595151295419782,0.836754667805508,0.145475027617067,0.729157839436084,0
0.259028465719894,0.329058190109208,0.986239647492766,0.389462067745626,0.751438206061721,0.346191211370751,0.198924296535552,0.00499742710962892,0.281348966062069,0.420150158461183,0
0.154337714426219,0.196246672421694,0.997931729769334,0.0875290893018246,0.671596150379628,0.748978236457333,0.974503397243097,0.116235405439511,0.852993213105947,0.469021708006039,0
0.140042793238536,0.596295073628426,0.414019396994263,0.400918150320649,0.573688895674422,0.343589304946363,0.152695257216692,0.382789712399244,0.745863918215036,0.14536845125258,0
0.427377916872501,0.654196963412687,0.650587134296075,0.3355072515551,0.228676746366546,0.713680201908574,0.215414485195652,0.978855413850397,0.712382476776838,0.695640363264829,0
0.0716142000164837,0.691696106921881,0.338783478597179,0.502940718783066,0.689660268137231,0.0883435416035354,0.700284036109224,0.480054597603157,0.780245961388573,0.768943842034787,0
0.186825200668722,0.0981893209192902,0.547978055896237,0.357900316128507,0.363380227005109,0.289231541100889,0.178324340609834,0.155868011526763,0.394689538981766,0.0591410496272147,0
0.207277233246714,0.615200828295201,0.357985600829124,0.985337007325143,0.84521032194607,0.888735282700509,0.706485858652741,0.177797202253714,0.794920975575224,0.0322691111359745,0
0.688610122539103,0.337644524173811,0.358618003083393,0.688516351860017,0.106617115437984,0.847653936361894,0.259967084042728,0.439848889829591,0.636435806984082,0.649450644850731,0
0.325516750104725,0.661609200295061,0.554654599865898,0.841571965720505,0.83802663278766,0.819787472952157,0.206561394734308,0.26418137201108,0.738993880338967,0.490463675465435,0
0.238747482653707,0.669686077395454,0.394037605030462,0.101043124450371,0.410993854515254,0.0866614077240229,0.554647060111165,0.726105366367847,0.168259860714898,0.0300568828824908,0
0.0800567041151226,0.0957910409197211,0.0990356944967061,0.539162559434772,0.803455016808584,0.666055855108425,0.769583236891776,0.788269103271887,0.436675668694079,0.636426381533965,0
0.364988484652713,0.97194097773172,0.282319398596883,0.0987812110688537,0.549064717022702,0.405063645914197,0.978632090380415,0.852114863228053,0.25733205745928,0.129355712793767,0
0.257753595709801,0.674137748079374,0.725183543749154,0.057299216510728,0.672599389450625,0.597957574762404,0.67488983925432,0.0145354957785457,0.0352253085002303,0.876003449782729,0
0.75268683838658,0.135711280163378,0.148812731029466,0.608196472749114,0.252564746188,0.942152315750718,0.757723857648671,0.639398760395125,0.977457196917385,0.379655533004552,0
0.530619924599584,0.850729957857449,0.0424695224501193,0.360960809513927,0.382169709773734,0.370730530004948,0.933330630417913,0.813448837958276,0.505703448085114,0.0857696766033769,0
0.516840824391693,0.180437775095925,0.936869152123109,0.733703139005229,0.186127599328756,0.125143158016726,0.260124584892765,0.410776022356004,0.284022940788418,0.692386870272458,0
0.505743997870013,0.380633953493088,0.337946112267673,0.497387047624215,0.912912856088951,0.867909263819456,0.682132700458169,0.700423361966386,0.878781458130106,0.728926347568631,0
0.928921636511758,0.939534058870748,0.219884146470577,0.417428770102561,0.313239136710763,0.291474157012999,0.537589955609292,0.744397662114352,0.340506443753839,0.271676517790183,0
0.77536245319061,0.419247526675463,0.26704605971463,0.786103289574385,0.409844126552343,0.520418687956408,0.0886847975198179,0.963389719836414,0.0749270196538419,0.751547996886075,0
0.45569507079199,0.771097847726196,0.493439500685781,0.639871682040393,0.638485086616129,0.850631158566102,0.966246167430654,0.87634684308432,0.656437385361642,0.647267543943599,0
0.669521344825625,0.904596621869132,0.480863413540646,0.577903304016218,0.513302401872352,0.0215772872325033,0.968318039085716,0.113551453221589,0.522907116217539,0.338103387504816,0
0.44254597555846,0.482987532159314,0.0758609611075372,0.672028212808073,0.737557485932484,0.189097233116627,0.629528381396085,0.325229490408674,0.759949342813343,0.855936520732939,0
0.871732959523797,0.490693389903754,0.494825571542606,0.0843484930228442,0.310481998603791,0.643244741251692,0.907586372224614,0.813194386893883,0.571812934009358,0.990936916321516,0
0.697473541134968,0.367386796278879,0.286159682553262,0.933140816632658,0.361921866657212,0.999305915553123,0.891217296710238,0.632590111112222,0.896000210894272,0.296221434604377,0
0.380417770938855,0.416221402413119,0.657803828129545,0.362189862178639,0.550228176172823,0.938127704896033,0.57003422616981,0.286238140193745,0.839986111503094,0.134420984890312,0
0.464187683304772,0.989824806572869,0.904161856044084,0.177729735849425,0.569804348051548,0.579055812908337,0.635907428804785,0.949746764265001,0.879918758990243,0.496657721465454,0
0.909304638858885,0.430882999673486,0.579499686835334,0.810536869103089,0.00528862234205008,0.114263461669907,0.363959242356941,0.494516289560124,0.986730661941692,0.836046512704343,0
0.204028536798432,0.201714693568647,0.4544645503629,0.788157649803907,0.558226041961461,0.315560931805521,0.788195253349841,0.549946189392358,0.308843066450208,0.147703620605171,0
0.6414244665117,0.611214314189274,0.827549183275551,0.408845728263259,0.231762588955462,0.937887854641303,0.966040597530082,0.542897353880107,0.258697703946382,0.708006486063823,0
0.21678240224719,0.353693028213456,0.459622845286503,0.85830749431625,0.498838850297034,0.643169265938923,0.546609963290393,0.0404619993641973,0.36335590807721,0.0456021435093135,0
0.539919698610902,0.470935534918681,0.373741320800036,0.612001655623317,0.80958483251743,0.370097789214924,0.112986119929701,0.802805958548561,0.76001135352999,0.84060786687769,0
0.785067707765847,0.685789450304583,0.489287155913189,0.0591118645388633,0.10846321284771,0.567848162958398,0.647097778273746,0.639590949285775,0.883624384878203,0.850431939586997,0
0.408917226595804,0.95696590305306,0.110106881009415,0.224979167804122,0.949557949323207,0.0176659307908267,0.143823243677616,0.665780687937513,0.600007553352043,0.972359448904172,0
0.903474796796218,0.648889340693131,0.805429391097277,0.93535126093775,0.630864856299013,0.610639421734959,0.902339084539562,0.658042879076675,0.0933693912811577,0.68710890552029,0
0.457514124456793,0.791261659935117,0.648016843944788,0.609402154572308,0.43171176337637,0.596802898449823,0.714950031135231,0.202494219643995,0.816063582664356,0.660964627051726,0
0.581444504561834,0.0883625173104927,0.00447484501637518,0.379299772903323,0.404100005049258,0.294648235896602,0.746762752067298,0.878720337292179,0.165614278521389,0.376718573272228,0
0.542869442841038,0.5865307378117,0.742406649747863,0.788069212809205,0.92919058795087,0.25498539977707,0.934113043360412,0.664581919554621,0.737828240497038,0.69790164520964,0
0.0674867255147547,0.367876746691763,0.634433100931346,0.59339035442099,0.553809075383469,0.481808203505352,0.654265974648297,0.444440747611225,0.412291605724022,0.991778807481751,0
0.866957057610154,0.892443804809358,0.139338293345645,0.0111759342253208,0.252444858429953,0.551793938269839,0.217057928675786,0.496287802467123,0.024031673790887,0.0583683198783547,0
0.00535481399856508,0.232486127642915,0.666608333121985,0.775344233959913,0.820416114991531,0.091758695198223,0.0834261816926301,0.577068920480087,0.715557838324457,0.830130844609812,0
0.631584689719602,0.882471463410184,0.668970018159598,0.161806077929214,0.169034809572622,0.124901774106547,0.904056656640023,0.445838919375092,0.0282671737950295,0.119637211319059,0
0.285694689955562,0.0189693956635892,0.382407288765535,0.268851294880733,0.093827131902799,0.207437587436289,0.775083359563723,0.629148837411776,0.218039001105353,0.29171092598699,0
0.795440295245498,0.686167475767434,0.84518805029802,0.336791429901496,0.245232726447284,0.870430839015171,0.819734936114401,0.226140945451334,0.823653708212078,0.105851475382224,0
0.396281559020281,0.781645774375647,0.790008076932281,0.0402074304874986,0.451782108750194,0.96274650329724,0.835552209988236,0.816711774561554,0.891785600921139,0.746740838512778,0
0.760635796701536,0.515422570053488,0.64789103390649,0.0999664708506316,0.249078141525388,0.403882235521451,0.13508238713257,0.220632105134428,0.588216927368194,0.293462861562148,0
0.370514640584588,0.316831841832027,0.95932161831297,0.962032472714782,0.831267731497064,0.166624607052654,0.982774312607944,0.0404242021031678,0.9279339609202,0.884264131309465,0
0.654690070543438,0.160590241430327,0.110392076894641,0.876571724656969,0.0457500978372991,0.944969934178516,0.896011276636273,0.9490886637941,0.584360718959942,0.622825110564008,0
0.68824724922888,0.811085818801075,0.176447205478325,0.160038815811276,0.406454770825803,0.14046700950712,0.912409098586068,0.050340716028586,0.113328920677304,0.746140996227041,0
0.812970239669085,0.581984917633235,0.668426921823993,0.284503582399338,0.924864473985508,0.332110065268353,0.938380275154486,0.316490335389972,0.292249677935615,0.0122939965222031,0
0.672329363413155,0.222654171986505,0.960654897615314,0.221164867049083,0.444885498378426,0.890300038969144,0.201540782814845,0.664487166330218,0.0853198259137571,0.258052691118792,0
0.67916918033734,0.900651784613729,0.0600556971039623,0.239985526073724,0.65528943343088,0.454910255270079,0.105951534118503,0.664684643037617,0.642891280120239,0.548326200805604,0
0.460210503777489,0.0809243142139167,0.937768786912784,0.602143763331696,0.366756715113297,0.250032146228477,0.0329647974576801,0.321676263818517,0.201791162136942,0.368545089382678,0
0.974081785883754,0.790992736117914,0.500019148457795,0.572419669479132,0.886088444851339,0.100685766199604,0.0960383145138621,0.70510910032317,0.756399728124961,0.578316346742213,0
0.675566108431667,0.722164547070861,0.153647910570726,0.934523995965719,0.888731988379732,0.119099506642669,0.106512268073857,0.599565247772262,0.230806963983923,0.56419481523335,0
0.441038639517501,0.513520846841857,0.392114434624091,0.321243429323658,0.8386531828437,0.214950298657641,0.32178956316784,0.461486627347767,0.492103985976428,0.46009756042622,0
0.313609699252993,0.526958859758452,0.157871360424906,0.533150081289932,0.738190056523308,0.595762260025367,0.922104135388508,0.975138567620888,0.444654583232477,0.347752888686955,0
0.0219443081878126,0.148603891720995,0.136655570240691,0.906464073807001,0.494218663079664,0.263155861059204,0.60002173949033,0.280160589143634,0.541818046011031,0.973682733019814,0
0.384497919119895,0.227676076814532,0.863937806570902,0.944948709802702,0.359621390234679,0.923411528114229,0.502416705014184,0.520514968317002,0.750629447866231,0.876430874457583,0
0.516325315926224,0.314937807619572,0.853720521787181,0.117524028522894,0.152933435281739,0.506736207054928,0.451889781979844,0.33378273062408,0.339380599791184,0.725234624464065,0
0.271224315278232,0.604541694978252,0.449397698976099,0.825622569071129,0.177832442801446,0.62596449139528,0.875723642064258,0.557122954865918,0.61178160412237,0.935969526413828,0
0.312713999301195,0.238603312987834,0.77766616246663,0.00816706521436572,0.887843565782532,0.857118888525292,0.386719689005986,0.766149607254192,0.517636558739468,0.0989177587907761,0
0.401644884143025,0.66561698098667,0.933953473344445,0.617097270675004,0.363573069451377,0.77553424378857,0.0113656970206648,0.516090919263661,0.192489783046767,0.586115838261321,0
0.392796295695007,0.336432359181345,0.0401824174914509,0.00280368095263839,0.268320038216189,0.231740638846532,0.233140152180567,0.711127058370039,0.326392348390073,0.771553355036303,0
0.888095923699439,0.995872118975967,0.478463210863993,0.438287199474871,0.769379076780751,0.524537898367271,0.497955542989075,0.609692534664646,0.560043237870559,0.12643741001375,0
0.877684407867491,0.267852009739727,0.0851189943496138,0.264084916561842,0.876943186158314,0.799788573989645,0.504955671261996,0.618551537860185,0.184142654761672,0.84067498287186,0
0.352012848015875,0.05223453277722,0.592543508857489,0.568023264640942,0.842772638890892,0.351852748310193,0.83720217179507,0.291482851840556,0.0504062096588314,0.622487567598,0
0.969789984868839,0.620270475745201,0.616350100608543,0.0663390150293708,0.00606296467594802,0.918352321721613,0.0112925514113158,0.60321288742125,0.247095183003694,0.320808682357892,0
0.12091775261797,0.301440632669255,0.838268380844966,0.991660797968507,0.221480117645115,0.183921410702169,0.32508486090228,0.767047739820555,0.787795080337673,0.551462556933984,0
0.751542183333076,0.438060964389704,0.596999641042203,0.303533948725089,0.246664598118514,0.0672039289493114,0.515933230984956,0.587255365913734,0.3487677751109,0.33566787512973,0
0.445570657961071,0.261981910094619,0.767460546921939,0.76862615859136,0.220167568651959,0.0141392825171351,0.166621830547228,0.755493719130754,0.669082473730668,0.324654964264482,0
0.337345560779795,0.245165960863233,0.329936177702621,0.819204107159749,0.26442940835841,0.20868910709396,0.402514768298715,0.315846848767251,0.244792346842587,0.1907089704182,0
0.76354813342914,0.632380148163065,0.849041140871122,0.364230798557401,0.0765476259402931,0.515165711985901,0.736082678195089,0.502535763429478,0.534423064440489,0.454385300632566,0
0.97533521335572,0.432587469462305,0.00510242581367493,0.966084094485268,0.720759840682149,0.325783456210047,0.789629011414945,0.0668439290020615,0.0355348279699683,0.92781355092302,0
0.342586509883404,0.256249683210626,0.153679468901828,0.214734107255936,0.0538491872139275,0.995262899668887,0.55064230109565,0.754751183558255,0.312561954138801,0.553204485215247,0
0.582277667010203,0.194993281038478,0.0868858348112553,0.77610738039948,0.463267685845494,0.0528879822231829,0.995513441972435,0.615681401686743,0.460566585883498,0.322549499105662,0
0.355846434913203,0.0401842461241409,0.424554324243218,0.902851579478011,0.189435324864462,0.883124010637403,0.818506866460666,0.0533177133183926,0.514866614714265,0.851522367447615,0
0.355473094154149,0.457909749587998,0.417045771144331,0.129641163162887,0.201942506479099,0.320654721930623,0.483570772688836,0.636264484608546,0.0696188751608133,0.78488645516336,0
0.435360139468685,0.58398615126498,0.308340401155874,0.939541841158643,0.37035338464193,0.0542932888492942,0.295574264600873,0.111757442355156,0.611373833846301,0.183839121600613,0
0.254428215092048,0.679789471905679,0.603456002427265,0.0373429015744478,0.0184737555682659,0.898230826482177,0.132628815248609,0.887305157491937,0.490122098242864,0.545131821418181,0
0.725028990302235,0.644442589022219,0.256958341691643,0.882752565899864,0.382067748811096,0.823713450226933,0.534998193848878,0.302914732368663,0.171972767682746,0.013872713316232,0
0.403163075410761,0.836748923862074,0.633657856611535,0.388884598854929,0.551098046824336,0.24489761586301,0.834399238461629,0.877684001112357,0.215298760449514,0.512281321221963,0
0.242078504990786,0.330830536782742,0.54517781548202,0.318105345824733,0.357229875400662,0.169027133379132,0.284722501877695,0.227727238787338,0.180049590067938,0.0676618760917336,0
0.315381072694436,0.126575266476721,0.628708808450028,0.28853286895901,0.0678997472859919,0.405499237589538,0.726540230680257,0.355262018274516,0.0388641147874296,0.35315950261429,0
