"1","2","3","4","5","6","7","8","9","10","class"
0.441564621170983,0.797449233941734,0.236866147257388,0.236333933193237,0.757534404750913,0.681868368759751,0.187117336783558,0.630857434123755,0.533151309937239,0.157643890706822,0
0.736279186144564,0.259993850452267,0.761653073132038,0.929058302659541,0.42997671267949,0.736427255673334,0.215350819285959,0.655533835059032,0.111383274430409,0.357701911590993,0
0.635921323206276,0.289732563542202,0.825159607222304,0.586039524292573,0.294110564049333,0.990133512299508,0.142039688304067,0.390867887996137,0.410657566040754,0.0829928813036531,0
0.704791445052251,0.742780966917053,0.871415515895933,0.660243594320491,0.76081709144637,0.89366801828146,0.497492978814989,0.924356391187757,0.385571940336376,0.228425892535597,0
0.302653880324215,0.541372822597623,0.0990605095867068,0.196364987641573,0.798568461788818,0.667333575664088,0.724413528107107,0.774710012366995,0.625536645995453,0.655714078806341,0
0.272861261619255,0.180395452072844,0.908129706513137,0.596383455675095,0.627686695894226,0.840387479867786,0.566420501330867,0.468429157976061,0.544340731576085,0.746665142010897,0
0.959800188429654,0.735742376884446,0.976099230116233,0.127337374957278,0.338328548707068,0.0251882551237941,0.724308343837038,0.0666441593784839,0.899624692741781,0.00624682591296732,0
0.661759247072041,0.428488979814574,0.955937762511894,0.165166701655835,0.223149800905958,0.449964861618355,0.940086950547993,0.797153769759461,0.695165792712942,0.758285777643323,0
0.688446347834542,0.522044653072953,0.280416096094996,0.794091449351981,0.290644135791808,0.468011918943375,0.156856619752944,0.57425879384391,0.0833108348306268,0.0864821542054415,0
0.0329452189616859,0.0208018450066447,0.533120110630989,0.0548795778304338,0.424611885333434,0.803276074584574,0.759773995960131,0.0731943878345191,0.585488139418885,0.356333217816427,0
0.564337276155129,0.964382111793384,0.658082133391872,0.628554625669494,0.387981643667445,0.862953562987968,0.527661822969094,0.436720629688352,0.130796169629321,0.584767973050475,0
0.178004184923042,0.208075394787639,0.0462097367271781,0.106376582290977,0.302539431257173,0.252458466449752,0.214860800420865,0.148942979983985,0.505099136382341,0.565753859234974,0
0.277598023181781,0.546215997310355,0.554464651970193,0.117062544682994,0.089965513907373,0.32949057337828,0.707871512277052,0.312514730263501,0.779697663383558,0.752369596622884,0
0.431704129092395,0.24911664519459,0.925646154675633,0.176583119900897,0.0531205548904836,0.639624717179686,0.529817068716511,0.2353917255532,0.425773431314155,0.0736686328891665,0
0.463927576085553,0.469551075715572,0.0396244374569505,0.906854748725891,0.558605675119907,0.450594082241878,0.799289769260213,0.650573862716556,0.337359413504601,0.430306280963123,0
0.646229872712865,0.859337081899866,0.976749667432159,0.0858766047749668,0.476243678014725,0.527841604780406,0.756594039965421,0.211322541814297,0.758132462622598,0.157074133865535,0
0.157473418861628,0.36186830769293,0.928753496613353,0.984864423051476,0.659635435091332,0.450486332410946,0.168179538100958,0.936036700615659,0.856726426165551,0.763197151012719,0
0.17771806824021,0.0714988787658513,0.584337579784915,0.453538342146203,0.982514526927844,0.941245313500986,0.519632755080238,0.087430746294558,0.452905922895297,0.606535489670932,0
0.451382187893614,0.256959853693843,0.495915581239387,0.0641154055483639,0.018518743570894,0.590852886904031,0.473246240289882,0.636297756340355,0.417722959071398,0.243626691168174,0
0.678018877216894,0.920424069293216,0.56395935639739,0.176432776963338,0.800966339418665,0.358570710755885,0.759599767858163,0.781425659079105,0.968816436594352,0.364557340973988,0
0.285809027818963,0.225999611761421,0.121813718229532,0.910774745512754,0.419424094958231,0.841233789687976,0.262371418997645,0.949613784207031,0.899201546330005,0.489848141558468,0
0.594893574016169,0.309947565197945,0.269993153167889,0.481060460908338,0.367972075939178,0.848146048840135,0.38864261819981,0.868986268527806,0.362898995168507,0.881234145024791,0
0.957640619482845,0.469455920858309,0.199831649661064,0.933866034727544,0.118057107320055,0.403268331894651,0.883821959840134,0.559185386402532,0.616925777867436,0.356178124202415,0
0.658203246537596,0.560126108350232,0.200896225869656,0.749531149398535,0.61750744166784,0.615475081140175,0.401296147378162,0.114850777201355,0.281715540448204,0.709541384363547,0
0.46850882540457,0.915282582398504,0.2876490005292,0.442542313365266,0.120119686005637,0.191768501885235,0.20984912943095,0.296410526381806,0.792253455845639,0.267341184662655,0
0.80586071475409,0.267810029210523,0.297263695392758,0.772211574716493,0.253851710585877,0.223455119878054,0.0521050451789051,0.805870671989396,0.18343641073443,0.700516041368246,1
0.986771317527816,0.984672695253789,0.469258522382006,0.891763651510701,0.755177936283872,0.878695632563904,0.139135186327621,0.124128072755411,0.952858086209744,0.794611339224502,0
0.605993163794279,0.176817526334058,0.758430608548224,0.863593021640554,0.710323891602457,0.730042681330815,0.478031274164096,0.584901139838621,0.670242492575198,0.571286375634372,0
0.726906043477356,0.851469200337306,0.847776966867968,0.66406353469938,0.715458623832092,0.160743313608691,0.735546875046566,0.455701756291091,0.919674348784611,0.670591640751809,0
0.673347047530115,0.551132652908564,0.409755112370476,0.390410160413012,0.242521271109581,0.545335959643126,0.847254864405841,0.556124651804566,0.0197717035189271,0.231747632380575,0
0.827890589134768,0.473968610633165,0.0428588623180985,0.776509900810197,0.773740818025544,0.130607281811535,0.00635240878909826,0.766339881112799,0.79949417989701,0.430450362851843,0
0.811159739503637,0.45156701747328,0.873768872115761,0.86773366201669,0.846263082930818,0.049046692205593,0.382854683324695,0.415729810949415,0.654822663171217,0.774421703536063,0
0.115706605836749,0.141338988672942,0.101694200886413,0.144792187260464,0.915707247331738,0.776297976728529,0.450253392569721,0.557156820083037,0.886158912209794,0.435573941795155,0
0.688076626742259,0.860057054786012,0.60801136540249,0.373052858747542,0.961362114408985,0.724990316899493,0.689407600555569,0.617969299666584,0.364650392672047,0.808933196822181,0
0.954987078206614,0.512857883702964,0.675346226897091,0.880786968627945,0.192571735708043,0.0973111216444522,0.941230973927304,0.883070740150288,0.626820390345529,0.714402497047558,0
0.776028794934973,0.744293013121933,0.142493295716122,0.508825561031699,0.591241365997121,0.149887633742765,0.326652036514133,0.218846538336948,0.594931965693831,0.199263270711526,0
0.121960251359269,0.59355266019702,0.412590109277517,0.356794276740402,0.149781445739791,0.806543593294919,0.440091344062239,0.872777346987277,0.454411933897063,0.580165029037744,0
0.1350094799418,0.133213835535571,0.846401371993124,0.507139551453292,0.204409186495468,0.973623336525634,0.618339272914454,0.857139006489888,0.888786691939458,0.873263973277062,0
0.991206785896793,0.956171823432669,0.839569088770077,0.843359942082316,0.620311117265373,0.705270469654351,0.673565500183031,0.810694719431922,0.512363133952022,0.135350507218391,0
0.040327639086172,0.0117887072265148,0.401983167976141,0.0978169015143067,0.236175209283829,0.00338059710338712,0.802260535536334,0.311897278064862,0.335320513462648,0.193197985878214,0
0.663138569332659,0.819371199002489,0.931593598332256,0.469253988005221,0.808046173071489,0.454176800325513,0.991241287440062,0.522557402960956,0.839857965009287,0.289038529619575,0
0.421446438645944,0.313682256266475,0.904801780823618,0.00762456352822483,0.268957558320835,0.0977382089477032,0.683552029775456,0.261684607714415,0.631253189407289,0.894545760005713,0
0.773787603247911,0.785281417891383,0.297075223643333,0.108998474199325,0.839977486990392,0.680896066129208,0.586237038252875,0.443362369900569,0.584553090622649,0.0151530890725553,0
0.382679554633796,0.313157125376165,0.654706692555919,0.351153597701341,0.295432551531121,0.857630355283618,0.17189325299114,0.446825526189059,0.924286619527265,0.685980092501268,0
0.346797350561246,0.430417999858037,0.440813591703773,0.454904311802238,0.0118771819397807,0.227432019775733,0.863640733063221,0.0625369853805751,0.322717761620879,0.436084603425115,0
0.579079731600359,0.563210864085704,0.714491652324796,0.957503754179925,0.401189823867753,0.385846247430891,0.272880875971168,0.721560621168464,0.192163846222684,0.346285185776651,0
0.269657233031467,0.267512843944132,0.725848267320544,0.527380981948227,0.964489669306204,0.632280628196895,0.613117126747966,0.130703302100301,0.946758419275284,0.229036714183167,0
0.267216091044247,0.602166822878644,0.143328995443881,0.345739235403016,0.0579606322571635,0.821913679363206,0.417783740675077,0.184150816174224,0.382215898251161,0.242923846468329,0
0.0352295523043722,0.310907283099368,0.200057241832837,0.402531328843907,0.229790731100366,0.543896918417886,0.937336545670405,0.303612316027284,0.636297703487799,0.492661147145554,0
0.719406781069003,0.877989455639757,0.875047882087529,0.211854295805097,0.495306942146271,0.624460267368704,0.915164842270315,0.718313403660432,0.898654013872147,0.0628587622195482,0
0.839569074800238,0.518865081481636,0.223086218116805,0.206024091457948,0.391664626542479,0.491233191685751,0.984849460422993,0.738663732307032,0.657658000709489,0.695037906058133,0
0.836120421070699,0.504381414414663,0.816804359667003,0.275944909313694,0.308142389170825,0.989789955317974,0.509976270375773,0.0771963915321976,0.931100861169398,0.907585545210168,0
0.368083932437003,0.32904983102344,0.445093860151246,0.84125905809924,0.0705977051984519,0.285676849540323,0.0353427897207439,0.410963098984212,0.209518376970664,0.566489721182734,0
0.0829043039120734,0.204913379158825,0.650652824202552,0.132310634013265,0.379225868964568,0.534142878605053,0.638064238475636,0.107093059690669,0.062826017383486,0.440343989990652,0
0.0858276893850416,0.379314912017435,0.0506237801164389,0.278822537511587,0.332699212944135,0.446029252372682,0.565250654239208,0.878473730059341,0.145893423585221,0.629496482200921,0
0.840025732106064,0.666925984536298,0.181961790192872,0.670034490758553,0.0210434915497899,0.139731083298102,0.55331851169467,0.090714642778039,0.6138088949956,0.554499646648765,0
0.131192927481607,0.35983622726053,0.712043669773266,0.682162358658388,0.598814508877695,0.683857191121206,0.516064455034211,0.400329585187137,0.282559133367613,0.834141285391524,0
0.264723280211911,0.353958015330136,0.0756377270445228,0.816949670901522,0.629467723192647,0.00518080173060298,0.424908225424588,0.835208871634677,0.741801920812577,0.733131170738488,0
0.851042192894965,0.685451925965026,0.373892903095111,0.178619663231075,0.0996684210840613,0.348565657390282,0.605112828547135,0.918521442916244,0.683780442224815,0.153883692575619,0
0.637392476201057,0.375455277273431,0.312866273103282,0.470895603764802,0.665786641417071,0.506369373528287,0.0640783794224262,0.722008820157498,0.689981246134266,0.0756796894129366,0
0.527204761747271,0.715880752541125,0.298742646118626,0.376175898360088,0.967430810676888,0.335121962241828,0.514634251361713,0.371844502165914,0.386629484361038,0.908375016413629,0
0.58976363344118,0.980947854463011,0.496044522617012,0.261028911685571,0.297308505047113,0.99648681585677,0.073394201695919,0.388294478878379,0.859755881130695,0.124616008251905,0
0.2703353854049,0.499314785480127,0.122511404566467,0.659903522115201,0.540334881283343,0.0739754207897931,0.59167918516323,0.588116817642003,0.36448752717115,0.86747537762858,0
0.860766353823524,0.659298965442274,0.0356320305727422,0.305158531758934,0.492414538515732,0.530042524449527,0.0467615195084363,0.921556118410081,0.271520274225622,0.200959431938827,0
0.134965912070684,0.210020121502504,0.805515044601634,0.899010849185288,0.275107792578638,0.11732830433175,0.24151352699846,0.459552365355194,0.356157119618729,0.835072221467271,0
0.398523754207417,0.852165655698627,0.610312657197937,0.319378315703943,0.909871056908742,0.511816625483334,0.727911106077954,0.950898059410974,0.170342833735049,0.0937828633468598,0
0.53058497630991,0.309959113365039,0.199564175214618,0.396353778196499,0.109378896420822,0.439098917879164,0.0594090912491083,0.270668271463364,0.332261724164709,0.00434720842167735,0
0.455359485182166,0.565013178460486,0.93926308862865,0.459777488140389,0.473094348795712,0.950700549641624,0.892192623112351,0.304063956951723,0.631227203411981,0.936976419063285,0
0.323701047993451,0.635360241011158,0.106773764127865,0.605839006369933,0.542340638814494,0.00935480184853077,0.536267623770982,0.0221387501806021,0.121075295843184,0.605478494893759,0
0.537277523195371,0.532131998101249,0.117633432848379,0.546174134826288,0.354095654329285,0.586058541201055,0.557799961417913,0.782872699433938,0.467631979612634,0.502286149188876,0
0.261306776897982,0.347901935689151,0.0696868791710585,0.407135385787115,0.187470106408,0.127646697685122,0.594977547880262,0.803462882060558,0.913422442274168,0.555815582862124,0
0.815852657426149,0.588361031841487,0.633096456294879,0.564532867167145,0.558683775831014,0.207703569671139,0.965043832315132,0.0678039009217173,0.588099305285141,0.879431737586856,0
0.321283294819295,0.585492151556537,0.980958361644298,0.701107213506475,0.849950680043548,0.940812395187095,0.686337718274444,0.249751010676846,0.922311385860667,0.0664174950215966,0
0.219491500874609,0.325669448177051,0.910584728699178,0.869398457231,0.85545348143205,0.926101163262501,0.27078526862897,0.975428781006485,0.906169500667602,0.632931341184303,0
0.514519453747198,0.979500666726381,0.890959942014888,0.162610980914906,0.994722406147048,0.983214802341536,0.0715527329593897,0.0908712693490088,0.896280609536916,0.218521221773699,0
0.280278321122751,0.127439904026687,0.366666457382962,0.0570313730277121,0.593613895354792,0.822651509195566,0.943798852153122,0.279656276805326,0.356889009708539,0.140306254848838,0
0.367070899134688,0.507517051554844,0.453335796948522,0.886851914227009,0.0902384005021304,0.222194750094786,0.134076149901375,0.419298801803961,0.681503138504922,0.993933812249452,0
0.728310811100528,0.555777372559533,0.375290952855721,0.79902619170025,0.578895818209276,0.665609498973936,0.963282715762034,0.798726366367191,0.650224820245057,0.851347039919347,0
0.173482742160559,0.142536215251312,0.378325494471937,0.804432762786746,0.68019888154231,0.752711680252105,0.541484806220978,0.083200330613181,0.281163953477517,0.033468381036073,0
0.0249052739236504,0.334366221912205,0.0344005797524005,0.325842138379812,0.841635371325538,0.242922274628654,0.163817222230136,0.725708359619603,0.650241166818887,0.856233862927184,0
0.0303542960900813,0.298022517701611,0.768813175614923,0.105481039965525,0.284177930327132,0.582346012350172,0.00888450676575303,0.59285992779769,0.719340797979385,0.275288968579844,0
0.493925370696094,0.549246376713738,0.10892025870271,0.879014122998342,0.0645415266044438,0.0737081731203943,0.753152494784445,0.457509087631479,0.403607114218175,0.39193283370696,0
0.664247121394798,0.612426657095179,0.360416083363816,0.0230744401924312,0.750862726243213,0.278080094372854,0.355545409023762,0.956803777487949,0.322987177176401,0.130948082078248,0
0.41498789685443,0.740306971044652,0.728941586567089,0.779296414460987,0.568445294629782,0.549206619849429,0.609928130405024,0.204234579345211,0.72067531151697,0.152609894517809,0
0.414673606908508,0.0451347825814039,0.358664538012818,0.955211026826873,0.873900237027556,0.564503486733884,0.128688464174047,0.820896510966122,0.810871046734974,0.183090971549973,0
0.899308902444318,0.513163363793865,0.344442245084792,0.77320345886983,0.205213621957228,0.732394596096128,0.943976288661361,0.60571012692526,0.938748512417078,0.191735358210281,0
0.628669513156638,0.943380157928914,0.261438713641837,0.674368598964065,0.054153353208676,0.960204521892592,0.787449536146596,0.0354687590152025,0.679558165604249,0.620010933140293,0
0.360663573257625,0.879697274416685,0.699438152601942,0.790761184878647,0.508879541652277,0.913621762301773,0.0506376037374139,0.193616779986769,0.937172885518521,0.938574940897524,1
0.485830755904317,0.436338526196778,0.245416373712942,0.580591663252562,0.137137126177549,0.00221770280040801,0.100659633986652,0.141824010759592,0.987512317951769,0.280578329926357,0
0.320256847163476,0.040590579245612,0.391213282709941,0.52091483422555,0.437067023478448,0.35293179564178,0.323339315131307,0.803996918490157,0.975146859418601,0.952970287762582,0
0.669967528432608,0.97109590168111,0.733634828357026,0.641556137008592,0.0847216944675893,0.325745073379949,0.341524161398411,0.930124598089606,0.071914847008884,0.793908522929996,0
0.605158258462325,0.842415468767285,0.145840493729338,0.784426800673828,0.117282973369583,0.351041632005945,0.935772768454626,0.724471325287595,0.106313994852826,0.069067788310349,0
0.369220037944615,0.163538355147466,0.00136180641129613,0.718904936453328,0.406012038234621,0.563877820502967,0.58938860706985,0.529540262417868,0.123875559074804,0.700869222870097,0
0.34206491545774,0.690401164116338,0.0851075190585107,0.10722993966192,0.0596823915839195,0.352891366928816,0.958141820505261,0.7134008994326,0.356973790330812,0.787449064431712,0
0.581212611403316,0.403500844025984,0.436285926960409,0.410697306506336,0.780732100596651,0.151974393986166,0.930141925113276,0.270286427345127,0.0995810797903687,0.392427612096071,0
0.883771270047873,0.525709205307066,0.0358282253146172,0.816742424620315,0.819757401011884,0.0273498431779444,0.951602671761066,0.137523510027677,0.216949700377882,0.466017323778942,0
0.3311469489526,0.298223440926149,0.259486264549196,0.338902005692944,0.838257160736248,0.87397271906957,0.203388098394498,0.951055732090026,0.229096599156037,0.400693303905427,0
0.585752072204277,0.635594781350903,0.0560071775689721,0.174481861991808,0.0106676616705954,0.0266799116507173,0.906110270880163,0.0631082786712795,0.84917501732707,0.59307466330938,0
0.662270968547463,0.748012823381275,0.684002491878346,0.906022025505081,0.701925063272938,0.669374968856573,0.279317643027753,0.49414928490296,0.567200377816334,0.796124462038279,0
0.788150111573841,0.873035151223745,0.97353964834474,0.593051458243281,0.51923878188245,0.788637310499325,0.598202570341527,0.613277567783371,0.63169445306994,0.197420531418175,0
