"1","2","3","4","5","6","7","8","9","10","class"
0.451059204293415,0.124642858048901,0.309754979331046,0.027271869359538,0.289899050025269,0.144971407717094,0.465349700069055,0.389776697847992,0.546068201540038,0.907187172910199,0
0.207075621322542,0.435685372465663,0.455870197387412,0.683431322220713,0.192953263875097,0.692051584366709,0.252376844640821,0.15779714169912,0.0350495064631104,0.747270348016173,0
0.239960830658674,0.622913532890379,0.0159924912732095,0.761589390458539,0.467623855220154,0.427570753498003,0.633338174317032,0.200653564883396,0.546947475057095,0.534505530260503,0
0.401429800572246,0.734457729757018,0.701279973145574,0.223860274534672,0.625519999535754,0.307302774861455,0.177293662680313,0.756396756740287,0.226203412516043,0.239546593977138,0
0.868845564313233,0.624635202344507,0.986928790807724,0.7703809638042,0.0350546017289162,0.0202521269675344,0.0621014651842415,0.239306370494887,0.929185262415558,0.13594647613354,0
0.45157049340196,0.281142328167334,0.761712536914274,0.814407234080136,0.992623968981206,0.766734074335545,0.58272835216485,0.20725070592016,0.89296182920225,0.651469207601622,0
0.120753365558758,0.234912397484109,0.0337368217296898,0.685140324989334,0.796033351682127,0.882669993909076,0.0474595427513123,0.886433586711064,0.892821304034442,0.473734198138118,0
0.578512573149055,0.837532024132088,0.335932549089193,0.879564720671624,0.324689539382234,0.892948961583897,0.265516713960096,0.503251793328673,0.903129210229963,0.925455823075026,0
0.899189105681144,0.676407710287906,0.00580148864537477,0.996680963318795,0.114994462113827,0.247962315101177,0.954468872398138,0.218469412298873,0.156285648001358,0.964830125216395,0
0.206456251804624,0.365159995777532,0.36282269237563,0.3182767261751,0.395147437229753,0.110987939173356,0.0981799575965852,0.162257966119796,0.130824443651363,0.241936043836176,0
0.225097701651976,0.545353616354987,0.959254154935479,0.966406067134812,0.0945475148037076,0.250140947755426,0.307188694598153,0.662197672063485,0.13337405398488,0.373533858684823,0
0.0141661332454532,0.467235094634816,0.161378428339958,0.269712428795174,0.36006302270107,0.156601276015863,0.983139019692317,0.872143525397405,0.646314916899428,0.561060396488756,0
0.821199759142473,0.941471581114456,0.684964430751279,0.444776534335688,0.777409431291744,0.957677754107863,0.415118156699464,0.0950127094984055,0.825436439597979,0.137106804642826,0
0.125343381672911,0.0856663292769343,0.581238594371825,0.563234926201403,0.340643668081611,0.364079907303676,0.16067660972476,0.67654238268733,0.391006205696613,0.66254906123504,0
0.548090271418914,0.371503002010286,0.63781028217636,0.359588694060221,0.455344804562628,0.569086950039491,0.34694076818414,0.925288547063246,0.303056705743074,0.894006420858204,0
0.706753346370533,0.796746884938329,0.634099015034735,0.207081229658797,0.702582711586729,0.586420982843265,0.765641337959096,0.793582257814705,0.758122877217829,0.419402308063582,0
0.821898944443092,0.587810344994068,0.518785765161738,0.320638432633132,0.130773630458862,0.767276554601267,0.810194516554475,0.728732208022848,0.504619811428711,0.751111367018893,0
0.555226249387488,0.190397293539718,0.567598730092868,0.467872614040971,0.446330124745145,0.142988410778344,0.85013690800406,0.536842646542937,0.0237564016133547,0.74742299458012,0
0.377016976475716,0.0527015239931643,0.182015905389562,0.087398307165131,0.990413711406291,0.680928132496774,0.0773505633696914,0.610651505645365,0.198981617577374,0.125764177646488,0
0.667134715477005,0.804650770034641,0.397658369038254,0.757542270468548,0.0400861534290016,0.245007079094648,0.812202856875956,0.841180134797469,0.510053311474621,0.340641901828349,0
0.651366417994723,0.988421961897984,0.36305477656424,0.274618773721159,0.489002599846572,0.450794727774337,0.0517000108957291,0.0373654123395681,0.879405028186738,0.879080935614184,0
0.376660186098889,0.266707981005311,0.814751627622172,0.0651675935368985,0.689268005779013,0.846378595335409,0.55651513277553,0.257528386078775,0.072443048004061,0.382916971808299,0
0.272995968582109,0.464150716084987,0.403701840434223,0.102207532385364,0.988547237357125,0.0439450228586793,0.657420143252239,0.546244214521721,0.832421034574509,0.127805599709973,0
0.654628465996496,0.66002858200362,0.900566285010427,0.725966012338176,0.169714821968228,0.512634539278224,0.518253352027386,0.792240190319717,0.354530821554363,0.0908261814620346,0
0.342967536998913,0.585066156694666,0.570516389096156,0.303667275467888,0.680685811210424,0.0179888957645744,0.67584167025052,0.800910737831146,0.963486493099481,0.0712175916414708,0
0.394764321791008,0.397074338861275,0.133433251176029,0.807615701342002,0.285218162462115,0.746746476739645,0.636964532546699,0.817562480457127,0.00103982887230814,0.0362561191432178,0
0.460454239409789,0.355800395325199,0.280136835062876,0.913414941867813,0.734124343842268,0.0967245516367257,0.0289297054987401,0.449116865638644,0.180539272492751,0.292389213573188,0
0.473494739504531,0.841470116050914,0.265716813737527,0.693193485261872,0.817376977065578,0.820051132701337,0.760575217893347,0.984015860594809,0.307845891686156,0.150221125688404,0
0.430980520322919,0.421870167599991,0.810128601267934,0.411859131650999,0.423378267558292,0.662495031254366,0.526353261200711,0.749606978381053,0.205166298896074,0.632152976002544,0
0.574910399969667,0.644676204305142,0.955017530824989,0.670372045133263,0.419947472168133,0.776476974599063,0.213555506197736,0.894371680216864,0.79494923283346,0.566874011885375,0
0.522599478485063,0.435493679717183,0.842130752513185,0.338650811463594,0.724372836062685,0.458462013863027,0.177331336308271,0.805907008005306,0.976269071688876,0.429450059775263,0
0.378897541901097,0.647665813798085,0.935208103386685,0.206475742626935,0.937608599197119,0.261893175309524,0.816432472318411,0.397387802833691,0.460798524552956,0.312312260037288,0
0.46445321268402,0.655121030285954,0.995398336090147,0.411903667962179,0.266951561206952,0.044477878138423,0.471937713213265,0.550611048936844,0.529838990187272,0.433780153049156,0
0.712848076596856,0.750987761421129,0.738183232257143,0.915891319746152,0.118994170567021,0.0123214398045093,0.992764805676416,0.383395635290071,0.133023048751056,0.989298964850605,0
0.17166783194989,0.507595386588946,0.976313975406811,0.338466876419261,0.506413174094632,0.989805078599602,0.928103195736185,0.389407340670004,0.929799748817459,0.261217076331377,0
0.56922920484608,0.704129950613715,0.721827328437939,0.572039307327941,0.35971468151547,0.0827099839225411,0.818390202475712,0.885468597523868,0.234689206583425,0.413700424600393,0
0.603744568070397,0.222556505119428,0.534036131575704,0.188306355383247,0.161444974830374,0.842935644323006,0.735861831344664,0.29021142073907,0.694875641958788,0.38274653069675,0
0.388545122463256,0.411848635878414,0.481253715232015,0.515402534976602,0.275386633118615,0.780499178217724,0.810155835701153,0.961932469857857,0.26454082573764,0.441448223544285,0
0.567772883368284,0.587864468655735,0.362166640115902,0.58426415361464,0.165000804932788,0.493814911693335,0.674419785616919,0.990068821236491,0.78119316091761,0.406963628716767,0
0.90504816849716,0.453194968402386,0.0411364920437336,0.339045219589025,0.577744393609464,0.384613014524803,0.976711967028677,0.658723676111549,0.695099049480632,0.386647673789412,0
0.955313415754586,0.455709687544964,0.0467924566473812,0.927922563161701,0.133970333496109,0.567977579543367,0.0922175291925669,0.177099066087976,0.384659709874541,0.0962830272037536,0
0.539694448700175,0.527596684871241,0.705421720864251,0.841993073467165,0.448791927425191,0.229071077192202,0.753641635645181,0.820478943642229,0.743219788419083,0.346725510666147,0
0.257562244463339,0.504812523022294,0.13919479562901,0.917696733493358,0.493296391796321,0.189032705500722,0.292941160267219,0.392090656328946,0.296119538834319,0.769339695805684,0
0.22164232051,0.11981197190471,0.633741837460548,0.0173259514849633,0.217245838604867,0.570773581042886,0.554078553104773,0.962111866800115,0.271875489037484,0.702875076793134,0
0.424305696506053,0.304516366450116,0.915357630467042,0.186974762706086,0.56553274160251,0.998104381607845,0.459623966831714,0.955854554660618,0.224391097668558,0.0648310682736337,0
0.0850647259503603,0.19946247828193,0.631320575485006,0.608400973025709,0.832232603570446,0.879442685982212,0.00985340611077845,0.990776624064893,0.785145392641425,0.911485428223386,0
0.762120005670935,0.868657951904088,0.0700364126823843,0.932594206882641,0.658097802661359,0.347103177104145,0.300437786150724,0.886850944720209,0.225435953354463,0.0200089768040925,0
0.517704664031044,0.621427584439516,0.599112887866795,0.893389440374449,0.798036449821666,0.749265513848513,0.975213442230597,0.470520597649738,0.175763113191351,0.404737196164206,0
0.735991925466806,0.612530992366374,0.925185839878395,0.799006301909685,0.51845456729643,0.32042572577484,0.478682379936799,0.571314715081826,0.546591852325946,0.634815682424232,0
0.730422335676849,0.969881022116169,0.158805205253884,0.519910612842068,0.202280264114961,0.460727100959048,0.675366993062198,0.328901416156441,0.268495380412787,0.858095749281347,0
0.827443590052426,0.513259676788002,0.436648891307414,0.628425719216466,0.377893357072026,0.557065986096859,0.202098723500967,0.511721485294402,0.745923740556464,0.652612179052085,0
0.89833034389345,0.66770667990176,0.0212727636098862,0.834199055330828,0.772337453905493,0.52305233082734,0.797238141996786,0.676728604827076,0.597016607876867,0.443337555741891,0
0.364224849035963,0.286811312194914,0.94769549742341,0.760894781444222,0.108266607159749,0.172603723825887,0.196456731762737,0.323677573353052,0.244847927708179,0.14229441084899,0
0.0839702349621803,0.530639187199995,0.775807341793552,0.235307520022616,0.388926468091086,0.951084131142125,0.965959303546697,0.192234552232549,0.678022290812805,0.217686175601557,0
0.389507732700929,0.375810720090196,0.0345013164915144,0.337152577470988,0.610433475114405,0.135427735280246,0.146004679379985,0.133214640198275,0.892805608920753,0.639454366173595,0
0.733208789955825,0.587093312758952,0.359499194426462,0.705558084882796,0.0101850316859782,0.268801452592015,0.154463712591678,0.356444869656116,0.450108591467142,0.134297521552071,0
0.764567848520912,0.704399806300551,0.420939985429868,0.623200946720317,0.81952288467437,0.704515065765008,0.723374843830243,0.930220363894477,0.0772169148549438,0.432465830119327,0
0.768857206916437,0.736127616139129,0.267705239355564,0.100765767740086,0.318945131031796,0.790487351827323,0.997365545481443,0.660891332896426,0.940765586681664,0.911563470261171,0
0.504403037019074,0.829368665581569,0.661789420293644,0.398970421170816,0.216772996820509,0.765028040623292,0.911835805280134,0.413196713430807,0.267391539877281,0.496874685166404,0
0.137432497460395,0.155854876386002,0.772266665939242,0.746664401143789,0.971102982293814,0.798350492259488,0.751225207699463,0.772811063332483,0.546906893141568,0.940564453601837,0
0.628597236704081,0.746475401101634,0.603662716923282,0.192785870749503,0.507415138650686,0.562522019026801,0.408391314325854,0.864101338898763,0.512454204726964,0.134093305328861,0
0.633753984933719,0.381332992110401,0.618594183819368,0.381908161565661,0.941708331229165,0.768379317130893,0.97807634412311,0.808449920732528,0.757595508126542,0.394636631943285,0
0.356052643619478,0.370431401999667,0.618434018688276,0.467086407821625,0.0925079481676221,0.453908355673775,0.00517492205835879,0.752356861717999,0.755082835908979,0.551409056643024,0
0.523904466070235,0.723805061075836,0.0774040145333856,0.623148895800114,0.822874903213233,0.520595307461917,0.0605470053851604,0.954439029563218,0.132244562497362,0.766633866820484,0
0.649347131741606,0.642528128876537,0.915496256900951,0.986846730811521,0.237929412629455,0.218024406582117,0.15286906179972,0.321457847487181,0.439408225473017,0.879816787084565,0
0.0104260712396353,0.230358989676461,0.894601627485827,0.622877886286005,0.233451593667269,0.959529633866623,0.493282987736166,0.659961315104738,0.221745597664267,0.876085492083803,0
0.422138790526614,0.7135555199489,0.120118832681328,0.573029314866289,0.905016188044101,0.328524577897042,0.814810001524165,0.595044026849791,0.446145983180031,0.863292783033103,0
0.851818808820099,0.988014096161351,0.827954600797966,0.0395709732547402,0.923111361917108,0.0382460493128747,0.704896230949089,0.888161787996069,0.478788760723546,0.736399886198342,0
0.828230837592855,0.467056419700384,0.30296155042015,0.309440271230415,0.20728779444471,0.547581054503098,0.774012490641326,0.281046346062794,0.205778516363353,0.880853455048054,0
0.269253589212894,0.398911235388368,0.510574626037851,0.535809922032058,0.930453645065427,0.555857518687844,0.7172395165544,0.311387891881168,0.0243543602991849,0.453033094992861,0
0.541581019992009,0.266153207514435,0.218317914288491,0.53393768123351,0.586040330585092,0.610377728939056,0.996024809544906,0.797043305123225,0.696490075672045,0.00161300855688751,0
0.924975488102064,0.48687890986912,0.958335372852162,0.466692194109783,0.736413405276835,0.431366429431364,0.75972156599164,0.744264188222587,0.806339278584346,0.556369013851508,0
0.422425855493173,0.201827494460158,0.583850664785132,0.499340085079893,0.296495605958626,0.597236110363156,0.28536694473587,0.390143448952585,0.532871891977265,0.961544367019087,0
0.643335925269779,0.502932454383746,0.799821115098894,0.287417929153889,0.514654279220849,0.609858475858346,0.332067550625652,0.0252633807249367,0.746021443977952,0.971832930343226,0
0.513973753899336,0.545408243546262,0.627382253529504,0.750760678201914,0.953198500908911,0.399792409967631,0.185610830085352,0.160751791670918,0.172978938324377,0.0486815150361508,0
0.189320863457397,0.272781925043091,0.810964798321947,0.197284799534827,0.374575146939605,0.594232947565615,0.43314947350882,0.108690170338377,0.292415958363563,0.042266326257959,0
0.470634720288217,0.351144794141874,0.314663717523217,0.131137813907117,0.830302303889766,0.638348283711821,0.957941883709282,0.733461113180965,0.795444110408425,0.539526647422463,0
0.525642608758062,0.550345994764939,0.30120283504948,0.425765790045261,0.198411516379565,0.0257586704101413,0.879057293990627,0.0200490076094866,0.299241232685745,0.884259256767109,0
0.286540253320709,0.521301660686731,0.200141904409975,0.0799670659471303,0.76992125925608,0.146870941389352,0.104365442646667,0.502146252430975,0.670345755759627,0.511372685432434,0
0.0939127970486879,0.187413534149528,0.435348512837663,0.680465826764703,0.755297343479469,0.471540942089632,0.621994488406926,0.242303408216685,0.38491720193997,0.708186683710665,0
0.219731078715995,0.00695615215227008,0.858211182057858,0.47986656264402,0.562100445153192,0.591267250245437,0.148362474981695,0.0222673777025193,0.947667338186875,0.65929018589668,0
0.608481470961124,0.528566771419719,0.336219754535705,0.48966796323657,0.347996438154951,0.486121190246195,0.285222395323217,0.16295638307929,0.260886454023421,0.444096082355827,0
0.0283134224183857,0.0516409346561879,0.164217556128278,0.942826260812581,0.199446925893426,0.130285767139867,0.609827732201666,0.941258448874578,0.942180575337261,0.607866886537522,0
0.54665211495012,0.173752741888165,0.212059524841607,0.593586090952158,0.449663436273113,0.0498114149086177,0.756671648006886,0.605706916190684,0.0508285218384117,0.0951528281439096,0
0.784266595057212,0.621655330164917,0.700710469391197,0.847709258086979,0.50764757511206,0.651938068214804,0.625704216770828,0.681604761164635,0.028637834591791,0.729915900621563,0
0.152472140733153,0.445584734203294,0.684087869012728,0.741545950993896,0.242976582841948,0.681540959747508,0.563428033143282,0.059201484778896,0.527440344449133,0.0934917924460024,0
0.220370729686692,0.803550343494862,0.26429056073539,0.0116295367479324,0.483118175528944,0.809564531315118,0.0865917904302478,0.593598431209102,0.900854223174974,0.0374065325595438,1
0.837107434635982,0.716701399534941,0.527432203758508,0.809930751100183,0.489892509765923,0.0336089520715177,0.844356203451753,0.362705339211971,0.802199392346665,0.0206312476657331,0
0.173291114158928,0.194435433950275,0.270439389394596,0.487139280186966,0.0292639923281968,0.588869100203738,0.816307518398389,0.272975754691288,0.762056875508279,0.359882046468556,0
0.464342925697565,0.259054192574695,0.383469957625493,0.786002434790134,0.0912649380043149,0.413307074457407,0.914550093235448,0.40464510791935,0.600494459737092,0.922258550534025,0
0.462841702833772,0.939956200815737,0.00548995123244822,0.48107021022588,0.745356915518641,0.647566233063117,0.904559113318101,0.783588958904147,0.31099638948217,0.303318114951253,0
0.776595349656418,0.858857900602743,0.51867061550729,0.82772662001662,0.127234420273453,0.68088195216842,0.230590282939374,0.954084918135777,0.637959541520104,0.262403158470988,0
0.429884680584632,0.859440339487977,0.217749467352405,0.689632123801857,0.659595977980644,0.924561546184123,0.312485553789884,0.764236357761547,0.996955070411786,0.650011476129293,0
0.742458780994639,0.397157718194649,0.0854485530871898,0.883252920582891,0.0496550197713077,0.384227776667103,0.619868820765987,0.111335633089766,0.819364794529974,0.390264306915924,0
0.956711702048779,0.504138547927141,0.13594952528365,0.80060144723393,0.681208889232948,0.81182964053005,0.415843780618161,0.612634270219132,0.89246069220826,0.549439317081124,0
0.0226915739476681,0.369849491398782,0.523090699454769,0.7289347066544,0.667305330513045,0.562290695728734,0.9189126372803,0.999604376032948,0.133304751478136,0.0751947404351085,0
0.321064035175368,0.641178397228941,0.0587611179798841,0.69852747884579,0.012165378080681,0.958765744697303,0.930920727085322,0.384644874371588,0.685461004730314,0.707868202822283,0
0.802129710791633,0.411082315957174,0.235194594133645,0.504948232788593,0.025634135119617,0.00650839204899967,0.427599475951865,0.714754299959168,0.644641603110358,0.719490166753531,0
0.380629430458322,0.58183935373649,0.420934806345031,0.624061279930174,0.693858484737575,0.177592929452658,0.559181231306866,0.902802921831608,0.107172009069473,0.00561693892814219,0
0.792036128696054,0.838317620102316,0.55400283751078,0.588745048735291,0.613158397842199,0.120840902207419,0.536288460949436,0.150735143804923,0.206694356165826,0.164051618659869,0
