"1","2","3","4","5","6","7","8","9","10","class"
0.876988092199899,0.921164028085768,0.0531374134588987,0.378836267627776,0.568578284000978,0.897802532184869,0.924834353616461,0.65460193133913,0.605090882861987,0.151713088154793,0
0.734460291452706,0.762928306125104,0.0477918342221528,0.654369204537943,0.323603749508038,0.0508767731953412,0.662060564849526,0.402522048912942,0.036326065659523,0.306181768421084,0
0.900398135495931,0.910297016955167,0.270676071522757,0.411752991378307,0.560233496595174,0.0637336003128439,0.15095331822522,0.418170576682314,0.644632481271401,0.165292010409757,0
0.957979612785671,0.923660944675002,0.888627432985231,0.352414101362228,0.246210577664897,0.496148881036788,0.737352828262374,0.677448314381763,0.902136931661516,0.0225823966320604,0
0.652993052471802,0.75070259666536,0.192072694655508,0.737792399246246,0.330664596753195,0.079820861807093,0.926223078509793,0.202852899674326,0.138856487348676,0.786985193379223,0
0.0957100432384759,0.0712906533940695,0.252419285941869,0.300571484491229,0.261337700532749,0.969360422808677,0.111886574653909,0.235763174714521,0.468675959389657,0.847772850422189,0
0.77729696931839,0.787601353379711,0.431294180685654,0.330103816930205,0.876227738335729,0.120281381299719,0.475681420881301,0.171171888476238,0.525266287615523,0.734871556749567,0
0.971725346200541,0.889507749394793,0.168057853356004,0.885237279580906,0.330312269506976,0.579797088401392,0.0835374749731272,0.0699235468637198,0.196680656867102,0.141874676803127,0
0.393954771946184,0.460738805448823,0.668836353579536,0.238666748162359,0.205063789850101,0.933696800144389,0.4898197716102,0.670723623596132,0.568213658640161,0.55083968420513,0
0.781101979718264,0.744201330922451,0.653199630789459,0.530366056133062,0.949171623680741,0.614846484037116,0.686649741837755,0.765548520488665,0.766713037388399,0.594896442722529,0
0.242303272463381,0.287134339630604,0.516459185164422,0.422526543959975,0.715069770580158,0.635469804517925,0.512144916690886,0.345653624506667,0.588403398403898,0.458227566443384,0
0.917445315479767,0.953020288312063,0.44398125493899,0.6469415796455,0.866248517064378,0.546223094919696,0.532644602237269,0.306118980050087,0.55900301435031,0.691124767297879,0
0.42061561898645,0.398855466682464,0.0925214015878737,0.0045548293273896,0.0149449044838548,0.616617345018312,0.840412036050111,0.773451063316315,0.391326410230249,0.135247367434204,0
0.780478837481141,0.806630682309903,0.696541642770171,0.747585487319157,0.366967659443617,0.457450464833528,0.0544620880391449,0.527820783900097,0.015442832140252,0.599920781794935,0
0.26609238027595,0.365995969856158,0.451368252048269,0.596006947336718,0.712518342770636,0.664146762574092,0.190170879708603,0.34727990697138,0.117726251715794,0.997126376954839,0
0.23433649592055,0.181528219944332,0.63036774052307,0.978095151018351,0.285887748934329,0.00931791123002768,0.925347711192444,0.770770889241248,0.802594169275835,0.347242789110169,0
0.919881746748649,0.887241906617582,0.967555022099987,0.965000613825396,0.321323258336633,0.618206584360451,0.28155864123255,0.440174775198102,0.147503345971927,0.650859362678602,0
0.53538747101007,0.494502618961688,0.287096634274349,0.433354076463729,0.0112762770149857,0.432934717740864,0.411299273138866,0.15940664941445,0.065977705642581,0.502682387828827,0
0.771137241506949,0.791884946636856,0.824318005004898,0.346502881962806,0.402530358871445,0.783725793007761,0.672708398429677,0.681916565867141,0.628970814635977,0.654949104646221,0
0.701179569900502,0.739334798656683,0.293956662062556,0.465814072405919,0.355741976760328,0.468668178888038,0.188767539570108,0.432481751544401,0.371453791391104,0.408903813455254,0
0.0699573414465413,0.0786801606053487,0.357749791815877,0.122331471648067,0.0767708453349769,0.894836150109768,0.17445679474622,0.0147113541606814,0.777172229951248,0.775366961024702,0
0.910116592044383,0.915718146901764,0.639332960592583,0.3746130366344,0.256514130393043,0.994896307121962,0.674677317030728,0.0708635505288839,0.472190141910687,0.430153559427708,0
0.210748965153471,0.185633308487013,0.117215289035812,0.879582135006785,0.868193303933367,0.137199728284031,0.442168771056458,0.493637397652492,0.479396465234458,0.482909657526761,0
0.413810749825928,0.352360282262322,0.699893331853673,0.298718487145379,0.953477314906195,0.294265639269724,0.867157472763211,0.594775956589729,0.663530031451955,0.071684448281303,0
0.811675545061007,0.801348199602216,0.98226426821202,0.573228922439739,0.392361880047247,0.942304090829566,0.775613216916099,0.59356935415417,0.997325201286003,0.284626037348062,0
0.915012981905602,0.949579686380457,0.516964958049357,0.309754677582532,0.952320941723883,0.930478644557297,0.183197151636705,0.0290396697819233,0.872670622076839,0.529129629721865,0
0.194819822072238,0.232435937266052,0.146665511187166,0.338828312931582,0.620596462162212,0.750605349661782,0.870064136805013,0.860469676321372,0.0785092711448669,0.0370236947201192,0
0.0406143025408499,0.0756171426873654,0.15533557231538,0.0748735948000103,0.857632853789255,0.840847193961963,0.795863682869822,0.334856507601216,0.610506957629696,0.898532716790214,0
0.247465316997655,0.368902255038358,0.659792887046933,0.695128778228536,0.535412341356277,0.516467761714011,0.420264263404533,0.71639134385623,0.000187114579603076,0.149536426644772,0
0.474720091051515,0.509662291007116,0.669100493192673,0.778371090302244,0.659337861230597,0.383079708553851,0.938965773209929,0.805620689177886,0.732696899212897,0.230734447715804,0
0.525106350749731,0.550738029524684,0.765052562113851,0.438347808318213,0.188218018505722,0.0887914511840791,0.421943044522777,0.688584556570277,0.87900286144577,0.121845820453018,0
0.595894280669559,0.54821737900842,0.497244431171566,0.704999314621091,0.822223376017064,0.224671120522544,0.497154355980456,0.484572984511033,0.165001349989325,0.506235723616555,0
0.490768750702031,0.445994067030028,0.486628455808386,0.0365982593502849,0.677311376668513,0.738002325873822,0.913679400691763,0.667716939700767,0.282515647821128,0.622478067176417,0
0.128290555422846,0.188469649186265,0.299929186934605,0.882650061044842,0.931636041495949,0.827486864756793,0.358440653420985,0.450199348619208,0.39938379288651,0.00708781159482896,0
0.765134916873649,0.740540697006509,0.164365723263472,0.437372464220971,0.522716478211805,0.138354668859392,0.461845542071387,0.513138222740963,0.697939954232424,0.594673108775169,0
0.668256314937025,0.624260832089931,0.852203804766759,0.783046913566068,0.549291941104457,0.214532260317355,0.981891959672794,0.346231184899807,0.123449250590056,0.627424499718472,0
0.860457446846552,0.8426458300706,0.674665150232613,0.553860753774643,0.0501003311946988,0.428326583933085,0.1608338044025,0.984986579045653,0.0682947570458055,0.36656010360457,0
0.104288713075221,0.181323430733755,0.794350993586704,0.00853486428968608,0.0521594726014882,0.870083596091717,0.409403290366754,0.175003886921331,0.077580829616636,0.234426120528951,0
0.930029326200485,0.965933267089724,0.964722856413573,0.762669451301917,0.562149793840945,0.389689167030156,0.915033041965216,0.198938553920016,0.278237999649718,0.591159443836659,0
0.442606902914122,0.505422129295766,0.708251804346219,0.170269603375345,0.564702634001151,0.484592841705307,0.451434569666162,0.971422462724149,0.982190682785586,0.103490857407451,0
0.59712498673331,0.619776587201282,0.202035757014528,0.727942407596856,0.393616620218381,0.548375335289165,0.0870144325308502,0.0230052843689919,0.61984410462901,0.600345434853807,0
0.96170652099587,0.953056667521782,0.222974972333759,0.0653612036257982,0.553158728405833,0.693327605957165,0.225667959777638,0.438028130447492,0.912768570706248,0.249088387470692,0
0.975669621257111,0.940302593633533,0.375132397282869,0.629900737432763,0.708003339823335,0.519116751849651,0.887232178589329,0.749323956202716,0.352550213690847,0.529252253705636,0
0.0563168115913868,0.0336605859920382,0.310596960829571,0.79894392285496,0.876422625035048,0.132066997466609,0.275669818744063,0.998039926402271,0.0278369947336614,0.856701420620084,0
0.562890694738552,0.515493395919167,0.76538507360965,0.899130815640092,0.861485241213813,0.862308540148661,0.630706923315302,0.851155702956021,0.815251036314294,0.576144227059558,0
0.618008646182716,0.54709951300174,0.704049683641642,0.801221324130893,0.502102782949805,0.149516647215933,0.951875276630744,0.620558584341779,0.653752149315551,0.0389697784557939,0
0.612433952553943,0.606274214661121,0.328543819952756,0.000696123111993074,0.311526980949566,0.342966636642814,0.648176641436294,0.217380990274251,0.855250714346766,0.0146329095587134,0
0.49858413888542,0.389095971254259,0.241585160139948,0.573779226979241,0.278881457168609,0.934647049056366,0.67014876822941,0.498271723510697,0.641517525073141,0.921487064333633,0
0.591402309892513,0.519300413807295,0.427650388097391,0.0857152782846242,0.491879373788834,0.378443739144132,0.299035755684599,0.533100627828389,0.479531002696604,0.583547962829471,0
0.621661231021024,0.510773327441327,0.428543628659099,0.777267305646092,0.782060320489109,0.0501169709023088,0.151334464317188,0.438273801701143,0.0850059620570391,0.64790741330944,0
0.219220907837153,0.296266141943634,0.705835720989853,0.179518953897059,0.337386720115319,0.532496674917638,0.731286661932245,0.279597675194964,0.401472355937585,0.258435170631856,0
0.127176339841448,0.0916792386103421,0.359719929052517,0.369781023589894,0.729400249896571,0.50565885216929,0.435249092290178,0.427184815984219,0.95429467712529,0.999141769716516,0
0.665687385480851,0.776590822730213,0.487077033845708,0.142480386653915,0.534026702633128,0.939953192137182,0.33635016111657,0.696567496983334,0.124324472388253,0.489173078676686,0
0.659585324814543,0.691402174765244,0.53485415969044,0.663516931934282,0.942414500750601,0.681663790019229,0.445790020516142,0.933195892022923,0.580267620738596,0.236801656428725,0
0.174245650414377,0.251783470157534,0.527431611903012,0.616472737165168,0.975650988984853,0.120215577306226,0.318312075221911,0.230046247830614,0.0172551979776472,0.137528120772913,0
0.299327425425872,0.326938145561144,0.205139127327129,0.859595504356548,0.916761996923015,0.498592504300177,0.642541595967487,0.354716294445097,0.0995856057852507,0.546787280356511,0
0.67251704282891,0.684986887511425,0.218175367452204,0.607477601850405,0.540186967235059,0.22474662354216,0.971056640846655,0.387661038897932,0.367118071531877,0.911917079007253,0
0.244986930669658,0.242044359517377,0.636624641250819,0.307591700227931,0.106671002460644,0.362571532605216,0.940754707669839,0.676071390276775,0.725801548687741,0.257669502403587,0
0.135983040207252,0.176309487919882,0.839837707346305,0.256774240871891,0.14441256551072,0.968877431703731,0.872575760586187,0.401983386371285,0.0906602232716978,0.285313493339345,0
0.558531610295177,0.493319651810452,0.350456260144711,0.847997486591339,0.406624792376533,0.0683330735191703,0.343504837248474,0.174739854643121,0.539558173855767,0.895308585604653,0
0.72687583807949,0.733027519422583,0.381076139165089,0.632721991511062,0.269651320297271,0.242036984069273,0.295231193769723,0.963902234332636,0.063903026515618,0.536387093132362,0
0.758781582929194,0.848150746747572,0.0102624718565494,0.825065104058012,0.336595341563225,0.632759174797684,0.21422669896856,0.766512089641765,0.084812228102237,0.519719341769814,0
0.0123124332167208,0.0188716992270201,0.104886133922264,0.27375278272666,0.566936339717358,0.0258766908664256,0.492092911386862,0.353535717818886,0.127049943199381,0.886947139399126,0
0.95484433726836,0.935519055807777,0.0687755085527897,0.941786625655368,0.679824201622978,0.334471575450152,0.999557601520792,0.137689087539911,0.815980600425974,0.220816135872155,0
0.142464792050049,0.0938108465051278,0.452455164864659,0.183556349948049,0.453768889186904,0.514161031926051,0.918764468748122,0.8814819783438,0.566203420283273,0.445028417045251,0
0.578835361870006,0.522089595207945,0.0600255471654236,0.781597412424162,0.000232473015785217,0.474315108731389,0.609239278594032,0.555332705844194,0.339580237632617,0.560214456869289,0
0.616936312235519,0.67325582180135,0.633304667891935,0.250714844325557,0.689505738206208,0.386602411512285,0.907178064575419,0.811987295048311,0.759265220258385,0.364749153144658,0
0.166922891512513,0.133693406358361,0.715988517273217,0.916458388324827,0.121788316173479,0.430812931619585,0.766774486284703,0.678557409206405,0.700911974301562,0.227455935440958,0
0.934133603397943,0.961638100090809,0.496311395196244,0.28383048158139,0.820759394904599,0.455711281858385,0.596012736437842,0.625229725847021,0.878551815636456,0.398516083834693,0
0.626412067237031,0.666214601262286,0.317431933246553,0.0599487507715821,0.565577197587118,0.0745400665327907,0.502835095394403,0.206200886517763,0.853279892588034,0.493109303060919,0
0.404977806378156,0.34189528063871,0.630525820422918,0.933344997698441,0.898716336349025,0.413902855012566,0.700211601797491,0.643848883453757,0.0587627785280347,0.426357104908675,0
0.884751435602084,0.872314867097884,0.949391877045855,0.847448639804497,0.593100916128606,0.327980554662645,0.161403637146577,0.251803764374927,0.102248859358951,0.740519467974082,0
0.865961950224824,0.879449759580567,0.116396450903267,0.00309835560619831,0.197059929138049,0.891624964307994,0.978840415598825,0.949344908352941,0.793339167488739,0.459387690760195,0
0.468059949809685,0.377219481859356,0.314352435525507,0.602342640049756,0.682703467318788,0.703178540570661,0.645048052771017,0.705951936775818,0.111661757575348,0.50771048781462,0
0.407000352628529,0.320202697301283,0.252186787547544,0.27343402360566,0.150137351825833,0.370586343342438,0.817745110020041,0.580607583513483,0.196480573154986,0.24183841003105,0
0.23604361503385,0.331345112062991,0.482155515113845,0.193174907937646,0.17107130610384,0.13529887679033,0.500956664094701,0.0476338358130306,0.133880499517545,0.0250357969198376,0
0.794104154996574,0.867148973753862,0.920670355670154,0.828344730427489,0.621515346458182,0.699485327815637,0.998796777101234,0.898139986675233,0.337178332731128,0.574794813757762,0
0.604730477633514,0.714730163618363,0.689976137597114,0.244891000213102,0.926169429905713,0.110263402806595,0.210433959495276,0.039763730019331,0.690830951556563,0.180175468791276,0
0.296514551287144,0.315330286662653,0.470505044329911,0.46340048359707,0.851345475297421,0.43799191666767,0.767032650765032,0.259971399558708,0.631791890831664,0.611848064465448,0
0.444582615141477,0.333278012116533,0.161197785288095,0.356417458504438,0.815347007941455,0.918579632882029,0.407662680372596,0.964971038280055,0.699289670446888,0.0650779583957046,0
0.461530401114374,0.38574578532204,0.908160944236442,0.407628374639899,0.473097552545369,0.152994139352813,0.571233603172004,0.422646745573729,0.932521014241502,0.906097252853215,0
0.174613753100857,0.232960062799975,0.345078728394583,0.88830164144747,0.723942176438868,0.740706318290904,0.00960241910070181,0.629154035588726,0.280187508789822,0.407329531852156,0
0.863428411180526,0.792497786537558,0.200028603663668,0.0767796386498958,0.869891394395381,0.0978858028538525,0.513082556892186,0.379622451495379,0.720894342288375,0.942774214316159,0
0.715780295888428,0.675739243959263,0.446007910417393,0.0648815094027668,0.096998940454796,0.957495259353891,0.134987214580178,0.209339222637936,0.183902599848807,0.0327084909658879,0
0.15606006811969,0.229884010239877,0.360805947799236,0.602322679711506,0.568869896465912,0.174002290470526,0.604201079811901,0.304797903867438,0.530800315085799,0.626687248935923,0
0.00043310085311532,0.112932286225259,0.143272735644132,0.659229118609801,0.921812102431431,0.183584797428921,0.0937555534765124,0.38800459401682,0.910912565654144,0.735600215615705,0
0.327530640875921,0.236976236803457,0.310016539413482,0.654792023822665,0.429706186754629,0.788227224256843,0.101589925354347,0.751760595710948,0.553454840090126,0.445498113753274,0
0.513485116934311,0.533061246236414,0.0812497246079147,0.950020217802376,0.749108952702954,0.417721948586404,0.29697078326717,0.754185548750684,0.86768990708515,0.792854340979829,0
0.340583485164121,0.329364088454284,0.130948882550001,0.814179267734289,0.443932815920562,0.847359485458583,0.353263575583696,0.570790734374896,0.558448103955016,0.161471894942224,0
0.615252228525747,0.74653670788575,0.736666974844411,0.742327603278682,0.618937702849507,0.462412186898291,0.512934148311615,0.517980614444241,0.00529109430499375,0.563073645578697,0
0.183985040573403,0.234007435539737,0.661306523252279,0.674963982542977,0.405161415459588,0.91911671240814,0.1794436306227,0.290832289028913,0.563860119786114,0.438442672835663,0
0.65206823986955,0.705463994061574,0.197380105499178,0.540657543577254,0.478024643380195,0.244527330622077,0.845231925137341,0.2151147602126,0.936577598797157,0.31855482654646,0
0.210790609078668,0.338248221928813,0.627039696788415,0.933190744137391,0.839844933710992,0.0212937558535486,0.695281296037138,0.405438285320997,0.332408809801564,0.67783889779821,0
0.339349570547603,0.434372851161193,0.601365440757945,0.0375658057164401,0.670637770788744,0.320558422477916,0.587353072594851,0.0698231740389019,0.209245927166194,0.222350281197578,0
0.959263485124335,0.905474410460517,0.326961177866906,0.197816078551114,0.25435043964535,0.386330855777487,0.43761022342369,0.105747912079096,0.668346633436158,0.155213159509003,0
0.974816245033406,0.886952021617908,0.266199820907786,0.412610679166391,0.112357454607263,0.947761233896017,0.386577723314986,0.250976880313829,0.591888282215223,0.450988340890035,0
0.301708878017962,0.301194543018937,0.116000992245972,0.341926276916638,0.912432295037434,0.621833620825782,0.839978189440444,0.763785909395665,0.934407376684248,0.491322151618078,0
0.926306694513187,0.906919413479045,0.802943242713809,0.587978554191068,0.831982276402414,0.148249474121258,0.513331184629351,0.683837146265432,0.508940511848778,0.446574556175619,0
0.616712917666137,0.573432797454298,0.217054819688201,0.977254831464961,0.994988465216011,0.776402283459902,0.6799475569278,0.941553045995533,0.973813415039331,0.875683223595843,0
0.495625100590754,0.613732398634683,0.394746732432395,0.445238893385977,0.809495836496353,0.914547588210553,0.0809236220084131,0.25682068313472,0.707482360536233,0.391807880951092,0
