"1","2","3","4","5","6","7","8","9","10","class"
0.663879567291588,0.972781170159578,0.904742841608822,0.0795882511883974,0.857061541872099,0.715190350078046,0.262033660663292,0.826001710724086,0.314959071576595,0.103738664649427,0
0.171127979673864,0.63074521592916,0.967774944845587,0.855135214980692,0.0544724755454808,0.995530243963003,0.9272696969565,0.634406860684976,0.307921254308894,0.804386615054682,0
0.638145813252777,0.209202239988372,0.858159644063562,0.927890188526362,0.141281465534121,0.353646674891934,0.198334992164746,0.624582772841677,0.0501068853773177,0.280286893015727,0
0.600069217151031,0.269886881578714,0.797240455634892,0.165213513188064,0.599888792028651,0.744043753715232,0.920539940008894,0.409857993712649,0.660800629528239,0.38367216498591,0
0.493280224967748,0.1220434284769,0.464931643102318,0.798046987503767,0.893429961754009,0.300782240461558,0.0169830226805061,0.632200811756775,0.0751135349273682,0.171189765213057,0
0.0209704039152712,0.22694287984632,0.0472102330531925,0.272020665230229,0.468301082728431,0.380973720224574,0.899421527981758,0.144268058240414,0.86617273837328,0.275485584745184,0
0.0808296739123762,0.644328601658344,0.546050349948928,0.899927960475907,0.0506752477958798,0.977607554988936,0.893464945489541,0.899846946587786,0.925648305797949,0.433868738589808,0
0.0872979224659503,0.686092086834833,0.692724259803072,0.34777841437608,0.310857392149046,0.410674643237144,0.0655547094065696,0.142582733882591,0.669975423952565,0.512099441839382,0
0.0318533033132553,0.335051826667041,0.373146820114926,0.111711932113394,0.139422413893044,0.950412793783471,0.108415824593976,0.515819889726117,0.470080491621047,0.282564600463957,0
0.304026664072648,0.5108827936152,0.70761753921397,0.882217737846076,0.931658698711544,0.702848728280514,0.349219595547765,0.029348959447816,0.13170714629814,0.795466153183952,0
0.338444028515369,0.810174054233357,0.45035507902503,0.644974411232397,0.674068927066401,0.645080769201741,0.315125256543979,0.673235463676974,0.033927000593394,0.357460986822844,0
0.211510929744691,0.269299852661788,0.47845211206004,0.603869750164449,0.000675416784361005,0.0686926264315844,0.971706044394523,0.118357762461528,0.604489561868832,0.857964113354683,0
0.552275215741247,0.259343585232273,0.271689763991162,0.29437041701749,0.427657251013443,0.536503566196188,0.919376283185557,0.867163730086759,0.774503525579348,0.273676369804889,0
0.693998905597255,0.322828807169572,0.311596053186804,0.609645731281489,0.229677070630714,0.374195641139522,0.235328457085416,0.176766441669315,0.825297505361959,0.539723439607769,0
0.600333864567801,0.92877395846881,0.363177918130532,0.285428213188425,0.782077041454613,0.595266367075965,0.54610872338526,0.75792748038657,0.523434903007001,0.861036164918914,0
0.196233513066545,0.290273719700053,0.651501015061513,0.298734493087977,0.737625852925703,0.0940494404640049,0.366826826939359,0.902949107578024,0.508237866219133,0.188880576519296,0
0.123192798579112,0.632360418094322,0.767564064124599,0.650082350941375,0.710706767858937,0.888030071975663,0.453884841874242,0.839327548863366,0.588400757638738,0.871822782792151,0
0.647148555756058,0.552203829895635,0.810321944067255,0.558967828052118,0.395693181781098,0.29543267423287,0.616714256815612,0.520763035630807,0.719151811907068,0.761634968454018,0
0.332785548642278,0.687387964688241,0.86868595215492,0.260839456459507,0.651794275501743,0.840252724708989,0.237361174542457,0.101430361159146,0.0955726960673928,0.925293153617531,0
0.334345682058483,0.0175679647363722,0.807512835832313,0.969476593658328,0.0889905393123627,0.931679226458073,0.785536921583116,0.782588974107057,0.062944954726845,0.0183759215287864,0
0.0104240712244064,0.304001840064302,0.279540810035542,0.413739605573937,0.390177360503003,0.537458434235305,0.570175122236833,0.559745820239186,0.981273374753073,0.375712300650775,0
0.347521654097363,0.838946923380718,0.393877824768424,0.0459180243778974,0.79593468690291,0.613145555602387,0.174307217122987,0.433263435959816,0.00638749171048403,0.190534353023395,0
0.00750940944999456,0.327028085943311,0.0890686989296228,0.990790752694011,0.967099309666082,0.643117881612852,0.956510724499822,0.933075696695596,0.192614889936522,0.639713210519403,0
0.784076500916854,0.532757980749011,0.316623563412577,0.101164893712848,0.947605639463291,0.183783424086869,0.0404763126280159,0.370532845845446,0.998806290561333,0.127545789815485,0
0.380146045611799,0.171344929981139,0.278576504206285,0.892262839945033,0.223093449138105,0.60651929769665,0.388439262984321,0.603800570592284,0.905047964304686,0.908384896349162,0
0.0705987450201064,0.574842707952484,0.943755245534703,0.659541735891253,0.332727870903909,0.930617233971134,0.0385653262492269,0.243852496379986,0.168928098399192,0.0369112112093717,0
0.331618606112897,0.376615601824597,0.328501150943339,0.604029485257342,0.566063277656212,0.651051450055093,0.791039907140657,0.190280969021842,0.646167254308239,0.453257757239044,0
0.619661676930264,0.0683023494202644,0.108027301030234,0.355370852164924,0.611661811592057,0.778061624849215,0.836558811832219,0.0305689852684736,0.17043110402301,0.330603152746335,0
0.708457488799468,0.164087763987482,0.259633259149268,0.344416610663757,0.75133676128462,0.804942486342043,0.218632710166276,0.103218093281612,0.00436889147385955,0.666766060283408,0
0.308027738133259,0.379531270605163,0.339524200884625,0.130021590506658,0.804949024459347,0.598285745596513,0.545518036466092,0.165843375958502,0.537954457337037,0.157295561395586,0
0.000538048101589084,0.411396238952875,0.234874852001667,0.756057419115677,0.234307300532237,0.865730934543535,0.767797705018893,0.594425667310134,0.654074893798679,0.100494587328285,0
0.0338960674125701,0.608198864385486,0.517100608674809,0.0269210257101804,0.450452495133504,0.102425179444253,0.205034385668114,0.985135234193876,0.415429837768897,0.25813346193172,0
0.569667404750362,0.280800133710727,0.944331231061369,0.351844060001895,0.243706583511084,0.394391107140109,0.409666316118091,0.719572116620839,0.54785528127104,0.0468090439680964,0
0.287466318579391,0.324617756297812,0.308894285932183,0.287564696278423,0.431587734259665,0.964579379418865,0.231597927166149,0.784767011413351,0.25537527911365,0.0765995329711586,0
0.790150531800464,0.230085824616253,0.604354651179165,0.784936393145472,0.354019415564835,0.657785753021017,0.793400794267654,0.2584692472592,0.16901896847412,0.607256348477677,0
0.765327637083828,0.457488952670246,0.736970383906737,0.96849348465912,0.323875700356439,0.511756677180529,0.384428800782189,0.0718228532932699,0.774904204299673,0.978392604971305,0
0.905029001645744,0.78525190288201,0.0126703733112663,0.335667072562501,0.708168682642281,0.491195529000834,0.646044137887657,0.0534570510499179,0.864658083533868,0.555569362826645,0
0.726466953055933,0.639327531913295,0.266913393279538,0.133026263909414,0.691337493713945,0.0620648344047368,0.109212056500837,0.973441294394433,0.769454491557553,0.362644943641499,0
0.104118290590122,0.713955683168024,0.8879289268516,0.254180984804407,0.37316305981949,0.0749434402678162,0.150325212161988,0.744733912404627,0.398556499974802,0.0658882851712406,0
0.605211099144071,0.948691704543307,0.215827899519354,0.718372694449499,0.853712091222405,0.0247078037355095,0.75866959290579,0.683265857631341,0.950163830304518,0.92890382767655,0
0.281493553891778,0.291474531870335,0.817422692663968,0.617538506165147,0.290265472838655,0.988846173277125,0.742908626794815,0.136766330106184,0.665053357370198,0.534699084702879,0
0.842632299056277,0.572528714081272,0.963098475942388,0.514870709739625,0.971578359371051,0.962256361031905,0.745938291540369,0.207035689847544,0.822679408825934,0.371184008195996,0
0.634891651570797,0.757964792661369,0.107094270642847,0.369454825762659,0.724203837104142,0.748842261731625,0.0687482019420713,0.214316652854905,0.689758922671899,0.468852739548311,0
0.48858394054696,0.224479044554755,0.384457745356485,0.851161647820845,0.275187145918608,0.740929147927091,0.0697403252124786,0.363706324249506,0.940265154233202,0.442082970635965,0
0.680639051999152,0.919804268087447,0.980578278191388,0.174987761303782,0.680497334105894,0.339753763284534,0.582586002536118,0.91728651477024,0.176885218126699,0.0664170715026557,0
0.71693911543116,0.477465006988496,0.654692486161366,0.727801417931914,0.30875360337086,0.495930412085727,0.412006135098636,0.785310784354806,0.0955772409215569,0.797749321209267,0
0.113511710427701,0.116214293520898,0.52981956070289,0.568473922787234,0.152245233301073,0.452650207327679,0.580618241103366,0.361420184141025,0.813135850941762,0.543172215810046,0
0.358423011377454,0.834303664974868,0.0362266812007874,0.78785553551279,0.851908946875483,0.823673174716532,0.0674586603417993,0.795119371498004,0.271745228208601,0.460455014603212,0
0.54013889702037,0.867432513972744,0.46982013201341,0.935780422296375,0.353498688433319,0.427543357014656,0.900447598192841,0.68376596015878,0.259238587925211,0.710255385842174,0
0.559001445770264,0.0150090693496168,0.637489018263295,0.226891836151481,0.571203675121069,0.447498010238633,0.529621829744428,0.55419970699586,0.304504424799234,0.10481343511492,0
0.99119898234494,0.660996123217046,0.143194459145889,0.0206885822117329,0.0380694754421711,0.888341914862394,0.147131448145956,0.130979437381029,0.172230341471732,0.518090090015903,0
0.685033936519176,0.759170709643513,0.754741328768432,0.955379823688418,0.434011015342548,0.38736704387702,0.291401718277484,0.483358412515372,0.989351066295058,0.0809188813436776,0
0.575546577107161,0.490574825555086,0.930257355794311,0.91997232590802,0.478485090425238,0.998337322147563,0.404654748504981,0.098254191223532,0.563379609724507,0.523864884627983,0
0.791096796048805,0.283800503471866,0.227264529559761,0.832508609630167,0.512606181902811,0.999068721663207,0.82043866859749,0.79800473107025,0.710168216843158,0.806967874057591,0
0.213546586921439,0.251976636471227,0.120530890068039,0.0481346880551428,0.99204314686358,0.730274545727298,0.548121544765308,0.0472541730850935,0.867341119796038,0.25322397518903,0
0.00947522860951722,0.606315095676109,0.848104132572189,0.462709606392309,0.816821554908529,0.879719810560346,0.643580600386485,0.030182970687747,0.0520167017821223,0.581401089439169,0
0.720567496493459,0.387019986286759,0.0596641332376748,0.145830781431869,0.336438920814544,0.506648541428149,0.0501477916259319,0.842536570737138,0.157913497183472,0.868080283282325,0
0.315908473129058,0.353836672034441,0.718277068343014,0.583259888226166,0.755406706128269,0.272381820017472,0.982063258299604,0.059005384799093,0.061448848573491,0.736859889235348,0
0.736592613859102,0.363489565905184,0.620258209994063,0.562357185175642,0.264787777327001,0.642230452038348,0.427362054819241,0.0581018752418458,0.738768449285999,0.662847374333069,0
0.874747851165012,0.788892189273611,0.430905838729814,0.362269607372582,0.821206141496077,0.0171092252712697,0.0364527564961463,0.0324720232747495,0.0707489736378193,0.997350548161194,0
0.180668675955385,0.172684913028032,0.113192562479526,0.309612400364131,0.959464999381453,0.480389798525721,0.133073054254055,0.31488031311892,0.73477259487845,0.0610728589817882,0
0.475773099111393,0.637039264896885,0.981779372319579,0.140596269397065,0.151005346560851,0.123766480013728,0.192702155793086,0.438766670413315,0.737465301528573,0.0543428175151348,0
0.159416475798935,0.247769788140431,0.223601576406509,0.300147857051343,0.923391032265499,0.216095163254067,0.892548275645822,0.709801600780338,0.412625871831551,0.902739600976929,0
0.669969350099564,0.784974701469764,0.282797527033836,0.820054973941296,0.958417310379446,0.891966741066426,0.625130791217089,0.0998246897943318,0.526986562646925,0.39975631935522,0
0.612648583482951,0.760484725702554,0.101438909303397,0.579219338716939,0.686151527101174,0.785594677785411,0.378061984898522,0.673898305743933,0.797833777964115,0.368250620551407,0
0.316391053842381,0.472145835170522,0.344194409670308,0.254402999999002,0.311971814604476,0.553061715560034,0.739253076957539,0.944579141680151,0.759860695339739,0.838447003392503,0
0.374776408541948,0.743162564001977,0.0486272943671793,0.263959073228762,0.407510115997866,0.570334640564397,0.807506830664352,0.810688859084621,0.0781976587604731,0.717937350971624,0
0.249505626503378,0.238392454572022,0.557784500997514,0.47508934373036,0.819396107224748,0.431510612834245,0.637303739087656,0.158326976932585,0.441253818338737,0.155697063775733,0
0.450500198129192,0.688197890137136,0.14970628451556,0.98525164485909,0.375420380849391,0.978043256793171,0.693036454962566,0.746640298282728,0.644537515938282,0.528973632957786,0
0.469181639375165,0.437766644405201,0.609744877554476,0.876914745429531,0.602423958713189,0.678940893150866,0.73614453477785,0.597702225204557,0.226577462395653,0.789032270433381,0
0.907867645766586,0.324290003293194,0.916463477304205,0.0457737243268639,0.969146569492295,0.697068816283718,0.740903109544888,0.2465563302394,0.281162719940767,0.804182144580409,0
0.810891099274158,0.741629025433213,0.941975554451346,0.448688199510798,0.507735898485407,0.637681118911132,0.860774384113029,0.314397794660181,0.981430892366916,0.410399813670665,0
0.587976683164015,0.107833255780861,0.291725846473128,0.664540399331599,0.126505721826106,0.218304293695837,0.836759947938845,0.387011250946671,0.448694177903235,0.959451458416879,0
0.301738438894972,0.871621631784365,0.357395379338413,0.0414023140911013,0.0393461619969457,0.282918603625149,0.747658200794831,0.292608466232195,0.76464299345389,0.974275707034394,0
0.292842503869906,0.157801978522912,0.0732765910215676,0.226995985722169,0.453514547320083,0.588046356337145,0.963359624380246,0.802888999460265,0.482715993653983,0.268854194320738,0
0.0984090517740697,0.0123662645928562,0.22535368334502,0.22549553704448,0.594448646064848,0.340278988238424,0.631901863729581,0.00171250267885625,0.709929496049881,0.3754420010373,0
0.912559669464827,0.425881943898275,0.845181016717106,0.234486325643957,0.000298920553177595,0.586315480060875,0.520147328963503,0.285379966255277,0.0130054722540081,0.131205567857251,0
0.784931020345539,0.255258409539238,0.797276345780119,0.610475949477404,0.632299457676709,0.317209533415735,0.211299701593816,0.997061866801232,0.843933808850124,0.868379573337734,0
0.0444345194846392,0.803740365896374,0.0705422398168594,0.445206397445872,0.72806706931442,0.00380670884624124,0.432367333909497,0.737322717672214,0.259380391100422,0.164135226048529,1
0.624675654225238,0.6572017014415,0.00210653501562774,0.925270286621526,0.446937360102311,0.627225759904832,0.307618301128969,0.76882455078885,0.802406827686355,0.507960373302922,0
0.130139044753741,0.375699951152783,0.930656566517428,0.369580849073827,0.101401810534298,0.252950221067294,0.167923137312755,0.116950950585306,0.984256502008066,0.0636334381997585,0
0.904406879795715,0.353172980481759,0.233659227611497,0.519796416861936,0.35485213669017,0.81102499156259,0.255567958578467,0.292674617609009,0.246041202219203,0.0778542971238494,0
0.202209552051499,0.67026281170547,0.138119990704581,0.946762409526855,0.0476100400555879,0.739633284742013,0.395454520359635,0.138862468069419,0.584352859994397,0.807995894458145,0
0.249310691375285,0.233154171844944,0.476945844478905,0.609580545453355,0.464993887348101,0.446879633702338,0.159470174694434,0.666744734859094,0.406529863364995,0.775291009340435,0
0.641132284887135,0.583769054617733,0.914657138520852,0.525806203251705,0.507184457499534,0.643751114374027,0.99955359660089,0.822260131128132,0.723304035607725,0.669607568765059,0
0.36602948986413,0.461857504564337,0.218884761910886,0.667362800333649,0.444460746832192,0.235300704138353,0.575704445596784,0.862138712313026,0.186171763343737,0.182177272159606,0
0.3711519963108,0.476971220225096,0.0495159351266921,0.167250319151208,0.619405198842287,0.716914315940812,0.327714239712805,0.635249540908262,0.539333387976512,0.989825670840219,0
0.0926738923881203,0.014253094792366,0.715813116403297,0.945162356132641,0.479541609529406,0.727647584863007,0.393477271078154,0.97727925516665,0.531319771427661,0.923664449015632,0
0.725654936566576,0.703550869627576,0.159006456146017,0.339643093058839,0.617218008264899,0.944629108300433,0.0603973674587905,0.566729180747643,0.929658060427755,0.54487789189443,0
0.13253864296712,0.349461919860914,0.500377938617021,0.441219238331541,0.574854328995571,0.987804193515331,0.777220992138609,0.660466339671984,0.628726817434654,0.615435450570658,0
0.113988629119005,0.463866986205569,0.69817825499922,0.372626130469143,0.484193833777681,0.272987435339019,0.495876512955874,0.679327730089426,0.778793304692954,0.259169228607789,0
0.636949368054047,0.672536121914163,0.535033379681408,0.0837396800052375,0.284493188606575,0.0461978018283844,0.426428275881335,0.853996650781482,0.592851229244843,0.674683733144775,0
0.114391539711505,0.110161079559475,0.904515082715079,0.506067160516977,0.329954768065363,0.0669103814288974,0.511694681830704,0.335843733511865,0.899236468831077,0.0850159868132323,0
0.418290873290971,0.716806583106518,0.907571404008195,0.817514593712986,0.200123109156266,0.355677790939808,0.171023700386286,0.185049351071939,0.903468299191445,0.602577031124383,0
0.0211229959968477,0.392873013857752,0.527848863974214,0.399250979535282,0.736507310764864,0.809676744043827,0.749949982156977,0.790109541965649,0.948079659370705,0.108654928859323,0
0.330894992453977,0.830128718167543,0.473640462849289,0.547418726375327,0.446336945984513,0.682283027563244,0.633535762317479,0.00997351482510567,0.899002542719245,0.188568790676072,0
0.266429819399491,0.197199271526188,0.262587484437972,0.600028358865529,0.164118442451581,0.173753068549559,0.206152488477528,0.455980024300516,0.6525113878306,0.460291453404352,0
0.941419470939715,0.762118177513033,0.506232194602489,0.941257084952667,0.632557661272585,0.302179734688252,0.459273504558951,0.00532464659772813,0.930631601018831,0.612129960441962,0
0.100382185773924,0.39796998957172,0.714156215777621,0.963144406210631,0.976141718681902,0.598728599958122,0.0982579553965479,0.104797101113945,0.351194543065503,0.217606974299997,0
0.135720483958721,0.395717257633805,0.915357210440561,0.897669913014397,0.76998430932872,0.728596241446212,0.495859272545204,0.192106736591086,0.914459247840568,0.225759434048086,0
