"1","2","3","4","5","6","7","8","9","10","class"
0.684459629175253,0.741336298836395,0.890820474131033,0.862188970204443,0.196597608970478,0.474953324068338,0.708031577523798,0.525778218405321,0.713178179459646,0.921062420122325,0
0.427127900677826,0.439212115263008,0.104780863272026,0.56082872976549,0.326274362392724,0.658961333800107,0.969098528148606,0.0761708468198776,0.836666787508875,0.673306189011782,0
0.84877478685528,0.988602049626037,0.362459674244747,0.891081858193502,0.103575095767155,0.621051864465699,0.911406580125913,0.177481101593003,0.649517924524844,0.771665526786819,0
0.38537084027119,0.498415037292801,0.0739688682369888,0.911503278650343,0.0840456108562648,0.317227304913104,0.897479140898213,0.51894071791321,0.432472638087347,0.185902265598997,0
0.195889702554606,0.113000839573517,0.632223547436297,0.081228910246864,0.99201527889818,0.0778584545478225,0.230621242662892,0.780056125018746,0.218963042134419,0.800449230242521,0
0.492616028939839,0.609912197125144,0.835964652244002,0.620529381092638,0.14514808729291,0.443809971213341,0.229376124916598,0.00552768004126847,0.337047832086682,0.517039826372638,0
0.149277074727789,0.000958352750912307,0.641230621840805,0.349722965620458,0.745992657262832,0.16968473023735,0.856236283434555,0.0604252107441425,0.380196987884119,0.620841609081253,0
0.220807186666131,0.215018986315839,0.600169414654374,0.513777037383988,0.324329073540866,0.892671689623967,0.53465662477538,0.294521926669404,0.347953757736832,0.672512656776235,0
0.40609184071105,0.356834241242148,0.502757957670838,0.453683312516659,0.832903067348525,0.0194246887695044,0.442816311260685,0.0265449255239218,0.946333858650178,0.634536771802232,0
0.431765673449263,0.307094205636531,0.550092389807105,0.87674157996662,0.441293486161157,0.706703228410333,0.520384010626003,0.102382716489956,0.550412016455084,0.445475037908182,0
0.950180521920323,0.923188641419634,0.259058273397386,0.384563624626026,0.578481564531103,0.422158311353996,0.468730446184054,0.291518551995978,0.104451480088755,0.330574398161843,0
0.643671757630818,0.554204873129539,0.174522088840604,0.872611885424703,0.0107952293474227,0.00640664459206164,0.637898972257972,0.930858067935333,0.7500391213689,0.164075972745195,0
0.90840925014969,0.825347663743608,0.0966734660323709,0.315580590628088,0.0394765962846577,0.443130091996863,0.735669080866501,0.47407346079126,0.0967683861963451,0.42688534152694,0
0.788852423255052,0.816424542443361,0.394340796861798,0.212944747880101,0.177039621165022,0.609487559180707,0.358162936521694,0.184892744058743,0.434483317425475,0.640902034239843,0
0.886558900396526,0.814928452963382,0.584658203646541,0.813519291579723,0.921635742299259,0.163101443089545,0.780270481714979,0.227818365208805,0.322930982569233,0.467834808398038,0
0.61732972972095,0.661849944619462,0.0291720398236066,0.586521491874009,0.16316742519848,0.257361424621195,0.100678952177987,0.548231666209176,0.896111322566867,0.196727573871613,0
0.534727046395093,0.509826293163188,0.093566610943526,0.911291267722845,0.609504966530949,0.270675474312156,0.0050091128796339,0.628969306126237,0.469466327689588,0.803763743489981,0
0.632346529459022,0.630866636430752,0.109322821255773,0.186567959375679,0.372631860198453,0.901691047940403,0.667211322579533,0.545676639303565,0.372134044533595,0.420896010706201,0
0.790065437089652,0.860932177165523,0.0158801386132836,0.371220109984279,0.908540429081768,0.851392125710845,0.877169100334868,0.0436837296001613,0.931493980344385,0.372097806306556,0
0.623356150065456,0.663854298414197,0.494552760617808,0.436742927879095,0.209433989832178,0.734113190788776,0.777667864225805,0.196192380739376,0.76561428187415,0.562503275694326,0
0.414215882429853,0.30171890889667,0.814468312310055,0.837754346895963,0.482477775309235,0.958751756232232,0.193001033505425,0.0329722242895514,0.379009201191366,0.197878428502008,0
0.360551298595965,0.333743629511446,0.890238811960444,0.448324641445652,0.404005399905145,0.0252291944343597,0.170645384117961,0.91290262597613,0.362914233235642,0.755076700355858,0
0.427541744429618,0.48939004749991,0.754695220850408,0.440867551369593,0.686842461815104,0.215604441007599,0.661738553317264,0.290513328742236,0.237026085378602,0.620931065874174,0
0.651695246096794,0.624082723724749,0.329762669280171,0.246418074471876,0.558196926256642,0.259049163898453,0.346877073403448,0.665241811424494,0.513020852115005,0.864968448877335,0
0.566817856310867,0.559477441441827,0.697894271463156,0.781440793769434,0.444233470130712,0.789811635622755,0.246715715620667,0.0326913110911846,0.622999959625304,0.397718880325556,0
0.0339582814951427,0.120721953858156,0.245037557790056,0.666454205056652,0.0887660023290664,0.771732417633757,0.418392931576818,0.884913840563968,0.61266180081293,0.91930059203878,0
0.76808115157187,0.793203555313125,0.46908783656545,0.878950112964958,0.447502692928538,0.0999868707731366,0.370893606450409,0.167307608528063,0.211267138598487,0.0772856585681438,0
0.953485219273716,0.918164815520868,0.125562174012884,0.172393287299201,0.743453335482627,0.379461033968255,0.321545092854649,0.856597468489781,0.0392737626098096,0.574754707049578,0
0.330254215299897,0.407010732119158,0.785681696143001,0.327102861134335,0.999223771737888,0.63009525090456,0.704128501936793,0.269060214981437,0.245716919889674,0.0219013358000666,0
0.0758756997529417,0.216233281884342,0.630137239582837,0.947051560273394,0.402243688236922,0.0236731478944421,0.191030605696142,0.988446609349921,0.822231935337186,0.690494673326612,0
0.952357518021017,0.936679820762947,0.123466895194724,0.431629933882505,0.1302794595249,0.327689129160717,0.424823039444163,0.836105202324688,0.123401319608092,0.183215412311256,0
0.0019603013060987,0.115633153356612,0.851934643927962,0.456964989891276,0.0985663621686399,0.351913367863744,0.514287890167907,0.0110527181532234,0.726260733557865,0.507719718152657,0
0.592265523871407,0.550507143918797,0.800790695473552,0.424445493379608,0.31017357762903,0.638207669369876,0.341742661548778,0.867021567421034,0.385211985325441,0.299908616347238,0
0.197179995738156,0.128946310378611,0.00465554627589881,0.514340567169711,0.229084546910599,0.71524780895561,0.317173118470237,0.654268659185618,0.667539624264464,0.902969188988209,0
0.965408671007305,0.95310221061185,0.283278655493632,0.614024951588362,0.670208632713184,0.511500122956932,0.647979025729001,0.687314962269738,0.157243541674688,0.143159172032028,0
0.666856341565028,0.660416492523625,0.441675319103524,0.447806291282177,0.666170336771756,0.293113550404087,0.295301771722734,0.777995784301311,0.581028961576521,0.548735515447333,0
0.755799149861559,0.872572955442593,0.0037621317896992,0.989284418523312,0.831941933836788,0.956495692254975,0.986355166882277,0.25508973444812,0.932132362388074,0.726571812294424,0
0.202936397611815,0.252842910780199,0.31547998636961,0.38824479165487,0.286722437012941,0.0626109004952013,0.223509925417602,0.807392673799768,0.883052621502429,0.324284282745793,0
0.559065979206935,0.551629429683089,0.385259192902595,0.351433641277254,0.411238819360733,0.10509376693517,0.12105261022225,0.117670061532408,0.111473788041621,0.872956929029897,0
0.919045102002285,0.878619579330552,0.0217769830487669,0.664638531394303,0.567156840581447,0.136894166702405,0.703644537134096,0.141916608670726,0.0295905899256468,0.922375398222357,0
0.687906493935734,0.641910926289856,0.197941683931276,0.0674555723089725,0.130749774398282,0.0666739346925169,0.712472337065265,0.85492272884585,0.761273250682279,0.964914496522397,0
0.44626769076325,0.548657545359805,0.891333756502718,0.965382169233635,0.00161742977797985,0.043418052373454,0.593383820960298,0.673154327319935,0.576431267661974,0.33234003232792,0
0.936277209604159,0.906246022938564,0.79141674679704,0.499063592869788,0.544014378683642,0.0922358257230371,0.253977499902248,0.117833322845399,0.931421853369102,0.232679227134213,0
0.42157910284875,0.360034854999557,0.601436093915254,0.262958875158802,0.664780549006537,0.381728648906574,0.7866788553074,0.750447603408247,0.385796374641359,0.245550487656146,0
0.747831232665852,0.903474273706041,0.311637612059712,0.803359315963462,0.999346167314798,0.895338529720902,0.938950752606615,0.629994424525648,0.121697866823524,0.290863767033443,0
0.232850069449283,0.1304743587384,0.744401799980551,0.485260716406628,0.37198163359426,0.0662617280613631,0.302382285473868,0.718698404030874,0.842319858260453,0.489649884169921,0
0.199930132995918,0.151618168441579,0.519247581716627,0.218850648030639,0.933114188723266,0.0176523409318179,0.72085185861215,0.595600885571912,0.986747179646045,0.902580259833485,0
0.395946039025113,0.455450899918843,0.850046094506979,0.0749034255277365,0.000462712021544576,0.585084733553231,0.624554020352662,0.882823608350009,0.00846595456823707,0.215909931575879,0
0.420890958826616,0.323800317211263,0.816482739290223,0.135825813049451,0.409356606192887,0.217040692688897,0.53848536638543,0.849066358990967,0.148047375492752,0.522250417619944,0
0.159649534262251,0.171031523652282,0.600320389727131,0.0016835811547935,0.538878766819835,0.0609582886099815,0.0867223655804992,0.968792376108468,0.108352640643716,0.132660201517865,0
0.519513984024525,0.554712482402101,0.650718217715621,0.413030207622796,0.817840157775208,0.21069964999333,0.0415995225775987,0.66990377753973,0.0479450889397413,0.397565086372197,0
0.539453861670196,0.41470034826519,0.505441902438179,0.775438978569582,0.395690693287179,0.0398397848475724,0.359923062846065,0.895063604228199,0.263921927660704,0.500066112959757,0
0.171984100297466,0.111982161257043,0.687668959377334,0.72442441014573,0.373022750485688,0.242565918248147,0.749913332052529,0.204574934206903,0.85100113414228,0.552875600289553,0
0.648997370328475,0.648476061288547,0.873668458079919,0.425323353381827,0.08068005903624,0.487060951301828,0.788772775093094,0.844076705165207,0.103925403906032,0.0249893751461059,0
0.642504511866719,0.585786583367735,0.36485091666691,0.941987499827519,0.00646527367644012,0.716788991354406,0.343607531161979,0.470699346158653,0.0355325699783862,0.0805652926210314,0
0.652685042167548,0.665926474314183,0.875835922313854,0.48800534568727,0.956644938327372,0.120325775351375,0.10428706323728,0.427286517107859,0.482701949542388,0.32988997688517,0
0.48612762074545,0.404611673956923,0.823944897158071,0.50064770760946,0.763804116519168,0.904134357348084,0.505984117742628,0.497527473839,0.0590530151966959,0.398606151575223,0
0.514050441986509,0.425889330010954,0.0493088457733393,0.880673907231539,0.728622721275315,0.70611698133871,0.981123321224004,0.797692570835352,0.455853528575972,0.649095822824165,0
0.726918660911545,0.653994793369621,0.20994422910735,0.349136064760387,0.70067764702253,0.183159537380561,0.302144455490634,0.0573812485672534,0.179986020782962,0.0575244524516165,0
0.619709224507865,0.68234117606217,0.951629162300378,0.133520850911736,0.572456625290215,0.657426433404908,0.0965199361089617,0.880142828915268,0.762220733333379,0.461927728028968,0
0.507458085622638,0.660252516396344,0.122575043467805,0.83170713018626,0.398114644689485,0.844804562395439,0.248042047256604,0.583190647652373,0.0900625791400671,0.064298105891794,0
0.336128086781129,0.438299733889848,0.296318798791617,0.741327579831704,0.405146823497489,0.451826077420264,0.984703409019858,0.0182936461642385,0.141542085213587,0.042098987614736,0
0.734665784053504,0.612164181191474,0.700976051390171,0.578978009521961,0.207749554654583,0.693599454127252,0.219547537155449,0.534261432476342,0.0174255222082138,0.0940292470622808,0
0.590470704463404,0.590719466501847,0.647462896537036,0.266563076991588,0.26487056678161,0.765878618229181,0.112652868963778,0.768597536021844,0.997595947235823,0.665888802846894,0
0.186855891064368,0.0679353614425287,0.300776683725417,0.998857666505501,0.829119953792542,0.916085085365921,0.257274428848177,0.680571518838406,0.274218322476372,0.752425745362416,0
0.843898751425557,0.885592703883536,0.626136332284659,0.350050501758233,0.797987200785428,0.913311395095661,0.243297323817387,0.980983392568305,0.680462879128754,0.0583883852232248,0
0.724562289555743,0.672790374240279,0.320390568114817,0.618493816116825,0.52620228077285,0.476627043681219,0.432157405186445,0.494517171988264,0.143174545606598,0.291982432128862,0
0.982687574578449,0.986852348782122,0.672999196220189,0.0706597042735666,0.176374076167122,0.969392638653517,0.654885454569012,0.848910704022273,0.695482927374542,0.364562872331589,0
0.668569965753704,0.308498370461166,0.0321350395679474,0.686604732181877,0.894522735383362,0.877053045202047,0.0291211942676455,0.416697572683915,0.20108177838847,0.737853595754132,1
0.730472025578003,0.716078797919396,0.170846200780943,0.0276949042454362,0.00426158402115107,0.39183508278802,0.301216836320236,0.114854780258611,0.474247656995431,0.0785884722135961,0
0.774747606206685,0.731427762854844,0.872423311462626,0.571326605277136,0.896380726713687,0.964849352370948,0.0627020474057645,0.118426461005583,0.373414230998605,0.400323386769742,0
0.834795732283965,0.954458542633802,0.899945431388915,0.219883808866143,0.956721910275519,0.999674187041819,0.776578582357615,0.499314363114536,0.514822664437816,0.576563369482756,0
0.516773217166029,0.543995850982331,0.622207347070798,0.159362622536719,0.922142058843747,0.649084227625281,0.888311098329723,0.678913141833618,0.379863405134529,0.842456313315779,0
0.953479750003573,0.894392014376354,0.115168437361717,0.0332061552908272,0.188837398774922,0.432784646749496,0.593771117273718,0.883034990401939,0.793905050260946,0.373080419376493,0
0.687854734947905,0.633028720272705,0.741281040478498,0.53205268108286,0.584079500986263,0.00113353389315307,0.74582281219773,0.0930929344613105,0.798826837912202,0.0440580688882619,0
0.26866606483236,0.27066923561506,0.139968762174249,0.0728131846990436,0.237607850460336,0.250581377884373,0.770623432705179,0.466470999410376,0.733590801479295,0.480907447636127,0
0.731719586532563,0.691916590090841,0.249577542999759,0.774901321157813,0.270246947184205,0.641336384462193,0.70040917233564,0.345247651217505,0.784252151148394,0.365352528635412,0
0.540272649508063,0.526008209036011,0.418543594889343,0.353373585967347,0.501064408337697,0.797184756724164,0.720662616426125,0.62584014236927,0.839462232077494,0.084886762779206,0
0.57653517726548,0.605972843207046,0.680278688669205,0.580191073240712,0.287937136832625,0.309541631955653,0.339772077742964,0.958109942497686,0.543260326841846,0.365972918225452,0
0.879661597673036,0.930773546521552,0.00957919633947313,0.0862216730602086,0.0763912866823375,0.211412913864478,0.316977658309042,0.164817767450586,0.951834980398417,0.389219488715753,0
0.641497511001304,0.575758723068051,0.0919043207541108,0.591694478644058,0.862805440789089,0.0797971927095205,0.736203627195209,0.385071217315271,0.54720680671744,0.0454241465777159,0
0.477156319655478,0.554786639288068,0.651613951893523,0.735780127346516,0.640934997471049,0.316742565250024,0.191289914771914,0.445350432535633,0.791679340181872,0.402061396278441,0
0.71770893192254,0.671716106244177,0.35610068985261,0.529231930384412,0.0158121157437563,0.800226361723617,0.335574303986505,0.787445150548592,0.221753196092322,0.681141604902223,0
0.138086357153952,0.262911534868181,0.821255553979427,0.0116231613792479,0.14494491298683,0.74240961833857,0.255296686664224,0.968653806950897,0.472330752760172,0.980009933933616,0
0.250832610530779,0.175818796269596,0.948664562543854,0.806660332484171,0.0949665361549705,0.317122324137017,0.98635427816771,0.551728877006099,0.179398843087256,0.578065220732242,0
0.115888865457382,0.144819317573681,0.400861295172945,0.571336452150717,0.291652200743556,0.483407678781077,0.204284209525213,0.720241921488196,0.0615001798141748,0.131872185273096,0
0.597167896654084,0.583508099948242,0.0387769057415426,0.425252969143912,0.851816949201748,0.864933011587709,0.180125019978732,0.323125343071297,0.0992907087784261,0.00812682905234396,0
0.329378820392862,0.361562488970533,0.108667317312211,0.0309537353459746,0.377265246817842,0.54300955333747,0.383137620519847,0.33015286969021,0.0533230018336326,0.619993594707921,0
0.808045400281064,0.87078108705245,0.144766676239669,0.631897015497088,0.93733373680152,0.607470579445362,0.88248997204937,0.509769979631528,0.313474284019321,0.418663036311045,0
0.781896148109809,0.711913649924099,0.759800480678678,0.0673229859676212,0.170982396695763,0.540019975509495,0.4670480475761,0.34258024697192,0.896026264643297,0.167094125645235,0
0.409657269850373,0.4030902792532,0.856102931313217,0.922616378869861,0.424492457415909,0.509753251913935,0.29149220767431,0.365152232116088,0.936650285264477,0.686975576682016,0
0.468940459812898,0.502912031986658,0.137864235090092,0.267422167351469,0.279576581669971,0.705098071368411,0.219896378926933,0.384741644840688,0.0427148384042084,0.79734141821973,0
0.890776181649417,0.898071163177118,0.324630184099078,0.442545387195423,0.474073220044374,0.885169829474762,0.0829741363413632,0.417030529119074,0.868531201500446,0.382485887035728,0
0.555352212309372,0.478611386460345,0.80081027536653,0.548793986672536,0.456261484418064,0.444845789112151,0.242612779373303,0.70843919320032,0.875166898826137,0.865438216365874,0
0.995801771765947,0.885378753714263,0.672051357803866,0.84573401347734,0.251547867432237,0.466801041504368,0.760998635785654,0.562539611011744,0.647512115770951,0.186038385843858,0
0.642157016322017,0.570216381922364,0.701614119112492,0.195276563754305,0.538848327938467,0.743663029046729,0.705972569994628,0.623471528524533,0.048810982843861,0.0277916928753257,0
0.87181376374755,0.947761392460205,0.963095397688448,0.130216870456934,0.772023528115824,0.459095177939162,0.833592262351885,0.721165258437395,0.265225770417601,0.344478174345568,0
0.929257082287222,0.892892918083817,0.227417503017932,0.713848990853876,0.48237005318515,0.0180872618220747,0.192250673891976,0.807694658404216,0.511779029387981,0.0397055533248931,0
0.466519353272766,0.469210326496139,0.239187916740775,0.149081586394459,0.271631025476381,0.713166804518551,0.0776977087371051,0.727985316421837,0.799114311812446,0.213403207249939,0
0.474997229756974,0.612436087974254,0.0224592653103173,0.41457078862004,0.346446693874896,0.371722564101219,0.318975291447714,0.53067310526967,0.444838632596657,0.44594975351356,0
