"1","2","3","4","5","6","7","8","9","10","class"
0.0676564570702612,0.120017647165805,0.171070694224909,0.815852102357894,0.279551301617175,0.299568076618016,0.779910967685282,0.23610599595122,0.863127663964406,0.148802390322089,0
0.518798121871892,0.415027213421464,0.569787111133337,0.494525876129046,0.988247901666909,0.152841716306284,0.992119402391836,0.251797355012968,0.901535615557805,0.34329257812351,0
0.511552406985313,0.754414417075738,0.595334550831467,0.953870974946767,0.685827414505184,0.694264034973457,0.0771971091162413,0.567996482830495,0.431146097835153,0.639243660029024,0
0.769577157218009,0.918778378516436,0.908731786068529,0.425147442379966,0.720123443752527,0.0745504887308925,0.21695929649286,0.469102923758328,0.781756109790877,0.365410631522536,0
0.28988863317892,0.293506151246652,0.118344188900664,0.643904313677922,0.181723086396232,0.347342522349209,0.589978168020025,0.298748354427516,0.296996421413496,0.965349249076098,0
0.867396899033338,0.951408473076299,0.860300854546949,0.815439635887742,0.133831735234708,0.814068663865328,0.100335342111066,0.690239945426583,0.481356691336259,0.913795972941443,0
0.717186589026824,0.84814232843928,0.98767977184616,0.715195015538484,0.305118408985436,0.312140379101038,0.316985704004765,0.882273075403646,0.696407783543691,0.664822597056627,0
0.908377936841734,0.404512597543932,0.723872758448124,0.241711406037211,0.328003569040447,0.972143869614229,0.347916656872258,0.262717941775918,0.802553678862751,0.108355580829084,0
0.478278533322737,0.152291553094983,0.728557601338252,0.980718367500231,0.598259593592957,0.273485462879762,0.92703739576973,0.609928466379642,0.560835252283141,0.596489600371569,0
0.347808544756845,0.0641435622237623,0.34918178152293,0.509537095203996,0.889577372698113,0.852412314154208,0.187100822338834,0.659827632829547,0.510646888520569,0.90574875776656,0
0.224487078376114,0.195346810622141,0.354791201418266,0.91966184717603,0.713401034241542,0.490600777091458,0.248661645455286,0.967053641332313,0.572495892643929,0.250269630458206,0
0.624985369158909,0.91692916978579,0.216856341110542,0.00614621257409453,0.440487546846271,0.797123433090746,0.664587160106748,0.0745740921702236,0.341078920057043,0.754736073780805,0
0.81961114751175,0.986564386868849,0.5013216084335,0.875389083521441,0.938258671434596,0.017374400049448,0.90742662595585,0.843044320819899,0.459587536519393,0.328663481399417,0
0.746376769850031,0.726506835315377,0.244723753072321,0.760196635499597,0.536188753321767,0.0668554499279708,0.026263318490237,0.10348423733376,0.174786385614425,0.716854447731748,0
0.833140632370487,0.956880494020879,0.815121647669002,0.577443507732823,0.344337191898376,0.368624245282263,0.241669058101252,0.695170977618545,0.716916956938803,0.826509628677741,0
0.613711715687532,0.247828102186322,0.653151725884527,0.932861857814714,0.0261497842147946,0.146965219872072,0.316709771053866,0.561071463860571,0.745897273533046,0.907588772010058,0
0.661279095852748,0.258375063512847,0.877950986614451,0.252355182310566,0.354823092231527,0.16868765396066,0.356867467286065,0.0668431869708002,0.933645914075896,0.678859021048993,0
0.64419552939944,0.558121489128098,0.703122484497726,0.477951395791024,0.67711908952333,0.899578105891123,0.365305381128564,0.546336551196873,0.13098950847052,0.506114870775491,0
0.362050943076611,0.15552868694067,0.114326696610078,0.0468871451448649,0.968407995067537,0.611066981917247,0.708822471322492,0.188417275669053,0.411726263584569,0.935391306178644,0
0.306688940375205,0.318559380379226,0.620765837840736,0.942803169135004,0.672319893492386,0.161119469674304,0.746258557541296,0.180621188133955,0.8573195009958,0.710390520980582,0
0.500220013307408,0.292460326853208,0.102273705415428,0.096304360544309,0.145172569900751,0.915418014395982,0.92752646189183,0.347510202089325,0.311811690917239,0.0032086840365082,0
0.843008283525705,0.913471858948469,0.89849381824024,0.978661453118548,0.347637393744662,0.861471688840538,0.238278711680323,0.399315352085978,0.855014393338934,0.999712154269218,0
0.67982309893705,0.970808647572994,0.697173482971266,0.935353279812261,0.20308986492455,0.320635593729094,0.285902832634747,0.530948834959418,0.385899869492278,0.36968834605068,0
0.646456800637115,0.951453595439065,0.431126118637621,0.253516385797411,0.351186147890985,0.951024527195841,0.568467701086774,0.648800065275282,0.0619166595861316,0.609015349997208,0
0.164405450287461,0.4640934118025,0.406901869224384,0.972047762013972,0.60879811225459,0.328349148621783,0.373660806100816,0.0292941988445818,0.72528386185877,0.766303720418364,0
0.714472754104063,0.901069614039734,0.181679896079004,0.657624650979415,0.0433348752558231,0.0664175956044346,0.12349367630668,0.765028743306175,0.967711767181754,0.249553651781753,0
0.63719361810945,0.425312320934609,0.401495337253436,0.00726127112284303,0.218481178162619,0.967064269352704,0.105066158575937,0.703087908681482,0.999661695444956,0.434095474192873,0
0.556151820346713,0.458823344437405,0.305139608681202,0.880577865522355,0.135618356056511,0.0918078131508082,0.586364687653258,0.853501715930179,0.192599303554744,0.740605473518372,0
0.675959193846211,0.917426762636751,0.129368175985292,0.220065949251875,0.396439998876303,0.816102708922699,0.262941950000823,0.709737801458687,0.038817428285256,0.351064281538129,0
0.48120943382727,0.867009901233483,0.843966922955588,0.0307481966447085,0.185569992288947,0.639412486227229,0.052409824449569,0.334803516743705,0.857872968306765,0.659551152028143,0
0.131787073099986,0.404547546757385,0.912407853174955,0.643880120944232,0.175478916382417,0.712998775066808,0.0310998428612947,0.91517402487807,0.417888088850304,0.149355147965252,0
0.317009410588071,0.0288530034013093,0.780088321538642,0.443314960692078,0.0610799875576049,0.19059130968526,0.961160614853725,0.168171255383641,0.253454290796071,0.77626369590871,0
0.905771155596897,0.690162478022836,0.0907429317012429,0.0326232451479882,0.752298190258443,0.145977925742045,0.24168238020502,0.266670577228069,0.0736906684469432,0.352848372654989,0
0.440958225401118,0.486861493438482,0.0943964775651693,0.791077931877226,0.343390843598172,0.781502068741247,0.75546794035472,0.819220755947754,0.319154222961515,0.179650294827297,0
0.26510854344815,0.507846309337765,0.491591453552246,0.0211784904822707,0.455489350715652,0.0371319246478379,0.935724924551323,0.56619727332145,0.707654656143859,0.698485562810674,0
0.426029870752245,0.700209263246506,0.0188485183753073,0.892740219831467,0.833246311172843,0.575636242050678,0.723018352640793,0.051215284736827,0.164067164994776,0.18259536428377,0
0.463322939584032,0.263172535225749,0.479120449861512,0.493240947369486,0.503367122961208,0.0634971777908504,0.151136287720874,0.908741051796824,0.904596655163914,0.141975572798401,0
0.419160779332742,0.234471049159765,0.585416493006051,0.571214591618627,0.521621815860271,0.797460380941629,0.0534899295307696,0.719024711521342,0.840184196596965,0.69486040645279,0
0.480441211736947,0.510084562347084,0.995117661077529,0.884653291665018,0.521971361013129,0.695324955740944,0.76470536715351,0.347097050165758,0.736850572284311,0.618970043957233,0
0.320688305655494,0.669503268785775,0.0797863309271634,0.439633819274604,0.0807570470497012,0.646848412929103,0.296228589722887,0.490641643991694,0.661987114232033,0.185353475390002,0
0.246861075051129,0.507542507722974,0.791100695962086,0.572671996196732,0.926900756778196,0.673874430591241,0.117974054068327,0.398478415794671,0.415760731790215,0.434642138890922,0
0.283774436917156,0.519378939410672,0.591064190492034,0.64189612492919,0.452743529807776,0.942343401024118,0.0615152562968433,0.0681060759816319,0.868766913888976,0.351406720699742,0
0.719048416931555,0.541803278849647,0.619766533840448,0.0477614954579622,0.0922267364803702,0.128906539175659,0.809671471361071,0.170972420834005,0.28287858562544,0.720330860000104,0
0.237618775106966,0.10975745995529,0.777826307341456,0.836572857340798,0.245778447249904,0.386032780632377,0.625709408661351,0.622676943428814,0.970902306260541,0.75100034289062,0
0.312480039894581,0.00691132340580225,0.889603714691475,0.140053142560646,0.0288718002848327,0.78512183460407,0.636380410054699,0.289450370939448,0.0934874494560063,0.138571871910244,0
0.197146393358707,0.335752983577549,0.984204372856766,0.331708847777918,0.461331950267777,0.366942765424028,0.922443886520341,0.113494492135942,0.186976246535778,0.0509043468628079,0
0.668948270147666,0.463481973391026,0.16409963555634,0.303536217659712,0.929183379746974,0.0435801143757999,0.56619288213551,0.164393227547407,0.389971278607845,0.098661944270134,0
0.300322533817962,0.26258081686683,0.0733332934323698,0.638696938985959,0.86406011832878,0.00591812445782125,0.056874671485275,0.74717109138146,0.198725933441892,0.888089045416564,0
0.902682745619491,0.432670296309702,0.0135757601819932,0.0133940526284277,0.405847430229187,0.20487653487362,0.969526145141572,0.625470361439511,0.847637373255566,0.391400527441874,0
0.093467412982136,0.162685972172767,0.183865232160315,0.0168224184308201,0.889572420623153,0.287397371837869,0.559098022989929,0.173531472217292,0.659983972320333,0.451950817136094,0
0.205558723304421,0.0778251553419977,0.392682891571894,0.828177525429055,0.484934387495741,0.189956570276991,0.430005514761433,0.0698585044592619,0.591951357433572,0.909161682007834,0
0.383354839403182,0.378508776891977,0.764289886923507,0.294258597539738,0.0983244043309242,0.0032614937517792,0.129215794615448,0.671657320810482,0.852002230240032,0.931368032703176,0
0.209140843711793,0.578090260736644,0.314550211187452,0.496824146481231,0.265537969302386,0.1132171836216,0.739082534331828,0.692452415591106,0.854429627768695,0.941136088455096,0
0.415723851183429,0.444274707697332,0.758188026957214,0.163628781912848,0.998864817433059,0.970416816184297,0.746338341617957,0.337949870387092,0.56751706218347,0.764586163219064,0
0.116522156758606,0.552557347746193,0.0102969114668667,0.650120922364295,0.486990635050461,0.913943177554756,0.153661243850365,0.485832414589822,0.888153635896742,0.423626775387675,0
0.957592263838742,0.956228334080428,0.932915924815461,0.018927879165858,0.627006695605814,0.835314412601292,0.463630063692108,0.736565481172875,0.239388452842832,0.884888509521261,0
0.545578115386888,0.578827596735209,0.27874930226244,0.972545154159889,0.506642030319199,0.28787149884738,0.1302699027583,0.212509347125888,0.711984758032486,0.55947157763876,0
0.632591529516503,0.339125570142642,0.945168248843402,0.824081039987504,0.204465160379186,0.462389045394957,0.103354420512915,0.697258610744029,0.861557463183999,0.400148872053251,0
0.946789091663435,0.579574938903376,0.112434899900109,0.806708744727075,0.223983089672402,0.0911213511135429,0.22017876803875,0.0414834336843342,0.311002901289612,0.576324353460222,0
0.618484389537759,0.788969589325972,0.641970310825855,0.0429245186969638,0.893039631424472,0.230322044575587,0.548986982088536,0.153702100040391,0.865566883469,0.909456827444956,0
0.0488946950063109,0.159862932050601,0.173521564807743,0.150768671417609,0.892855315236375,0.550024726660922,0.301692637382075,0.897891414817423,0.434597451938316,0.424240731401369,0
0.452242092229426,0.546492450637743,0.0582256044726819,0.0890414214227349,0.738422994036227,0.0965580095071346,0.898395280819386,0.0271240039728582,0.621437686262652,0.943052836693823,0
0.00171914324164391,0.0417058446910232,0.482769810827449,0.650629242183641,0.260458904085681,0.165500051574782,0.277241025352851,0.912057863548398,0.643536331364885,0.380817306460813,0
0.827416284242645,0.425553982844576,0.540476421592757,0.228425422683358,0.0706493556499481,0.964055711170658,0.430703227873892,0.569657862652093,0.395622301846743,0.733162553980947,0
0.150004955474287,0.476397418417037,0.386614935006946,0.55551560362801,0.761356118600816,0.896095850504935,0.153421777766198,0.652105352142826,0.0563799061346799,0.905881066108122,0
0.0660247544292361,0.439950173487887,0.203084696782753,0.71158713940531,0.500862766057253,0.546709854155779,0.907102879369631,0.201112120645121,0.918214615900069,0.606639308389276,0
0.316704494838044,0.67279378319867,0.747079162159935,0.572427201783285,0.251455044606701,0.013208711752668,0.767629223875701,0.375652679009363,0.613498930819333,0.273128492292017,0
0.241071740863845,0.788772427011281,0.664655243046582,0.846934062894434,0.0294013388920575,0.523003478301689,0.159146189223975,0.890879824990407,0.589768611826003,0.262579617556185,1
0.0553369720000774,0.56459568371065,0.341831350233406,0.36230853269808,0.549238533014432,0.966880423715338,0.691553592914715,0.347783774835989,0.346785326255485,0.673601404065266,1
0.733560562133789,0.728195505682379,0.331438353052363,0.823888582643121,0.709799629170448,0.475078145973384,0.00108668184839189,0.5916538531892,0.84213306219317,0.556323818629608,0
0.863482526736334,0.996772604295984,0.00236602849327028,0.121217009611428,0.817743154475465,0.97900313558057,0.855878642294556,0.192776967072859,0.218944324646145,0.597121859667823,0
0.202702694339678,0.312437963904813,0.950045321136713,0.109501424478367,0.275705268606544,0.609437345759943,0.0422058731783181,0.507015123032033,0.972482853801921,0.3173447616864,0
0.404410366543941,0.561945942986757,0.489330981392413,0.89445149153471,0.569613143568859,0.805827640229836,0.632787473034114,0.516146194422618,0.412091421894729,0.842645769473165,0
0.578918672865257,0.772021488985047,0.429400043096393,0.890851581236348,0.833018840290606,0.157622454455122,0.718352993950248,0.648109270026907,0.378484947606921,0.19960974319838,0
0.600968678714707,0.269943939754739,0.472700754413381,0.428653592243791,0.605993966804817,0.759446687530726,0.782766827847809,0.024153214180842,0.307508622528985,0.117357183713466,0
0.614285941137932,0.773532742206007,0.184848183067515,0.899224319960922,0.863331144209951,0.648650940973312,0.800661360146478,0.435065407073125,0.407112538116053,0.865378986578435,0
0.258792143212631,0.338049096958525,0.862092000665143,0.123805846087635,0.829452235018834,0.978525404818356,0.509401976363733,0.94957431149669,0.183641561307013,0.0660682432353497,0
0.659447139129043,0.466927571222186,0.0550645454786718,0.376056861365214,0.659203998511657,0.944724383531138,0.0945821730419993,0.0814658605959266,0.613392933504656,0.231613318901509,0
0.152861268259585,0.354607206070796,0.189708992373198,0.62898655468598,0.0888441689312458,0.23166917799972,0.128108169650659,0.598104886477813,0.960929679684341,0.965844193240628,0
0.360925554763526,0.744546265807003,0.884117959532887,0.524222558597103,0.521907550981268,0.631953712785617,0.363050383981317,0.156977233476937,0.524587744614109,0.542130735935643,0
0.846563789527863,0.96969524724409,0.0763556277379394,0.156983522698283,0.989580255700275,0.386397146852687,0.544320374727249,0.419053888414055,0.904117152327672,0.0042064671870321,0
0.984105869362969,0.797370781596284,0.921704295324162,0.109548237640411,0.457430631155148,0.845627511385828,0.054364244453609,0.462617170996964,0.915816302644089,0.585150277940556,0
0.772573142079636,0.487191244261339,0.24244652222842,0.961233506677672,0.242091693449765,0.727722999406978,0.765318100806326,0.851723003201187,0.0965797037351876,0.323920672060922,0
0.232021027841233,0.026693842298165,0.763962782220915,0.0882633381988853,0.218338624341413,0.870533055393025,0.739744037622586,0.976085752015933,0.948933009523898,0.480390324257314,0
0.273159143980592,0.676904490450397,0.137284748256207,0.744370505679399,0.890588588546962,0.434891213197261,0.484060667222366,0.648560526547953,0.736034332076088,0.140416252426803,0
0.395795456250198,0.45349518393632,0.345510549610481,0.968935505719855,0.403234620112926,0.75887134950608,0.930045940680429,0.921060648979619,0.408317005261779,0.57311629736796,0
0.399490360403433,0.639875004300848,0.767630491871387,0.451911101583391,0.422846771543846,0.663111079018563,0.109101281501353,0.635401152307168,0.924191357102245,0.774122849106789,0
0.66074413433671,0.758206208003685,0.518313286826015,0.78820122545585,0.250912009039894,0.00982441962696612,0.123422184260562,0.924814950441942,0.966905370820314,0.602265639230609,0
0.348618576768786,0.602185633033514,0.794975092867389,0.0909623047336936,0.717138303909451,0.676638127537444,0.50833538454026,0.183259514160454,0.780647489242256,0.207576011540368,0
0.0488071388099343,0.475434297230095,0.597349625313655,0.884179852670059,0.885626618750393,0.947072964627296,0.202804633881897,0.373925124760717,0.483675573486835,0.957726808963344,0
0.512710300972685,0.485581578686833,0.0490461906883866,0.533350017620251,0.4341883554589,0.245192173169926,0.224838955095038,0.391497610369697,0.288667400367558,0.736877627205104,0
0.432505745673552,0.00844951812177896,0.316738115390763,0.232131463941187,0.416096782078966,0.514962584478781,0.831366603262722,0.448558348231018,0.186396893113852,0.429091633995995,0
0.513357116607949,0.130024842219427,0.922567719593644,0.0232096079271287,0.648400308331475,0.872673426289111,0.599239933071658,0.747676799306646,0.24789991020225,0.153145393356681,0
0.239735335577279,0.667724671773612,0.528605277417228,0.868473113514483,0.7020814192947,0.217855271184817,0.197446214267984,0.121562801767141,0.343250326113775,0.447160850279033,0
0.670870325528085,0.822183888172731,0.820573026081547,0.795003785053268,0.79743651393801,0.211101812543347,0.504136226372793,0.833570822840557,0.100060507422313,0.762199896620587,0
0.770157006336376,0.862760524265468,0.491210474167019,0.201590305194259,0.517218510387465,0.807586057111621,0.66671737539582,0.991448332089931,0.358306316891685,0.491209636675194,0
0.00333265867084265,0.150601575849578,0.347872764104977,0.860472230706364,0.874101417139173,0.0496303290128708,0.691499188542366,0.585305592045188,0.309965835418552,0.261604770785198,0
0.638058692513872,0.382446334968321,0.5262894583866,0.0950551528949291,0.704856490716338,0.428646429907531,0.0852722739800811,0.931936136912555,0.939328071894124,0.328521678224206,0
0.326423129765317,0.355607744539157,0.922823297325522,0.176468057092279,0.298824884230271,0.940151265822351,0.28408171935007,0.454199332511052,0.00159886199980974,0.958994838641956,0
0.273898782995157,0.306114241507091,0.319660727633163,0.0360853576567024,0.748542241286486,0.0432726957369596,0.352143518161029,0.0380960267502815,0.0149647570215166,0.881835195701569,0
