"1","2","3","4","5","6","7","8","9","10","class"
0.477464504539967,0.365188887342811,0.88885605125688,0.606839257990941,0.240258797071874,0.351323194801807,0.989584975410253,0.354487158590928,0.294736961601302,0.988762330962345,0
0.923062185844686,0.873908240933623,0.648397887591273,0.802459865808487,0.789275776362047,0.288738993462175,0.251994651043788,0.447626177920029,0.478321506874636,0.178293815348297,0
0.408644555136561,0.225502785062417,0.00111613050103188,0.916453645797446,0.100507974857464,0.334705441724509,0.504197581205517,0.237812604987994,0.384083668235689,0.83100049640052,0
0.558904914883897,0.861706379568204,0.529291676357388,0.67830255930312,0.262289009988308,0.936244739219546,0.438876622822136,0.815329869743437,0.921428575180471,0.869400715455413,0
0.639802320161834,0.68173447670415,0.876434063306078,0.922554071294144,0.492520102998242,0.723221752094105,0.00877719046548009,0.410081401932985,0.518915350316092,0.669867496704683,0
0.851741375867277,0.991099295206368,0.434604128589854,0.673670244636014,0.499473274219781,0.317096865735948,0.623819813597947,0.0260491366498172,0.0995399036910385,0.990167344221845,0
0.207615888444707,0.516282741678879,0.257088975980878,0.516630332218483,0.930412406101823,0.45268369698897,0.233023510081694,0.437664965400472,0.786300693172961,0.0941725401207805,0
0.688431023537368,0.854907109043934,0.258169423323125,0.108517731074244,0.71185215562582,0.391149824485183,0.827191452961415,0.567963131703436,0.53618460171856,0.950157521059737,0
0.616157629527152,0.278622810728848,0.997488486114889,0.844346744706854,0.537926021730527,0.779976851772517,0.0384560420643538,0.320276308106259,0.772706489544362,0.512300580507144,0
0.832053177255578,0.960357166131772,0.290193800581619,0.604359302204102,0.554737315047532,0.317548326449469,0.272526070708409,0.482550981454551,0.325984874041751,0.71650861017406,0
0.569250582251698,0.630532358307391,0.0727132000029087,0.327087907353416,0.434067947790027,0.375645376974717,0.32675285008736,0.0622103037312627,0.0215077376924455,0.0776462056674063,0
0.204475071780849,0.0738337926504202,0.0894035862293094,0.393583917524666,0.798666878137738,0.489662090083584,0.983491588616744,0.0150120141915977,0.62390274181962,0.816321236081421,0
0.0140762045048177,0.336472215829417,0.0965400589630008,0.974283936666325,0.501471636816859,0.353558586444706,0.141518691787496,0.00028949836269021,0.603112399810925,0.552829171996564,0
0.620105618610978,0.3078130511567,0.39832900534384,0.379861783469096,0.365275653311983,0.149151094956324,0.35782987321727,0.410009656334296,0.653986566700041,0.206559884129092,0
0.46676249243319,0.0482165238354355,0.60191797465086,0.12370905908756,0.592980973888189,0.634653166402131,0.872641326626763,0.149979083565995,0.401433350285515,0.788246368523687,0
0.429651072142646,0.469427768757101,0.248457288835198,0.15441568987444,0.410386133007705,0.665487897815183,0.258681527338922,0.88990710186772,0.416364128002897,0.311133209383115,0
0.332079315961711,0.214724080721289,0.477583108004183,0.118176382035017,0.856065074214712,0.123517650645226,0.792580427834764,0.789375958032906,0.458155626198277,0.620276515139267,0
0.524796934501641,0.0886326393378898,0.534571632742882,0.438509862637147,0.701004307949916,0.241116269025952,0.182235962944105,0.164272960042581,0.0181068188976496,0.131246762117371,0
0.205196850933135,0.611574997194111,0.686387390131131,0.291620615404099,0.833711384329945,0.930766772013158,0.8784712809138,0.300929082324728,0.763996186200529,0.530462908092886,0
0.151954827203415,0.356410306138359,0.981183849973604,0.0495983180589974,0.990613868460059,0.424983710283414,0.098186157643795,0.336685075191781,0.573931481223553,0.756467921892181,0
0.129155658883974,0.0585838323459029,0.433045597281307,0.899060961557552,0.430494794622064,0.340737667167559,0.0411216162610799,0.37562222708948,0.57652509608306,0.316711568040773,0
0.995937041705474,0.587688485858962,0.443753544706851,0.812451247591525,0.461794754024595,0.0238621197640896,0.546424204716459,0.382407642435282,0.547400048468262,0.819800615310669,0
0.525540784234181,0.549814782803878,0.662250538589433,0.455863187322393,0.248025286011398,0.512296601431444,0.777243708260357,0.113716601394117,0.648409120040014,0.346607562387362,0
0.711538217952009,0.503150612931885,0.418722613481805,0.639447267632931,0.780373665038496,0.287042276700959,0.234987959964201,0.474040818633512,0.368653685552999,0.322784152813256,0
0.953900078777224,0.992341338424012,0.790407194988802,0.234612521249801,0.0480610383674502,0.713608537567779,0.498607326764613,0.84999174438417,0.310969041660428,0.919844360090792,0
0.480988247785717,0.819452472263947,0.313719577854499,0.293015554314479,0.473672020249069,0.833043784834445,0.524578989250585,0.433767617214471,0.295056746341288,0.3731208529789,0
0.57281986810267,0.453290667152032,0.976394673110917,0.405861566774547,0.356610951479524,0.804363468894735,0.792238723253831,0.927961613750085,0.263805493246764,0.219831943744794,0
0.0254295186605304,0.188728635432199,0.0523825585842133,0.776135934516788,0.603163987863809,0.158615130465478,0.796810253988951,0.731477637542412,0.507387941936031,0.850578725570813,0
0.295788353076205,0.656928086420521,0.229130493476987,0.179150379262865,0.0887939571402967,0.345480211311951,0.551896647782996,0.687100264942273,0.0997876895125955,0.24658107268624,0
0.374606018653139,0.627466855337843,0.72267409064807,0.998108657309785,0.462714471388608,0.959737689467147,0.878849727800116,0.364070934476331,0.93857520702295,0.286779487505555,0
0.485658520832658,0.188774721231312,0.657497983891517,0.904787394683808,0.583797223633155,0.454893839545548,0.540515995584428,0.045788497896865,0.97751431283541,0.574441211763769,0
0.739500107942149,0.465476828860119,0.939528386807069,0.474122527055442,0.184715327806771,0.411753593245521,0.406472704838961,0.608291430631652,0.840247562155128,0.171354718040675,0
0.511218754567206,0.0840769977124408,0.716803691349924,0.130062458571047,0.294005364179611,0.23975645005703,0.936435987940058,0.383897087536752,0.236151800490916,0.727632070425898,0
0.972978900419548,0.912740514380857,0.752252772450447,0.706980283837765,0.890521654160693,0.13618047023192,0.441505353664979,0.162615699227899,0.290448399493471,0.599920233944431,0
0.266409654170275,0.569625347154215,0.467827811138704,0.0852665388956666,0.842259554890916,0.765886108390987,0.46245829295367,0.0365867449436337,0.495747606502846,0.152838658774272,0
0.624038897746708,0.893902469974942,0.974654299672693,0.855570068117231,0.398462114622816,0.729635698953643,0.641285271150991,0.0579074234701693,0.40129301068373,0.900833843508735,0
0.947871898300946,0.520589613588527,0.0220987242646515,0.306648625293747,0.572233803803101,0.0745298417750746,0.824997814605013,0.125117936637253,0.97379876463674,0.411042397143319,0
0.119524601381272,0.414706471841782,0.342870988184586,0.436167672742158,0.785575600340962,0.736993873026222,0.806426437105983,0.483248605858535,0.374805068597198,0.551340803969651,0
0.309734820388258,0.654406985500827,0.765291312243789,0.64695476507768,0.107422876171768,0.275677061406896,0.253727570641786,0.679970369208604,0.416048472514376,0.842607439728454,0
0.910005192738026,0.947925865184516,0.802847014274448,0.721345829078928,0.12065444025211,0.311222344404086,0.580616520252079,0.607140529900789,0.512861547991633,0.792962058214471,0
0.432626456720755,0.769959477707744,0.688828237354755,0.309748151572421,0.0785735254175961,0.504063907079399,0.680114730494097,0.0677874202374369,0.075250695226714,0.884366488084197,0
0.855223761289939,0.970257373914123,0.270253914874047,0.169925278285518,0.31010297476314,0.314307468710467,0.486696577863768,0.569029316306114,0.628405174007639,0.175005187978968,0
0.520297730574384,0.240598995704204,0.444614715874195,0.898515274748206,0.944962879177183,0.723810983588919,0.249564448138699,0.892171293729916,0.0109617246780545,0.552942985668778,0
0.427327978657559,0.318691821536049,0.0269921279978007,0.676742400508374,0.504673757823184,0.790205931523815,0.703097993275151,0.960393887246028,0.381239309441298,0.971085067372769,0
0.329047946725041,0.765375458402559,0.0651869191788137,0.0372200289275497,0.627685451414436,0.780842398060486,0.699939981568605,0.264421201776713,0.310869288165122,0.934199425857514,0
0.624904698692262,0.583490593591705,0.689242225140333,0.74074766295962,0.444886882789433,0.984944901196286,0.541062756907195,0.97728792252019,0.696120945969597,0.036984350066632,0
0.49249516800046,0.566453125094995,0.695041200844571,0.51670447550714,0.836298058275133,0.5491581663955,0.739309094846249,0.127759289462119,0.853107624221593,0.870848920661956,0
0.15486568864435,0.56531414273195,0.78290289756842,0.0796797042712569,0.242145955562592,0.247371750418097,0.133055997313932,0.00967232882976532,0.81507876701653,0.29532501171343,0
0.304324334021658,0.442783094709739,0.756202495424077,0.917646510060877,0.749013098422438,0.488009024877101,0.746173616731539,0.732043963624164,0.249917128123343,0.59600202832371,0
0.471024526050314,0.92253547674045,0.632838272955269,0.0508771019522101,0.802985575515777,0.401909471489489,0.658984499517828,0.0122856963425875,0.418173892656341,0.872848451603204,0
0.566173329949379,0.541861179051921,0.927869848208502,0.492860913975164,0.314643223769963,0.407319345278665,0.431594837456942,0.731356041040272,0.75801704521291,0.88957496942021,0
0.560004800579324,0.23992122305464,0.710356940515339,0.726760440971702,0.978776716860011,0.0785092036239803,0.0470958696678281,0.0988582000136375,0.564709234749898,0.627424405654892,0
0.972637858008966,0.862397008109838,0.468976297648624,0.830385574838147,0.934279492823407,0.916645475663245,0.563336525578052,0.667029466712847,0.148128664819524,0.129077351652086,0
0.638487085295282,0.701303757829778,0.882612536195666,0.10046040522866,0.751445428468287,0.839458184316754,0.264763846993446,0.639341149711981,0.355785451829433,0.221045115962625,0
0.155699501512572,0.374996197875589,0.131211560918018,0.750715222209692,0.727146208519116,0.702436760999262,0.195109432097524,0.720235429704189,0.684436433250085,0.89126820419915,0
0.99215675261803,0.798770186491311,0.445734007516876,0.557623906061053,0.0239933656994253,0.824823641683906,0.336257556453347,0.876758305821568,0.847136384807527,0.760511255124584,0
0.392098572570831,0.692868901416659,0.21682858443819,0.386631361674517,0.0554188571404666,0.248445227043703,0.754592889919877,0.837286234134808,0.248460069764405,0.523157094372436,0
0.166783464839682,0.0948511858005077,0.35261370241642,0.495633404469118,0.105724107474089,0.445115996990353,0.257606102852151,0.261814806610346,0.332397368038073,0.226983501343057,0
0.559115185960755,0.549569877469912,0.751127999974415,0.719153710175306,0.432352165458724,0.0707214917056262,0.381659235805273,0.839127845130861,0.0845159452874213,0.393211611779407,0
0.36762344593266,0.177359512397461,0.626013557193801,0.789200836792588,0.448951091151685,0.577808439731598,0.720557307126001,0.349683227017522,0.228465679334477,0.153766654897481,0
0.152514570102096,0.435016949560493,0.329895309638232,0.543151140213013,0.425550009589642,0.767279919469729,0.0417878541629761,0.0550207900814712,0.836427695117891,0.464349086396396,0
0.067040939386189,0.183156761109363,0.404132412746549,0.430638781748712,0.834540762938559,0.801135530462489,0.407603250117972,0.0327059654518962,0.938333719968796,0.0425626288633794,0
0.371656073955819,0.632881279336289,0.174202104099095,0.395136478357017,0.0954966056160629,0.189490160671994,0.549196282634512,0.109781250124797,0.730161166517064,0.415004143258557,0
0.549703817369789,0.736373917345237,0.930516075575724,0.780991389881819,0.233193806139752,0.653811501339078,0.418412111699581,0.597167829750106,0.67168137896806,0.435185337206349,0
0.825144584523514,0.938925262307748,0.656946108676493,0.0203238083049655,0.785597935086116,0.608908066293225,0.0898803330492228,0.111572011606768,0.221650762716308,0.531744259176776,0
0.434234299464151,0.397283440688625,0.750102107645944,0.947082967730239,0.690611455822363,0.681890862761065,0.961842108052224,0.675708901137114,0.383327806601301,0.675591284874827,0
0.623960996977985,0.601041275076568,0.24975178972818,0.180895254714414,0.107191428774968,0.323101055342704,0.473075076472014,0.189198248554021,0.50338839692995,0.913817016407847,0
0.871355003211647,0.736070153070614,0.237908415030688,0.186350137228146,0.0541603621095419,0.48039509751834,0.130835494957864,0.189816009486094,0.412521008169279,0.613935786765069,0
0.753196820151061,0.405256447847933,0.1735638033133,0.95104904496111,0.228674144251272,0.804507772671059,0.598378168884665,0.265302557498217,0.918517148820683,0.780589058296755,0
0.917679352685809,0.778062336379662,0.341856035869569,0.0550076030194759,0.286246998934075,0.274665768258274,0.848984683630988,0.962102852063254,0.163693216396496,0.688192934729159,0
0.851451741298661,0.591062946710736,0.065055568004027,0.823857083683833,0.132247435394675,0.320133194327354,0.11310336086899,0.411291264696047,0.375242897076532,0.496459209825844,0
0.698209181427956,0.798026241827756,0.720471950946376,0.93399057444185,0.742173789301887,0.249569421634078,0.309893632074818,0.286677330033854,0.143925370415673,0.522044054698199,0
0.618376383092254,0.818287661299109,0.374252431793138,0.352885817177594,0.0233688100706786,0.746204561321065,0.747734685428441,0.131402055034414,0.822383063379675,0.925364141585305,0
0.0109934743959457,0.296757709002122,0.202297326410189,0.409990404499695,0.458471440710127,0.678786722011864,0.48042555898428,0.0464891602750868,0.558694855077192,0.734079111367464,0
0.624114075899124,0.917550064346194,0.00308806146495044,0.786983797559515,0.321087745949626,0.132859258446842,0.927874224260449,0.000840129796415567,0.0889918387401849,0.947903536260128,0
0.372753944247961,0.279176866868511,0.966127070132643,0.317299152491614,0.691146806580946,0.0627226931974292,0.780181538313627,0.258165303384885,0.660183153115213,0.0767675607930869,0
0.742381121963263,0.609399675857276,0.124582720454782,0.546514812158421,0.733913501724601,0.0960207087919116,0.128118307096884,0.939503838540986,0.778484842507169,0.517417882569134,0
0.21968431061171,0.066606999493856,0.871879959944636,0.593977951444685,0.288111177738756,0.390903431689367,0.772516906028613,0.00377320311963558,0.169381239451468,0.359150836477056,0
0.902841323634237,0.704284535112977,0.608495864551514,0.0928165323566645,0.761716734850779,0.339902786538005,0.301296672550961,0.565795440226793,0.133308154530823,0.228231761604548,0
0.0593850682489574,0.342116228770465,0.637500633718446,0.181108451914042,0.559219996677712,0.581611762056127,0.117862391518429,0.674573132302612,0.349302695365623,0.766097973799333,0
0.642419433919713,0.559305208502337,0.898924027569592,0.151714790146798,0.686985241016373,0.547246368601918,0.267032935051247,0.535931667778641,0.240160777466372,0.207821295130998,0
0.421869393670931,0.853266035439447,0.419143346138299,0.527328991098329,0.877772015985101,0.285060448339209,0.00146004278212786,0.310493567958474,0.355921792099252,0.315497724805027,0
0.6438021382045,0.992189267743751,0.401601299643517,0.413148053921759,0.563408921007067,0.830556701170281,0.286936144344509,0.514086307957768,0.975134536391124,0.58145329868421,0
0.13193049072288,0.204774095444009,0.227490787394345,0.428193175466731,0.382590951863676,0.890914770541713,0.512530216015875,0.0694529998581856,0.397468154551461,0.983612396288663,0
0.83645504335016,0.758158102413826,0.520270355278626,0.565663128392771,0.19142306316644,0.316576933953911,0.130231670802459,0.975225998321548,0.910897040041164,0.0329853729344904,0
0.410824781283736,0.0382327430415899,0.347041129134595,0.404629340395331,0.576447298051789,0.237139238510281,0.327790442155674,0.780446800636128,0.485789408674464,0.782484696246684,0
0.701074628625065,0.928058056626469,0.59544060472399,0.994804597692564,0.0807103374972939,0.797980703413486,0.910146658075973,0.829827528679743,0.690608550794423,0.312628806801513,0
0.489483321483247,0.316499664552789,0.0145499978680164,0.429847975727171,0.00590456137433648,0.516762939514592,0.444535021437332,0.97605292359367,0.984565746737644,0.745148744434118,0
0.251515504709445,0.463893803772703,0.525813652435318,0.00302285398356616,0.211342085851356,0.653287672204897,0.562492088647559,0.959205355029553,0.908888045465574,0.513895288109779,0
0.245171699207276,0.122610212303698,0.0155217000283301,0.0439479271881282,0.529976268298924,0.365767711773515,0.294891519239172,0.910766187123954,0.974241197342053,0.710595616139472,0
0.468976299744099,0.264739524340257,0.762061903253198,0.844349515158683,0.788313335273415,0.6562382329721,0.937991501530632,0.00262284465134144,0.178524550748989,0.515360602876171,0
0.564611874753609,0.435409434372559,0.351376899518073,0.609824877930805,0.243451682850718,0.927329757716507,0.273240487556905,0.364622157299891,0.69017292256467,0.300528539111838,0
0.457840014249086,0.796149574685842,0.12348422082141,0.63479887554422,0.592570940963924,0.635432248935103,0.218377810902894,0.946924561401829,0.714236919069663,0.675215722294524,0
0.0242092492990196,0.477788011543453,0.69028329430148,0.00830849609337747,0.763349212007597,0.789516372838989,0.850420305039734,0.505500241881236,0.818565496942028,0.937765031354502,0
0.133597513197362,0.0637441986344755,0.391487104352564,0.535054092295468,0.65024675312452,0.802347813732922,0.378688062075526,0.601578379282728,0.48673245171085,0.969891134416685,0
0.428773132918403,0.171108740692493,0.857538608135656,0.903554646763951,0.165680719073862,0.433763469336554,0.305732553591952,0.577201019972563,0.040947915520519,0.113662029616535,0
0.000650749982148424,0.0950011307084933,0.644031416857615,0.584724877262488,0.390533744823188,0.241192877292633,0.314727558754385,0.0591958567965776,0.230020367307588,0.195501367328689,0
0.549213997076172,0.19482672030963,0.450834872433916,0.117078642593697,0.68938466697,0.851438980316743,0.222294164821506,0.791871039895341,0.485412137117237,0.132941848132759,0
0.583837485406548,0.604970347834751,0.455064359121025,0.958790673641488,0.479310161434114,0.951402205042541,0.409366191364825,0.839355165837333,0.530673331581056,0.825388182187453,0
0.845985282212496,0.52425129362382,0.171315919607878,0.439387177117169,0.824346445733681,0.820625971071422,0.162203629501164,0.0573383544106036,0.0657924558036029,0.615017162403092,0
