"1","2","3","4","5","6","7","8","9","10","class"
0.165327404038981,0.451309298831038,0.277175296563655,0.442467217566445,0.924996459623799,0.479434112552553,0.48204380995594,0.442509005777538,0.932596043683589,0.231398355681449,0
0.614187818719074,0.466270865872502,0.594912414671853,0.479574255179614,0.323301807045937,0.392650628695264,0.955006978241727,0.277561999857426,0.39735726849176,0.681069151032716,0
0.532546973787248,0.812369093298912,0.0906949134077877,0.853560682618991,0.813084636814892,0.460236575454473,0.0683030679356307,0.321903382660821,0.589006159454584,0.277057264233008,0
0.0268492833290249,0.0726456417475827,0.896823374554515,0.641919980989769,0.734521308913827,0.592433642130345,0.0824751551263034,0.41896776878275,0.534317421028391,0.377678723074496,0
0.92384561127983,0.571897091343999,0.590841883094981,0.48307567066513,0.0458672891836613,0.231182403629646,0.324071304406971,0.388196086278185,0.171839493792504,0.729884614702314,0
0.491487805731595,0.716931079281494,0.768058989429846,0.378687630407512,0.0941666394937783,0.205793776083738,0.911547360708937,0.21255165617913,0.166347139514983,0.458692081039771,0
0.494914018781856,0.120913425926119,0.765886219916865,0.631005023373291,0.21809879085049,0.976660926360637,0.108559245476499,0.152740597492084,0.579705768497661,0.350727987242863,0
0.350525709440745,0.348280319658015,0.405442898860201,0.297981375828385,0.348227951908484,0.3864870602265,0.219749111915007,0.205340926302597,0.815723870880902,0.480697511229664,0
0.722272325539961,0.334550719475374,0.3403933160007,0.9376354617998,0.504867172567174,0.509419049834833,0.234090889571235,0.684553675819188,0.626114027341828,0.267571746604517,0
0.216878263069782,0.135751248109341,0.958351504988968,0.106211818289012,0.582861229078844,0.938274719053879,0.0391986973118037,0.918229546397924,0.357464410830289,0.511979633010924,0
0.199869491159916,0.67960979626514,0.182106857653707,0.734391618985683,0.214513373794034,0.573986409930512,0.321852260502055,0.940519564086571,0.316959156887606,0.778506374917924,0
0.829335137270391,0.471302562626079,0.989642723696306,0.354928901186213,0.791612768312916,0.355132067808881,0.673350113909692,0.56999569456093,0.619582650251687,0.217700474895537,0
0.497922244112007,0.763878883735836,0.291103864321485,0.668165103066713,0.384605394210666,0.0573450429365039,0.0943913613446057,0.705066007561982,0.567253186833113,0.757926605176181,0
0.225338994921278,0.283012642473727,0.465967424679548,0.739313801284879,0.0940410408657044,0.461540979333222,0.575895511778072,0.600440084701404,0.728287954814732,0.549033923773095,0
0.920512277632952,0.765947334002703,0.589118900476024,0.0345097973477095,0.329382925760001,0.304329914040864,0.16380334389396,0.677034032763913,0.3637852917891,0.487468362785876,0
0.217206184752285,0.0421105585992336,0.918085890589282,0.512220715871081,0.465403540991247,0.530160166556016,0.809377643279731,0.0401325509883463,0.64542074361816,0.463128889910877,0
0.679701117798686,0.267695715650916,0.0825105544645339,0.966928265755996,0.819095465121791,0.910189548041672,0.334000584436581,0.87015273142606,0.490592214744538,0.485455185407773,0
0.975098486524075,0.848639324773103,0.0737790986895561,0.308125514537096,0.298792382935062,0.0262403138913214,0.453126343199983,0.163421743782237,0.132887010229751,0.649081802228466,0
0.601790944347158,0.18638247740455,0.85131723061204,0.110702618258074,0.602455993648618,0.0895871834363788,0.110858376137912,0.699965280247852,0.267001100117341,0.852471777005121,0
0.594767070899997,0.561380409573484,0.95263500791043,0.0812570743728429,0.642884193221107,0.97508548758924,0.481894394848496,0.445476637454703,0.991124941268936,0.207333693513647,0
0.221275834899396,0.148949303592555,0.102757412940264,0.769671841291711,0.441749746911228,0.820075017865747,0.980670257704332,0.942517549032345,0.728534227469936,0.249291031155735,0
0.469070912571624,0.508946450427175,0.0518377057742327,0.579382386989892,0.87464638450183,0.197243755217642,0.790032424498349,0.911303834524006,0.285454609431326,0.964657801901922,0
0.487326517322287,0.479740295479074,0.539046794408932,0.474504367215559,0.0893357708118856,0.79560809652321,0.81705228285864,0.803327472880483,0.733824494527653,0.111753948498517,0
0.212989126564935,0.199594131903723,0.0949290385469794,0.899811705341563,0.266466145636514,0.476067583076656,0.308323540957645,0.709284876938909,0.535656323190778,0.864015020197257,0
0.555517444387078,0.567598584340885,0.0131634741555899,0.632031238405034,0.394635550910607,0.234463009750471,0.982205391861498,0.307256322121248,0.21115116472356,0.553677999181673,0
0.14360181769589,0.519565250573214,0.402889650082216,0.737241575727239,0.0427571816835552,0.832302155671641,0.528735701460391,0.160002186661586,0.306845225859433,0.451559259556234,0
0.327756132827327,0.307058345909044,0.731519113760442,0.78424693015404,0.284932782175019,0.494148874888197,0.650564453797415,0.27004294632934,0.863067258382216,0.281567504396662,0
0.382428675889969,0.305489463265985,0.135974014177918,0.496141940820962,0.63534380402416,0.302986671216786,0.481773578561842,0.704027071129531,0.691344048362225,0.307418789481744,0
0.896359361708164,0.445278971688822,0.971629418432713,0.0650775486137718,0.056970784207806,0.173519040225074,0.0119331555906683,0.426129854749888,0.150105537613854,0.192097506020218,0
0.145381727954373,0.182969065150246,0.254618967883289,0.646411159308627,0.48865860234946,0.196047911187634,0.11390651203692,0.720076040597633,0.410056566819549,0.871008455520496,0
0.602809005692601,0.770043577091768,0.0989683894440532,0.095435940194875,0.686606756178662,0.398874849546701,0.963230419438332,0.755198870552704,0.928149215644225,0.277515703579411,0
0.681865790626034,0.513723975047469,0.595948948292062,0.129819391062483,0.682894454337656,0.319300729781389,0.374176690587774,0.298382943263277,0.780707823811099,0.786412588786334,0
0.416866434505209,0.0486550948116928,0.872880304697901,0.524952014209703,0.40694843721576,0.078975398093462,0.190362691879272,0.284519454231486,0.894805704941973,0.363933390472084,0
0.0574335281271487,0.336608613142744,0.714420210337266,0.889882039511576,0.0899891334120184,0.186127352528274,0.710715152323246,0.830432415707037,0.327923907898366,0.388687276747078,0
0.398515736451373,0.274515006225556,0.0263611637055874,0.947322922293097,0.947808421682566,0.734868874540552,0.45612182491459,0.914464624831453,0.0691478860098869,0.85022025834769,0
0.164012575522065,0.245945194270462,0.294082683743909,0.291032391833141,0.407208635937423,0.0779254848603159,0.486129306256771,0.696846076985821,0.650802310090512,0.660708792507648,0
0.566160147744231,0.938021394491941,0.954358743270859,0.440178711665794,0.127971232868731,0.706513836979866,0.654246561927721,0.543304619845003,0.766949384240434,0.110411030706018,0
0.917223431635648,0.68156593805179,0.907301334198564,0.631926685571671,0.452504816930741,0.889295750996098,0.0746992598287761,0.209345822222531,0.252026139991358,0.0767777767032385,0
0.889141645049676,0.40152954752557,0.783008066238835,0.0748220256064087,0.0922734150663018,0.736721266061068,0.330517268739641,0.0951011623255908,0.694474521325901,0.609680271474645,0
0.557935031829402,0.561430340399966,0.587251822696999,0.15661529940553,0.844513349002227,0.963255608687177,0.318809970747679,0.803220609435812,0.581301948986948,0.646235600812361,0
0.0444965363582596,0.0621159522198141,0.420754732564092,0.344187198439613,0.124303036369383,0.209237121744081,0.870392611250281,0.536719283554703,0.937092713313177,0.849587405333295,0
0.276749478102569,0.246266943828668,0.0539898155257106,0.657453281339258,0.957104414235801,0.0593857853673398,0.824169904692098,0.360395557945594,0.198160448810086,0.793914498528466,0
0.942387652816251,0.738617149880156,0.387367792194709,0.834719497943297,0.995367456926033,0.459990032715723,0.930747195379809,0.705167522188276,0.629834922961891,0.691672108368948,0
0.172707248944789,0.378551817964762,0.0536691516172141,0.58367874356918,0.777664428343996,0.43322322354652,0.976124978624284,0.899440336041152,0.29689162876457,0.743278345558792,0
0.941019542515278,0.579534889664501,0.613083347678185,0.777264224132523,0.443252499215305,0.978977821301669,0.19519530236721,0.494742000475526,0.0364136137068272,0.950353939784691,0
0.810909376479685,0.834961558692157,0.0758618293330073,0.694051738362759,0.437168651726097,0.710127958329394,0.787546551553532,0.576652265153825,0.135516688926145,0.434925460955128,0
0.165086335269734,0.414623481454328,0.969990065786988,0.871435255277902,0.987065145745873,0.98896862892434,0.430910845287144,0.880333429435268,0.547609086614102,0.10916132829152,0
0.778609975605085,0.940190497345198,0.833390341605991,0.198181621497497,0.901101916097105,0.0930284147616476,0.913365748012438,0.114605724578723,0.880300737451762,0.224807515507564,0
0.326779385092668,0.29024582864698,0.28843374713324,0.709570210659876,0.0123352527152747,0.971589468885213,0.0918750253040344,0.721092607360333,0.636188313830644,0.221554584801197,0
0.571283464785665,0.07684270828031,0.0339418712537736,0.517477332614362,0.973322087433189,0.970342226326466,0.577698057983071,0.539699943503365,0.670867092208937,0.659493231447414,0
0.364394254749641,0.728071878198534,0.297880206955597,0.813840289367363,0.321718760300428,0.667521372204646,0.837102852296084,0.769387908512726,0.557876059319824,0.435405071591958,0
0.327609080588445,0.785754940239713,0.887587595032528,0.0160875550936908,0.851040130481124,0.721518751000986,0.976187370251864,0.350978951668367,0.211002293974161,0.885797018418089,0
0.401467480696738,0.890775396255776,0.727267163572833,0.152955854777247,0.625698496121913,0.799626702908427,0.340898395050317,0.487065010238439,0.472581024514511,0.917414497351274,0
0.344598193885759,0.71307629533112,0.089842670597136,0.47589369956404,0.89694710355252,0.611514540622011,0.960429437458515,0.701548670651391,0.545319058001041,0.674741192488,0
0.49127870968394,0.480405692235008,0.730876836925745,0.449465366778895,0.108924739994109,0.399374677333981,0.674487595912069,0.28397371340543,0.573128544725478,0.940190687775612,0
0.429656561332289,0.475667118992191,0.45699829631485,0.534787765005603,0.890174539759755,0.675788465188816,0.600774488411844,0.189394432352856,0.761866193264723,0.85909427376464,0
0.478469965746626,0.792689926689491,0.00107251247391105,0.744744963478297,0.712528486503288,0.886912691872567,0.48806517617777,0.40429604658857,0.894757096655667,0.287805756786838,0
0.719253789866343,0.39026633859612,0.9246010936331,0.306984946364537,0.511746527859941,0.308150816941634,0.416740885004401,0.595611893339083,0.0618564633186907,0.262603641953319,0
0.545578185003251,0.383442037273198,0.458859669277444,0.0732855475507677,0.376026184298098,0.656945897033438,0.773075258359313,0.904578630346805,0.0125347047578543,0.175956848310307,0
0.854587498586625,0.869754193117842,0.925195868359879,0.983858610503376,0.692053563892841,0.665185888530686,0.866004426963627,0.672031745780259,0.138431847793981,0.265103140147403,0
0.470945359906182,0.374159719329327,0.258473142050207,0.350197141524404,0.82515201321803,0.769008391071111,0.919480329146609,0.870472145965323,0.38799372734502,0.265955845825374,0
0.774362340802327,0.888658084440976,0.0705486829392612,0.273716839030385,0.920301167527214,0.631360029103234,0.0157311889342964,0.967016048496589,0.547131332568824,0.511251639574766,0
0.520087691955268,0.697390353539959,0.367688431870192,0.756954132113606,0.903133715037256,0.445116467308253,0.109045931138098,0.23915007407777,0.420629076194018,0.0803947634994984,0
0.567818001378328,0.169447771506384,0.326604502042755,0.718436121707782,0.171949127921835,0.134252672549337,0.317440370796248,0.157803950598463,0.704460419015959,0.837193513754755,0
0.584143028354645,0.516419840270095,0.104120066855103,0.154866315191612,0.903931461507455,0.110751406522468,0.450415457598865,0.50889923190698,0.662812308873981,0.68404521769844,0
0.425522065954283,0.882586957653984,0.46144978213124,0.364572555525228,0.0495942058041692,0.204569545108825,0.198478147154674,0.868209899868816,0.820428705774248,0.814503180328757,0
0.530172003433108,0.559104817919433,0.62005713977851,0.240469295764342,0.72873596730642,0.534003346227109,0.0689100907184184,0.235378319397569,0.343200515257195,0.927943571005017,0
0.576099259313196,0.944992095697671,0.298362503992394,0.435138745000586,0.232407970353961,0.120895161293447,0.584630293073133,0.384437524015084,0.176051045069471,0.106444468721747,0
0.325253686634824,0.0348889548331499,0.0441709104925394,0.729072913760319,0.369100361829624,0.0990543335210532,0.751358411973342,0.506435309303924,0.998546522576362,0.447836715728045,0
0.61465646000579,0.953081779647619,0.701357428217307,0.706490848213434,0.40563387144357,0.402542802272364,0.798416949575767,0.509424563730136,0.858046424807981,0.113992534810677,0
0.558948175981641,0.659047889523208,0.139372935052961,0.220212944317609,0.280121144605801,0.824035449419171,0.499487424269319,0.96268519712612,0.560580307152122,0.641427352558821,0
0.570135100977495,0.392738803522661,0.279491754481569,0.134907657047734,0.292569404700771,0.838046356569976,0.50178813864477,0.868203634861857,0.986637861235067,0.17029245919548,0
0.681647122139111,0.32990735094063,0.487488299841061,0.524483109358698,0.570958570577204,0.327485827496275,0.408718443708494,0.610213574487716,0.323513711802661,0.457390126306564,0
0.98627467523329,0.815611388301477,0.293794851284474,0.715778566431254,0.246153379557654,0.896130186272785,0.670635587070137,0.523812073282897,0.182959920726717,0.608673662180081,0
0.316111268475652,0.51990739768371,0.584951597033069,0.532329384004697,0.883073545061052,0.513609964167699,0.11650039977394,0.463215299416333,0.154318127082661,0.8596819085069,0
0.578485428122804,0.673183571081609,0.4038103048224,0.389035722473636,0.323629473568872,0.677366079995409,0.718083189800382,0.328829705482349,0.238094822736457,0.593200562288985,0
0.596148698590696,0.196467163274065,0.238487447844818,0.287976736901328,0.704564576968551,0.901069678599015,0.894506557146087,0.262925929622725,0.0574190064799041,0.554396820720285,0
0.778375481488183,0.278921950608492,0.0161993529181927,0.578965387307107,0.205696156946942,0.306075864471495,0.611107133794576,0.0600561692845076,0.711423987289891,0.654471367131919,0
0.837361199548468,0.477059564553201,0.822671582456678,0.822439460549504,0.752460471587256,0.731520415749401,0.292134270304814,0.291208770824596,0.848180248402059,0.956090640742332,0
0.858563643647358,0.696288453182206,0.783313846448436,0.87980112596415,0.661253346828744,0.968079351587221,0.00102886650711298,0.143287559039891,0.887870249571279,0.236280811019242,0
0.562648248393089,0.0955664464272559,0.726306634489447,0.464921284699813,0.17676078970544,0.524204639485106,0.808702447684482,0.880545653402805,0.0156000033020973,0.854185200063512,0
0.15609336248599,0.429520561592653,0.125387139618397,0.329494484933093,0.669952098280191,0.40811030799523,0.745144594926387,0.376474109478295,0.713834539288655,0.988648767583072,0
0.327121826313064,0.496288986584917,0.778131956700236,0.299051483860239,0.642598449019715,0.589880515588447,0.429466977948323,0.578669047215953,0.86795463389717,0.807440270436928,0
0.390764702344313,0.134981063427404,0.97685000509955,0.44085886515677,0.992341224569827,0.467389472527429,0.133093127282336,0.786058224737644,0.94843471609056,0.123080621240661,0
0.223697922192514,0.3157609840855,0.147257800446823,0.865134703926742,0.194262364879251,0.59691438707523,0.0837501378264278,0.374232050031424,0.722056488040835,0.711971280397847,0
0.0138468560026959,0.26238918543607,0.226557409623638,0.495916746556759,0.133579272776842,0.139802047051489,0.957705170847476,0.615443745627999,0.513738916954026,0.109686875483021,0
0.191917079581693,0.222225919892266,0.329045569058508,0.785815056180581,0.537540020188317,0.417665512068197,0.0945944488048553,0.403049972839653,0.0717580530326813,0.9382831803523,0
0.561451395740733,0.209816223243251,0.175141158280894,0.396602296736091,0.67535129073076,0.999974036589265,0.0337354494258761,0.41270735533908,0.416532765841112,0.90720769809559,0
0.281691394047812,0.356159310089424,0.084880379261449,0.205847020028159,0.273903475375846,0.370311558712274,0.196861089905724,0.207583102397621,0.574070977745578,0.281565377721563,0
0.342246479121968,0.319295733934268,0.675754193449393,0.845388071145862,0.652400300139561,0.696425539441407,0.184542878298089,0.313021027483046,0.655850519426167,0.1674886692781,0
0.520735322497785,0.344015694921836,0.912884770194069,0.644427421269938,0.988428403856233,0.777083830907941,0.378325034631416,0.434946540044621,0.646240568254143,0.139614435611293,0
0.450640940805897,0.712440450908616,0.0093735798727721,0.298524049343541,0.0780507510062307,0.0420311882626265,0.604130391264334,0.589303011540323,0.12067063502036,0.884462462505326,0
0.112067799083889,0.591658245073631,0.187274540541694,0.272141322027892,0.481835263315588,0.795045884791762,0.456440398236737,0.91380708781071,0.32492710952647,0.771095883566886,0
0.690078419167548,0.748177584493533,0.499003792647272,0.242881116690114,0.110806733602658,0.545221310574561,0.353609280893579,0.321185743436217,0.358589618466794,0.153339986456558,0
0.504218498012051,0.352695183595642,0.284261074382812,0.509922007331625,0.520268278429285,0.98006051662378,0.132861930178478,0.159887309884652,0.905602423241362,0.880483171436936,0
0.153652123175561,0.370083508314565,0.0415004249662161,0.342534528113902,0.273195979185402,0.821075977059081,0.796573889208958,0.680531016783789,0.662871909327805,0.60975342663005,0
0.746312896255404,0.955438338220119,0.253095518099144,0.501243648119271,0.266914556501433,0.795752757927403,0.0833174395374954,0.00333163957111537,0.244568161666393,0.237352344673127,0
0.429748174075875,0.498008015964087,0.729598448378965,0.169726309133694,0.746388046303764,0.600184077164158,0.659398790448904,0.773203967837617,0.761443738127127,0.650707305874676,0
0.899666095152497,0.462958939140663,0.0221527714747936,0.0694443401880562,0.677920487010852,0.68473640573211,0.565251847496256,0.984462418593466,0.121334216557443,0.501386742340401,0
0.546054531820118,0.198974085738882,0.483455308247358,0.647702834103256,0.82575299218297,0.952827323693782,0.415607248665765,0.830961930332705,0.171375114936382,0.989794683177024,0
