"1","2","3","4","5","6","7","8","9","10","class"
0.364063247572631,0.348169697681442,0.754343467066064,0.266161836916581,0.432222238741815,0.593679846497253,0.947355575393885,0.662123690126464,0.103327929740772,0.154100644169375,0
0.399199856353737,0.581655388095323,0.640154898399487,0.777886322466657,0.209644005633891,0.0960888888221234,0.39193638577126,0.796559396665543,0.353947919094935,0.909081604797393,0
0.269557268533483,0.0169147600065917,0.427704684203491,0.354151267791167,0.952234986703843,0.464689661748707,0.88178415922448,0.164666877361014,0.738838125020266,0.124074300518259,0
0.620994456548896,0.626799703490082,0.943112080683932,0.714887996902689,0.317026625620201,0.0276507700327784,0.85242137289606,0.870005203410983,0.936715750023723,0.750648447545245,0
0.962920927675441,0.692130884155631,0.298744095722213,0.97622869675979,0.136940280674025,0.191870565293357,0.177505009109154,0.198202865663916,0.712925211759284,0.439015433425084,0
0.366355375852436,0.446453128242865,0.784225637791678,0.0300584842916578,0.346996328560635,0.301985310390592,0.415585819166154,0.0661053129006177,0.412837072275579,0.53989323717542,0
0.422712365165353,0.401949252933264,0.899125241907313,0.528685559751466,0.0907881301827729,0.878553272923455,0.24486769316718,0.749530938221142,0.409757319604978,0.303060034988448,0
0.183061667252332,0.191612206632271,0.0125071960501373,0.884868504246697,0.0265174868982285,0.671538325492293,0.445540067041293,0.20592227904126,0.437873909948394,0.665457951603457,0
0.361067523792759,0.366364690073393,0.441943816840649,0.918416447471827,0.579495837213472,0.852426063269377,0.219127775169909,0.871145752957091,0.802410934586078,0.421705913264304,0
0.0995784560397267,0.19721270635901,0.178125742124394,0.303983219899237,0.812254388350993,0.300515971612185,0.628288842737675,0.369799582986161,0.520903333555907,0.747824788326398,0
0.329928276333958,0.182197406189516,0.581400795374066,0.763666019309312,0.926411682739854,0.893627514131367,0.716137869516388,0.579384045209736,0.20747399982065,0.518543234327808,0
0.455094481585547,0.129012690857053,0.729279084596783,0.162541654426605,0.418068320723251,0.2210172356572,0.383223534794524,0.958479135995731,0.0774756984319538,0.239013784332201,0
0.778553647221997,0.516356910578907,0.415479218587279,0.191933842841536,0.60135057894513,0.683524915482849,0.495687274262309,0.816331667127088,0.412370002130046,0.185443798080087,0
0.180815090658143,0.0310667268931866,0.563131276518106,0.764239519136027,0.37698000180535,0.524144184309989,0.145529919303954,0.149129162775353,0.0628703711554408,0.0603699940256774,0
0.586346155654266,0.751617097941414,0.598822842817754,0.698283058358356,0.312123150099069,0.223535313270986,0.160963961156085,0.446084135910496,0.816364707425237,0.181984774768353,0
0.219474582040217,0.0688389269243926,0.721810091286898,0.445500375702977,0.0525448385160416,0.142373584676534,0.840721121290699,0.0710521915461868,0.158672820776701,0.2023661788553,0
0.461791302310303,0.627400001743808,0.590812876587734,0.417474358808249,0.147197260754183,0.370583391049877,0.412725812289864,0.344790945760906,0.0960815579164773,0.869028420653194,0
0.685607120860368,0.97885651839897,0.347990537760779,0.348251914605498,0.451421818230301,0.454507377697155,0.520232932176441,0.24530735053122,0.669475907925516,0.575922546675429,0
0.256351860240102,0.61192158726044,0.919458439806476,0.657215170562267,0.153729699552059,0.47832022421062,0.74806042551063,0.509139043046162,0.502636276418343,0.601030827732757,0
0.851717507466674,0.783106444170699,0.460809500655159,0.227679446805269,0.147211025934666,0.386925615137443,0.130346457241103,0.559299444779754,0.456238187849522,0.446727069793269,0
0.805619804412127,0.970869413715787,0.808453540084884,0.769931511254981,0.229291177121922,0.423157392768189,0.0751672110054642,0.74861939647235,0.691246316069737,0.120868835831061,0
0.768188993626181,0.691121715324093,0.00664134509861469,0.636643983190879,0.879897837294266,0.491805652622133,0.440300202462822,0.494646595558152,0.568645929684862,0.203362395521253,0
0.559390362507477,0.564840279150382,0.782390040578321,0.4302132204175,0.878833819180727,0.41203618934378,0.749330481747165,0.999084086855873,0.10436083516106,0.998065090039745,0
0.685156237101182,0.768121154978871,0.0714785249438137,0.423466568114236,0.800837778719142,0.21135672996752,0.493610449833795,0.218872839119285,0.619058387819678,0.0242576419841498,0
0.398704532591626,0.382370137953945,0.379078009631485,0.558286831947044,0.756627389229834,0.297443417133763,0.751516736112535,0.510806672973558,0.64983839308843,0.81821423326619,0
0.546860523987561,0.803014694945887,0.30308344704099,0.741980979219079,0.0523370285518467,0.504684817744419,0.883354037068784,0.856642303057015,0.278020909288898,0.33970769867301,0
0.584699303487316,0.648576257301122,0.620939583983272,0.623389414511621,0.730124070541933,0.19467453379184,0.503426637034863,0.238290483597666,0.144763846881688,0.64967769687064,0
0.243652878515422,0.338129227594845,0.0831423457711935,0.0225621366407722,0.146075071999803,0.61338430410251,0.933126247255132,0.0641277558170259,0.623414733214304,0.699568725889549,0
0.404202384641394,0.194209357025102,0.463611465180293,0.976827061269432,0.34786004642956,0.18040673318319,0.190622586291283,0.261046494357288,0.443025725195184,0.134415893815458,0
0.145155253820121,0.177606489975005,0.659897237317637,0.742014849791303,0.0215578100178391,0.580352363642305,0.211702678818256,0.805773483822122,0.0554493528325111,0.300884577212855,0
0.163724841317162,0.270210454473272,0.939278687583283,0.786711761727929,0.622285413555801,0.859838931588456,0.840360298985615,0.534376583527774,0.791548173408955,0.360918441787362,0
0.338079487228021,0.272583285375498,0.16770085087046,0.171838743845001,0.448027810780331,0.0803080163896084,0.172851757612079,0.554800588870421,0.511006922693923,0.617173778126016,0
0.363768786132149,0.349406649802066,0.602913862094283,0.344166592694819,0.450335379689932,0.250121836317703,0.30118611571379,0.251884405268356,0.00777358212508261,0.117891931207851,0
0.623022727668285,0.704783794470131,0.561813842272386,0.986813268391415,0.0849232550244778,0.576255304506049,0.424660844262689,0.0303019201382995,0.589769643498585,0.185525364242494,0
0.824301882717013,0.986988212651759,0.814992306986824,0.119261182611808,0.6410731903743,0.739160354714841,0.453971857205033,0.555548015749082,0.468757697148249,0.179335776716471,0
0.743262234376743,0.804962347494438,0.803388661704957,0.370645216200501,0.526496906764805,0.606181473704055,0.115305467508733,0.507634499575943,0.935377281391993,0.398527287179604,0
0.17161445110105,0.127388687105849,0.925352657679468,0.325729900272563,0.883290104800835,0.612706621177495,0.268566640559584,0.113678587600589,0.815135452430695,0.067323190625757,0
0.294818544253055,0.752721751229744,0.700881540309638,0.467873088084161,0.988855181029066,0.438724541570991,0.456366001628339,0.232535211835057,0.334787504049018,0.557583059417084,0
0.855623830808327,0.99226885358803,0.330629252362996,0.607808965956792,0.993577861692756,0.248085718369111,0.325777826365083,0.9869304751046,0.723727269796655,0.805848450632766,0
0.0502314470834099,0.0597707965427078,0.562653618166223,0.00480899680405855,0.404620982939377,0.64561114879325,0.182846751529723,0.885884201386943,0.628725022543222,0.639973161974922,0
0.509512140415609,0.651518992614001,0.213007813785225,0.0593414341565222,0.896251796046272,0.229388485429808,0.328923623310402,0.639787358464673,0.791606090497226,0.982468638336286,0
0.669514647683781,0.852530554203037,0.792438510805368,0.313401571474969,0.328548338497058,0.766495603136718,0.768997401930392,0.52702716528438,0.68339505395852,0.722100083250552,0
0.936308139814436,0.989154472007975,0.220680215163156,0.830643682274967,0.652229079045355,0.638301164843142,0.438472070964053,0.158889315556735,0.0432802396826446,0.491330301621929,0
0.416114024352282,0.774893226800486,0.696411096956581,0.298936220817268,0.829168670345098,0.680808592122048,0.405723010888323,0.529550230829045,0.419670658186078,0.321905202697963,0
0.538859455380589,0.711970144417137,0.966292884433642,0.8936847737059,0.361802262254059,0.317819906631485,0.319066725438461,0.585242857225239,0.000411488115787506,0.255843539489433,0
0.733108867425472,0.852907839231193,0.40835228562355,0.100820136256516,0.728283919626847,0.958227251190692,0.26298246323131,0.838746324414387,0.885714197531343,0.985295566497371,0
0.464949479792267,0.292053177952766,0.755165515467525,0.632231420371681,0.382034559501335,0.233052069786936,0.376444005873054,0.611860047327355,0.19947905628942,0.898529047612101,0
0.697391747497022,0.953396237455308,0.658638514811173,0.725784833310172,0.90818110643886,0.724180896300822,0.0648123959545046,0.871778281172737,0.674220226705074,0.0359148744028062,0
0.403461078414693,0.351109943818301,0.359659769572318,0.390210331650451,0.978397243190557,0.244533631717786,0.239878761814907,0.92340363515541,0.526781933614984,0.717145544011146,0
0.198339687893167,0.182537267915905,0.668625271413475,0.412446042289957,0.0945629344787449,0.452099015470594,0.194228095235303,0.744691047118977,0.705705926287919,0.258291433099657,0
0.376740068430081,0.0485957858618349,0.52866677287966,0.897814030991867,0.272392350714654,0.852689507883042,0.735757841728628,0.0464448838029057,0.773780777351931,0.823216032469645,0
0.701584779424593,0.596605320461094,0.64444494433701,0.922708954429254,0.871088709449396,0.857582893688232,0.592739534797147,0.928127132588997,0.41374376299791,0.704317639349028,0
0.465799042955041,0.325687567703426,0.0223776062484831,0.243522615870461,0.517008113674819,0.0367395165376365,0.191476440057158,0.879606834845617,0.588818414835259,0.520667648175731,0
0.230631086068507,0.296868299344461,0.528170339763165,0.077080144546926,0.670543849468231,0.478775470284745,0.0194689785130322,0.165748097235337,0.779423856409267,0.440378132509068,0
0.425615471227095,0.423178774652258,0.382276136660948,0.50457322737202,0.282950328430161,0.496305536245927,0.267538028303534,0.108575830701739,0.216156317852437,0.185734635218978,0
0.214388492144179,0.126772938210517,0.344071734463796,0.743483141995966,0.0963669868651778,0.920975854387507,0.846745394403115,0.710199822904542,0.346368048340082,0.580879808869213,0
0.169886989732645,0.19091939472165,0.496657354058698,0.166494613047689,0.763957006623968,0.416207273490727,0.355439476668835,0.696255729766563,0.327971593942493,0.709782764548436,0
0.240953914836794,0.208788172412664,0.00950084836222231,0.471829388290644,0.0839599834289402,0.37281104712747,0.851723918225616,0.462743167066947,0.97462401445955,0.72547495411709,0
0.0978574827313423,0.285160197876394,0.980345002841204,0.884223914006725,0.34751825267449,0.274851865135133,0.502675238065422,0.423392851138487,0.322441108990461,0.972931854892522,0
0.189184206770733,0.542370061390102,0.0705640639644116,0.635039533488452,0.393624379532412,0.728825266472995,0.471808751346543,0.816541500855237,0.341629863716662,0.91392526216805,0
0.199181645410135,0.163180932402611,0.159911686787382,0.193797862622887,0.885692458599806,0.421589390840381,0.400852207327262,0.0248665420804173,0.233353784307837,0.745827242033556,0
0.237083114450797,0.379248530371115,0.206472920253873,0.537809789413586,0.414399274159223,0.000950743444263935,0.459595119580626,0.605762772029266,0.0555815678089857,0.501926861470565,0
0.529002402774617,0.649814886287972,0.870798345189542,0.795533913886175,0.251668232493103,0.136344776023179,0.617623146623373,0.0635833735577762,0.91676469729282,0.233513893093914,0
0.631765526264906,0.660355217995774,0.498260634252802,0.266776373144239,0.678350753616542,0.300755026284605,0.185061907861382,0.733955028699711,0.0501436549238861,0.469416393665597,0
0.425341171445325,0.618863462703303,0.332673003198579,0.766462624305859,0.576796307694167,0.780098541639745,0.18666743254289,0.0920241358689964,0.2646482384298,0.226969708688557,0
0.735352511284873,0.924946209415793,0.378328346880153,0.056054076878354,0.262246599188074,0.758393643656746,0.944596894318238,0.570212751161307,0.857290400192142,0.275849643163383,0
0.627051683521643,0.579342575633898,0.278416050598025,0.702110273763537,0.135854289634153,0.0411173985339701,0.466064272681251,0.73345954855904,0.0408624086994678,0.44539422984235,0
0.604647438687738,0.844070785837527,0.745295710163191,0.40702195186168,0.127450808417052,0.444999379338697,0.051064959494397,0.744884235784411,0.703366788569838,0.481503126909956,0
0.675797977750376,0.430515912732668,0.820274855243042,0.32457082811743,0.912075259024277,0.876796883530915,0.894518341869116,0.310233222786337,0.773350605508313,0.29535737936385,0
0.10187701316867,0.0466479685684666,0.220001799752936,0.870338598266244,0.916438306216151,0.715521713718772,0.164828510256484,0.67491148528643,0.0746143858414143,0.597112317569554,0
0.0638093303591013,0.0632648992054164,0.19851991487667,0.0177464492153376,0.997924895724282,0.742029004963115,0.399591838475317,0.571127380710095,0.848177153617144,0.160425637848675,0
0.228966045891866,0.191652554087341,0.519946585642174,0.995911155594513,0.440178886055946,0.57355420012027,0.917533405823633,0.634664785582572,0.808951305458322,0.832934212870896,0
0.609795886091888,0.436050618533045,0.534760571783409,0.309404722880572,0.881004160270095,0.290293229976669,0.392527256626636,0.386007738066837,0.88035153131932,0.944315005093813,0
0.752530437149201,0.984712988742534,0.515589643735439,0.2912323679775,0.842028957093135,0.702106260461733,0.833695091539994,0.295997677138075,0.637040826492012,0.311890834709629,0
0.583398390095681,0.690285007935017,0.965668099932373,0.507636891910806,0.19202475133352,0.858830580255017,0.63742978265509,0.925928398966789,0.504731229739264,0.145987030351534,0
0.572775039961562,0.46927503261948,0.034166150726378,0.301347747445107,0.52027916838415,0.110813623527065,0.509443538729101,0.0130382573697716,0.421638618921861,0.359822534024715,0
0.420722963288426,0.436783311655745,0.900084211025387,0.560864825267345,0.300242751836777,0.670732301194221,0.559855486731976,0.862252783728763,0.473166859475896,0.862551889615133,0
0.315156005090103,0.0479178330861032,0.816521675093099,0.282825781032443,0.10730135277845,0.833420090610161,0.00339494203217328,0.247402227018028,0.501323350705206,0.589164863340557,0
0.167615960817784,0.0633341644424945,0.485112775815651,0.802359990309924,0.94518844014965,0.307459433795884,0.770739476196468,0.859059761743993,0.517003769986331,0.795766188995913,0
0.432957540905755,0.308519407191593,0.117931579938158,0.906143602216616,0.21197789744474,0.715433097444475,0.444034633692354,0.156563509488478,0.340122466441244,0.486086378106847,0
0.693960189120844,0.450027233222499,0.90119482204318,0.284845718182623,0.836565867532045,0.457456249976531,0.152958903694525,0.325481843203306,0.782506314804778,0.328913583187386,0
0.45667566168895,0.487817418307811,0.661684090970084,0.228610774502158,0.500154399545863,0.695885809138417,0.320885549066588,0.372632628772408,0.34236686094664,0.58448207937181,0
0.127243957016617,0.323500166181475,0.682446706807241,0.913520907517523,0.799392200540751,0.445863360073417,0.871782277477905,0.807253547245637,0.948341991985217,0.636841342318803,0
0.410140512511134,0.332804754143581,0.967096221400425,0.864107514265925,0.787727094721049,0.364493400091305,0.707742699421942,0.839297495316714,0.249175379285589,0.437860235571861,0
0.771782988449559,0.563060639658943,0.255431767553091,0.523718921700493,0.360623699380085,0.131636619800702,0.967007084283978,0.471651662373915,0.595045416848734,0.795019363285974,0
0.901670926132705,0.653144253844861,0.930886770831421,0.210153586929664,0.994289824040607,0.657314741751179,0.679767168127,0.700114675564691,0.814639328978956,0.464949574554339,0
0.649958368032053,0.737404705427214,0.46334389783442,0.511142736533657,0.309863130096346,0.962146167410538,0.893036506837234,0.422322196187451,0.0636362563818693,0.583372937282547,0
0.396908408263698,0.473417746834457,0.932775354012847,0.121465652249753,0.877586548216641,0.907751192338765,0.49375162483193,0.599083910230547,0.290150851244107,0.345707783475518,0
0.743022006741725,0.422581459418125,0.946418386651203,0.617089883657172,0.849906888557598,0.100065891863778,0.400437676347792,0.0253058983944356,0.0561166249681264,0.537819077260792,0
0.046340667642653,0.0133163672871888,0.616610938217491,0.467562427744269,0.599282341310754,0.132524679880589,0.532936259405687,0.845273779239506,0.368630453944206,0.133533373475075,0
0.80187734705396,0.434124494437128,0.0131266971584409,0.264606871875003,0.241669876500964,0.445417284732684,0.989123579580337,0.557262917747721,0.689863835461438,0.736079627415165,0
0.499029844068456,0.269994727247302,0.910582360578701,0.158185390289873,0.222107513574883,0.394289996242151,0.569310231832787,0.54722663294524,0.657628249609843,0.521644581109285,0
0.05719725927338,0.0781522074248642,0.671577031025663,0.445742379873991,0.0227888615336269,0.186719377757981,0.331379851792008,0.397061477648094,0.190105021931231,0.340081618865952,0
0.268606186162215,0.422751875604969,0.615441735833883,0.800637983018532,0.221669709542766,0.858890392584726,0.864201959921047,0.374787339707837,0.0751950098201632,0.4803899647668,0
0.893782799132168,0.848914373898879,0.590867433929816,0.0223133654799312,0.0434768977575004,0.729960898170248,0.384198014391586,0.848303336882964,0.905545423505828,0.328306128038093,0
0.523515899665654,0.723468311596662,0.44816387956962,0.247489938512444,0.317263248376548,0.91621585842222,0.058957695029676,0.59288896759972,0.698463490931317,0.311108067864552,0
0.598664549179375,0.279880500398576,0.939336335752159,0.961376571329311,0.0636516772210598,0.286479095229879,0.745736558688805,0.883127070264891,0.97113196644932,0.703767806524411,0
0.475689230486751,0.536726469406858,0.986539964564145,0.830837963847443,0.0779588625300676,0.32474558847025,0.370772870723158,0.15897800703533,0.0147550504188985,0.634385959943756,0
0.302459109807387,0.446751660434529,0.794440833851695,0.915346055757254,0.183187797432765,0.646858769003302,0.243160084355623,0.578271441627294,0.856185336597264,0.275186053011566,0
0.942763835191727,0.676607699831948,0.739412037422881,0.108469161670655,0.832820488372818,0.237995372852311,0.211452807066962,0.998725330922753,0.923055225051939,0.179818513803184,0
