"1","2","3","4","5","6","7","8","9","10","class"
0.415539901470765,0.361775821307674,0.201651617651805,0.538391167065129,0.318897408200428,0.410066056298092,0.353376388782635,0.886574366828427,0.347720438148826,0.16446646489203,0
0.995715679833665,0.360114787239581,0.827167126815766,0.885238466551527,0.823887727456167,0.390848704380915,0.145626740297303,0.757508131675422,0.37597945984453,0.987215575762093,0
0.784207250457257,0.380704369163141,0.646341765765101,0.713213884271681,0.744745887350291,0.672100007534027,0.549913712311536,0.567022452363744,0.897481084335595,0.291554853087291,0
0.599097061436623,0.339835769729689,0.11773044615984,0.312253540148959,0.733218082925305,0.228478456381708,0.473810398951173,0.0527586264070123,0.965842455625534,0.596207268536091,0
0.396080262027681,0.0399756990373135,0.907588908215985,0.0458616018295288,0.37272656802088,0.491261198185384,0.43155933264643,0.930555451428518,0.228973686462268,0.316368110710755,0
0.802161004394293,0.46228559804149,0.0779389587696642,0.788051988463849,0.242016138741747,0.712512755068019,0.410872231470421,0.642018442973495,0.431914346059784,0.569426155649126,0
0.561145760443434,0.139259250663576,0.68698005983606,0.831995295593515,0.0776480983477086,0.3947536975611,0.680059078847989,0.739241926465183,0.35135040897876,0.263053041417152,0
0.414186369833071,0.941271488586643,0.139327531680465,0.129611821379513,0.374872067011893,0.836693606339395,0.448028858285397,0.252989947097376,0.457294601481408,0.553387546446174,0
0.731107504572719,0.24775426951237,0.249044671421871,0.745478008408099,0.832205558894202,0.984604438301176,0.966017633443698,0.471121157286689,0.461502237711102,0.296382791129872,0
0.946581006981432,0.10274112620391,0.74029180733487,0.0053874256554991,0.927713693119586,0.345739147393033,0.552102222805843,0.0351770771667361,0.000976558774709702,0.164250122848898,0
0.882766341557726,0.0588560670148581,0.416176612721756,0.206347218248993,0.101748271146789,0.187985144788399,0.208326849155128,0.793537243036553,0.0960746679920703,0.316871309420094,0
0.459967731032521,0.88788626389578,0.614522255258635,0.615499587263912,0.174765014089644,0.588581957155839,0.216602803673595,0.926691464148462,0.444288459839299,0.107773702125996,0
0.291993688283861,0.525438642502807,0.546215491136536,0.501110070152208,0.874195248587057,0.119710898492485,0.539369400124997,0.957154910778627,0.0777678855229169,0.837297676596791,0
0.598631837638095,0.789025915553793,0.210352447349578,0.445896371267736,0.995341140311211,0.686311025405303,0.666124343173578,0.303561187116429,0.839233587263152,0.123297280166298,0
0.793711714415625,0.683487008474998,0.995833442546427,0.57921338849701,0.904645720729604,0.952422861242667,0.432312660617754,0.678649324923754,0.683002940844744,0.871306734159589,0
0.209711934905499,0.464117945171893,0.0973930037580431,0.20169106638059,0.0159362654667348,0.697219517081976,0.0207504560239613,0.4291646333877,0.899841629201546,0.618863267358392,0
0.685821780236438,0.376893836772069,0.550983401248232,0.332494386006147,0.503951416583732,0.0510289557278156,0.0042687754612416,0.910939579363912,0.28252490144223,0.207538953050971,0
0.179663617629558,0.564600890735164,0.92056096973829,0.107068571960554,0.113774683326483,0.610158847644925,0.297292610630393,0.442323514493182,0.619485513772815,0.858081009238958,0
0.86655390515849,0.248129468928494,0.526895288843662,0.942330098012462,0.596205356298015,0.166984974173829,0.787097156746313,0.271316586993635,0.565193426562473,0.151028648484498,0
0.248818216845393,0.821479069301859,0.131550922291353,0.890803478192538,0.979854326928034,0.965653859311715,0.112377629382536,0.871906742220744,0.607116993749514,0.479391573462635,0
0.276849875117652,0.581621011458222,0.990628191037104,0.0979494922794402,0.294930667616427,0.591268464224413,0.0914767396170646,0.0410823926795274,0.201566176023334,0.804649861063808,0
0.183337087032758,0.803823377863512,0.25192012405023,0.435676700668409,0.75089694163762,0.480357060907409,0.974313306855038,0.84047115361318,0.873800333822146,0.857208712259308,0
0.852661670418456,0.50016901968047,0.955525248544291,0.494071211898699,0.00316253118216991,0.708248341456056,0.00477695744484663,0.544173912145197,0.490071641979739,0.303369097644463,0
0.160891170380637,0.981927648652345,0.836892452789471,0.613887314219028,0.159060387872159,0.533662512432784,0.185574181377888,0.38120086141862,0.89252238185145,0.0751664114650339,0
0.00500518479384482,0.965438477694988,0.892065809108317,0.59915111400187,0.102656771661714,0.445013829041272,0.624206261942163,0.241045210277662,0.924276180565357,0.600293656112626,0
0.903469179291278,0.29300833819434,0.0916670025326312,0.725661568343639,0.426714023575187,0.259838826721534,0.33641297230497,0.808714884566143,0.168789844028652,0.858324095839635,0
0.722352507052943,0.462028679032939,0.460556638427079,0.888351527741179,0.314174415543675,0.129283410962671,0.27570028277114,0.979019671678543,0.293186135590076,0.632853793213144,0
0.276608081767336,0.47649550717324,0.146137231495231,0.437701272312552,0.996083959704265,0.314462093170732,0.192955269478261,0.795404652366415,0.537573601817712,0.916405518772081,0
0.208728513913229,0.635313820559531,0.975200310116634,0.511154304724187,0.83927598875016,0.83377267443575,0.642115677241236,0.998885803157464,0.117112077306956,0.334929007571191,0
0.651459635933861,0.26863855868578,0.221128097735345,0.484058369183913,0.987753284396604,0.712765781441703,0.517131311818957,0.971735328668728,0.960130034713075,0.00303692137822509,0
0.538633708376437,0.937633604044095,0.739893196849152,0.60724292951636,0.845233093714342,0.160859806463122,0.67817321466282,0.370341217145324,0.116409067297354,0.295556936180219,0
0.558125607203692,0.424801488406956,0.661336966091767,0.264301994116977,0.241077030543238,0.418396884808317,0.611594200832769,0.679212437244132,0.91298919566907,0.683455355931073,0
0.309700855985284,0.680596351623535,0.449137447401881,0.914369022008032,0.28949579061009,0.363392079714686,0.17341125709936,0.22583718248643,0.536305696936324,0.729559351457283,0
0.166253472716734,0.853980412614905,0.551639475859702,0.91861647227779,0.146165531361476,0.477011616807431,0.976651884615421,0.215401081601158,0.884732716483995,0.830552848987281,0
0.603586226003245,0.370007613906637,0.728427397320047,0.959435905562714,0.286688500782475,0.570159378927201,0.99920841329731,0.22508932184428,0.0994904080871493,0.547081879572943,0
0.765867735026404,0.451487730490044,0.229785062372684,0.245734562398866,0.128916868939996,0.769772223429754,0.865573670482263,0.0180490356869996,0.572146938880906,0.474727536318824,0
0.0023886806897819,0.869927669778735,0.347089502494782,0.359157095430419,0.425098645733669,0.0344674263615161,0.0925779941026121,0.669874393614009,0.896225732984021,0.467897181864828,0
0.53783438494429,0.896783131873235,0.984167022863403,0.315462335245684,0.917315663537011,0.119942537741736,0.662188995163888,0.841170453233644,0.451072927564383,0.449796578381211,0
0.32651163241826,0.297283267602324,0.0714175605680794,0.79446925711818,0.993587251752615,0.337018732447177,0.389554822817445,0.530055603478104,0.729504176415503,0.0848093533422798,0
0.429441040381789,0.26647680439055,0.553541674278677,0.825767194619402,0.881994797615334,0.215627953642979,0.431791359558702,0.570213433587924,0.839307070476934,0.900646953145042,0
0.555793117033318,0.794715456198901,0.7753343465738,0.894758560694754,0.742372535169125,0.93680566130206,0.725429317215458,0.564864193787798,0.733525663381442,0.467635774984956,0
0.742380910320207,0.348076487891376,0.0713913578074425,0.488906316459179,0.1603515134193,0.741491685854271,0.624964774120599,0.779938374413177,0.412310470361263,0.284282605862245,0
0.20589712029323,0.912371197948232,0.742047362495214,0.730226062238216,0.170779222156852,0.429449140094221,0.868128139292821,0.383907541865483,0.479845060268417,0.973897484829649,0
0.329425593874604,0.603081163623504,4.62816096842289e-05,0.651163402944803,0.301782051101327,0.291657992871478,0.472954488126561,0.309807617682964,0.675333375576884,0.190564838470891,0
0.876311048632488,0.094134563812986,0.129617529455572,0.487865053350106,0.132280854741111,0.548734948504716,0.876535208430141,0.905405313009396,0.269209758145735,0.873637157026678,0
0.279636621873826,0.462666802430239,0.865882045589387,0.11461551906541,0.40603067073971,0.253982284106314,0.893402757821605,0.667628935305402,0.777432047296315,0.531922227237374,0
0.0877113193273544,0.642535799648613,0.584884922485799,0.216871564276516,0.5948421000503,0.966084993211553,0.730978622799739,0.534984702942893,0.0393611493054777,0.708203295012936,0
0.832723886007443,0.0171500644646585,0.317345435731113,0.384870500769466,0.586188660468906,0.704949613660574,0.171594991814345,0.382112863240764,0.819581873016432,0.359403416747227,0
0.328280525049195,0.636599499732256,0.804654625011608,0.577894065994769,0.627360189100727,0.436167364008725,0.936296182917431,0.718557637417689,0.916627273196355,0.604683216894045,0
0.349073593970388,0.218035298166797,0.414538926910609,0.721513646654785,0.344906965037808,0.581319531658664,0.926704023033381,0.412262812489644,0.848364557838067,0.257105175405741,0
0.746579241743311,0.0498914575168856,0.463770739967003,0.483614635886624,0.0666309236548841,0.0255226464942098,0.172092514112592,0.191963022574782,0.130381419556215,0.626922775059938,0
0.361704765353352,0.202458689222112,0.436727955238894,0.996088224463165,0.775132864248008,0.0966220204718411,0.591554903890938,0.202291416237131,0.633413572097197,0.051209720550105,0
0.383255325723439,0.699191960506141,0.361094276886433,0.579754637321457,0.389103153953329,0.0780612190719694,0.510160090634599,0.647566697094589,0.663516268832609,0.0363457556813955,0
0.464736617868766,0.92793646058999,0.60696637025103,0.455267092213035,0.996640136698261,0.818185371113941,0.915877095423639,0.496578321559355,0.620359255699441,0.23956202971749,0
0.256007968191802,0.471300868727447,0.0320375668816268,0.720391161506996,0.865056498441845,0.755033913534135,0.777281439630315,0.509171493118629,0.611365761142224,0.60779096162878,0
0.429800658021122,0.648785978090018,0.967223119456321,0.482310697669163,0.544891438214108,0.906909642042592,0.191160058137029,0.89147538645193,0.552394972881302,0.519611821044236,0
0.129239431562647,0.919168248372756,0.904706726782024,0.151165624381974,0.624096385436133,0.0678271672222763,0.0257493734825402,0.101382840657607,0.134744129143655,0.406565239652991,0
0.840717997315712,0.298017073137586,0.48333038110286,0.269858266692609,0.124827257124707,0.624336904380471,0.081895814044401,0.215355438645929,0.360182417090982,0.0789082373958081,0
0.267795341919363,0.764158822467061,0.942618362605572,0.576889884425327,0.646396892145276,0.281247702194378,0.64516469812952,0.929402717389166,0.856654037255794,0.729138024151325,0
0.56650099856779,0.554679524851963,0.886244887718931,0.833814098499715,0.0546594408806413,0.861689017154276,0.947459986899048,0.427927108248696,0.488513538846746,0.531257852911949,0
0.752274768427014,0.361776242731139,0.29370995122008,0.329389486927539,0.419407191453502,0.237365429988131,0.0443297361489385,0.0205760868266225,0.440917297033593,0.42483332240954,0
0.513337935281545,0.959525855502448,0.0149854030460119,0.263697214657441,0.78960826410912,0.254047339083627,0.819166965549812,0.618325886549428,0.812212593387812,0.119690563995391,0
0.700938306685537,0.100732088484039,0.194077977910638,0.913656648248434,0.208292840048671,0.520612893160433,0.130561910569668,0.920129964360967,0.00983856501989067,0.51396949426271,0
0.211810590233654,0.734535442665219,0.493926606839523,0.209845061879605,0.511278031859547,0.659913163632154,0.901614145375788,0.30745521443896,0.312065853271633,0.725872676353902,0
0.544870264828205,0.663262261776254,0.668189724441618,0.100312846479937,0.254969763802364,0.206886823521927,0.435536577599123,0.27198194921948,0.0193449461366981,0.938097660662606,0
0.853117322016507,0.195939824968333,0.378505440196022,0.860637232894078,0.850549687398598,0.0773370873648673,0.513216278748587,0.898161934688687,0.607499815057963,0.432188816601411,0
0.491509460378438,0.653269690461457,0.703052258351818,0.801218013977632,0.544732008129358,0.203881897730753,0.292858227156103,0.942877923604101,0.389731742208824,0.918571758782491,0
0.954684678697959,0.0694603691808879,0.586957890307531,0.911957646952942,0.941953908884898,0.622616135748103,0.499581861775368,0.537688169628382,0.610802937066182,0.783357015112415,0
0.394820199580863,0.993960592662916,0.306216376367956,0.427083948394284,0.853140604915097,0.718769502826035,0.265837764367461,0.704304233426228,0.965352025581524,0.317235085880384,0
0.278212097473443,0.863200802123174,0.865814250195399,0.781137920217589,0.540872396435589,0.228522431571037,0.640795243205503,0.596654494758695,0.394257376901805,0.337715811561793,0
0.624613572843373,0.700565232196823,0.162369572324678,0.211395671125501,0.303357608616352,0.96631547762081,0.828098332043737,0.34794815001078,0.871022077277303,0.841459843562916,0
0.401663731454685,0.55344457448283,0.583960792515427,0.977484612958506,0.395698547363281,0.315742454957217,0.80643632914871,0.687157724052668,0.90642917715013,0.495629352517426,0
0.548047022894025,0.847338922787458,0.473124416545033,0.942806142847985,0.0818397847469896,0.908306499477476,0.764642521273345,0.856309447903186,0.298963753972203,0.5259964549914,0
0.140527418900002,0.673035049749453,0.170922085875645,0.624283672310412,0.249597356189042,0.321870986837894,0.138729501515627,0.347891479032114,0.301746869459748,0.259006419451907,0
0.385842955671251,0.145064050098881,0.385944639099762,0.227220768341795,0.04074627882801,0.591603319393471,0.351368658943102,0.763878812314942,0.856534669408575,0.488943697186187,0
0.533243092009798,0.405297555960715,0.0975513802841306,0.632812902564183,0.444721584673971,0.831567171495408,0.38481068587862,0.702649420360103,0.68490243749693,0.57870272337459,0
0.990871489280835,0.227795428130776,0.914196022087708,0.846560253994539,0.43719724426046,0.356681618373841,0.862386827589944,0.734751876909286,0.433593105059117,0.982515121344477,0
0.0629650402598083,0.741701735708726,0.687524280743673,0.626035118009895,0.321200378704816,0.394843425601721,0.408241253346205,0.236311533255503,0.78556836838834,0.620581959374249,0
0.541155308717862,0.864590185461566,0.985866216709837,0.186980665661395,0.672392670065165,0.664018208859488,0.35396307404153,0.785278127063066,0.0805922704748809,0.251142184948549,0
0.52286881197663,0.103100333839087,0.459953415440395,0.25436444231309,0.133516850648448,0.889521842123941,0.186513270484284,0.79158577369526,0.420760207809508,0.03309536119923,0
0.0250094218645245,0.828297978267074,0.613071578321978,0.971895599039271,0.828085366170853,0.991453173104674,0.977023740531877,0.662589030340314,0.391564092831686,0.313915552571416,0
0.0747922097798437,0.804220710415393,0.242628323147073,0.367411543847993,0.834265570389107,0.425151181872934,0.124361754162237,0.310790114104748,0.506759174866602,0.26840043393895,0
0.634163645328954,0.177284247241914,0.895327447913587,0.767213378334418,0.139024332398549,0.0319724269211292,0.920437434921041,0.593697262462229,0.717366859549657,0.281211396912113,0
0.96489983657375,0.363485695561394,0.570813549682498,0.979930525878444,0.340730507392436,0.71958433650434,0.0763116690795869,0.60931213083677,0.97268806095235,0.0140482147689909,0
0.475496763829142,0.444785512518138,0.87551443465054,0.395679279929027,0.56862226407975,0.0105790994130075,0.713759121019393,0.572947616921738,0.22349910903722,0.709232459310442,0
0.0598961086943746,0.790341510437429,0.206473392201588,0.458186727249995,0.955194807378575,0.0248209044802934,0.436653939541429,0.132021840428934,0.358766317134723,0.83379704458639,0
0.717091171303764,0.257987450342625,0.561353406170383,0.996331489877775,0.0335483362432569,0.827391711762175,0.752581104403362,0.41063819732517,0.169878454878926,0.347479703603312,0
0.224224645659886,0.891099153890135,0.994802755769342,0.610937115736306,0.229913817951456,0.0622210905421525,0.762863407377154,0.661761631956324,0.415430433582515,0.838390347082168,0
0.41275750240311,0.618786610662937,0.6020410398487,0.34051377302967,0.119597907876596,0.319544172845781,0.716049050912261,0.867137404857203,0.151992378989235,0.0378136495128274,0
0.487488686107099,0.136018604272977,0.0918772846926004,0.570502200629562,0.599476475967094,0.172088644467294,0.777260145638138,0.669601697474718,0.469979000743479,0.95469152322039,0
0.411584939463064,0.766389994327979,0.944263469427824,0.879913207376376,0.996594773605466,0.822083727223799,0.607196195516735,0.0236150193959475,0.515648871660233,0.291800757404417,0
0.0638987626880407,0.685146429343149,0.559174138354138,0.246668601408601,0.362140881130472,0.837974115042016,0.349855419481173,0.520391913130879,0.978204211685807,0.151078609516844,0
0.702306333419308,0.16489731468834,0.134984656004235,0.0823588296771049,0.829365354264155,0.450927677797154,0.0872214222326875,0.226031170226634,0.509920198703185,0.0440704661887139,0
0.636055624810979,0.592632765648887,0.612331205513328,0.449615231947973,0.191362295532599,0.697103917598724,0.252054234733805,0.184891418786719,0.566314099822193,0.745497672818601,0
0.467779954709858,0.863875711128546,0.323392592137679,0.504942395957187,0.636325862025842,0.516782623482868,0.674719055183232,0.352333383867517,0.522513655945659,0.73303474066779,0
0.319710071664304,0.701342749409378,0.114385104738176,0.340415433282033,0.14456408796832,0.769693229347467,0.799357305513695,0.914652165723965,0.610120900440961,0.388028058223426,0
0.897139670560136,0.115050381748006,0.0188891568686813,0.720010797027498,0.408428547903895,0.596114164451137,0.821299263741821,0.0722687668167055,0.0939339180476964,0.0670093868393451,0
0.127515553864557,0.828267340576881,0.32982919877395,0.199606807669625,0.304206529632211,0.807950641028583,0.0900642415508628,0.369798611616716,0.486355467932299,0.643755416385829,0
0.154372898861766,0.82437833561562,0.675545503851026,0.0461059210356325,0.22827521013096,0.106828993419185,0.35865690652281,0.151207985822111,0.46311527537182,0.582328676246107,0
0.851564779877663,0.0656004922930151,0.496690169675276,0.874437016667798,0.252092776121572,0.00610113493166864,0.477289144648239,0.901467976858839,0.0769414389505982,0.843562948284671,0
