"1","2","3","4","5","6","7","8","9","10","class"
0.279093159595504,0.0864618520718068,0.881045681191608,0.938775874907151,0.792570380028337,0.521846718620509,0.194622641196474,0.075857860269025,0.200633742380887,0.10887920903042,0
0.465319002280012,0.54646470095031,0.68082285951823,0.155215478735045,0.948928570374846,0.671442578313872,0.662948929239064,0.799188603647053,0.468778807204217,0.537981415633112,0
0.271414135582745,0.701773995766416,0.919681471074,0.65628610085696,0.557549725286663,0.139131533680484,0.834338709246367,0.268897048896179,0.478601178154349,0.242113758111373,0
0.849070607917383,0.541876727482304,0.291178143117577,0.474972550058737,0.266449650283903,0.919708295259625,0.664134384365752,0.981071988586336,0.769424341619015,0.644949707668275,0
0.170378004200757,0.79154250677675,0.711908164434135,0.687732111196965,0.0997985596768558,0.717627347912639,0.413092613453045,0.272239569574594,0.698904342483729,0.0809306974988431,0
0.549159669084474,0.784187872428447,0.0427767373621464,0.327022489160299,0.677730972412974,0.999496919102967,0.128642266383395,0.376036825357005,0.617376596666873,0.192176050506532,0
0.222127229440957,0.953226940706372,0.70871148374863,0.622318007284775,0.726958578219637,0.904917214764282,0.196992317680269,0.671299288282171,0.976223937468603,0.0257140018511564,0
0.469177075894549,0.903919158969074,0.0556113026104867,0.699218401219696,0.151061177253723,0.388352307491004,0.570875125471503,0.460985971381888,0.246675994247198,0.273345245048404,0
0.3759414635133,0.213412804529071,0.607329394901171,0.433971658116207,0.342059521470219,0.953613133635372,0.124721002532169,0.0740819985512644,0.820438832277432,0.94700782909058,0
0.220953844720498,0.723329834872857,0.833602064056322,0.523999869357795,0.90600303420797,0.264701953623444,0.164231502683833,0.620796435279772,0.213586080819368,0.966487215599045,0
0.0117982993833721,0.954007684951648,0.864260287955403,0.541712847072631,0.396868680836633,0.0669560581445694,0.130070295650512,0.678372555645183,0.0773126808926463,0.0227746809832752,0
0.686226692894939,0.971495206384505,0.270493504358456,0.870784782571718,0.954148277407512,0.962482536677271,0.200287897372618,0.285181438783184,0.439334924099967,0.751643579686061,0
0.336691165808588,0.986821897793561,0.579644578276202,0.399982877774164,0.7957068097312,0.549122074153274,0.0260016864631325,0.187722095055506,0.23605050961487,0.369980132672936,0
0.489403050858527,0.847592130303383,0.924521130509675,0.20068180677481,0.0528335468843579,0.452191767748445,0.602201751666144,0.351014008047059,0.585362477926537,0.37321990262717,0
0.270142817869782,0.692132369149476,0.720102139981464,0.993379721883684,0.374602560885251,0.916641572955996,0.836556678637862,0.810884783044457,0.353900386020541,0.0437406171113253,0
0.148762604920194,0.332328436430544,0.554778685793281,0.555316391400993,0.119848097441718,0.48982289689593,0.122155474498868,0.732748425798491,0.759920257842168,0.276790254982188,0
0.205563289811835,0.586526175728068,0.449134797323495,0.996292299591005,0.163229716243222,0.702311887172982,0.613274457398802,0.38255205610767,0.857720818836242,0.688239436363801,0
0.327703289454803,0.810330479871482,0.69019256089814,0.245341012487188,0.695395244518295,0.473940752213821,0.790221194270998,0.277784757781774,0.854201821377501,0.188542229589075,0
0.505357045680285,0.507947032572702,0.954874038696289,0.961956129409373,0.696077760541812,0.0654090263415128,0.194127410650253,0.526626032078639,0.737589066615328,0.0599793940782547,0
0.698469843715429,0.836980487918481,0.66058686748147,0.327305922051892,0.0667604252230376,0.510536386165768,0.209403671091422,0.463345568627119,0.573158336337656,0.663993536727503,0
0.624764767009765,0.806106994394213,0.413629955612123,0.285083564696833,0.321686717448756,0.169584646821022,0.19915347546339,0.764375971164554,0.49438414350152,0.510624657850713,0
0.809061798625626,0.581751601357788,0.320555304642767,0.554522392107174,0.702244502259418,0.306278570787981,0.639453982934356,0.485243748407811,0.351369827985764,0.600702699739486,0
0.719092266634107,0.237875731894746,0.0145545671693981,0.213762275408953,0.538033942691982,0.752776445588097,0.113714406499639,0.124281731434166,0.00528310774825513,0.639052051119506,0
0.654531803214923,0.713704887544736,0.369513071607798,0.987760516582057,0.750735245877877,0.604706109967083,0.589024213142693,0.576119402423501,0.426186519674957,0.929827061248943,0
0.654849443817511,0.980416822247207,0.982047211611643,0.99233588995412,0.653403426520526,0.0431810221634805,0.284760197158903,0.0977697519119829,0.782998451264575,0.0817289734259248,0
0.757480974774808,0.489594429731369,0.131169104482979,0.837836648104712,0.902956965612248,0.575347268721089,0.531764990882948,0.991848717676476,0.900405590655282,0.529522113502026,0
0.598383025499061,0.484667944954708,0.450952038168907,0.218224295880646,0.0496496940031648,0.276128330500796,0.179293192224577,0.79954583873041,0.666303799953312,0.734785225940868,0
0.675590702332556,0.85030116722919,0.803431525826454,0.402994982665405,0.322400267934427,0.684441687306389,0.368443096987903,0.314488712465391,0.781646992079914,0.652274278923869,0
0.954987736884505,0.365315549308434,0.0803178925998509,0.61400458519347,0.909384268801659,0.251669035293162,0.871682575438172,0.393141943961382,0.771957421908155,0.728183215018362,0
0.0242582849733531,0.298472431752285,0.102313511772081,0.993066227994859,0.452810235554352,0.823916193796322,0.805201327195391,0.635590192396194,0.250310982577503,0.803639144636691,0
0.328198337927461,0.765039749909192,0.193891372065991,0.629568164236844,0.261858155252412,0.133294240804389,0.383511854801327,0.733124836347997,0.718455816153437,0.668157288338989,0
0.519647648901958,0.98276616880752,0.345567295793444,0.788065736880526,0.0571056455373764,0.0370866148732603,0.964613860007375,0.535566470818594,0.795098546193913,0.962959123076871,0
0.298141358885914,0.172212734818459,0.478833286091685,0.877978169126436,0.144655771320686,0.571801046840847,0.639052371261641,0.903229835676029,0.550714274635538,0.647841720143333,0
0.943709461018443,0.0841382795479149,0.474744719453156,0.262666795402765,0.337853034026921,0.623987247003242,0.803110915701836,0.865536337252706,0.613288943655789,0.403999721631408,0
0.806697703665122,0.28619263949804,0.978901953669265,0.53581504477188,0.584913373691961,0.256689492147416,0.992242308566347,0.641127606853843,0.307433727895841,0.226666305214167,0
0.450866061961278,0.0612419655080885,0.170749248703942,0.509342505829409,0.894457518355921,0.774857922457159,0.707452344242483,0.303770397324115,0.854290585732087,0.0495409052819014,0
0.815593242179602,0.856207121163607,0.0590960797853768,0.586249913554639,0.836350373458117,0.833774496801198,0.720220691990107,0.598092975327745,0.0969837855082005,0.495241486700252,0
0.986393004195672,0.441683465135195,0.100844726897776,0.341365041444078,0.27760438551195,0.850365456426516,0.742649293271825,0.314701544586569,0.439583013067022,0.601015470456332,0
0.914045905927196,0.289281596429646,0.858764505945146,0.551212927093729,0.566984682576731,0.882469466421753,0.449681814294308,0.293653797125444,0.767812588950619,0.140311706112698,0
0.518072305480018,0.957502986770123,0.409480836475268,0.192768805660307,0.375644569750875,0.316595032112673,0.235209662467241,0.26911905920133,0.249598826514557,0.432042582659051,0
0.309544009855017,0.390710092382506,0.0744330734014511,0.112467769533396,0.258202985394746,0.748217824380845,0.0300108666997403,0.754987083142623,0.936374920420349,0.905733740888536,0
0.466606403468177,0.512349704280496,0.345677254488692,0.792851394508034,0.658839086070657,0.376978104235604,0.400000488618389,0.65875151520595,0.157168233534321,0.316407029284164,0
0.820834594080225,0.906079997774214,0.478024402633309,0.521665399661288,0.351901630172506,0.0408477038145065,0.517200603382662,0.499151325086132,0.429173161042854,0.431808772496879,0
0.466107311891392,0.129838983528316,0.0528413038700819,0.762055884115398,0.435713491402566,0.731983222765848,0.98270985414274,0.558304126840085,0.10982728889212,0.441321191145107,0
0.869535714387894,0.333563543157652,0.389357882086188,0.718337997794151,0.166925207711756,0.0331640499643981,0.857810275396332,0.183054289082065,0.868225510464981,0.00142172537744045,0
0.437813322525471,0.316747755510733,0.141444694483653,0.749066963326186,0.231671270448714,0.0270365995820612,0.231535959756002,0.418600828386843,0.877543227979913,0.222919762600213,0
0.264367571799085,0.620862098410726,0.0226970633957535,0.102720237337053,0.709008030127734,0.999141752254218,0.524913697503507,0.0185596968512982,0.886816813843325,0.484001062810421,0
0.44019357743673,0.130565518280491,0.12898960779421,0.79341922304593,0.465829204535112,0.265471350168809,0.644934757612646,0.414562990423292,0.257340591400862,0.769857777049765,0
0.148579703544639,0.940231378260238,0.544654787518084,0.984165349509567,0.927663627080619,0.853313660714775,0.191240937681869,0.607086502946913,0.465903179254383,0.818400774383917,0
0.153130495687947,0.797389040002599,0.279876935528591,0.0886342118028551,0.0822881064377725,0.362519037444144,0.817375838523731,0.361132527468726,0.259640916017815,0.416180652100593,0
0.177846473176032,0.122328341705725,0.339532126206905,0.531641152920201,0.98226642748341,0.130708588752896,0.0351434629410505,0.0622860472649336,0.32158972369507,0.340385293355212,0
0.499615436187014,0.40118271461688,0.892641789279878,0.014358694665134,0.0664618469309062,0.115132886450738,0.250448025064543,0.422306169290096,0.533880812115967,0.684107444947585,0
0.941610218258575,0.0783206771593541,0.309514374472201,0.888375820359215,0.477985122008249,0.635265063727275,0.248984803445637,0.561683417996392,0.0764257325790823,0.121748047880828,0
0.853865362005308,0.271660171914846,0.890183840412647,0.512410626513883,0.00111320917494595,0.811108321417123,0.370287582743913,0.215996842831373,0.925736216129735,0.309500431409106,0
0.910116175888106,0.584330132231116,0.849680718267336,0.446976895676926,0.549022001447156,0.75180355226621,0.339291044976562,0.794568922836334,0.118851541541517,0.0128753420431167,0
0.216123358184006,0.714196049420628,0.56922907452099,0.22205699631013,0.914106400683522,0.430461432319134,0.674086810089648,0.605361955007538,0.620576734887436,0.193103000288829,0
0.774527032859623,0.700346554862335,0.255632588174194,0.859622518299147,0.0912996002007276,0.08497374644503,0.10533285420388,0.168813470285386,0.951844053342938,0.952728864736855,0
0.36869238759391,0.000252587487921119,0.162195487413555,0.448457741644233,0.0181256867945194,0.373497872846201,0.362040545325726,0.850372275337577,0.296022950671613,0.103156577330083,0
0.557175571564585,0.37843276001513,0.351107222493738,0.416848820168525,0.468082993291318,0.882441082736477,0.713112961966544,0.318028620444238,0.56489898217842,0.94196028332226,0
0.277397207217291,0.880891480250284,0.357765122083947,0.906089438591152,0.52125013852492,0.635563033400103,0.37014134414494,0.0684101178776473,0.281179516576231,0.907390958163887,0
0.0126301283016801,0.554179426049814,0.370931957615539,0.49107299069874,0.0980940209701657,0.591473826207221,0.989069593138993,0.391833888366818,0.292674629949033,0.596533696400002,0
0.440254890359938,0.81975391227752,0.722709090216085,0.581275537842885,0.093045087531209,0.294603609014302,0.582930633798242,0.567453724099323,0.428433472523466,0.305361329345033,0
0.325376322492957,0.737123923841864,0.835393006214872,0.0286727354396135,0.960939895827323,0.669319757027552,0.617566402070224,0.0287957438267767,0.893075881758705,0.596535114338621,0
0.153617144795135,0.607041504932567,0.781440324848518,0.885292829247192,0.637505789287388,0.132060321513563,0.88818294252269,0.167662937892601,0.306956209242344,0.214255986968055,0
0.698729882249609,0.942111031385139,0.17913490254432,0.282579757738858,0.300479625584558,0.573502539191395,0.167151564732194,0.633617654209957,0.800535074202344,0.872838891809806,0
0.955435540061444,0.149705863324925,0.653538062702864,0.927160196471959,0.17559597780928,0.452321853721514,0.628080593887717,0.274896102258936,0.104897515848279,0.617500804830343,0
0.166107600787655,0.83035544026643,0.589822152862325,0.322416667360812,0.154602684313431,0.648119435412809,0.666983548551798,0.204651626059785,0.207536429632455,0.0371553669683635,0
0.519304221495986,0.210483799688518,0.367774478159845,0.845484353834763,0.972558450186625,0.347284434363246,0.597474037436768,0.518989714095369,0.594063503202051,0.927972634555772,0
0.388291294919327,0.55532378423959,0.401291319634765,0.618439324665815,0.417522355914116,0.705908231902868,0.301336982985958,0.615009098546579,0.0570432702079415,0.615034368354827,0
0.562298006378114,0.4588072237093,0.417240066686645,0.396124025806785,0.44690840295516,0.868562030140311,0.711430873256177,0.116835331311449,0.477658528601751,0.711437118472531,0
0.672203483060002,0.995241805212572,0.749545807950199,0.21088411542587,0.319743563653901,0.417172828922048,0.239067480200902,0.517180491238832,0.718579644570127,0.463464759523049,0
0.28590345219709,0.468879827065393,0.43713927664794,0.0241806574631482,0.0753722896333784,0.443376548122615,0.803257754072547,0.0454697064124048,0.392291850643232,0.143823846708983,0
0.357351223938167,0.721591972047463,0.938623463269323,0.390238917898387,0.435160668101162,0.620812666136771,0.319196525495499,0.444955547340214,0.325793485157192,0.639990034280345,0
0.154099518200383,0.775153891416267,0.14400433190167,0.0508608212694526,0.604151877108961,0.310089545091614,0.967385289724916,0.331055364571512,0.755577999167144,0.760760678676888,0
0.521722550122067,0.423312793770904,0.209484957857057,0.337662347825244,0.698454950470477,0.386287686182186,0.617288379697129,0.581834796350449,0.521861582295969,0.235556844156235,0
0.586995063349605,0.36116914334707,0.989839860238135,0.979077935218811,0.264173337025568,0.99852088605985,0.195593401789665,0.767741188174114,0.0988331390544772,0.743420176906511,0
0.51931677130051,0.34307694225572,0.309483049437404,0.89477246045135,0.263849448645487,0.240035079186782,0.197635285323486,0.873420970514417,0.831795649137348,0.417239842237905,0
0.548790161730722,0.0631636295001954,0.105109521653503,0.055962320882827,0.499847428174689,0.210547065827996,0.959597026929259,0.0636018379591405,0.296650361735374,0.619730254402384,0
0.993819483323023,0.160522197140381,0.625307153211907,0.458067897008732,0.37396650435403,0.364528791513294,0.987467746017501,0.862247902434319,0.851669696159661,0.342674729414284,0
0.16474516922608,0.550261804834008,0.221919563831761,0.0633001185487956,0.228683402994648,0.17634375882335,0.387976070400327,0.507587698753923,0.704333220375702,0.240403510630131,0
0.182934106560424,0.983507042983547,0.530054645380005,0.918011567322537,0.166366395773366,0.41219426644966,0.680553594836965,0.392529866658151,0.0975631135515869,0.703768071485683,0
0.937980194110423,0.555725305108353,0.582155598327518,0.913248529657722,0.821136684622616,0.138284369139001,0.718960529193282,0.44416028005071,0.496051652356982,0.893989555537701,0
0.214195690583438,0.668484371621162,0.246374544687569,0.713586635887623,0.359194543212652,0.266148124122992,0.0850133725907654,0.703426738968119,0.740009441506118,0.414460016181692,0
0.300452618161216,0.637224546168,0.222009415505454,0.237303648144007,0.787337046582252,0.496503125643358,0.334361323621124,0.127876927610487,0.858738317154348,0.0916952670086175,0
0.997296439483762,0.44207173329778,0.207106663146988,0.468234383268282,0.42069192416966,0.198910302016884,0.847679706057534,0.545124593423679,0.444766447879374,0.251109879929572,0
0.792218412505463,0.858356875833124,0.79952714103274,0.567197439959273,0.360493863699958,0.908789647277445,0.227343993727118,0.829695082036778,0.638646136503667,0.0514114222023636,0
0.604977291775867,0.0197027197573334,0.229068280896172,0.447710766689852,0.150333483936265,0.111597795970738,0.868412845069543,0.987438105978072,0.216602170839906,0.648887802148238,0
0.569312349893153,0.206399904796854,0.112392690265551,0.986052125459537,0.25809734640643,0.907570886658505,0.0480648709926754,0.0439273044466972,0.155307850101963,0.66339150397107,0
0.324749238556251,0.660478903679177,0.398284088820219,0.589565067784861,0.9699420791585,0.406468098284677,0.210780542576686,0.178021499654278,0.652261706069112,0.851382166612893,0
0.0543939913623035,0.640488269040361,0.130467230221257,0.228135159472004,0.146821950795129,0.598662155214697,0.567993864649907,0.337465832708403,0.721925556659698,0.000947784632444382,0
0.0950727658346295,0.783018244197592,0.662942520808429,0.204209257150069,0.00720495032146573,0.283495288109407,0.283311601961032,0.732984726084396,0.974175003822893,0.643359069479629,0
0.884663213975728,0.550652987789363,0.670982863055542,0.579807790694758,0.914246418513358,0.29948474210687,0.572366317268461,0.905833683675155,0.00136370724067092,0.094119978370145,0
0.445776100736111,0.305711029330269,0.440679522696882,0.0402613708283752,0.565119880717248,0.347388694761321,0.575456304010004,0.373766837175936,0.0950269654858857,0.335838024504483,0
0.784547661896795,0.620882961666211,0.0261558289639652,0.348666446749121,0.526980277849361,0.881714655086398,0.805181270232424,0.860102249309421,0.661235309205949,0.530103623634204,0
0.447238998254761,0.27371091558598,0.551422558259219,0.269573893165216,0.355744360713288,0.987867688527331,0.58870541350916,0.0345499343238771,0.0569775162730366,0.31909193797037,0
0.93264811579138,0.396606721216813,0.298260618001223,0.0655656636226922,0.327174471691251,0.83888447820209,0.864102509105578,0.353564443532377,0.484375533647835,0.172272511990741,0
0.682913663331419,0.896111139561981,0.600583773339167,0.627729487139732,0.85482093738392,0.652770373038948,0.801969038788229,0.957791360793635,0.978133580647409,0.701159168267623,0
0.172316419193521,0.462960742181167,0.284452059306204,0.710186949931085,0.854714412940666,0.298433972988278,0.646009544609115,0.792307291878387,0.561882133362815,0.810580984922126,0
0.653579593352601,0.939551268277175,0.944688693387434,0.539392502512783,0.981386507861316,0.521288433577865,0.885360213462263,0.881886670133099,0.725054380483925,0.730291958665475,0
0.357772859279066,0.463906860211864,0.43605188652873,0.609090442769229,0.406916879117489,0.7111326076556,0.535013990709558,0.0765752173028886,0.778785923728719,0.0682524326257408,0
