"1","2","3","4","5","6","7","8","9","10","class"
0.578985525318422,0.810201405983399,0.718261923640966,0.147562602069229,0.188335585407913,0.302340951282531,0.32241789647378,0.768418590538204,0.71991129568778,0.0922843364533037,0
0.742555608740076,0.364151228452101,0.113450883189216,0.902164987521246,0.130705787101761,0.290297309635207,0.89529227395542,0.659490569727495,0.636543431552127,0.0502988847438246,0
0.304658796871081,0.467405257280916,0.667307274183258,0.481074882904068,0.578490648185834,0.0935388216748834,0.949557363055646,0.644260508008301,0.557261732406914,0.137243346776813,0
0.0525808956008404,0.563696308759972,0.79864551872015,0.0413302059751004,0.863494685152546,0.423499825643376,0.738442817470059,0.478069069096819,0.512515585403889,0.376963035902008,0
0.0986633747816086,0.635546506615356,0.382787025300786,0.0108887059614062,0.523996545700356,0.71326713077724,0.413172989618033,0.78679618332535,0.434090197319165,0.644880597945303,0
0.810600596480072,0.872759994585067,0.468664871063083,0.397529733600095,0.0582174346782267,0.928330404451117,0.0491415697615594,0.764908339129761,0.520388626959175,0.170213606208563,0
0.585541688138619,0.0350292001385242,0.424103906843811,0.161268736701459,0.0516570650506765,0.689937968738377,0.149838417535648,0.175266836304218,0.91735631856136,0.618929265299812,0
0.228778399527073,0.17621548846364,0.0503482683561742,0.311672823736444,0.828327700961381,0.925103013170883,0.827276692725718,0.580459857359529,0.523474746150896,0.268385757692158,0
0.927344828145579,0.341500405455008,0.919128265464678,0.157063112827018,0.153951156418771,0.64099361654371,0.273067147005349,0.998130661668256,0.122226882260293,0.0075826074462384,0
0.572613359894603,0.892667003674433,0.281869491096586,0.961257838644087,0.0270097658503801,0.830770618282259,0.415159023599699,0.889095059130341,0.0758564900606871,0.693252361146733,0
0.792322798632085,0.480493129231036,0.697373266797513,0.532347716158256,0.560535846976563,0.287610351573676,0.968602418666705,0.350789870135486,0.254080419894308,0.272199620259926,0
0.32446476817131,0.310588177992031,0.715042199939489,0.678299707127735,0.121788343880326,0.228954603662714,0.918739769840613,0.23391996207647,0.499022618168965,0.947604682995006,0
0.454646630445495,0.49205758026801,0.726280611706898,0.627693508984521,0.305508219869807,0.0907245483249426,0.603415395831689,0.0886852219700813,0.742720487061888,0.395396152511239,0
0.598948990926147,0.826074395561591,0.204016510862857,0.158640734152868,0.448996847728267,0.0919383869040757,0.110093006631359,0.391413806239143,0.493986885529011,0.832607721211389,0
0.452238506637514,0.567242455901578,0.988264616113156,0.290043252520263,0.596215339610353,0.92163246544078,0.416941396426409,0.0820386081468314,0.313150686910376,0.937568361172453,0
0.0996678117662668,0.551620251731947,0.277571146609262,0.746123239630833,0.385157044278458,0.405672062886879,0.805988683598116,0.28475036425516,0.808098541107029,0.525533712469041,0
0.273629241390154,0.0783477635122836,0.993592828512192,0.0273424594197422,0.297539938474074,0.789375031134114,0.407274762867019,0.836244581500068,0.559825310017914,0.655320882098749,0
0.177229874068871,0.540520681533962,0.268165946006775,0.994790071155876,0.438439426477998,0.734002614626661,0.625579947605729,0.968226021854207,0.712792403064668,0.157915097661316,0
0.898650242481381,0.331593113485724,0.685108040925115,0.905373700428754,0.847105105873197,0.843988064443693,0.428243570495397,0.551133881090209,0.812733582686633,0.0848998518195003,0
0.359380121575668,0.331387388752773,0.207478443393484,0.665332278702408,0.0209890571422875,0.461504591396078,0.949010220589116,0.564594804542139,0.194793764734641,0.149754826212302,0
0.324011235606857,0.0238065961525656,0.164986203657463,0.748897591605783,0.443102883873507,0.401918286457658,0.949132627341896,0.124542062869295,0.228124371496961,0.255851874826476,0
0.0541193317621946,0.939017350086942,0.14681166713126,0.222995196236297,0.727792482357472,0.561701336177066,0.622608752921224,0.686210109153762,0.265054028015584,0.825876459013671,0
0.70642640045844,0.953978224424645,0.538195966277272,0.642007135786116,0.416321217780933,0.00813936232589185,0.973519280087203,0.574645347660407,0.76414458733052,0.250578969484195,0
0.779918076470494,0.254467350663617,0.292492259992287,0.259338497417048,0.692289430415258,0.61461223801598,0.407275191741064,0.778964763041586,0.808891247492284,0.541983722010627,0
0.890813774662092,0.187429169658571,0.0997488589491695,0.985556644853204,0.829228503862396,0.404871633509174,0.753942360868677,0.875625015702099,0.0868222545832396,0.0907521671615541,0
0.569325428921729,0.871983084362,0.117334971902892,0.229714738205075,0.535434377612546,0.0159626158419997,0.994021525606513,0.636992361862212,0.40861272579059,0.730815415736288,0
0.946819414151832,0.267727228812873,0.816570247756317,0.787955777719617,0.55178547417745,0.395723538473248,0.020008125109598,0.401641002390534,0.43530238349922,0.014772787457332,0
0.588812731206417,0.319882754934952,0.692465491127223,0.969259722856805,0.900075464276597,0.298905116738752,0.650140458950773,0.318677407689393,0.846823887433857,0.0413414891809225,0
0.538796930573881,0.725103336852044,0.855460927356035,0.638564254157245,0.628123887814581,0.383817567955703,0.579743965761736,0.568604574538767,0.352688098093495,0.522282168269157,0
0.689937625080347,0.955524562858045,0.0909065515734255,0.599244455108419,0.656759531702846,0.960349809378386,0.844086818397045,0.521424587350339,0.952519224025309,0.483177102170885,0
0.794913206249475,0.346052312524989,0.142629876267165,0.949668530374765,0.302795148454607,0.950088429031894,0.000614604912698269,0.220102743245661,0.430258844979107,0.703191561857238,0
0.817756269127131,0.257581336423755,0.308302598074079,0.00823586666956544,0.383554422063753,0.374601702904329,0.993596230167896,0.290637020953,0.435961395734921,0.618474000366405,0
0.845942234387621,0.462064641993493,0.208626473555341,0.529829634586349,0.896650586277246,0.146231583785266,0.175338341388851,0.910597315523773,0.512678190600127,0.454563684295863,0
0.267011862946674,0.233650298323482,0.34496428957209,0.504413097398356,0.720830347156152,0.668516665929928,0.747047730488703,0.768883150070906,0.388956082984805,0.92241125786677,0
0.36654844606854,0.662276870223645,0.181119294604287,0.475983757758513,0.0609812072943896,0.100521185435355,0.492796241305768,0.807273792568594,0.787953693652526,0.0442904327064753,0
0.584051874076948,0.683800521818344,0.152994377305731,0.322614108677953,0.367924363352358,0.200810011476278,0.108117072610185,0.409224614035338,0.360569811426103,0.92367778881453,0
0.647057898342609,0.839367814129218,0.665242842165753,0.725977394264191,0.0664916876703501,0.182678111596033,0.932185142068192,0.0782393808476627,0.44062943616882,0.891940410016105,0
0.538463670061901,0.946335346670821,0.928061448503286,0.422342701349407,0.576985847670585,0.438808544306085,0.784369698027149,0.845804610056803,0.693042294122279,0.310575619805604,0
0.12520098942332,0.964276576880366,0.871306689688936,0.511651802808046,0.406653413781896,0.878071150043979,0.909406556049362,0.647982583846897,0.542631728108972,0.200364674907178,0
0.469459392596036,0.119150846032426,0.107137663755566,0.821891947416589,0.157940952805802,0.832349901553243,0.990511384094134,0.364586870884523,0.63040050980635,0.797106678364798,0
0.684461596887559,0.813454644056037,0.289559365948662,0.164015692425892,0.167607815703377,0.449299331754446,0.658333560219035,0.960480793844908,0.335555573925376,0.184213533066213,0
0.875311585249566,0.222618550571929,0.791714877123013,0.18266707402654,0.636785309761763,0.619781366549432,0.147897771093994,0.0914330752566457,0.052542262012139,0.545197423547506,0
0.521902065491304,0.674352369504049,0.472223103046417,0.159729463746771,0.726865824311972,0.0888730206061155,0.365430532721803,0.845697538461536,0.987171196145937,0.730069749522954,0
0.263832864584401,0.684890443924814,0.855985105969012,0.44965299917385,0.49567223363556,0.9852952263318,0.728235487127677,0.0313096581958234,0.761809673858806,0.399452406447381,0
0.426845408044755,0.555101723177359,0.620545531855896,0.601268023718148,0.913457024842501,0.386669410159811,0.380996817955747,0.220348412171006,0.0695456298999488,0.127376573160291,0
0.859656524378806,0.765988504514098,0.373939362820238,0.164975648745894,0.910696614766493,0.0582051733508706,0.820315127493814,0.095703385071829,0.684513450134546,0.842111962847412,0
0.427013775542006,0.705387371609557,0.974694842705503,0.144442954100668,0.510909153847024,0.261835943674669,0.889229285297915,0.793169628828764,0.715711822500452,0.928023727843538,0
0.961854903260246,0.209376406157389,0.302369291428477,0.829491744982079,0.344533358700573,0.156456287484616,0.633119458332658,0.423111639684066,0.997737861704081,0.198082447052002,0
0.250280127394944,0.569489840883762,0.846689803991467,0.0167659258004278,0.373846046859398,0.75421081809327,0.596734217833728,0.149195976788178,0.836508361622691,0.418483588146046,0
0.399540972527862,0.520437789663736,0.150201747659594,0.507902811979875,0.26063020597212,0.747556127607822,0.529543377226219,0.482257329626009,0.398618564475328,0.178384014638141,0
0.580004571704194,0.761142929084599,0.944566558348015,0.515166301978752,0.052653397899121,0.574599500279874,0.481378015363589,0.0563436537049711,0.342412602156401,0.764613770181313,0
0.821518070297316,0.777566897450015,0.810566518688574,0.551348224282265,0.438497578958049,0.909446841804311,0.560439327498898,0.787887102691457,0.522339903749526,0.649587265448645,0
0.909014460630715,0.32020908780396,0.733842920744792,0.48342069145292,0.26412884471938,0.782880801707506,0.799882198218256,0.919784556841478,0.346194635378197,0.540172280510888,0
0.275775206973776,0.849676383193582,0.443883610190824,0.636639458592981,0.873026763321832,0.0484715821221471,0.382703656563535,0.663430958520621,0.287427773466334,0.574921915540472,0
0.420731202000752,0.728242724202573,0.617468753131106,0.602772136451676,0.0634983561467379,0.178737340727821,0.86604689550586,0.319982482353225,0.362992739537731,0.816395378671587,0
0.584241381613538,0.426034994190559,0.367026614025235,0.582997639896348,0.32252010749653,0.641436108155176,0.479349716566503,0.37328921048902,0.86984013626352,0.000265219481661916,0
0.0641010040417314,0.974656749749556,0.175791332265362,0.792416351381689,0.680530808866024,0.714097725925967,0.215189484646544,0.313536001602188,0.149878785712644,0.499500557314605,0
0.842319945746008,0.896426794474595,0.147519316989928,0.283705047797412,0.921334921382368,0.565643974114209,0.508559651440009,0.163886391557753,0.314095064997673,0.987051310716197,0
0.434777052607387,0.337243143469095,0.119420641334727,0.442407487658784,0.207775112939999,0.366660197265446,0.318380082026124,0.437748392112553,0.19644882180728,0.72165940864943,0
0.760315688792616,0.170982701238245,0.335177261149511,0.446536888135597,0.176790705882013,0.758010433288291,0.846228694077581,0.597230075392872,0.976957960054278,0.118611722253263,0
0.323745842061006,0.932890354650398,0.871572804404423,0.205686464440078,0.0237248041667044,0.312029941240326,0.909872228046879,0.614966130349785,0.193973446497694,0.423791958251968,0
0.16602909937501,0.733829247998074,0.0181281040422618,0.0591284066904336,0.529090384719893,0.264566526515409,0.370979159371927,0.675597486551851,0.428241239627823,0.782153606880456,0
0.158458103432134,0.23937914115939,0.0240298907738179,0.0407427849713713,0.0229329855646938,0.260558745823801,0.0679091231431812,0.472962135914713,0.12486749025993,0.0298640776891261,0
0.833008131012321,0.589024742599577,0.175436636433005,0.806684357579798,0.479409206891432,0.31309809605591,0.712898735422641,0.512902966467664,0.941315164091066,0.82750269304961,0
0.733846421353519,0.222539830487221,0.877154550515115,0.310313707450405,0.631917631952092,0.635035366285592,0.865872842958197,0.985237646615133,0.874068666482344,0.814124628668651,0
0.97232071030885,0.411023993277922,0.907549821771681,0.33464256580919,0.520035915309563,0.103258531773463,0.957943756598979,0.0599955250509083,0.534528457326815,0.162281411699951,0
0.740255231736228,0.865362111944705,0.876926522934809,0.395243677310646,0.959197892108932,0.165571357356384,0.547958838986233,0.0504154332447797,0.747445507440716,0.759520130930468,0
0.884262301027775,0.321921294787899,0.485473026055843,0.37721527996473,0.671181093202904,0.154776884475723,0.463166205910966,0.413801526883617,0.965247608954087,0.102251209551468,0
0.156073414022103,0.218896088656038,0.578575745690614,0.77510114852339,0.00856275320984423,0.897599939722568,0.0867790605407208,0.932910432107747,0.34117711824365,0.970314648700878,0
0.376454620854929,0.580616009654477,0.0382177568972111,0.187158819520846,0.216748968698084,0.836685233516619,0.64164208015427,0.151843827683479,0.0844018335919827,0.177155999233946,0
0.20728445914574,0.854756089858711,0.0657234971877187,0.466272387420759,0.668525697197765,0.330630515469238,0.404266478959471,0.412938344990835,0.338944695657119,0.763561588479206,0
0.247731700539589,0.203207663493231,0.994779124390334,0.32049239333719,0.570091884350404,0.332973994780332,0.236336467787623,0.696995966834947,0.0261517560575157,0.0585100948810577,0
0.795244215289131,0.474371668184176,0.433004478923976,0.775930802570656,0.10443975450471,0.273707528365776,0.840065176598728,0.779066986171529,0.791500351158902,0.793909350177273,0
0.717834153136425,0.00341319372949428,0.357728502713144,0.684660578612238,0.201254812767729,0.863974782638252,0.098829573020339,0.393264765152708,0.732355807675049,0.614263458875939,0
0.07173163327761,0.207447924310751,0.928062687860802,0.732611719053239,0.653376978822052,0.222864255774766,0.254942432977259,0.617816369980574,0.151228179922327,0.0500266749877483,0
0.696389986344147,0.391778509336614,0.590665661264211,0.516512320144102,0.771568621043116,0.253105724463239,0.144539331318811,0.0991458853241056,0.882088925922289,0.341587736271322,0
0.276197773870081,0.966961540048942,0.116309504490346,0.505122500006109,0.406203279737383,0.547633729176596,0.270155579550192,0.88390125380829,0.216828448232263,0.442298229318112,0
0.436337102903053,0.42024249327369,0.802659925306216,0.885374224511907,0.8358746888116,0.386832335498184,0.359874778892845,0.957113344687968,0.733253903221339,0.0337936121504754,0
0.27188635407947,0.334912502905354,0.652413805481046,0.664166575763375,0.701914866920561,0.0478527331724763,0.814030048204586,0.144357913406566,0.49976246827282,0.0301217015367001,0
0.331149019766599,0.798705212539062,0.0689894934184849,0.802043857052922,0.205523689510301,0.978239621967077,0.867231221869588,0.517496010288596,0.73929708567448,0.432226622710004,0
0.0667947574984282,0.960297567071393,0.631956222932786,0.102440764196217,0.58262866223231,0.885405073873699,0.485427042003721,0.0652164742350578,0.954060645774007,0.22663416271098,0
0.502673241076991,0.0392267911229283,0.926843519089743,0.26299755461514,0.349798538256437,0.112292037112638,0.874575581401587,0.440248051192611,0.676741342060268,0.0632293247617781,0
0.888847530353814,0.104654023656622,0.944485178682953,0.286742669064552,0.577601949218661,0.713193748379126,0.605501451063901,0.21112445415929,0.966303700581193,0.743625096743926,0
0.658868480240926,0.367802043678239,0.266887229634449,0.535915439482778,0.429264471167699,0.647122448543087,0.163726514205337,0.299461103277281,0.723928709048778,0.47942463401705,0
0.610215928172693,0.589903329266235,0.7259366302751,0.078579100780189,0.491313633974642,0.00368097773753107,0.890039661200717,0.908567079342902,0.714112567948177,0.890625540399924,0
0.744856973677874,0.142706347016907,0.385568079771474,0.304322564974427,0.381510896841064,0.138933989917859,0.231054995441809,0.345263932831585,0.592082676943392,0.278668088139966,0
0.461114641278982,0.239076878875494,0.403678555740044,0.39055138733238,0.276818193029612,0.910860490053892,0.116338296793401,0.011371725006029,0.597967624897137,0.596395118627697,0
0.849220801849291,0.463185528845764,0.783292382955551,0.669337430968881,0.550447867484763,0.388405870413408,0.334252815926448,0.852755787083879,0.734674217179418,0.59811915946193,0
0.914681255817413,0.0255460331682116,0.0194662387948483,0.77237338013947,0.815915624145418,0.47368323802948,0.539874986978248,0.297957719769329,0.168042390141636,0.732890462502837,0
0.286392961395904,0.620753274532035,0.640145865734667,0.871085815131664,0.218809515470639,0.298285875003785,0.687495730351657,0.274565767496824,0.475181919289753,0.661682280246168,0
0.333110279869288,0.70848617493175,0.698105036048219,0.843021830543876,0.729570874711499,0.866644187830389,0.609194871271029,0.996410776395351,0.160846276208758,0.709182826336473,0
0.471532107330859,0.507822999730706,0.229080618591979,0.196883932687342,0.226924761431292,0.6722765811719,0.355265020625666,0.964232136728242,0.565741065889597,0.152085345471278,0
0.360101382015273,0.703603287460282,0.623918044846505,0.735292514320463,0.233348984038457,0.948934611165896,0.483162506017834,0.370106864022091,0.731579061364755,0.551832349505275,0
0.128305490827188,0.638490611687303,0.688054013997316,0.659587002824992,0.274080390343443,0.48082243045792,0.10148347937502,0.167616732418537,0.523386483779177,0.931466743350029,0
0.614846375072375,0.359924909193069,0.333133466541767,0.691229440737516,0.459084563655779,0.316014281706885,0.28960216534324,0.409037434263155,0.612186530139297,0.654466874664649,0
0.148777253460139,0.439199028303847,0.729507015785202,0.858031706651673,0.0329904516693205,0.73165760980919,0.234391989419237,0.440135894576088,0.934546466218308,0.971439738292247,0
0.225514750694856,0.571326799690723,0.319701498141512,0.370491072535515,0.49916232842952,0.185406299307942,0.246852769749239,0.70499332039617,0.969404107192531,0.332685043336824,0
0.637972260592505,0.219291769899428,0.0749146724119782,0.356774292886257,0.242242529988289,0.546124047134072,0.150409703375772,0.391151184216142,0.606460678391159,0.727215733611956,0
0.59945032116957,0.162463679211214,0.530166123295203,0.467009568586946,0.280232095625252,0.913184794364497,0.889933142112568,0.801954544149339,0.142280789325014,0.859588293125853,0
0.891085694078356,0.31392679666169,0.386028359876946,0.179230631096289,0.811332671204582,0.889739187667146,0.673307246062905,0.77234458993189,0.736318218987435,0.56210119323805,0
