"1","2","3","4","5","6","7","8","9","10","class"
0.607515985844657,0.837311777519062,0.183199689723551,0.677931725280359,0.809634872945026,0.505250122630969,0.255661368370056,0.133019960718229,0.654750512680039,0.302455344237387,0
0.920227344147861,0.11374440882355,0.473222073400393,0.0584427588619292,0.00632658693939447,0.672931322595105,0.453361922176555,0.677123176632449,0.248476163949817,0.837113447487354,0
0.648456067079678,0.746477179694921,0.121900935890153,0.451539928792045,0.674274336546659,0.776594832772389,0.137271073414013,0.711567800026387,0.747356502339244,0.345816328423098,0
0.0894330746959895,0.211267707170919,0.870266003068537,0.506912828655913,0.164335779612884,0.118583105737343,0.252064193366095,0.698301561642438,0.0799493889790028,0.83157771313563,0
0.854087563930079,0.376986677758396,0.822559838648885,0.368058133404702,0.554819064447656,0.392640681006014,0.827634163200855,0.266183089697734,0.649998464621603,0.126881141914055,0
0.197406630963087,0.386814863188192,0.822786903707311,0.658159091835842,0.669668296584859,0.237724791280925,0.868622444104403,0.0139151094481349,0.842877212446183,0.399174983147532,0
0.230281070573255,0.554866216611117,0.984632161911577,0.830414108466357,0.922679539071396,0.686042381450534,0.979775631101802,0.198759735096246,0.182512799045071,0.686876334017143,0
0.916568832704797,0.563721084268764,0.984880416886881,0.70254280581139,0.965979685541242,0.281997391255572,0.276415722910315,0.443331736605614,0.797358594369143,0.564772518351674,0
0.244665437843651,0.56231870665215,0.601519274059683,0.606493614381179,0.526463406858966,0.94501547771506,0.288538929307833,0.712680008262396,0.287232240429148,0.483655885327607,0
0.989006823860109,0.0941878736484796,0.312023469014093,0.233998253010213,0.419101661304012,0.211330580990762,0.404775271890685,0.143765543820336,0.345197953516617,0.145490372553468,0
0.379030925221741,0.265251491451636,0.503849833272398,0.0752776272129267,0.941390958847478,0.169182742713019,0.195646489737555,0.526935509871691,0.0986429380718619,0.450536786578596,0
0.946626554941759,0.577179313404486,0.0513117916416377,0.338683470152318,0.748090226668864,0.088978243758902,0.057535330299288,0.2459645208437,0.691862249048427,0.436242266092449,0
0.925792588619515,0.497239132411778,0.968659968581051,0.688661909429356,0.318249185336754,0.589576598955318,0.784022783162072,0.720386157743633,0.804811544250697,0.511638466035947,0
0.198585493024439,0.907624147832394,0.316210667137057,0.792946628527716,0.483464758377522,0.372912648599595,0.241412311093882,0.368070236872882,0.0912351557053626,0.353039475157857,0
0.346858643693849,0.892399254022166,0.251486876048148,0.75904156989418,0.672985983779654,0.159706595819443,0.498849357943982,0.120733837829903,0.140965143684298,0.71849073166959,0
0.66999994055368,0.100135181797668,0.0769814208615571,0.380253962008283,0.160691695986316,0.432577388128266,0.403866104548797,0.535093497717753,0.752587327035144,0.0919612511061132,0
0.567445118445903,0.542066522873938,0.740212474949658,0.021153210895136,0.678135125199333,0.329223008360714,0.29102580063045,0.933049158193171,0.0535328357946128,0.0101055514533073,0
0.693362477045157,0.709136985017323,0.197783790761605,0.284584587439895,0.773327846778557,0.944375653052703,0.071687419898808,0.434445412363857,0.205408905399963,0.252268923912197,0
0.760123256593943,0.398482115240768,0.108752839267254,0.228018300142139,0.470055843237787,0.7739001091104,0.249115584185347,0.171866809483618,0.149288278305903,0.807820556685328,0
0.848984171636403,0.0592937439214438,0.934322247980163,0.847557697212324,0.610479310154915,0.720232518855482,0.00346206221729517,0.0531977666541934,0.534347181906924,0.860390587709844,0
0.927144075511023,0.526524694403633,0.864548019133508,0.513228045543656,0.619592217961326,0.460285408422351,0.781046599149704,0.0661575002595782,0.803300352999941,0.322906555142254,0
0.767148453509435,0.518894769949839,0.946222699712962,0.370487403590232,0.222687562461942,0.838021186413243,0.560057950438932,0.404481255449355,0.556649063481018,0.0726473985705525,0
0.693599607040547,0.51527339142475,0.853695201920345,0.734624786302447,0.0470367327798158,0.0109876128844917,0.324218450579792,0.265022283885628,0.754588031908497,0.45607092580758,0
0.326533625135198,0.493721833219752,0.645978947170079,0.116734214127064,0.656794878188521,0.47410037741065,0.368371916236356,0.38762414176017,0.140055482974276,0.576989624183625,0
0.273611526470631,0.909392273286358,0.444283834425732,0.0963218533433974,0.778680883813649,0.486902450677007,0.4757463587448,0.726521120406687,0.46169726876542,0.262391203548759,0
0.414835154078901,0.65002488787286,0.898753914283589,0.832619995577261,0.595018375432119,0.380567623302341,0.0745381994638592,0.542238023132086,0.782186438795179,0.0328369776252657,0
0.616864351555705,0.808267245069146,0.137174817966297,0.765351518988609,0.89867047034204,0.0544822872616351,0.274108644109219,0.0933531892951578,0.727878930047154,0.472419755766168,0
0.350386704783887,0.267505418974906,0.620847885031253,0.333409910323098,0.12533001229167,0.380296036601067,0.872502102982253,0.803914250573143,0.824254533974454,0.422236991347745,0
0.118831814266741,0.92424723203294,0.766177291981876,0.0843601066153497,0.267300000647083,0.977784853661433,0.674674576846883,0.204824737971649,0.322368080029264,0.325859566917643,0
0.712082156911492,0.563220783835277,0.0930163008160889,0.201918933074921,0.297648878768086,0.191488625481725,0.831639481009915,0.640684735961258,0.0701771508902311,0.16183073213324,0
0.161607005633414,0.0971572247799486,0.937309202505276,0.677758709993213,0.0100861899554729,0.0214277887716889,0.539032532600686,0.0687738517299294,0.135589679935947,0.293153490871191,0
0.26786205987446,0.047881189500913,0.137937739957124,0.0513276767451316,0.49471347942017,0.903136879205704,0.649848662316799,0.0735130754765123,0.654751389520243,0.907325582345948,0
0.095401409932971,0.0607722451472323,0.0963367400690913,0.97359195491299,0.284711516462266,0.298676634207368,0.851113297976553,0.362882467918098,0.133484447142109,0.319589266553521,0
0.852356015704572,0.0984797973651439,0.975720028625801,0.355204501189291,0.440222142497078,0.499306327430531,0.280178209766746,0.0690163699910045,0.558819335186854,0.566263469401747,0
0.989564501447603,0.166011243360117,0.219083704287186,0.964412342524156,0.439523284090683,0.769631856121123,0.869539365638047,0.827536546858028,0.883614450227469,0.301390230190009,0
0.588747516740113,0.717395734973252,0.481187007855624,0.602283493150026,0.676641379715875,0.564304629573599,0.147360048722476,0.417464466765523,0.180465095443651,0.260943320579827,0
0.776640915544704,0.733414671150967,0.455208329716697,0.190780384931713,0.377140090567991,0.160954758524895,0.462357746437192,0.498236705316231,0.261688105762005,0.00738028064370155,0
0.340283483499661,0.756383699597791,0.225824961904436,0.343056063866243,0.700742531334981,0.193780162371695,0.670031435322016,0.606854286044836,0.887156960787252,0.849100770894438,0
0.815089801559225,0.25466825789772,0.131307579576969,0.922452767146751,0.556700888322666,0.156143406871706,0.150167730171233,0.577133375220001,0.368154620984569,0.482971217250451,0
0.747737972764298,0.0480819060467184,0.85279743373394,0.170581455575302,0.337777658598498,0.40145982708782,0.505041896831244,0.612437186762691,0.256050131749362,0.743290398502722,0
0.774458755273372,0.226079215528443,0.745996566489339,0.541197734884918,0.334060210036114,0.666638207621872,0.23953319247812,0.615936526097357,0.886306253494695,0.475710442755371,0
0.0205964522901922,0.683440680382773,0.135005904128775,0.894945964915678,0.90393697982654,0.533981117419899,0.919241192284971,0.638793946476653,0.291960103204474,0.603992498246953,0
0.590122556313872,0.202013013884425,0.632904902333394,0.178791193524376,0.574440791038796,0.277598638786003,0.407159843714908,0.406920010456815,0.663143283454701,0.41310333670117,0
0.565609566634521,0.781872177729383,0.112836522050202,0.320852341596037,0.253121746703982,0.480378654552624,0.18097003758885,0.891914517153054,0.360242278082296,0.718604582129046,0
0.267225147690624,0.0305429433938116,0.540036202408373,0.959219534182921,0.213265240658075,0.00671419757418334,0.947290188400075,0.293822160223499,0.237180974567309,0.937461018795148,0
0.36025771964353,0.199204712428482,0.525196662172675,0.778865047497675,0.746245537651703,0.999685860704631,0.434930805815384,0.909615936921909,0.215941139962524,0.456734241219237,0
0.867817482445389,0.686388760572299,0.953845092561096,0.720753424800932,0.148537102155387,0.665684509091079,0.808935097884387,0.958578694611788,0.873244292801246,0.598126987926662,0
0.354720710078254,0.143917627632618,0.311407120665535,0.129231159808114,0.957939420593902,0.0682066138833761,0.280191105557606,0.397688424913213,0.482407425297424,0.707142588449642,0
0.0653294965159148,0.485705105820671,0.5487212582957,0.266507274005562,0.428044041618705,0.029237566748634,0.911857131868601,0.89963545743376,0.878594638779759,0.851479624165222,0
0.270760949933901,0.901787816779688,0.225537144346163,0.879957085708156,0.609632523497567,0.275262708775699,0.873894048854709,0.455725128762424,0.260191864566877,0.28102238685824,0
0.165776126785204,0.492300684330985,0.229808636009693,0.195438168244436,0.170341989491135,0.100920339813456,0.396334775025025,0.827689405996352,0.649834395153448,0.66206388338469,0
0.0194444321095943,0.895975510822609,0.742383739212528,0.394362076418474,0.542695712530985,0.939406631048769,0.141038905829191,0.625917074736208,0.0886635750066489,0.827582026366144,0
0.67334349709563,0.0652735834009945,0.257448982680216,0.886289278278127,0.726757056545466,0.551894079195336,0.385917298262939,0.705196910072118,0.8876861135941,0.290277489228174,0
0.383149063913152,0.0486552189104259,0.303076575743034,0.520431170705706,0.587729125283659,0.521531635662541,0.0413342802785337,0.780405073426664,0.236173898680136,0.0200903133954853,0
0.125721830641851,0.834188246866688,0.677200995385647,0.591336543671787,0.836707127047703,0.0731454794295132,0.428264785557985,0.119765037903562,0.851214444031939,0.61041083955206,0
0.0724669732153416,0.97429199074395,0.623250269098207,0.0954012181609869,0.995875349733979,0.783516858471557,0.959131032694131,0.933251252630726,0.50822662236169,0.657339527504519,0
0.889825493330136,0.183757825288922,0.860750982305035,0.95065613812767,0.723223817534745,0.761998463189229,0.232237365795299,0.0409194882959127,0.169196549104527,0.673145296983421,0
0.217299929121509,0.764113592449576,0.306585706304759,0.101487229345366,0.53487090091221,0.611360398586839,0.666091263061389,0.0829407286364585,0.218485074583441,0.323956358479336,0
0.132654171204194,0.894921072991565,0.315358879277483,0.767700009746477,0.840265891747549,0.837252478115261,0.147997176041827,0.283049709163606,0.67295604525134,0.909766398603097,0
0.0824556984007359,0.99237971031107,0.858048625523224,0.999243398429826,0.724942377535626,0.611239722464234,0.167525954311714,0.252781479852274,0.891339028719813,0.900837208610028,0
0.381194709567353,0.0698360810056329,0.609194626798853,0.959758533863351,0.427743234205991,0.513621286954731,0.713707100367174,0.734698080457747,0.941410085419193,0.00621053320355713,0
0.108092505251989,0.793909604195505,0.630264640552923,0.737435040064156,0.106030513299629,0.182591582415625,0.569569409359246,0.158824461745098,0.977121259085834,0.925397800514475,0
0.624924303498119,0.6449925606139,0.881717696553096,0.775853728409857,0.500417719827965,0.404329065000638,0.329568097600713,0.00632107513956726,0.93238496244885,0.149716099957004,0
0.314508455201844,0.936061324892021,0.972634086152539,0.811062590451911,0.788941784296185,0.848419831832871,0.555909743066877,0.306253844872117,0.16018358268775,0.822647434426472,0
0.779406991787255,0.880116269225255,0.96618996351026,0.447533489204943,0.390176357934251,0.807069530012086,0.0649871309287846,0.000403613084927201,0.549348094267771,0.962625508196652,0
0.680154023692012,0.388131768675521,0.287597090704367,0.952215608907863,0.580583170987666,0.628224168205634,0.960899364436045,0.403703771997243,0.40197934396565,0.558191418880597,0
0.15003427839838,0.210992735810578,0.513120568823069,0.0514832027256489,0.780141751980409,0.488244160311297,0.576547611271963,0.918617110466585,0.541361062321812,0.0137981260195374,0
0.598108522826806,0.518072955543175,0.668982810806483,0.415916576748714,0.890125508187339,0.436612606979907,0.0848924566525966,0.294827650068328,0.433083734707907,0.491699107456952,0
0.296394620090723,0.914948660647497,0.8630879255943,0.809402254177257,0.233103185193613,0.745951207820326,0.944486510241404,0.180116369854659,0.357544357888401,0.47357328934595,0
0.47047288203612,0.852898818207905,0.83099029166624,0.848447837866843,0.658960378728807,0.560729648685083,0.23340471345,0.616715060779825,0.558055408066139,0.391778461635113,0
0.107252578949556,0.306966078002006,0.0425864199642092,0.433101756498218,0.123343733372167,0.565848056925461,0.980456933844835,0.0215562097728252,0.704339916119352,0.34055864601396,0
0.640391361201182,0.254969118861482,0.575382240815088,0.455316981999204,0.317526215920225,0.860633057542145,0.830706084612757,0.531611762708053,0.84761396353133,0.446346269687638,0
0.189325807383284,0.441175065701827,0.594018122414127,0.308895084774122,0.846900005592033,0.157018835656345,0.716975014656782,0.882914720801637,0.371960150077939,0.295642972458154,0
0.896548075834289,0.409992616390809,0.287326716585085,0.212297117570415,0.746603175997734,0.394859737949446,0.825828785775229,0.489398015430197,0.0261973226442933,0.280256740283221,0
0.4239662126638,0.77966378047131,0.608678035670891,0.1842676831875,0.182997707743198,0.847623268608004,0.77163111185655,0.890770721482113,0.465870469110087,0.452223558910191,0
0.531784074613824,0.82734689116478,0.0491563808172941,0.327404813375324,0.637968415860087,0.120382798137143,0.13937327475287,0.629738445626572,0.570310237817466,0.641869760351256,0
0.626285127364099,0.178829454118386,0.852798299863935,0.343218561727554,0.409916442353278,0.57092354260385,0.500610213261098,0.844488292001188,0.600962376222014,0.477833414683118,0
0.774004830513149,0.897612041095272,0.766592623433098,0.882734052836895,0.858871226664633,0.618533014087006,0.292513276450336,0.191963551798835,0.667082568397745,0.670915676280856,0
0.627197929192334,0.732834167778492,0.98791239107959,0.785321492701769,0.9832944793161,0.186487599508837,0.929668408120051,0.366632823133841,0.203821631846949,0.705457928124815,0
0.470670579001307,0.45547946006991,0.700722928857431,0.512162043713033,0.919779527233914,0.21202497347258,0.722133250674233,0.568253014003858,0.190261911135167,0.617501639295369,0
0.954245612258092,0.244576081400737,0.799473618390039,0.32827080367133,0.586378015810624,0.663619176484644,0.471347061684355,0.692134754499421,0.241062376182526,0.89445382845588,0
0.31927683390677,0.313832135172561,0.536130260908976,0.673060386208817,0.527977781835943,0.815863535972312,0.358245243318379,0.364275754662231,0.22817765828222,0.917096575489268,0
0.944608039186755,0.529322030791946,0.0157719647977501,0.976471666479483,0.0423900485038757,0.569493562215939,0.545340459328145,0.691273031756282,0.687931318068877,0.712991214590147,0
0.897473462624475,0.470636551268399,0.0094072506763041,0.938219449250028,0.304943369468674,0.632450467674062,0.584439782192931,0.866728019434959,0.215368618723005,0.832668884191662,0
0.896257025422528,0.525329026859254,0.10299391951412,0.0858381872531027,0.352877389173955,0.357975910883397,0.0768310273997486,0.570990255102515,0.76741320011206,0.590543408179656,0
0.203713750233874,0.632927554426715,0.0786741047631949,0.265415144851431,0.504626666195691,0.809458892093971,0.708833974553272,0.879538411740214,0.434216551948339,0.391841607633978,0
0.197667998727411,0.215203502681106,0.147617530776188,0.636752518592402,0.849788299528882,0.659780099289492,0.257780289743096,0.982304597040638,0.479138603433967,0.0343252019956708,0
0.35633993614465,0.251525572966784,0.169872873229906,0.649042698787525,0.0501273469999433,0.793028304819018,0.414381486363709,0.517702955519781,0.243739406112581,0.564661394804716,0
0.846215051598847,0.0642404400277883,0.504529442638159,0.730299468152225,0.427367217373103,0.854418702889234,0.713042445713654,0.848749092780054,0.840807446977124,0.182306867325678,0
0.505842826562002,0.194829420652241,0.768326533958316,0.8617414298933,0.32292609103024,0.775896981824189,0.0129294069483876,0.424244712572545,0.466514554806054,0.0171183259226382,0
0.114322177134454,0.417010564589873,0.188955792691559,0.32649837480858,0.533304660115391,0.381249917205423,0.686512153362855,0.780964453704655,0.482979436172172,0.640518783126026,0
0.580896707018837,0.288689046399668,0.00385272945277393,0.289255207171664,0.935064356541261,0.239738709526137,0.688665847061202,0.147156838560477,0.0030215650331229,0.0896274780388921,0
0.677553624613211,0.359116938896477,0.681199419312179,0.936282838694751,0.275842008413747,0.437315542250872,0.295752257108688,0.706000703619793,0.93927014991641,0.495159238111228,0
0.468456663291249,0.970390638832244,0.298837834503502,0.316550264135003,0.746710805688053,0.00385716184973717,0.0244279964827001,0.0527263081166893,0.0489253555424511,0.272648498881608,0
0.222403041552752,0.497559988405555,0.654850236140192,0.147584795951843,0.473095555789769,0.236045016208664,0.0826277660671622,0.774416581727564,0.401817017700523,0.758181647630408,0
0.796359846135601,0.56494177528657,0.559988903580233,0.855063051683828,0.748281043488532,0.958004818996415,0.810950864339247,0.960260214982554,0.518681238638237,0.996803168207407,0
0.68921467464529,0.15395081184568,0.244906635023654,0.865442310925573,0.972199602751061,0.759580306475982,0.26959479902871,0.0805692905560136,0.13400933961384,0.904372246004641,0
0.646833908976987,0.113947752397507,0.116250868188217,0.394662175793201,0.971320317126811,0.906369009055197,0.358682932564989,0.058656086679548,0.448404183145612,0.147930399980396,0
0.612697675358504,0.161499597365037,0.959831698331982,0.735747437924147,0.992926296079531,0.748455671127886,0.0222049162257463,0.261347451945767,0.667989340610802,0.750410130480304,0
0.4312712487299,0.477181722642854,0.603721726685762,0.15982364397496,0.54409608617425,0.517814341699705,0.734499562066048,0.344574078684673,0.374064766801894,0.832534694578499,0
