"1","2","3","4","5","6","7","8","9","10","class"
0.46837655454874,0.816967804450542,0.218591161305085,0.156215863069519,0.897199457511306,0.125210929196328,0.252005808288231,0.429996190359816,0.416353099513799,0.124352220678702,0
0.464970443228167,0.805624222649027,0.715264494065195,0.730363463284448,0.343525610398501,0.172561372164637,0.280425435397774,0.103407444432378,0.163246716139838,0.467229904374108,0
0.0306621125504374,0.403970287974526,0.757446196628734,0.932023997418582,0.212213902501389,0.691492720507085,0.465558567782864,0.692492654081434,0.731168166967109,0.281670280732214,0
0.87650138232857,0.338365444447845,0.516762394225225,0.85937804589048,0.821947710355744,0.749973992817104,0.785333574283868,0.0997932986356318,0.491892512422055,0.85828021611087,0
0.631051618140191,0.795386186568066,0.885142595274374,0.680251715471968,0.471853457391262,0.42087633931078,0.00300087709911168,0.733077780809253,0.561571179656312,0.0320749953389168,0
0.991596173029393,0.0935473595745862,0.929365866119042,0.980138067388907,0.537641032831743,0.47432857635431,0.676643134094775,0.542000419925898,0.0250897551886737,0.757854931754991,0
0.140189561840519,0.903264941815914,0.460211508907378,0.745275383815169,0.706802489934489,0.333490627352148,0.255112905753776,0.144832493504509,0.724102893145755,0.0569713928271085,0
0.0910512651316822,0.611677520209923,0.957437384175137,0.444276303751394,0.704524922417477,0.00343871675431728,0.890049086650833,0.234153329860419,0.586793685331941,0.74539947649464,0
0.380233533214778,0.276469727279618,0.794264200143516,0.527634080965072,0.723080230178311,0.23997944034636,0.779264158103615,0.569382869871333,0.952729748096317,0.664417175576091,0
0.989660170627758,0.472126120235771,0.368190147681162,0.286378668854013,0.218914798926562,0.0013709447812289,0.465582293458283,0.981694399612024,0.643977804575115,0.283021820010617,0
0.465810646768659,0.761689679929987,0.307567585026845,0.882831224007532,0.805381939280778,0.691068948013708,0.193323706509545,0.519013368757442,0.574832973303273,0.310913095949218,0
0.517251223791391,0.93207584018819,0.106004544300959,0.28037570300512,0.123272655531764,0.237899078521878,0.693756378488615,0.19259745394811,0.942298431647941,0.58583268080838,0
0.519133431371301,0.153917220188305,0.844684078358114,0.943561214488,0.553327767411247,0.917264493880793,0.659159822156653,0.362562232883647,0.452673718100414,0.428434667177498,0
0.582085528052971,0.2483086333501,0.977413575863466,0.132643202552572,0.86405428010039,0.443342186044902,0.841336663346738,0.170547575689852,0.0442618415690958,0.997470210306346,0
0.194131293101236,0.896732783643529,0.943374266615137,0.551151848398149,0.0653613086324185,0.327992286533117,0.332190691959113,0.469487764406949,0.29173994762823,0.509433206869289,0
0.450440796557814,0.390705233905464,0.118152049137279,0.244538456201553,0.0599062198307365,0.552617674227804,0.242231731070206,0.537958962842822,0.514210841851309,0.339217966422439,0
0.762821574462578,0.137522350763902,0.773876899853349,0.685874623479322,0.612535527441651,0.83416411653161,0.121798977721483,0.772686620941386,0.733834497164935,0.0678391924593598,0
0.115106995924097,0.760817948961266,0.750191533239558,0.47232304723002,0.785516048781574,0.336166848661378,0.558704486349598,0.877787203295156,0.371888938127086,0.674343174090609,0
0.515389297390357,0.869297487894073,0.583436578512192,0.99712756741792,0.0749530263710767,0.938802153337747,0.912960226647556,0.170820186147466,0.734943066490814,0.395496858051047,0
0.491641015512869,0.981996295507997,0.613951461855322,0.215136521495879,0.0830309737939388,0.591048300731927,0.254634302807972,0.354417501250282,0.129869524855167,0.448337933281437,0
0.911007940536365,0.151035610819235,0.547523900168017,0.445371986133978,0.768903162097558,0.654234835179523,0.0155775437597185,0.201217074412853,0.0993277761153877,0.611165450420231,0
0.647043150516599,0.180931132698256,0.986991861602291,0.948700601467863,0.254371740389615,0.975913050351664,0.914140346925706,0.541509275557473,0.572073549032211,0.213073417078704,0
0.0501319759059697,0.674516118364409,0.186555183492601,0.577170916832983,0.498877333244309,0.77671182109043,0.187146772630513,0.104015195509419,0.882610630942509,0.686585573712364,0
0.559231043976452,0.0346997647327353,0.632117812754586,0.187074515735731,0.793846258893609,0.209085685200989,0.908419959479943,0.582034110557288,0.954517326550558,0.907420539529994,0
0.696764921100624,0.30408948462716,0.971484067616984,0.752431833185256,0.460226705297828,0.0830421696882695,0.334839039715007,0.213453958043829,0.970955921104178,0.866565627045929,0
0.668759016785771,0.692625944269821,0.431766177061945,0.762622659560293,0.404451372800395,0.764909186633304,0.586751144612208,0.192697502207011,0.658338723005727,0.467460481449962,0
0.910691433120519,0.167638938874006,0.290612752083689,0.463286051992327,0.301583628868684,0.804685330949724,0.721433367347345,0.7749598484952,0.220135010080412,0.992041326593608,0
0.68002124500256,0.0574954054389762,0.486493948614225,0.988582515157759,0.87316163815558,0.311099672457203,0.702481986023486,0.657756463857368,0.354018467711285,0.945337325334549,0
0.527157423132844,0.911260109706233,0.691970633342862,0.456991925835609,0.147177142556757,0.506994352908805,0.546511457534507,0.276820979081094,0.431795366341248,0.920097254449502,0
0.122928579546977,0.398999640082858,0.39272975595668,0.75480264890939,0.671768577769399,0.113007429521531,0.288867279654369,0.214613075368106,0.775071304291487,0.249131991062313,0
0.257704155055806,0.448575148562657,0.685053613735363,0.938340539112687,0.185179756954312,0.728184347739443,0.894651145674288,0.433775223093107,0.921049744356424,0.163276602514088,0
0.244469493627548,0.566862884443253,0.577236187877133,0.719048207160085,0.349490757565945,0.151728376513347,0.645406658761203,0.932969635352492,0.454890958266333,0.508486308390275,0
0.741587036289275,0.466157544404268,0.77447737660259,0.480436852201819,0.902616516686976,0.447814306011423,0.743791992077604,0.901379586663097,0.892896162113175,0.850070273038,0
0.591191612184048,0.211855065776035,0.706395914545283,0.187166360206902,0.49076814786531,0.947584685636684,0.392174898181111,0.702190835261717,0.42016997653991,0.813582892064005,0
0.754290018463507,0.508731546811759,0.0814754124730825,0.0632898088078946,0.427687339717522,0.0290457524824888,0.685228789458051,0.861433622660115,0.841044381028041,0.176044209627435,0
0.610275270089041,0.408634299875692,0.0471452418714762,0.0460062611382455,0.0138235664926469,0.653755218256265,0.482312784995884,0.549360909033567,0.0302838792558759,0.580115772318095,0
0.499710617819801,0.806420995155349,0.528393952175975,0.0898728207685053,0.326665202621371,0.802573009394109,0.251711044693366,0.799606826389208,0.594849017215893,0.413548460928723,0
0.245573371881619,0.689973000204191,0.645357844419777,0.194935551378876,0.764654882485047,0.695697746938094,0.890731767984107,0.0338249420747161,0.883501067059115,0.769387769512832,0
0.413254006067291,0.175140732666478,0.37778485682793,0.0837380322627723,0.126899230992422,0.833245630608872,0.0555180408991873,0.462240339489654,0.673389360075817,0.583077158778906,0
0.583022172562778,0.497527446364984,0.990324679063633,0.109761121449992,0.136289509944618,0.138425009790808,0.782803130103275,0.757320938631892,0.00341973267495632,0.456184247275814,0
0.552412913646549,0.175719134975225,0.569170142523944,0.862397211836651,0.713273199042305,0.621705650351942,0.718995378119871,0.536936975084245,0.315609311219305,0.273933280259371,0
0.848316452778224,0.112059855337868,0.136114492081106,0.872652346966788,0.934496008791029,0.225587404333055,0.11535715428181,0.738147957250476,0.405826023314148,0.107266124105081,0
0.674322033766657,0.212948495754972,0.308266600826755,0.735832687001675,0.999476753175259,0.114507442340255,0.375164941418916,0.859212060458958,0.508220656076446,0.412564552621916,0
0.499078250257298,0.323738421546295,0.216281813802198,0.262983391759917,0.00541313993744552,0.820042260224,0.295636935392395,0.305587768321857,0.18451485875994,0.687257818412036,0
0.0355800315737724,0.835343506885692,0.547008796827868,0.200944927055389,0.149941696319729,0.55047518806532,0.803921167273074,0.738608369836584,0.528074692701921,0.851542578777298,0
0.223790711956099,0.600626556202769,0.901798811042681,0.943805335089564,0.740980589063838,0.506667018635198,0.0365504184737802,0.500331531278789,0.145754453260452,0.62475190195255,0
0.643573621986434,0.0148476294707507,0.493099217070267,0.220539733069018,0.127998619573191,0.662041971692815,0.643770715687424,0.45112582994625,0.811237292829901,0.313709035981447,0
0.770058205131907,0.0968189608294328,0.673875912325457,0.0163427644874901,0.384401168208569,0.860808447236195,0.686596616869792,0.703474893933162,0.768352245213464,0.961666758637875,0
0.452004626857117,0.841496759397106,0.601276904111728,0.24441873584874,0.043692541308701,0.659003827255219,0.600591123569757,0.640084793558344,0.623340197140351,0.192612167913467,0
0.487575922627002,0.747209681430832,0.338682239409536,0.918190194759518,0.918097323738039,0.0845801983959973,0.466582060791552,0.891959811327979,0.141489880857989,0.197795036248863,0
0.450125003233552,0.220875221304595,0.240586350671947,0.749779392965138,0.866417458746582,0.464988114312291,0.9290019585751,0.385681652231142,0.725198301719502,0.154989499365911,0
0.827903062338009,0.119678551331162,0.922525724163279,0.300533395027742,0.677529036998749,0.789970704354346,0.537861506687477,0.430415405193344,0.467804657062516,0.698457662947476,0
0.90170378331095,0.508220936637372,0.780151331797242,0.409639501478523,0.934763587312773,0.0348134757950902,0.830319213215262,0.383645847439766,0.309808906400576,0.00690031517297029,0
0.530874060466886,0.304833514615893,0.524205598514527,0.155794557416812,0.745443804422393,0.769756892928854,0.636407055426389,0.793546716682613,0.0145262060686946,0.480462109670043,0
0.716220865724608,0.572530733654276,0.0502892751246691,0.3559368357528,0.251724359579384,0.49953724257648,0.625159984920174,0.927220564801246,0.967212808551267,0.453155968803912,0
0.612553252658807,0.732719351002588,0.685261255130172,0.828744678990915,0.51961942226626,0.140702142613009,0.0764819539617747,0.39847704116255,0.206382624572143,0.185867170803249,0
0.4229297908023,0.513430679216981,0.4416957590729,0.615192855941132,0.342845305800438,0.626204640604556,0.682551200734451,0.557728864019737,0.070022966247052,0.0507675483822823,0
0.63971149479039,0.175927621312439,0.752401322126389,0.148893289733678,0.417571943951771,0.488335300935432,0.0187862794846296,0.630883421283215,0.352629019413143,0.0353851807303727,0
0.976086950334162,0.47157030603112,0.502664366969839,0.346993966726586,0.443001137813553,0.51913871569559,0.173119920771569,0.690844995202497,0.210214516613632,0.539700592635199,0
0.667680901123024,0.209468220478209,0.484431815100834,0.178298763930798,0.657811366021633,0.319630755577236,0.367969350889325,0.492858943529427,0.22307156235911,0.726152332965285,0
0.235443145036697,0.592429428361356,0.0781851136125624,0.731857422506437,0.698829649481922,0.284337361808866,0.279171986272559,0.676508765202016,0.99473929638043,0.345031945034862,0
0.456457594176754,0.746208503842354,0.966872760793194,0.794003284536302,0.87546753603965,0.404592340346426,0.16686625033617,0.0389256251510233,0.0988350459374487,0.516479647485539,0
0.521820595521107,0.737383173309045,0.818779378198087,0.582010596990585,0.729111139662564,0.107253414345905,0.903174438048154,0.932331593241543,0.638092617038637,0.444647453725338,0
0.309975202187058,0.682395632958104,0.502601629123092,0.0299823849927634,0.104621497681364,0.262044981587678,0.219681220827624,0.758962319232523,0.744790072320029,0.856699151452631,0
0.619012334849685,0.617868059780449,0.957670825533569,0.832982373423874,0.681350442813709,0.401770409196615,0.172465651994571,0.954075760673732,0.0812269204761833,0.307600745465606,0
0.433389343321323,0.46619010460563,0.908367339288816,0.142018937971443,0.38617511279881,0.456699163885787,0.00318572111427784,0.873881648760289,0.536235546693206,0.549072097521275,0
0.363773524295539,0.717080069007352,0.2324793941807,0.91859000781551,0.378649927675724,0.495717770652846,0.22439777594991,0.730743382358924,0.308297232026234,0.294620443833992,0
0.0871919765884988,0.687347177452683,0.716381404548883,0.842606129357591,0.351893412880599,0.479058917146176,0.531665676040575,0.263610015390441,0.57330567878671,0.476200018310919,0
0.768361167982221,0.455186718609184,0.0123721607960761,0.947101127356291,0.420841228682548,0.0669118568766862,0.422123406082392,0.648871207144111,0.798563447780907,0.906862772768363,0
0.348643283359706,0.230492021190003,0.0888621103949845,0.391798953991383,0.975268508307636,0.259509865893051,0.458225796930492,0.565307163633406,0.938624033471569,0.383033992722631,0
0.496008855290711,0.28063429123722,0.210670147556812,0.445409093052149,0.728926990646869,0.864928065566346,0.598998060682788,0.0763758444227278,0.202302983729169,0.135735826333985,0
0.837102430174127,0.479084373451769,0.109143726527691,0.889102722750977,0.689416406443343,0.204873903654516,0.345608963165432,0.0659528619144112,0.759516932768747,0.0702294786460698,0
0.77077629417181,0.0117809437215328,0.894848999800161,0.352126263547689,0.390936828451231,0.340270362328738,0.797189235454425,0.712326635606587,0.699040631996468,0.638288845075294,0
0.921896342653781,0.338908436242491,0.0981146257836372,0.126568906009197,0.261722184484825,0.56016054097563,0.663891609758139,0.695746369659901,0.863714281236753,0.924836026737466,0
0.0251133903231472,0.982017298632542,0.265558599028736,0.889212493086234,0.345986959757283,0.949292690493166,0.863250226248056,0.0146695266012102,0.433230484370142,0.71954721165821,0
0.214466238678433,0.823365455689499,0.996527277864516,0.491667174734175,0.907365196850151,0.67804811312817,0.0819798221345991,0.655360476346686,0.475032446440309,0.0951650773640722,0
0.337003693683073,0.414381882874295,0.674819096224383,0.479235596256331,0.0693089177366346,0.769856782630086,0.930663537001237,0.00655185454525054,0.307802283903584,0.983964391751215,0
0.678021358326077,0.690788952168077,0.0476707934867591,0.0217239779885858,0.450493329204619,0.0147150566335768,0.336346413241699,0.688955925870687,0.549010805087164,0.268172987503931,0
0.814300205285102,0.267191977637052,0.254851143108681,0.550810466753319,0.698341854847968,0.894707717467099,0.773448787629604,0.24777099955827,0.315777721581981,0.985133920563385,0
0.398031729796156,0.425544468329446,0.198484148364514,0.181534200208262,0.0130387530662119,0.101364042144269,0.317524280399084,0.63536609034054,0.316904228646308,0.382459039101377,0
0.367713614134118,0.217909867409617,0.964286179747432,0.546963091706857,0.569848176091909,0.73656461853534,0.870530499843881,0.0454249281901866,0.578765633283183,0.0912911677733064,0
0.312465976401791,0.774430502892703,0.815994199365377,0.639734250027686,0.3097091128584,0.163605767535046,0.983685949584469,0.955624592257664,0.775949348229915,0.383219497278333,0
0.110537668639049,0.424515579401742,0.703310692915693,0.590625152224675,0.235595967387781,0.43083753855899,0.867766786832362,0.192957075079903,0.901860960759223,0.908118840772659,0
0.613869887078181,0.708054777933285,0.0421877333428711,0.826636027544737,0.724555285647511,0.679175741504878,0.912783303065225,0.778518874198198,0.978085724404082,0.478990886360407,0
0.158301557414234,0.662633843719959,0.657478571869433,0.627744800178334,0.563332985853776,0.931961918249726,0.196437958627939,0.555865875910968,0.339729793136939,0.807018214371055,0
0.130695956356358,0.481311203401106,0.146680384874344,0.277573546161875,0.287708405405283,0.790197231573984,0.0154404791537672,0.982300625415519,0.236950508318841,0.861971742706373,0
0.812127502402291,0.279076440958306,0.802383778383955,0.4109699530527,0.386022379854694,0.316108609316871,0.547094046371058,0.170030700508505,0.645881875185296,0.386841720435768,0
0.108970115716755,0.717707880016695,0.250591256422922,0.339386840583757,0.262388824718073,0.972312848782167,0.417276999214664,0.428099342389032,0.4013507720083,0.329009632114321,0
0.633942801272497,0.499410076299682,0.274248999077827,0.390347295673564,0.686425772728398,0.811067176284268,0.606427299091592,0.292223036056384,0.258664824068546,0.286332494812086,0
0.406492233043537,0.311154916184023,0.606756378896534,0.117022700374946,0.635837948182598,0.953267594566569,0.697435336885974,0.631680793361738,0.83108754712157,0.891376675805077,0
0.000458296589553375,0.719997940980398,0.152777844807133,0.602603764971718,0.80865400377661,0.538050815230235,0.904839867260307,0.741806782782078,0.269761177711189,0.210372220957652,0
0.716500557027757,0.443247504997998,0.168819691520184,0.76650231401436,0.768924258649349,0.584295473061502,0.787523585837334,0.599888790631667,0.955412956187502,0.917120803613216,0
0.379525577183813,0.988534617470577,0.528331203619018,0.621599604841322,0.695111028151587,0.483734935987741,0.41122879087925,0.274635626934469,0.157183949602768,0.736173185985535,0
0.180652010720223,0.943351899273694,0.646043483167887,0.0569638563320041,0.848334286594763,0.265945461811498,0.84176899609156,0.310584606369957,0.743442547507584,0.385484941536561,0
0.0331973356261849,0.685344885062357,0.395390554564074,0.197194505715743,0.482243430335075,0.546000889269635,0.0627645901404321,0.69672865443863,0.269181590061635,0.967111678794026,0
0.484943383838981,0.768755479250103,0.382226269925013,0.300137737533078,0.752142409095541,0.0494580664671957,0.880939236376435,0.727337385993451,0.404012577608228,0.875606791349128,0
0.406218372751027,0.544316031737253,0.314396374626085,0.913892411394045,0.238854501629248,0.369832522934303,0.973075128160417,0.136994246393442,0.453087458852679,0.805460279574618,0
0.479569746181369,0.961342710070312,0.922504175920039,0.391549363965169,0.86338916211389,0.149206949630752,0.840004284866154,0.0527460654266179,0.0170387716498226,0.825022818287835,0
0.294562545306236,0.692047165873052,0.502182755386457,0.758399951970205,0.831333569483832,0.128802086925134,0.807667185319588,0.0778340336401016,0.323848831001669,0.575359892332926,0
0.440041461260989,0.348597792210057,0.867088180268183,0.706639867974445,0.737896044971421,0.876287156715989,0.469332839129493,0.826667574699968,0.246341339778155,0.48494695709087,0
