"1","2","3","4","5","6","7","8","9","10","class"
0.425551164662465,0.0699242088012397,0.834768813801929,0.531361853238195,0.0871500459033996,0.0153684502001852,0.414477431215346,0.549033205024898,0.228654726641253,0.333576973760501,0
0.593496009707451,0.314753382466733,0.088975390419364,0.823743918444961,0.512933283112943,0.404637503437698,0.0557045608293265,0.483994793146849,0.913071040529758,0.054952873615548,0
0.288824748946354,0.00685498397797346,0.818204650189728,0.531355852261186,0.718669319525361,0.336074681486934,0.650928656803444,0.193773817503825,0.907453011954203,0.906023520044982,0
0.458804887486622,0.728412164608017,0.372129325056449,0.793670716695487,0.819971454096958,0.572138621937484,0.800996586447582,0.415256550069898,0.873784629628062,0.329727412899956,0
0.367846679873765,0.15351035585627,0.716186130885035,0.171673372155055,0.0966536875348538,0.116415415890515,0.213954595616087,0.00251693814061582,0.735347382491454,0.178148807957768,0
0.330921639921144,0.883891344536096,0.807472811080515,0.469613495981321,0.0334316692315042,0.710187459364533,0.631587350741029,0.820272064302117,0.206680569332093,0.0124969917815179,0
0.526666729012504,0.536545528797433,0.604674812871963,0.66062620934099,0.971024107420817,0.616227431921288,0.572843757923692,0.835269548930228,0.40241579990834,0.617366679012775,0
0.641975881299004,0.271613884950057,0.181662355549634,0.352615669602528,0.963413214078173,0.0714864414185286,0.926247796975076,0.741679916391149,0.180635718861595,0.72822342813015,0
0.718668204266578,0.0807660296559334,0.149548610439524,0.12724171183072,0.691154815489426,0.862478288589045,0.135988358873874,0.216992382192984,0.0550463439431041,0.286780533846468,0
0.892921021440998,0.2394290168304,0.437167652882636,0.331201976165175,0.0772469833027571,0.775793486041948,0.126548002241179,0.0204552244395018,0.854703846154734,0.951721524586901,0
0.033310697413981,0.972020994639024,0.265147166792303,0.508540733950213,0.0953332940116525,0.583106068428606,0.860284578753635,0.004421227844432,0.21749864378944,0.454618772026151,0
0.214689030544832,0.288819256238639,0.319194944342598,0.0318426773883402,0.682922993088141,0.255147421266884,0.674338502110913,0.436389264184982,0.353038941510022,0.852305122418329,0
0.797314010560513,0.0128940630238503,0.0106724037323147,0.751814880175516,0.332485992694274,0.668695867527276,0.847255339846015,0.0744906978216022,0.997044328832999,0.213916841894388,0
0.676342853344977,0.795458964072168,0.989616596838459,0.320713246474043,0.597873685415834,0.246764658950269,0.851610213750973,0.305276617407799,0.78093338268809,0.766693361103535,0
0.763049207162112,0.915477661183104,0.615717271110043,0.125390211353078,0.974566675722599,0.330238501774147,0.229404173558578,0.400758938631043,0.196534531190991,0.781495579052716,0
0.704994721105322,0.717184287728742,0.362252990016714,0.324933930067345,0.238509591436014,0.780059233540669,0.710794547805563,0.0979232939425856,0.619344606995583,0.0689224319066852,0
0.527110063302144,0.674482125891584,0.538527779281139,0.00960770924575627,0.0630948359612375,0.448193130781874,0.928463996620849,0.701010154094547,0.426666311221197,0.931554338429123,0
0.530596021097153,0.214544954476878,0.871771878562868,0.699513613479212,0.516195106087252,0.757988976081833,0.0165405115112662,0.409601348219439,0.0431761911604553,0.402720273472369,0
0.557332631666213,0.029523178236559,0.868366601178423,0.0845435122027993,0.720019132597372,0.748328865505755,0.375958195189014,0.410771476570517,0.0424811786506325,0.355814405716956,0
0.463056847918779,0.626718277577311,0.227286074776202,0.883576407795772,0.956872062524781,0.89154660073109,0.680703182239085,0.0124522875994444,0.65566992177628,0.188503755256534,0
0.735086210770532,0.932691299589351,0.373147688806057,0.347711518872529,0.841763422591612,0.813010428799316,0.670730165205896,0.810776903294027,0.452790910378098,0.58567846333608,0
0.188310576835647,0.881221993127838,0.147586693521589,0.464661839650944,0.117411450250074,0.995464015519246,0.131231651874259,0.438954277895391,0.291707778116688,0.83448723424226,0
0.321899478789419,0.800027771154419,0.557533493032679,0.569470626534894,0.334513892186806,0.243780449498445,0.668262252351269,0.042971309274435,0.6955419506412,0.56649627443403,0
0.427009661216289,0.250077902106568,0.953872870653868,0.156758031109348,0.610735897673294,0.0633974226657301,0.61180224083364,0.354735329514369,0.862454385729507,0.231401637662202,0
0.0118249905273318,0.969740536084669,0.6236813866999,0.324120162753388,0.772342709358782,0.67050213413313,0.987951728980988,0.943611348746344,0.171023588161916,0.109815984265879,0
0.138063182588667,0.550127005204558,0.388059716206044,0.847132893977687,0.183190232375637,0.685141376685351,0.434977309545502,0.142106518149376,0.976167028071359,0.40383184957318,0
0.197183500276878,0.698075289372355,0.327816378092393,0.431814240757376,0.674924790393561,0.0246476514730603,0.670318410499021,0.615554188843817,0.505854899296537,0.0735344151034951,0
0.377733322326094,0.875573068158701,0.30432372703217,0.752979774726555,0.558524873107672,0.232943792128935,0.15710699884221,0.892269582953304,0.952706641983241,0.642293919343501,0
0.0496460788417608,0.541153877740726,0.459603290539235,0.336236358853057,0.31041217292659,0.912240905221552,0.0992410168983042,0.682169422972947,0.444228699663654,0.837704846635461,0
0.293660981813446,0.935390728292987,0.518444437067956,0.475484658963978,0.552862964104861,0.212548537179828,0.161112373461947,0.687257319455966,0.184207367710769,0.99129123124294,0
0.517399381147698,0.991866929689422,0.0665770112536848,0.0133754785638303,0.996666871476918,0.199649361660704,0.218939387705177,0.0918397679924965,0.783933951053768,0.34625107049942,0
0.443818116094917,0.00488724163733423,0.969182884087786,0.130114566767588,0.660997939063236,0.613727363292128,0.571401925059035,0.493721294216812,0.920692421961576,0.062436334323138,0
0.959758342823014,0.0504328171260118,0.368588207056746,0.863244175212458,0.814679347677156,0.260172402020544,0.997729888418689,0.971311404602602,0.361810305621475,0.100737794069573,0
0.382527305216342,0.171829184057199,0.175635815132409,0.905830915784463,0.756562482332811,0.184641007333994,0.106013743439689,0.915547143435106,0.812045707833022,0.34813086129725,0
0.599284725962207,0.578004838665947,0.556935778819025,0.422711177030578,0.461796295363456,0.88316949387081,0.995050945552066,0.780795408179983,0.782682402525097,0.99664650647901,0
0.228368654381484,0.917522233212367,0.609132470330223,0.440513654844835,0.805992826586589,0.258038142928854,0.94380900869146,0.473258244805038,0.918033447815105,0.271919282386079,0
0.087861163308844,0.875152459833771,0.955674861790612,0.0305880762171,0.620935228886083,0.761926739476621,0.126434565056115,0.620580959599465,0.973055405775085,0.837356269359589,0
0.709145559929311,0.768793377792463,0.925176485674456,0.117338924203068,0.219288968248293,0.388781291665509,0.803151717642322,0.393884572898969,0.455883470131084,0.0856637726537883,0
0.504900499479845,0.0402376183774322,0.275553995044902,0.0627316287718713,0.0315081709995866,0.980843346565962,0.412450060481206,0.943512100260705,0.202520359540358,0.458774727070704,0
0.479270749026909,0.0820748023688793,0.65902477898635,0.512419347185642,0.838651727652177,0.00222816318273544,0.0836802967824042,0.216872499324381,0.763343522092327,0.188044238137081,0
0.827432059915736,0.775572487618774,0.998082417994738,0.777466595871374,0.00550101464614272,0.360398210119456,0.872654821258038,0.837694364599884,0.23329268861562,0.946182302199304,0
0.353145959671959,0.612602300522126,0.554542818106711,0.484225123655051,0.260218194453046,0.0976554746739566,0.83536659902893,0.961344857933,0.782315919874236,0.73250530846417,0
0.419946305453777,0.360818729968742,0.926031257724389,0.401640653377399,0.489031471777707,0.219170815311372,0.768336155451834,0.964565030764788,0.372050129109994,0.777472373330966,0
0.282205968163908,0.095840904628858,0.511169104604051,0.21131240692921,0.321620587259531,0.717951537342742,0.680653629591689,0.697012244025245,0.557065621716902,0.779414787190035,0
0.827398534398526,0.517789982724935,0.970438505057245,0.857871368993074,0.523556312080473,0.298999122343957,0.0720341757405549,0.544151474488899,0.734695313964039,0.938627558061853,0
0.251162196975201,0.00122380629181862,0.0360175103414804,0.265169620281085,0.776565216016024,0.0531514745671302,0.348325006198138,0.904947893461213,0.88432128704153,0.269086120883003,0
0.777104807784781,0.805616934550926,0.232725518755615,0.326210522325709,0.741863785078749,0.2249969500117,0.541691292775795,0.41235718713142,0.573749089147896,0.459124501561746,0
0.729091097600758,0.467832946451381,0.0288129663094878,0.127634185133502,0.410987142473459,0.483186501078308,0.0770348974037915,0.684032550547272,0.563054419355467,0.477620151126757,0
0.450086431057751,0.76744493396326,0.845703139668331,0.00308673409745097,0.285060453461483,0.632756647653878,0.714985984377563,0.743486450519413,0.737192248459905,0.309231324587017,0
0.587331021670252,0.614384431159124,0.684690116904676,0.182149403030053,0.926331527298316,0.540933127747849,0.311996286036447,0.761422140756622,0.754534924170002,0.490317837102339,0
0.357350657461211,0.419786408543587,0.691691387211904,0.476284106262028,0.900979903293774,0.012334895785898,0.133518232731149,0.585008046356961,0.588226636871696,0.118187237996608,0
0.583212205205858,0.665084274488446,0.764703575288877,0.079242933075875,0.544555165572092,0.803450360428542,0.656371290329844,0.631874187383801,0.944408055627719,0.176689034793526,0
0.533202636986971,0.292087613604963,0.66957694850862,0.935377302812412,0.741636496270075,0.920798150356859,0.898226767545566,0.970691489521414,0.69165981374681,0.00100867287255824,0
0.256729490792286,0.529503030373439,0.307333425385877,0.238596118520945,0.570109040476382,0.656342544592917,0.783820522716269,0.473620936507359,0.421625955263153,0.979798184009269,0
0.0150946937501431,0.986265598796308,0.553028427064419,0.259756455896422,0.596358757000417,0.473768569529057,0.250317858997732,0.576306091854349,0.807810176862404,0.516949668060988,0
0.579050877364352,0.923764779930934,0.281509439693764,0.463611791376024,0.94901607464999,0.717090115416795,0.964045560685918,0.523014335893095,0.908721500774845,0.521407729247585,0
0.252477732021362,0.432557795429602,0.494324237341061,0.847770564490929,0.210783114423975,0.885781844845042,0.00759210134856403,0.304539188975468,0.741718800272793,0.914841934107244,0
0.127851087832823,0.987981154117733,0.614524652250111,0.701515614287928,0.331783512840047,0.554116851883009,0.438565830700099,0.147978364024311,0.831144665833563,0.776826354442164,0
0.405749120516703,0.672193753765896,0.617227394832298,0.827734012855217,0.945994573179632,0.857238553697243,0.159309830050915,0.101668081013486,0.754267276031896,0.378483346197754,0
0.831909241620451,0.374796800548211,0.16578781674616,0.227348665939644,0.616969340015203,0.604772273218259,0.501591262873262,0.411647710250691,0.326992200221866,0.716160294599831,0
0.56441369256936,0.398795953951776,0.404214608250186,0.0855971712153405,0.694200333673507,0.112625487381592,0.268972077872604,0.164344924734905,0.155718175228685,0.211469950852916,0
0.602882284438238,0.937469556927681,0.370177895529196,0.409323466476053,0.336040660040453,0.265097504714504,0.823906749254093,0.459910398814827,0.581970322178677,0.138247129041702,0
0.734392857188359,0.769371953839971,0.603539881762117,0.874223979655653,0.685673729050905,0.466085243038833,0.449438337935135,0.0190856119152158,0.957664233166724,0.159102521371096,0
0.838367264484987,0.56039423844777,0.364725231891498,0.332701087463647,0.605330048361793,0.774126903153956,0.433945262804627,0.620513620553538,0.00391797255724669,0.475948434090242,0
0.610082624480128,0.347028925083578,0.173981950152665,0.714696478331462,0.41744097461924,0.318382648285478,0.515881076687947,0.602544398745522,0.612519528251141,0.0696039479225874,0
0.593212695326656,0.525751603068784,0.0920845738146454,0.107073218561709,0.481709441402927,0.387376104015857,0.188790305051953,0.470229782396927,0.720216827467084,0.0909601280000061,0
0.438830891158432,0.0014612665399909,0.719302607700229,0.962055123411119,0.849606051575392,0.653023264603689,0.464008598588407,0.361290256725624,0.0751330216880888,0.657555494457483,0
0.740049218758941,0.538301586173475,0.185346831800416,0.855823037913069,0.375161587726325,0.983012638054788,0.252035230165347,0.167326419148594,0.812209026189521,0.253439458319917,0
0.144762004244328,0.912760145305027,0.57263663969934,0.47284936113283,0.761262188199908,0.272601290140301,0.623789860401303,0.452268390217796,0.903262262698263,0.37545105884783,0
0.776584181934595,0.494456080486998,0.350456550950184,0.357359025627375,0.397144586080685,0.149231048533693,0.790178943891078,0.351677664089948,0.0586274969391525,0.395371570950374,0
0.860071578528732,0.526579439640045,0.74433272331953,0.393546862527728,0.16882311180234,0.230728376656771,0.994213524507359,0.0378542123362422,0.587506858166307,0.0285890868399292,0
0.566319328732789,0.471172627992928,0.113942730706185,0.418797014513984,0.846578842727467,0.761402486125007,0.00726435985416174,0.627227084478363,0.661105973180383,0.529548589140177,0
0.741896755049378,0.111637579599798,0.575659877620637,0.484858018346131,0.158191126538441,0.877682296559215,0.708845367189497,0.749361761147156,0.243387959431857,0.0945704702753574,0
0.671240165363997,0.0798790790140629,0.52918814914301,0.853110107826069,0.420858899364248,0.590458821039647,0.349967417772859,0.946670825826004,0.548763063969091,0.520909895421937,0
0.0938815614208579,0.778030930785462,0.529731162125245,0.410896150395274,0.119122767820954,0.0479996250942349,0.548542811069638,0.716018054168671,0.721241489984095,0.160356522072107,0
0.273011773824692,0.662896928843111,0.802450166316703,0.723963251104578,0.874269980471581,0.879733138019219,0.247867905301973,0.16362965782173,0.372380571905524,0.825946241850033,0
0.652555824723095,0.831056369934231,0.0577899927739054,0.353821376571432,0.989821515278891,0.0214589666575193,0.346205569570884,0.922889261273667,0.356713260523975,0.342763415770605,0
0.506353758221026,0.106129112284983,0.616810011677444,0.120135576929897,0.449705361155793,0.123633695300668,0.737745454767719,0.568740485468879,0.376758890459314,0.748431884683669,0
0.540348637616262,0.38055958901532,0.793213459895924,0.616466789040715,0.222446630010381,0.408300199080259,0.230227617546916,0.40580836054869,0.12315455568023,0.186799990246072,0
0.826455724891275,0.480500744190067,0.803944001439959,0.514160116203129,0.683573983842507,0.707108130678535,0.543878357624635,0.526324902893975,0.137759073637426,0.0354452589526772,0
0.842872984241694,0.166237332392484,0.600957870716229,0.099186024395749,0.0458735178690404,0.0804444572422653,0.674981823191047,0.20275441207923,0.0520280911587179,0.712871027877554,0
0.555342694278806,0.105423903092742,0.947698198026046,0.364494294859469,0.478548485552892,0.647249923320487,0.197849583346397,0.968269821954891,0.446053894702345,0.436816360568628,0
0.823080402333289,0.533442431828007,0.520239911740646,0.27739718533121,0.212645110441372,0.762744188075885,0.083591815084219,0.957043478963897,0.30393327656202,0.834943074500188,0
0.677677330095321,0.932974274270236,0.679339231690392,0.772371169412509,0.564523715060204,0.278720811475068,0.488936516456306,0.263378313509747,0.695574078708887,0.838374711107463,0
0.281792125897482,0.429029651917517,0.492185604991391,0.332090532639995,0.879901015432552,0.872560006333515,0.438445091247559,0.013607507571578,0.74936124868691,0.904493375681341,0
0.530079579446465,0.915982241043821,0.490899780299515,0.049349939217791,0.292481144890189,0.0819876943714917,0.0152990992646664,0.927782993298024,0.0434371302835643,0.190451614791527,0
0.264229653403163,0.858060038648546,0.901752042584121,0.634805863024667,0.352257989346981,0.545141441980377,0.613741835346445,0.92684741737321,0.504511964507401,0.262464959174395,0
0.250115850241855,0.0267027320805937,0.0463290261104703,0.364123727427796,0.399100954877213,0.508715602802113,0.505748458439484,0.0719129433855414,0.117546117398888,0.176955259870738,0
0.641281415708363,0.447415301110595,0.639848587103188,0.36376580549404,0.71458708262071,0.585337737808004,0.169618881307542,0.783692044205964,0.37968411645852,0.951571323210374,0
0.0753505858592689,0.679336586268619,0.502467109356076,0.694241974502802,0.221094314241782,0.459593488136306,0.0342301533091813,0.682838660199195,0.454081385629252,0.573412948055193,0
0.735776989953592,0.577037878101692,0.781582345254719,0.245351474732161,0.0312937977723777,0.231233076890931,0.838209057226777,0.0220323118846864,0.0561223046388477,0.420588495209813,0
0.474519313778728,0.609095073770732,0.109749772818759,0.68735574814491,0.602958664763719,0.094212154392153,0.110379391117021,0.857324430020526,0.952296742238104,0.877258171793073,0
0.198319211602211,0.350992923369631,0.840321835130453,0.0943969225045294,0.417044905479997,0.554954231251031,0.0245910463854671,0.311221131356433,0.202892568428069,0.171245075296611,0
0.634773566853255,0.596550354734063,0.576075710123405,0.0484156049787998,0.929239133372903,0.130653917789459,0.219666033983231,0.800969762261957,0.32457809871994,0.413411305518821,0
0.881472145905718,0.37907000281848,0.597152575850487,0.28078361810185,0.395657661836594,0.309418310178444,0.327101135393605,0.340341326314956,0.462936182273552,0.803271075012162,0
0.529849682468921,0.768036177614704,0.104941500583664,0.717392516555265,0.882809394970536,0.834223982412368,0.795637957751751,0.0842667298857123,0.698411683086306,0.72264624084346,0
0.0356498192995787,0.557836696039885,0.264294607331976,0.295096222311258,0.180293754907325,0.778563551604748,0.740089700324461,0.800103013636544,0.853381083812565,0.819701653439552,0
0.691786298761144,0.461439539212734,0.28556548547931,0.729733489453793,0.910815990064293,0.00306065869517624,0.502760712988675,0.787847519852221,0.913817496970296,0.253312757937238,0
0.676731875765696,0.572288113419947,0.712741626426578,0.0366588241886348,0.886096349451691,0.405328985769302,0.837222619680688,0.0265908499713987,0.135120961815119,0.764323466224596,0
0.476622425252572,0.204258937621489,0.923892026999965,0.649836044991389,0.985045596258715,0.249417561106384,0.317712197545916,0.238888737745583,0.858241120586172,0.467765500536188,0
