"1","2","3","4","5","6","7","8","9","10","class"
0.766078145010397,0.511611206457019,0.339684140868485,0.375718182651326,0.265488549601287,0.413100769044831,0.313577552093193,0.587625623680651,0.110491588478908,0.366158709395677,0
0.704398927040491,0.455976674316754,0.473640230484307,0.829647527541965,0.788627893896773,0.578747231280431,0.309284682152793,0.205555003834888,0.707249032799155,0.4638094548136,0
0.384147917123511,0.786298940341844,0.908887903904542,0.97458902047947,0.194307494908571,0.016572393476963,0.783366336254403,0.390703829005361,0.157272530021146,0.0233698929660022,0
0.923058616230264,0.378505600150675,0.248819036642089,0.536747989244759,0.472460212185979,0.781974116805941,0.830985611537471,0.229732705280185,0.415023330366239,0.164692915510386,0
0.517042959807441,0.155227300943807,0.869043006561697,0.899701962945983,0.030285864835605,0.651019751559943,0.983024982968345,0.590464296052232,0.198388389544562,0.48389595001936,0
0.342065405333415,0.671964643988758,0.531440519029275,0.527240551076829,0.422194365411997,0.963846545899287,0.177088812692091,0.180149269523099,0.475278270663694,0.851482218829915,0
0.134546485496685,0.516013480955735,0.437274238094687,0.862842155853286,0.549142085947096,0.65727206831798,0.893751494819298,0.486103240167722,0.963156052399427,0.711888279998675,0
0.65709987282753,0.555657853605226,0.76825488335453,0.240467190509662,0.825878492789343,0.71157355280593,0.129364404128864,0.0256307744421065,0.550848220475018,0.863172577694058,0
0.385208480508439,0.88981443591413,0.0911111682653427,0.188366261310875,0.324124849634245,0.506104971980676,0.829712371574715,0.906275069341063,0.944047019351274,0.989484880352393,0
0.825821646722034,0.39302053488791,0.0357757972087711,0.872147602727637,0.767060039332137,0.796067950315773,0.492483797017485,0.54741436499171,0.456162940012291,0.0209231039043516,0
0.501396145671606,0.963005740894005,0.447781398659572,0.453367492416874,0.204734772443771,0.308527877321467,0.275060659041628,0.21325791766867,0.150334264850244,0.859919455368072,0
0.831626368220896,0.437110584927723,0.370553721208125,0.500690090702847,0.28602698771283,0.320357061456889,0.689423203933984,0.844706624513492,0.326505333185196,0.916244086110964,0
0.197922873310745,0.528156249318272,0.0329834923613816,0.398878768784925,0.653187879826874,0.400003588525578,0.219558510230854,0.0715301227755845,0.835670875152573,0.908965871436521,0
0.215289148319419,0.752425493024668,0.647717080777511,0.461290592793375,0.704467613250017,0.858144692378119,0.243652145611122,0.649961068760604,0.770412633894011,0.294362178072333,0
0.988624616758898,0.415941959014162,0.448868257459253,0.980457043973729,0.332062430214137,0.452848854241893,0.389488268410787,0.737225991208106,0.650070227915421,0.851129963761196,0
0.162878313225694,0.949651233094717,0.928834970574826,0.66720923781395,0.00985536747612059,0.180714466143399,0.258963553002104,0.43343957955949,0.80633906275034,0.0288614581804723,0
0.46580634592101,0.435523208230734,0.623511302052066,0.341128090862185,0.82779677445069,0.180418483680114,0.212129793595523,0.954195212107152,0.259882568148896,0.785709912190214,0
0.406758158234879,0.513228273717687,0.553430711850524,0.292910353513435,0.71493812603876,0.254145480459556,0.42356624128297,0.131123997503892,0.509656069101766,0.371606047265232,0
0.881628643314168,0.61416885590959,0.500896558864042,0.879215941065922,0.450038014678285,0.636303924256936,0.903322177939117,0.753005110891536,0.524025652324781,0.0979313955176622,0
0.631939128563926,0.216120315609981,0.807090268237516,0.907179377507418,0.556194429518655,0.812142527662218,0.238501142011955,0.0648045032285154,0.381423899671063,0.589675485389307,0
0.326994855189696,0.934223385062069,0.118072914658114,0.0564070455729961,0.437441525049508,0.462874284246936,0.68509889440611,0.389191079186276,0.936465594917536,0.0315133193507791,0
0.646587752271444,0.479699192335829,0.401434969855472,0.168403819669038,0.985768898390234,0.182484268443659,0.682420835830271,0.643770794151351,0.657072250265628,0.127754689659923,0
0.548335902160034,0.69850042834878,0.599066465627402,0.420687209581956,0.291894098976627,0.12730190390721,0.410624601412565,0.139833238441497,0.0775643070228398,0.691968827741221,0
0.38483886778038,0.461436913030886,0.366676043020561,0.865027034189552,0.708893734030426,0.356580770341679,0.972662602551281,0.00859623681753874,0.00129240844398737,0.0754152641166002,0
0.998488477198407,0.038776459172368,0.921379367355257,0.99911604099907,0.365720879053697,0.7517191960942,0.707262288313359,0.797426299192011,0.0929882999043912,0.0569023513235152,0
0.111870996654034,0.609077606815845,0.184142298297957,0.45597637607716,0.525480617536232,0.578150318237022,0.799909181660041,0.220066789537668,0.682948772329837,0.340785950189456,0
0.116960637504235,0.972193361259997,0.546455068746582,0.923102983273566,0.387322580209002,0.959389420691878,0.635409759357572,0.801834852667525,0.364329610252753,0.296209725551307,0
0.384674492990598,0.733975896146148,0.427488704910502,0.837320063263178,0.955078417435288,0.0720642197411507,0.840184351196513,0.952143193222582,0.623650610214099,0.428692619549111,0
0.259165371069685,0.979060346959159,0.519919731421396,0.140953274210915,0.893849499989301,0.128939680289477,0.708108336431906,0.223796520847827,0.0112482076510787,0.62725590984337,0
0.472773600835353,0.256529974052683,0.0769259459339082,0.809144076891243,0.118202063487843,0.719555478077382,0.723478717729449,0.743072533980012,0.744484449503943,0.938257014844567,0
0.538058144738898,0.298548064893112,0.903547678841278,0.143647224409506,0.382528023328632,0.603207532083616,0.92447850573808,0.798390355892479,0.312908622203395,0.0563222351484001,0
0.866761015495285,0.358881612075493,0.601793066365644,0.0111861147452146,0.915519730886444,0.0316241781692952,0.0417377545963973,0.27899536001496,0.409196445252746,0.52247572876513,0
0.282627674011141,0.794358450113464,0.860354364849627,0.957939462503418,0.083970061969012,0.491516068810597,0.374810657463968,0.857373563572764,0.287922375602648,0.725501218112186,0
0.394791461061686,0.918787478236482,0.685177051927894,0.493075877195224,0.309856867883354,0.787805257132277,0.98574479855597,0.370906342752278,0.183167616603896,0.707809248007834,0
0.653841203797609,0.49754467966825,0.594650740502402,0.224287701537833,0.767548820702359,0.345440708566457,0.977973824599758,0.969903488177806,0.0661520254798234,0.138515572994947,0
0.115267906337976,0.574947667308152,0.128908780170605,0.702452305005863,0.502366757020354,0.0671454158145934,0.123964021448046,0.919624459464103,0.809634959790856,0.761055486509576,0
0.281415661564097,0.625309605849907,0.601425738073885,0.790319485822693,0.469231409020722,0.375665504485369,0.132091718260199,0.68007737910375,0.729506633477286,0.668365829857066,0
0.0126038526650518,0.78028237936087,0.151869719848037,0.616259246133268,0.944505403051153,0.3745735459961,0.231107135536149,0.292711296584457,0.764605727978051,0.989891960518435,0
0.615255353273824,0.600057517411187,0.379366074223071,0.28352495864965,0.44478196464479,0.169409063179046,0.410437632119283,0.125606474466622,0.556359244743362,0.0877548477146775,0
0.323562863748521,0.742839223472401,0.636671765707433,0.78694321308285,0.313343236688524,0.0865234010852873,0.438498184084892,0.360417338088155,0.383856105618179,0.411135965958238,0
0.566820665029809,0.538976370589808,0.213767665671185,0.776511801872402,0.717602617340162,0.893927378114313,0.357075493084267,0.762719292659312,0.249385169940069,0.583703011041507,0
0.862495605942141,0.255842587263803,0.893367807148024,0.39869603398256,0.649067084537819,0.462826519506052,0.923378130653873,0.0747404012363404,0.04969571554102,0.0685738280881196,0
0.572482299869508,0.568982917512011,0.96228743204847,0.17374793626368,0.421783589059487,0.324172623455524,0.589098560856655,0.896978568052873,0.393205440137535,0.219863106030971,0
0.540714954795968,0.78572466204067,0.0420126232784241,0.674989723600447,0.92745089228265,0.756594938226044,0.483518861001357,0.000395064940676093,0.0151965341065079,0.957782725337893,0
0.648135307746753,0.0784661209324213,0.425217427778989,0.0538504715077579,0.244742468930781,0.227585681946948,0.250281600980088,0.756026804680005,0.0278790201991796,0.378147698240355,0
0.782817266834434,0.245344976586678,0.0485635614022613,0.968950027832761,0.646549041150138,0.644664506893605,0.988294738810509,0.645949471741915,0.169595292769372,0.0691692277323455,0
0.153009939938784,0.461115005193278,0.896712344139814,0.842105037299916,0.794529005419463,0.0361094267573208,0.511992606101558,0.150334814097732,0.394268878968433,0.327397247077897,0
0.429755364311859,0.429842337267473,0.38742858171463,0.0145451056305319,0.923246587160975,0.706132391700521,0.661675750277936,0.578282194910571,0.971826144028455,0.951150661101565,0
0.800551854772493,0.141279278788716,0.805209765676409,0.648955532116815,0.18408600660041,0.431240920908749,0.529794018017128,0.293950597988442,0.692904205992818,0.0571424653753638,0
0.220156284769997,0.934394393300359,0.658078168286011,0.528733675600961,0.786141191376373,0.63416494987905,0.412562540965155,0.572562201181427,0.694592658197507,0.23705384763889,0
0.479860019404441,0.31580988294445,0.836794179398566,0.381092753726989,0.662771321134642,0.882694345666096,0.0736740736756474,0.647125564981252,0.920003571780398,0.0301905260421336,0
0.802520979428664,0.112711339490488,0.223481143126264,0.457504592137411,0.934645302826539,0.576520887669176,0.856680166907609,0.603684235364199,0.358138907933608,0.0501033526379615,0
0.65248000761494,0.639498268254101,0.536391616100445,0.839366552652791,0.969215796329081,0.216604691930115,0.269017051672563,0.980074506951496,0.412944751558825,0.0957109967712313,0
0.610217856476083,0.140511160716414,0.601902272319421,0.707005523843691,0.744500595377758,0.0582877930719405,0.368526889709756,0.23293438134715,0.109376255888492,0.917996800504625,0
0.491814894368872,0.40168097987771,0.468965955544263,0.418544480809942,0.556905826320872,0.514147145207971,0.0385179801378399,0.199391393456608,0.770251360954717,0.885625296039507,0
0.948711368275341,0.0875971330147793,0.98867095913738,0.791991478763521,0.646597230108455,0.587977329036221,0.650571145117283,0.201373038347811,0.357924012700096,0.188299492700025,0
0.939253989839926,0.426733081927523,0.121941009070724,0.315428704721853,0.121044751955196,0.872574743349105,0.202452253783122,0.714570763753727,0.566021439852193,0.354873925447464,0
0.64602825185284,0.0719947915058583,0.387265566270798,0.868682000320405,0.798079984728247,0.211449663154781,0.206734351115301,0.446746458765119,0.768787902547047,0.427338885841891,0
0.773858014939353,0.0817719603144939,0.26636685221456,0.0331255586352199,0.608032843098044,0.462841395521536,0.40645536640659,0.0908290094230324,0.609783228952438,0.705767127685249,0
0.242883506929502,0.975504047470167,0.513937512878329,0.147379199275747,0.300530825508758,0.423852683510631,0.403561075450853,0.96377267036587,0.477861903142184,0.994715178152546,0
0.411898810649291,0.638917538104579,0.199741668067873,0.945090955588967,0.922795146936551,0.319042588816956,0.699628666043282,0.098569838097319,0.696706245653331,0.907979449257255,0
0.883500089170411,0.533713910961524,0.402785585494712,0.972658882848918,0.0923090353608131,0.259387344587594,0.906429319176823,0.916299904696643,0.914163996465504,0.481624026782811,0
0.121810188516974,0.578190510626882,0.676008998416364,0.578483623219654,0.830982195911929,0.501840814948082,0.64174156379886,0.361368139041588,0.121660396223888,0.4872867311351,0
0.570844099116046,0.18185776228456,0.10028960625641,0.985749189509079,0.157622969010845,0.256781809264794,0.791476886020973,0.393836779054254,0.576312437886372,0.434041698928922,0
0.170941161457449,0.560488696675748,0.81781152356416,0.754800038877875,0.474935156758875,0.991246329154819,0.211401106324047,0.314854758325964,0.989056282909587,0.413116436451674,0
0.955155113821384,0.559478814356734,0.260656266007572,0.183604127028957,0.345313605153933,0.987021058565006,0.188156167743728,0.451325786067173,0.251164410728961,0.904669139999896,0
0.539253814378753,0.310320680262521,0.249076324980706,0.637904524570331,0.932255617342889,0.327846101950854,0.5382937816903,0.433243787614629,0.806372728431597,0.147302901139483,0
0.472625167807564,0.0617108256556094,0.0568453043233603,0.191162109607831,0.0577263908926398,0.534785679774359,0.487092159455642,0.639117502607405,0.900674503296614,0.936776534421369,0
0.712600733655505,0.183920603147698,0.638563537504524,0.667993588838726,0.668147577904165,0.746448483783752,0.843117538141087,0.81812529778108,0.355382545152679,0.623671958688647,0
0.201834907988086,0.597679509781301,0.115468202857301,0.565379955107346,0.619081469718367,0.630415807012469,0.505147507879883,0.750843184068799,0.313377386657521,0.208197239553556,0
0.946289183985442,0.0981442142264671,0.173672848148271,0.0992084606550634,0.335363005753607,0.14645947702229,0.41857177298516,0.330393621232361,0.454643661156297,0.430705676786602,0
0.181317161008809,0.365133683385924,0.589941228739917,0.120488073211163,0.377860811538994,0.289851179346442,0.32025936129503,0.810655254404992,0.83587988326326,0.482602213509381,0
0.659935760874487,0.0922445048636042,0.516302968841046,0.756043708184734,0.663646140368655,0.553596256533638,0.429544901708141,0.557560273446143,0.851144768996164,0.243821392534301,0
0.0441033971481025,0.487223169331373,0.0206606949213892,0.877275256672874,0.620135012781247,0.0333256809972227,0.37804689258337,0.583285064436495,0.505016640061513,0.0510952770709991,0
0.465301255462691,0.252706764964387,0.985719138756394,0.200432963203639,0.850521375657991,0.895207846537232,0.967979927780107,0.691223215078935,0.177947632735595,0.431440002284944,0
0.402280321810395,0.461605606367812,0.352248082635924,0.717912935651839,0.279628891032189,0.48383580124937,0.427366132615134,0.354606266599149,0.394497201079503,0.650235961657017,0
0.555412090206519,0.462848973046606,0.334532915614545,0.505630617961287,0.514707687543705,0.775994815398008,0.354155015666038,0.501581587363034,0.299605456646532,0.184497943148017,0
0.306138374842703,0.906147026456892,0.882101950235665,0.994803036097437,0.883347479626536,0.683239989448339,0.944634668529034,0.174446469638497,0.425835159374401,0.965392623329535,0
0.612336041871458,0.171803176403046,0.611714839236811,0.48569358792156,0.999210300156847,0.0125074088573456,0.364949501585215,0.469814823474735,0.223061257274821,0.523288684431463,0
0.307516471560299,0.825620519662916,0.597702552331612,0.650789278093725,0.327279035933316,0.199425662402064,0.528518293518573,0.0164597739931196,0.888268623501062,0.413101027486846,0
0.621515158331022,0.734800748759881,0.00483853300102055,0.0412075049243867,0.877474428620189,0.980922659160569,0.968381984625012,0.0908468326088041,0.481820540735498,0.132547858636826,0
0.577761988388374,0.358610571827739,0.530395081499591,0.550997138954699,0.42232519807294,0.621231840690598,0.654642836889252,0.448643861571327,0.4206949158106,0.516139743849635,0
0.298714163713157,0.71426812838763,0.667785507626832,0.403748146956787,0.106535218888894,0.306266612606123,0.641548434505239,0.562456774059683,0.814234226709232,0.606392345856875,0
0.176844477886334,0.49225239129737,0.826956173405051,0.41073667886667,0.384409727761522,0.334855006542057,0.525166915496811,0.0529504641890526,0.176625361666083,0.086601329036057,0
0.647871710360981,0.303828792608905,0.655522616812959,0.824843231588602,0.262323109898716,0.930661375634372,0.606910616857931,0.233813512604684,0.634774331469089,0.529227291699499,0
0.254805269651115,0.63905472913757,0.355610588798299,0.661932036979124,0.131766004022211,0.842547637876123,0.807739915093407,0.714438030030578,0.571299741510302,0.475775342434645,0
0.519445540849119,0.943352722097188,0.000842303037643433,0.0178524309303612,0.783242484787479,0.514934615697712,0.991875117411837,0.775648054666817,0.260570632759482,0.389264771947637,0
0.135245388606563,0.752290925011039,0.0357354371808469,0.411760454066098,0.157790624536574,0.716421518474817,0.651700177229941,0.945733642671257,0.52508531184867,0.396231784019619,0
0.270489861280657,0.89188839935348,0.4089579526335,0.627586815971881,0.101299987640232,0.0332486815750599,0.687054122565314,0.838893677573651,0.514467142056674,0.293451563920826,0
0.193250433774665,0.675921898568049,0.000873264856636524,0.440814792644233,0.782731881132349,0.366751716472208,0.501271527027711,0.681995505932719,0.945910344133154,0.951562439557165,0
0.272765763077885,0.696769805441771,0.342090270016342,0.347675791708753,0.863263292005286,0.908244240330532,0.155625374754891,0.886540126986802,0.24799895612523,0.380892309593037,0
0.190797106745746,0.95882465668084,0.468022050801665,0.00156650436110795,0.0114910735283047,0.417058821767569,0.739258157555014,0.072288850788027,0.955789927858859,0.1654379053507,0
0.877556100260839,0.113026888641072,0.75371558056213,0.583303867140785,0.216784029267728,0.924405250931159,0.315566703211516,0.664396019419655,0.0468848824966699,0.227632735157385,0
0.299060489690769,0.804038051445809,0.665131348418072,0.796784030739218,0.0589214612264186,0.670295636402443,0.83370057027787,0.748056773561984,0.064967135200277,0.466249647084624,0
0.217678062384948,0.492037682794034,0.277634242549539,0.80689485790208,0.639561986550689,0.299499577842653,0.80202503898181,0.129639224382117,0.568578525446355,0.441611235495657,0
0.196670395823661,0.64629235420668,0.0165678283665329,0.315960233332589,0.0878783676307648,0.960664682090282,0.902145443484187,0.865945054451004,0.232682942179963,0.190700964536518,0
0.830775613829493,0.343008268238011,0.160505454521626,0.795031222281978,0.465884396340698,0.459919257787988,0.131956364726648,0.913848759839311,0.92989780777134,0.760582389542833,0
0.911461991723627,0.401495605008677,0.800904393894598,0.648463376564905,0.311486335471272,0.80610884912312,0.628750340314582,0.537926637101918,0.0843525805976242,0.614834816427901,0
0.652060501044616,0.278193761594594,0.531465478939936,0.830827727448195,0.890936955343932,0.607394844293594,0.712458313442767,0.422976432135329,0.579915331210941,0.571701486594975,0
0.075882117729634,0.864520692732185,0.41671724524349,0.370362994493917,0.913098847027868,0.411977401468903,0.49570821900852,0.245949455769733,0.422170441132039,0.111522758146748,0
