"1","2","3","4","5","6","7","8","9","10","class"
0.267574506085366,0.801897600447943,0.817339700646698,0.756209192564711,0.721729269251227,0.153561810730025,0.96349360095337,0.0298716158140451,0.955650443211198,0.357393690384924,0
0.786821490072645,0.365067174245652,0.345113882562146,0.301229825941846,0.385323844617233,0.485254901926965,0.958216847153381,0.591805418254808,0.834933458128944,0.148489968385547,0
0.80491684131287,0.437003861707056,0.928008182672784,0.245995399076492,0.502599437255412,0.0821644747629762,0.19968565646559,0.959274896420538,0.19149056612514,0.109264943283051,0
0.266386121517699,0.71795406533887,0.363182417815551,0.337306114146486,0.640767923323438,0.953421594109386,0.154067781753838,0.865549045382068,0.493374826386571,0.175156279932708,0
0.840444507045113,0.135389442213367,0.807129609631374,0.0220512333326042,0.139096538769081,0.461568165803328,0.587149293161929,0.932263706345111,0.482766290660948,0.423902402166277,0
0.229416322163306,0.984557518427488,0.207002404611558,0.932152016786858,0.806839051656425,0.740735503379256,0.81994828954339,0.555435732705519,0.974586873780936,0.746021998347715,0
0.799010501941666,0.044133665971458,0.458122027106583,0.21381685230881,0.258244646014646,0.799256545724347,0.197150198975578,0.92242909502238,0.803032267838717,0.222652157070115,0
0.399374556262046,0.740762397414073,0.511616832111031,0.478913288330659,0.921761107398197,0.146641370840371,0.702311610803008,0.717236945638433,0.445454959291965,0.506308623822406,0
0.319892359897494,0.657742971554399,0.145447830436751,0.484096697997302,0.361776951700449,0.542103017913178,0.851148929214105,0.158758113626391,0.184431516332552,0.975239259423688,0
0.620463952422142,0.130012867506593,0.778625984676182,0.715635515283793,0.996711432700977,0.123357076663524,0.988506431225687,0.848629911197349,0.110805914504454,0.185819731792435,0
0.568155035376549,0.112963976105675,0.785148675553501,0.100153854349628,0.141558359144256,0.776062288088724,0.315970027586445,0.179996449034661,0.129916777135804,0.516638403292745,0
0.374946671770886,0.822065942687914,0.195642793085426,0.982504924759269,0.036703476216644,0.974094880046323,0.746443280251697,0.0847791926935315,0.8462320396211,0.553512949962169,0
0.923398531507701,0.433917772723362,0.731312170857564,0.745589543366805,0.145837187068537,0.544171814108267,0.818222095724195,0.524274532450363,0.255905810976401,0.972016170853749,0
0.980443102307618,0.35973607073538,0.400366018991917,0.362659432459623,0.975184059003368,0.0723957293666899,0.0318549899384379,0.599426796194166,0.767019368940964,0.498633770272136,0
0.347600601613522,0.476893220329657,0.632845908170566,0.174137748312205,0.364039399893954,0.169297547545284,0.151030855719,0.947158962488174,0.819979602238163,0.249279799405485,0
0.885794566425029,0.285429128964633,0.00936641846783459,0.341775834094733,0.748444929020479,0.163294691825286,0.83665634226054,0.899454316822812,0.0374475258868188,0.721102335955948,0
0.778977751964703,0.283425898291171,0.127399654360488,0.369350994005799,0.343866743845865,0.479557415703312,0.766216858290136,0.855020753340796,0.386742558330297,0.779374489327893,0
0.453108244342729,0.767189471051097,0.129915594123304,0.390773407882079,0.532271823612973,0.169454357819632,0.291986947413534,0.976127670379356,0.114283845759928,0.967113898601383,0
0.0330221292097121,0.947693950030953,0.569720567204058,0.88453023089096,0.00284998281858861,0.575902161654085,0.863609700929374,0.727428877726197,0.921393592143431,0.724108663620427,0
0.622847440974787,0.175368751801238,0.535218191100284,0.487901424523443,0.488982104696333,0.185929253930226,0.551675843307748,0.19885716913268,0.291097864508629,0.536592763848603,0
0.563714209478348,0.896299704909325,0.686280182329938,0.861536413896829,0.374599566683173,0.121473037870601,0.106501251691952,0.726065299008042,0.351770344655961,0.389214299386367,0
0.210820954758674,0.860862418543547,0.391685391776264,0.210692226886749,0.098017691867426,0.39416566118598,0.821388449519873,0.575998652726412,0.438043832778931,0.984903893666342,0
0.0632590348832309,0.873667584033683,0.554676549741998,0.637937739025801,0.537018712842837,0.743752281647176,0.865436562569812,0.164558270247653,0.96813012752682,0.568533311830834,0
0.549496495622583,0.566689168460533,0.970774360466748,0.127755284542218,0.796778315212578,0.365777447586879,0.601825749035925,0.77686383551918,0.747314497362822,0.76379419141449,0
0.789796888828278,0.139890654245391,0.595631195465103,0.98692121449858,0.74851265992038,0.432510379469022,0.622214802773669,0.504379656398669,0.37482905224897,0.81297060707584,0
0.507076094625518,0.316896029049531,0.517298818333074,0.57712094578892,0.161688095191494,0.450006276601925,0.547653563553467,0.949315904872492,0.474316973937675,0.201585452072322,0
0.0655465663876384,0.993108424823731,0.658015271415934,0.40590558713302,0.627146287122741,0.0496564670465887,0.17103974125348,0.688754558330402,0.02619763254188,0.813364499947056,0
0.280531120020896,0.617961056763306,0.50183575344272,0.83509167493321,0.00656808144412935,0.231017764192075,0.237782082753256,0.013177070999518,0.428201118251309,0.601694765733555,0
0.699417714262381,0.316320426529273,0.713815483031794,0.275712458882481,0.387276211054996,0.714868345297873,0.829107996542007,0.172749207122251,0.998421661555767,0.518613004824147,0
0.222647382731549,0.708931923324263,0.73658741498366,0.320950158173218,0.819513156777248,0.0584447940345854,0.091294182697311,0.405890543246642,0.61575618525967,0.28166441922076,0
0.588163399618119,0.213947850385261,0.00564881297759712,0.580169454915449,0.758847151882946,0.335566473426297,0.665708908811212,0.868563442956656,0.886493419995531,0.715507212327793,0
0.467013156507164,0.752881282009184,0.398663479601964,0.115520427236333,0.0557655366137624,0.434086103690788,0.459735965356231,0.31758487643674,0.21040146285668,0.515443321550265,0
0.308513590884395,0.622135614283988,0.0426447638310492,0.365880987606943,0.655274730175734,0.35337741067633,0.0972128533758223,0.615845585241914,0.437363332603127,0.0875569810159504,0
0.346967282280046,0.890600087137801,0.416899043833837,0.783234460046515,0.755047464277595,0.02895547891967,0.897424651309848,0.215933078201488,0.957215542439371,0.270174089586362,0
0.942802801029757,0.333134967368096,0.086980857886374,0.562932253582403,0.338692123070359,0.701657132711262,0.966476724948734,0.851651665521786,0.0428883142303675,0.518659113673493,0
0.129806030308828,0.491234040120617,0.403588007669896,0.263823338551447,0.22214344679378,0.875705696409568,0.529903491260484,0.521232087863609,0.635915811173618,0.295844801934436,0
0.413841866189614,0.773218096466735,0.391649835044518,0.234432383440435,0.261839021230116,0.510930497432128,0.960091783199459,0.513378329342231,0.382441260153428,0.272898689378053,0
0.431121872738004,0.983907094923779,0.265568528091535,0.557423737831414,0.67916525201872,0.18893031287007,0.211514797527343,0.149924037978053,0.336496126838028,0.932685332838446,0
0.0299447842407972,0.837248069001362,0.115320389391854,0.818706381134689,0.160565333906561,0.710398001596332,0.12498341454193,0.809531677281484,0.699303166940808,0.385528661543503,0
0.649421595036983,0.304657759144902,0.0703151091001928,0.351462370250374,0.746847165049985,0.998472650302574,0.164880390977487,0.463362565496936,0.507845136802644,0.0283636460080743,0
0.604638555979356,0.221515538969796,0.0303914553951472,0.142999685136601,0.821241237223148,0.0128972593229264,0.997330212267116,0.362829016987234,0.377758987946436,0.308826903812587,0
0.989028694340959,0.424174793995917,0.253215342294425,0.334957594750449,0.677536861039698,0.791662158211693,0.842236031545326,0.994324712315574,0.218785076169297,0.118047913070768,0
0.775689637124911,0.163039792305018,0.484980725217611,0.252492961240932,0.537800058722496,0.711787772132084,0.0244431637693197,0.00674643972888589,0.369501668028533,0.947142544668168,0
0.850907999596838,0.271392517107376,0.273731727153063,0.00231529027223587,0.0190191932488233,0.407346164342016,0.252215634798631,0.538258862914518,0.420102143427357,0.0436545629054308,0
0.54367663175799,0.499792804708704,0.810150850797072,0.6742894933559,0.0523561749141663,0.85266493097879,0.439338227501139,0.11699330387637,0.271746667101979,0.713431820040569,0
0.431321961805224,0.800950658041984,0.406808574916795,0.0823306892998517,0.657108219107613,0.174934015376493,0.954865562031046,0.478996240766719,0.351031585596502,0.722389932489023,0
0.332919122418389,0.536082530859858,0.125364748062566,0.109818768454716,0.656819513300434,0.292380944592878,0.041591037530452,0.611899111419916,0.620025900891051,0.447887735208496,0
0.375611150404438,0.660537271061912,0.488871557405218,0.811408032430336,0.708550912793726,0.325353319756687,0.63853710051626,0.679255901370198,0.80767303192988,0.465045726858079,0
0.341582577675581,0.467264755163342,0.898985730949789,0.145494821947068,0.0937981591559947,0.535714889643714,0.00217699725180864,0.536880735773593,0.566179367946461,0.153039341093972,0
0.304547142381407,0.838282510047416,0.809191819978878,0.735545119037852,0.484388125827536,0.00660699908621609,0.0166521025821567,0.562832905212417,0.66019667708315,0.00349029595963657,0
0.170358334667981,0.680453438544646,0.701761951902881,0.173294676700607,0.806784081272781,0.140739718684927,0.60820003785193,0.263403655029833,0.111054231412709,0.663662322564051,0
0.599327044561505,0.593574018916115,0.602285043336451,0.328469219151884,0.6322973347269,0.0128251581918448,0.461143100634217,0.874657505890355,0.715736796613783,0.735011686570942,0
0.334786198908836,0.915094192164216,0.912232223898172,0.89289014483802,0.7095571605023,0.60246859351173,0.99970787204802,0.462587349116802,0.519943903200328,0.0194387848023325,0
0.884320831848122,0.0815377364796397,0.298984603723511,0.964882157742977,0.0587867561262101,0.495261469855905,0.687684110598639,0.366615856764838,0.820103957084939,0.178295266581699,0
0.799932837020606,0.258864156436175,0.909264289308339,0.751186413923278,0.816545016365126,0.295195707120001,0.63597011519596,0.731790419435129,0.295415824977681,0.234442943939939,0
0.0782828097697347,0.702670641269777,0.620592132443562,0.582955103833228,0.63537488761358,0.443826076574624,0.70430383970961,0.851348260883242,0.782134686829522,0.828741379082203,0
0.0773602456320077,0.926974347094074,0.633658383274451,0.381931053940207,0.182082240935415,0.580035706283525,0.201265470590442,0.790210399776697,0.470123347360641,0.503708234289661,0
0.778492503012344,0.214081412960767,0.197439754148945,0.671354428865016,0.791374651249498,0.236227218061686,0.582425407133996,0.735895437188447,0.697474239394069,0.505732015008107,0
0.409718602895737,0.663439074996859,0.0904817720875144,0.179423066554591,0.565975843463093,0.46668839501217,0.987214211607352,0.487062617670745,0.276611270615831,0.708156683947891,0
0.966917997226119,0.288090705405921,0.709621369838715,0.106434251880273,0.172212528530508,0.138400888070464,0.0112191801890731,0.380928091937676,0.716913895215839,0.121508601121604,0
0.500485219527036,0.164644850883633,0.808957480359823,0.215551023604348,0.217690381454304,0.970405866391957,0.598647275241092,0.62151785986498,0.270156539976597,0.796550503233448,0
0.219915373949334,0.918731115292758,0.935929397819564,0.829536473378539,0.817140404134989,0.312875048955902,0.341437097173184,0.377334312535822,0.75052551086992,0.883484591264278,0
0.452307139057666,0.590543609112501,0.744578751036897,0.888574616750702,0.675514648202807,0.122606726130471,0.0686999345198274,0.275062077445909,0.452425891300663,0.128873955225572,0
0.381900686537847,0.625578886363655,0.64735298184678,0.764876778004691,0.421245818026364,0.0987367534544319,0.901690974133089,0.666817152872682,0.503787769703194,0.654634228674695,0
0.166373446314409,0.754833468859181,0.463776904158294,0.850374184083194,0.706305186264217,0.457317871041596,0.998739561066031,0.61388698592782,0.532174336258322,0.736189743271098,0
0.284223127706908,0.882215710369863,0.548147194785997,0.349327737931162,0.647283793892711,0.889253372326493,0.72138741100207,0.105888822348788,0.876504374668002,0.917052858043462,0
0.759322894969955,0.336897185305133,0.36509798746556,0.408980263164267,0.176315769087523,0.125241793924943,0.382394013460726,0.81026133755222,0.565487088635564,0.144036510260776,0
0.556242109440267,0.701145242009039,0.950289096683264,0.841343905776739,0.735698592849076,0.677974291378632,0.834161032456905,0.121018030215055,0.510150300804526,0.493634098675102,0
0.485674903728068,0.424380477983505,0.193996714195237,0.747804370941594,0.279802306788042,0.836570693645626,0.313047187170014,0.734772396972403,0.475044825579971,0.688592907972634,0
0.228252094909176,0.680462013743483,0.641387952957302,0.595511371968314,0.464154057903215,0.294728101231158,0.255856736330315,0.141506787156686,0.618609899422154,0.0225616125389934,0
0.521931906696409,0.0313457774464041,0.189445441588759,0.207108427770436,0.578347503207624,0.0193908978253603,0.264022117014974,0.404541744850576,0.199770546518266,0.297907166182995,0
0.584401913452893,0.042044892674312,0.445228530326858,0.527805778663605,0.143229788169265,0.278679660521448,0.309714662842453,0.248468206962571,0.708318073535338,0.299419726710767,0
0.961293077794835,0.037668195553124,0.273184802383184,0.521829698234797,0.640504620736465,0.417876627994701,0.317977716214955,0.824459922965616,0.425369350006804,0.0356689661275595,0
0.341767859645188,0.773986464366317,0.671819450333714,0.770318382419646,0.580369215225801,0.741232431028038,0.370797868818045,0.185837490251288,0.320248624077067,0.898150095948949,0
0.980369793972,0.0153171753784312,0.870566961355507,0.572569673880935,0.251124710543081,0.588589721824974,0.265143141383305,0.645828547189012,0.798452562186867,0.797178383916616,0
0.571799168596044,0.407434652326629,0.787437595194206,0.655109818326309,0.425049913814291,0.853875711560249,0.436407797038555,0.658963536377996,0.29795506154187,0.904244509991258,0
0.406265534460545,0.185760588617995,0.180009356234223,0.0229822974652052,0.44271630840376,0.0747525114566088,0.829675364773721,0.111818991601467,0.929535385454074,0.482944071758538,0
0.509651407366619,0.788013009820133,0.661444389959797,0.534178240923211,0.0214603533968329,0.729939752491191,0.035460869781673,0.566413622349501,0.183591853361577,0.344787900103256,0
0.0700804288499057,0.889009993989021,0.678174453787506,0.83291863463819,0.982710669748485,0.533342608716339,0.478207700885832,0.233397654723376,0.421448891283944,0.229546812130138,0
0.919244809113536,0.180056885258633,0.631135009229183,0.853163812076673,0.284065731801093,0.931417981395498,0.96389384008944,0.925521722063422,0.975306945387274,0.712255659513175,0
0.506612858502194,0.799899055156857,0.615500351879746,0.30704735359177,0.123883352149278,0.358395839110017,0.224876259686425,0.127649655332789,0.490033629583195,0.635934368241578,0
0.998951138526388,0.433524941890881,0.443040069192648,0.297247529495507,0.887749324785545,0.316842052619904,0.0382944366429001,0.462103897705674,0.643859639763832,0.433257891330868,0
0.143394923536107,0.671243183547631,0.633075925987214,0.0187799851410091,0.47549747559242,0.350638706469908,0.030192723730579,0.772452465258539,0.00782732665538788,0.0692627285607159,0
0.363317131064832,0.859430526848882,0.735952895833179,0.132859518984333,0.89225776353851,0.833868821384385,0.532104708254337,0.447604139102623,0.247865009820089,0.244005037937313,0
0.00965080014429986,0.837818969739601,0.164297616109252,0.656544007826596,0.603955254424363,0.961223663995042,0.575682275462896,0.437789363320917,0.900689898990095,0.587637631455436,0
0.828999377881642,0.00899972773964414,0.383169669192284,0.924621307756752,0.268402887741104,0.885768548818305,0.375813043210655,0.85083607188426,0.362038885941729,0.244202655972913,0
0.963812773581594,0.448761316016316,0.781916526146233,0.0135995931923389,0.10273138503544,0.778365595731884,0.506888042902574,0.362618012586609,0.891183466184884,0.443487598095089,0
0.804714615922421,0.275941364467144,0.625226127682254,0.707052167272195,0.631624232977629,0.951845849398524,0.719034312292933,0.376166068483144,0.462983052013442,0.816510560689494,0
0.912643677099235,0.120868277027695,0.660567123442888,0.0764804992359132,0.525396968470886,0.525339950574562,0.260093350894749,0.814520420739427,0.0609992439858615,0.0966147540602833,0
0.126980795059353,0.548211489338428,0.0214800778776407,0.285257315961644,0.946167955407873,0.691317898221314,0.536584550281987,0.831874590367079,0.618839338654652,0.748092751717195,0
0.827521309381351,0.284119293230397,0.600342879071832,0.546062694629654,0.456566642737016,0.643090728903189,0.634223801782355,0.489892934914678,0.94639608822763,0.305384193779901,0
0.254455712623894,0.823760785860941,0.000404939753934741,0.623063017847016,0.954311386216432,0.413174017798156,0.957398920785636,0.532910886453465,0.194832895649597,0.62168766441755,0
0.227792693501338,0.520400770126066,0.142636745935306,0.874869695631787,0.819438027450815,0.537858352996409,0.318929777015001,0.551318294601515,0.0207301320042461,0.710633822018281,0
0.906206828076392,0.299808874959126,0.205547133460641,0.653588143642992,0.536373598733917,0.37265453254804,0.969990939134732,0.488274391274899,0.630170625634491,0.982772724935785,0
0.479464095784351,0.327704686438665,0.57163771847263,0.985275964718312,0.223138732137159,0.887207267340273,0.743917325977236,0.204784359317273,0.121582645457238,0.32489193812944,0
0.106068940134719,0.65854455716908,0.247025134507567,0.240024997852743,0.0207092973869294,0.57084874715656,0.392275848658755,0.773871687240899,0.384283788502216,0.565353445475921,0
0.40620310488157,0.438965011155233,0.523810246493667,0.861487218877301,0.977648376487195,0.975572702707723,0.963191806105897,0.014384479727596,0.113687271950766,0.668812613468617,0
0.60242684046654,0.119232879032804,0.532757650827989,0.857684832066298,0.156595989130437,0.773232004372403,0.499739228049293,0.469815143384039,0.697467981604859,0.0363448127172887,0
0.171589227958769,0.375861867767449,0.289414910133928,0.442323114024475,0.0096737053245306,0.282397788017988,0.622302793199196,0.235891429707408,0.605094319442287,0.330132378730923,0
0.485337564488873,0.789694225881249,0.370601862901822,0.75629647122696,0.687801911029965,0.299159593181685,0.988958456320688,0.340221195016056,0.449397333431989,0.683095350628719,0
