"1","2","3","4","5","6","7","8","9","10","class"
0.354727978119627,0.792223932687193,0.30447586835362,0.172554186545312,0.478982907952741,0.203814823878929,0.391203571809456,0.745053852675483,0.679975722916424,0.358945146203041,0
0.517155298330448,0.917524221104644,0.966406079940498,0.22947271540761,0.375670494278893,0.235916025936604,0.0759648000821471,0.460357953794301,0.242698854533955,0.34621420269832,0
0.715614483691752,0.441680085845292,0.0667328489944339,0.722752133151516,0.102825130103156,0.895030830521137,0.348608799278736,0.505289871944115,0.273566933115944,0.652744875056669,0
0.312961715159263,0.777446617184847,0.128674666630104,0.807730785105377,0.542663200991228,0.666265316773206,0.598250234499574,0.511924713850021,0.222603781381622,0.0746900134254247,0
0.271562520647421,0.6053758028429,0.953059522202238,0.608041457133368,0.809161092620343,0.392591394018382,0.163671959424391,0.384546923916787,0.0189918396063149,0.468046283349395,0
0.450875653652474,0.809128193417564,0.461348810233176,0.0582209271378815,0.980073864106089,0.227189077530056,0.982932276790962,0.0900108311325312,0.178283205721527,0.728016640292481,0
0.130407279822975,0.769075668184087,0.0404294666368514,0.272823929321021,0.857070158235729,0.276429628487676,0.762327855220065,0.442390155047178,0.261793162440881,0.18696815520525,0
0.840279145166278,0.0917382470797747,0.534461945528165,0.320596327539533,0.789833707967773,0.915922440122813,0.448023899225518,0.356709627434611,0.725161148933694,0.710935595445335,0
0.935467296696268,0.241112305147971,0.304419240448624,0.793559805955738,0.291106137214229,0.527185349026695,0.444525688653812,0.287054787157103,0.0902526178397238,0.851195305353031,0
0.404834947548807,0.0361919871065766,0.0477988910861313,0.0640000756829977,0.622705342248082,0.113223341293633,0.309928559930995,0.587279209401459,0.0840159356594086,0.716628413414583,0
0.455638787709177,0.831355662783608,0.0538767401594669,0.0938618078362197,0.403971110237762,0.156453808536753,0.969390100799501,0.372125567402691,0.432056210236624,0.193986664991826,0
0.94805686811537,0.22181452046938,0.0614975979551673,0.671204257523641,0.895679829875007,0.863290794892237,0.573802906554192,0.548535775393248,0.732946322066709,0.86462013842538,0
0.384701903435588,0.428548378241531,0.307989422697574,0.954308875836432,0.0603333392646164,0.611531822709367,0.997554775327444,0.99923098529689,0.896146906074136,0.273670845199376,0
0.547097636852413,0.761999015463516,0.714729823870584,0.755848618457094,0.258300499524921,0.166140527930111,0.232020368799567,0.0962862044107169,0.811163509031758,0.0206250818446279,0
0.279458789853379,0.340464790118858,0.536508690100163,0.143320487579331,0.373223716160282,0.170078127644956,0.0528813654091209,0.0305968874599785,0.78903623088263,0.661737805465236,0
0.397214475320652,0.90581356594339,0.982658030930907,0.0620052651502192,0.416559105506167,0.418059020070359,0.581638943403959,0.228905710857362,0.308781015686691,0.0419107016641647,0
0.553856134604197,0.0207277832627201,0.888566867914051,0.455071044620126,0.187275581527501,0.041447477415204,0.47596484515816,0.867797684622929,0.383597605163231,0.987881781067699,0
0.768225605133921,0.0606683955993503,0.271853004815057,0.249060433823615,0.350356952752918,0.517374916933477,0.733942779712379,0.195804479066283,0.24297786434181,0.706019174540415,0
0.0133825964294374,0.833850508322939,0.465295184170827,0.827016430674121,0.513728612568229,0.444333768682554,0.466067847097293,0.646549742901698,0.734789629234001,0.790889152092859,0
0.345250403042883,0.179130335338414,0.267613524803892,0.980392850469798,0.561733793467283,0.452232628362253,0.522573480615392,0.0399622232653201,0.0971843241713941,0.564501291373745,0
0.231067605428398,0.625695589691952,0.00179536081850529,0.204367333790287,0.900750312721357,0.307775740511715,0.0152668296359479,0.974941831780598,0.231354458723217,0.601287373807281,0
0.735949006630108,0.471926074009389,0.282818553969264,0.148086588596925,0.0336496233940125,0.825752336299047,0.847491752589121,0.0367954142857343,0.184320220723748,0.805037566227838,0
0.102324972627684,0.564937197370455,0.742807418340817,0.675749990856275,0.377832287922502,0.503115509171039,0.458679594099522,0.266789989778772,0.342327787308022,0.81313052889891,0
0.839117788476869,0.481243621557951,0.749107273295522,0.946791184367612,0.0361813975032419,0.967998612206429,0.241445505293086,0.149600820383057,0.767109844833612,0.394898166647181,0
0.708301839958411,0.102600336144483,0.639883058844134,0.557595131453127,0.103424340952188,0.932677127188072,0.327700094785541,0.214710985776037,0.328147150576115,0.0422986811026931,0
0.299306025495753,0.971484383102506,0.501141636399552,0.935574534581974,0.440373620949686,0.551051340065897,0.271956734592095,0.86288972129114,0.419136601267383,0.830419601639733,0
0.915539831155911,0.112134321127087,0.860573325306177,0.770179979270324,0.594912356231362,0.559844915289432,0.623661530436948,0.0155454312916845,0.419325625291094,0.843883600551635,0
0.417956730142096,0.716826683935169,0.756821192335337,0.471160717541352,0.130693870596588,0.757764449110255,0.593871481949463,0.361853664275259,0.256255052052438,0.847168204141781,0
0.370220727501065,0.759050522327987,0.721830358495936,0.344010580331087,0.746017656289041,0.880817805649713,0.0525362996850163,0.677508599357679,0.798105298541486,0.340041329618543,0
0.446220288518816,0.368459225166589,0.871731172548607,0.231528180884197,0.363802461419255,0.855812970083207,0.913438704563305,0.309323150198907,0.611598641145974,0.488349505700171,0
0.649725354302907,0.113859853109559,0.308352530468255,0.376255416776985,0.379341317107901,0.047046416439116,0.347962759668007,0.529299410525709,0.301478579640388,0.800631995080039,0
0.450437147635967,0.232844811631367,0.951202604454011,0.700217036530375,0.0695265126414597,0.988429928198457,0.246272431686521,0.459851659135893,0.634126288117841,0.353088095551357,0
0.357300443109125,0.730372422840446,0.0510159018449485,0.659421808551997,0.668939287541434,0.405631216010079,0.347491987748072,0.71919182012789,0.455447370419279,0.769881063839421,0
0.263691058848053,0.947040362749249,0.461312131490558,0.0735566611401737,0.196207300294191,0.037057719193399,0.569625857984647,0.455507167382166,0.579407996032387,0.75332489120774,0
0.499533975031227,0.807614324148744,0.299330156296492,0.820046478882432,0.726451509865001,0.691779544577003,0.181557388277724,0.778846124187112,0.807645102962852,0.486841055098921,0
0.995046807220206,0.397952987113968,0.839064975501969,0.699571096105501,0.950037837261334,0.310013882117346,0.660983899608254,0.33911766204983,0.286564585287124,0.229710896499455,0
0.918475106591359,0.166334178298712,0.120364194968715,0.560039498377591,0.674555911682546,0.595158065203577,0.663396798074245,0.286898419493809,0.35561670246534,0.427508815191686,0
0.757296927273273,0.0821300526149571,0.775387595407665,0.607734477613121,0.745201595360413,0.445028468733653,0.730512181064114,0.793608908774331,0.133750055683777,0.13320750836283,0
0.389428918948397,0.636482937494293,0.887759477365762,0.8672774664592,0.175971517339349,0.406020625960082,0.317721642088145,0.204315599286929,0.431674549821764,0.809279804583639,0
0.0018510683439672,0.902353127254173,0.503313774475828,0.498803237685934,0.923493594862521,0.293190345866606,0.318404821213335,0.0313672458287328,0.979560903739184,0.199108249740675,0
0.314907655119896,0.365016810595989,0.407960835611448,0.933470890158787,0.772732640849426,0.373262461507693,0.350613605231047,0.0673483631107956,0.472176567884162,0.266275128116831,0
0.439934549154714,0.982462659012526,0.24917405587621,0.118302217684686,0.254265683935955,0.277522318297997,0.416411795187742,0.727516525890678,0.244425834855065,0.227059681434184,0
0.474535770481452,0.758785857353359,0.213292180094868,0.568526535527781,0.610175719251856,0.153114599874243,0.0887230185326189,0.979971142485738,0.777887983480468,0.0722612906247377,0
0.210728340083733,0.768033075379208,0.923954619793221,0.199713078793138,0.296909806318581,0.0083997156471014,0.686243516393006,0.582815941656008,0.677906290860847,0.405896365642548,0
0.50104368920438,0.871270576957613,0.418556181015447,0.141114630969241,0.493737717624754,0.56476211361587,0.659598480910063,0.688267990248278,0.0982759154867381,0.863979971734807,0
0.403817628510296,0.607234129682183,0.324154173256829,0.111338542308658,0.576813613064587,0.317742959130555,0.923112819204107,0.800733037292957,0.959370239870623,0.835418234812096,0
0.41893033310771,0.0313120761420578,0.223405979573727,0.0950201430823654,0.436159064993262,0.835517925675958,0.135712253628299,0.281212566653267,0.0531710241921246,0.709816282847896,0
0.394586879061535,0.653581764781848,0.750819067470729,0.170603548642248,0.0440471842885017,0.110149128362536,0.753559351433069,0.384932174347341,0.718530875630677,0.576631414238364,0
0.554050728214811,0.183067253158954,0.0551729549188167,0.609485824359581,0.226046452997252,0.106156626250595,0.460737165762112,0.132825615815818,0.0857092125806957,0.623941919766366,0
0.354411441938183,0.879603231331778,0.656522319186479,0.377755343681201,0.536058448953554,0.712838281178847,0.135451607173309,0.927860969677567,0.215618044603616,0.222300085006282,0
0.451067856512964,0.403196761384606,0.997243402758613,0.562272004550323,0.88456121343188,0.56871530180797,0.697583420900628,0.507266614120454,0.641395702725276,0.320644789608195,0
0.582433598348871,0.547930791741237,0.419050221331418,0.111648891819641,0.684458481380716,0.121846702648327,0.463756956160069,0.945282945642248,0.916207593632862,0.311936462996528,0
0.0299328863620758,0.834175382507965,0.352056905161589,0.647734583355486,0.304105772636831,0.0960060046054423,0.124966660281643,0.681649696547538,0.53675044584088,0.510235987370834,0
0.817337903659791,0.206204446963966,0.0216688360087574,0.115323483012617,0.536411121953279,0.964313832810149,0.905992112355307,0.779586288146675,0.43988925148733,0.714434657478705,0
0.834284057564475,0.241441278438975,0.575854982249439,0.660530811641365,0.796802818775177,0.239272136241198,0.226035898085684,0.458298169076443,0.993986974703148,0.655197649961337,0
0.0625401614233851,0.918887416599318,0.592904803110287,0.410041151568294,0.267911132192239,0.758806371595711,0.931914016837254,0.135832619154826,0.28517753444612,0.369819203857332,0
0.863078439448215,0.439520023325788,0.193860317114741,0.356760036433116,0.789665919495746,0.888073874171823,0.988640995463356,0.897961257491261,0.180716060800478,0.802026618737727,0
0.378946871729568,0.332057328894734,0.323748778784648,0.880840019322932,0.0372295044362545,0.129094986012205,0.944554995978251,0.638348104665056,0.239809339866042,0.481121939374134,0
0.777084697059961,0.583944630514898,0.318696759641171,0.27020172169432,0.486069309758022,0.370009438600391,0.705692594870925,0.69796896004118,0.859387378674001,0.914677562890574,0
0.576355251017958,0.0820828920695931,0.0640133807901293,0.791478954488412,0.641568050719798,0.187198667088524,0.884878428885713,0.118897515814751,0.901215684600174,0.495607001474127,0
0.779643890600652,0.0781473481161759,0.448638983536512,0.762745737098157,0.304716013604775,0.949858021223918,0.459833928849548,0.268654027720913,0.186305659590289,0.199456055648625,0
0.0112286115417956,0.801410461231781,0.749775087228045,0.498598516453058,0.13573151291348,0.764175934484228,0.888384239980951,0.170664790319279,0.059219520771876,0.268216333352029,0
0.492941998178139,0.311568846227601,0.39348064083606,0.311604637652636,0.839989806059748,0.870638326974586,0.605236379895359,0.0800644718110561,0.773406983120367,0.746266074478626,0
0.853568664984778,0.356903334148228,0.0599468369036913,0.650940658291802,0.211557022063062,0.224642840214074,0.420697690686211,0.35200777859427,0.661845181370154,0.200657712994143,0
0.601253323955461,0.241404285188764,0.917720248922706,0.721840508515015,0.794591109268367,0.760677659651265,0.814749639248475,0.70521714258939,0.590415304992348,0.247677450766787,0
0.509666238445789,0.0531081431545317,0.707646075868979,0.389964271569625,0.206873144721612,0.7635520726908,0.395989941433072,0.890322744846344,0.67180721485056,0.557330147596076,0
0.202907000435516,0.819702111184597,0.553213640348986,0.0559234071988612,0.743214653339237,0.974613288184628,0.861536384792998,0.453315320191905,0.119832185329869,0.824218686670065,0
0.975464904913679,0.0180103618185967,0.732316106790677,0.742204328067601,0.903605136787519,0.864745389437303,0.0848883474245667,0.858124626334757,0.921659821877256,0.177708228584379,0
0.154145500268228,0.568796089077291,0.572018014732748,0.222485433798283,0.170294206123799,0.799991136649624,0.131465991726145,0.991436319192871,0.434205753961578,0.855182361323386,0
0.719545250525698,0.205418308498338,0.489032770972699,0.943397254915908,0.00997690763324499,0.0645083356648684,0.720381119986996,0.527682400774211,0.875021536601707,0.401718268403783,0
0.915254424093291,0.120618734043092,0.746576121076941,0.828059568069875,0.936047174036503,0.383598918095231,0.66195943322964,0.795628024498001,0.636948159895837,0.341970654437318,0
0.33949277723243,0.510847466237688,0.510655986145139,0.560487770242617,0.76733727985993,0.86600389983505,0.0802737299818546,0.750462156487629,0.910442555788904,0.530506180832162,0
0.85689754914213,0.0798062371105595,0.900369288865477,0.874463333981112,0.731099177384749,0.404258358059451,0.758047179551795,0.0287233518902212,0.5634229502175,0.760363776469603,0
0.167084063049289,0.356706218830837,0.221334038069472,0.497616343665868,0.534538987558335,0.989363034954295,0.941656154813245,0.122538670198992,0.195866602472961,0.688237339491025,0
0.014179613413848,0.832192082704291,0.899129644501954,0.779759354190901,0.422314793104306,0.584777560550719,0.141686846502125,0.10863645770587,0.301247737836093,0.489469311665744,0
0.0115418022574158,0.859595245380559,0.811667239991948,0.601603769697249,0.07634117314592,0.490221601445228,0.972418021177873,0.732634466607124,0.957580073270947,0.548660796601325,0
0.347093138843775,0.758822216419503,0.869978194823489,0.122224339516833,0.095241951290518,0.79880444589071,0.54513316298835,0.161855319747701,0.0965761744882911,0.464663261082023,0
0.99923424446024,0.216920263133943,0.641870386898518,0.991358058061451,0.107276598690078,0.276171006262302,0.0187327975872904,0.538306058384478,0.0556813578587025,0.4086077590473,0
0.273895944749564,0.939397427345564,0.653070308733732,0.676689449464902,0.872891276609153,0.50615651300177,0.849743991158903,0.896694650407881,0.8598775009159,0.68287642695941,0
0.728450633171503,0.515415178845887,0.659540141467005,0.789252400863916,0.256501088384539,0.42257736180909,0.756487564649433,0.799789559561759,0.490070618223399,0.207259356277063,0
0.530763781163841,0.349654970457777,0.686517246998847,0.361152321565896,0.831549893133342,0.893175487872213,0.765835124999285,0.831984380027279,0.698447352508083,0.861619685543701,0
0.481246839044616,0.677334906766191,0.65823619463481,0.215057664783671,0.756316260434687,0.982832164969295,0.428695432841778,0.209099210100248,0.444067325908691,0.884976650355384,0
0.276766237569973,0.473028578097001,0.539675671607256,0.543217109749094,0.485180611722171,0.557377476245165,0.985197310103104,0.823783544357866,0.332642464665696,0.453333826269954,0
0.98235959123075,0.0740141727473329,0.825401274487376,0.647673503728583,0.474751259433106,0.384327047970146,0.598122190451249,0.742276614764705,0.329720715526491,0.919710223097354,0
0.341111397603527,0.812613173387945,0.149058624403551,0.50852326839231,0.832655366277322,0.249373241327703,0.37941131577827,0.174105377867818,0.62664346001111,0.0789055458735675,0
0.00454531255178153,0.724394106515323,0.0323020403739065,0.712963173165917,0.598816270241514,0.198318396694958,0.444010070059448,0.697273334721103,0.296680766390637,0.986613156972453,0
0.612241029572953,0.219534328052134,0.284697773633525,0.59367578313686,0.512559428112581,0.622338237240911,0.589917071629316,0.158220628974959,0.242455563973635,0.0393735349643975,0
0.668646807782352,0.111664854455739,0.516272389795631,0.606296693906188,0.571609915466979,0.590800900943577,0.278475885745138,0.293116708984599,0.90861797798425,0.810699443798512,0
0.490256506937183,0.690187061747723,0.521086211083457,0.632466252427548,0.3108201965224,0.185779561754316,0.174025220563635,0.71673039230518,0.530025027459487,0.185249388916418,0
0.0626670159399509,0.633313347352669,0.536748706828803,0.865487108938396,0.75944544817321,0.573529609944671,0.366747400723398,0.761784185189754,0.231726923026145,0.025936919497326,0
0.380471571814269,0.43760347366333,0.799652508227155,0.779704474844038,0.174834969919175,0.8442278271541,0.473926991224289,0.198446607682854,0.7292816916015,0.729126624763012,0
0.227833475219086,0.810697835404426,0.80221740831621,0.983889636583626,0.934635752812028,0.916819339385256,0.803501825081185,0.887422219617292,0.464724864112213,0.312232906231657,0
0.737159847943857,0.184009103717,0.889554378809407,0.794417601078749,0.826691954629496,0.344872768502682,0.00391048728488386,0.740431647514924,0.195671688066795,0.637932998593897,0
0.296455126278684,0.988330477960971,0.4868415792007,0.643192903604358,0.930939906975254,0.515979330055416,0.388064424041659,0.875248150667176,0.874643554911017,0.268542763777077,0
0.767662931000814,0.346407379023731,0.254056751029566,0.982790889684111,0.101589883910492,0.288271464873105,0.0589168523438275,0.148940782062709,0.582635251339525,0.672482034889981,0
0.204992835181067,0.757822160153659,0.12772808317095,0.80949981813319,0.326862654648721,0.28215401689522,0.995835238136351,0.90103773958981,0.74224907788448,0.563660450512543,0
0.698045510356408,0.0389572245816904,0.834949048003182,0.923801292432472,0.678297593956813,0.299527919385582,0.992711527273059,0.949647441739216,0.969622144009918,0.34550413955003,0
0.849385264264466,0.333625886163534,0.795881455997005,0.227193833095953,0.473166652489454,0.944528729654849,0.629553990438581,0.962972504785284,0.156536802416667,0.526450473116711,0
0.465323460521176,0.438108429079875,0.159746236400679,0.916452338220552,0.650944678811356,0.5031407692004,0.713232052978128,0.955487792147323,0.379096302436665,0.454508972587064,0
0.589301440010592,0.308031445413076,0.936249677557498,0.341461159987375,0.187159234192222,0.244916789932176,0.251168451970443,0.235214477404952,0.642566506983712,0.860507630044594,0
