"1","2","3","4","5","6","7","8","9","10","class"
0.833660683361813,0.145162966800854,0.953541583148763,0.816917314659804,0.755137739703059,0.412208882626146,0.933968783123419,0.171744281426072,0.131710150744766,0.546886730240658,0
0.938026063144207,0.207631272962317,0.289784639840946,0.444699583109468,0.110580165870488,0.257825998822227,0.741635075537488,0.337169109610841,0.607498083263636,0.911919463891536,0
0.862233037361875,0.156364354448393,0.481519725173712,0.787101861322299,0.670894073322415,0.401574849151075,0.660846279235557,0.62951798690483,0.0505862599238753,0.122381835011765,0
0.0491333317967132,0.124288463033736,0.849851364735514,0.204975159373134,0.890734181972221,0.235218181740493,0.55135572492145,0.926149398321286,0.212832833873108,0.736223090672866,0
0.0811933483425528,0.867718076100573,0.566670955624431,0.123694506939501,0.929959820350632,0.326913464814425,0.170363837387413,0.6069019602146,0.675969710573554,0.399857084499672,0
0.0219333621207625,0.0681808460503817,0.25096616637893,0.572560920380056,0.725710034370422,0.395052949897945,0.644940162310377,0.117835456971079,0.523098660632968,0.283697457518429,0
0.0645017207134515,0.0185951644308865,0.26503745582886,0.929326527519152,0.529849562328309,0.509374388260767,0.923371963202953,0.478399957064539,0.405514630721882,0.592017091577873,0
0.197718652198091,0.149793286575004,0.625794362276793,0.787703959271312,0.838444921653718,0.736067885300145,0.840353933628649,0.229024247499183,0.457146135857329,0.27854874660261,0
0.182910322444513,0.0987218199297786,0.546623395523056,0.426235894905403,0.565098925493658,0.0464108062442392,0.512829831801355,0.716705827275291,0.717929566279054,0.297932994784787,0
0.0443355406168848,0.183993761730473,0.559884149581194,0.655346197774634,0.559242348419502,0.0626818840391934,0.193057394819334,0.703236392466351,0.661260938970372,0.65228658542037,0
0.16806427994743,0.396507153753191,0.424601180711761,0.952227442059666,0.384290820220485,0.849112755618989,0.874818425159901,0.927553637418896,0.249897391302511,0.0496693104505539,0
0.0194936913903803,0.123376694740728,0.811199503485113,0.548294523265213,0.263012532377616,0.0491427462548018,0.360613128403202,0.932855698280036,0.548090278171003,0.487554122461006,0
0.496352541958913,0.0884818376753479,0.304109478835016,0.47337353695184,0.21631056140177,0.730892831692472,0.591388603206724,0.631256975000724,0.237825805554166,0.916825166437775,0
0.179008183335233,0.842863374389708,0.978049532044679,0.714444672921672,0.982568108476698,0.529938330641016,0.49632929940708,0.388119481969625,0.939315801020712,0.295430200407282,0
0.144108262145892,0.759702049894258,0.111755858873948,0.315963197033852,0.980166023829952,0.822813242673874,0.634713233681396,0.852001478197053,0.174517225241289,0.0456470379140228,0
0.0302018977236003,0.00481481640599668,0.751292327418923,0.508951623691246,0.736266433028504,0.76693169772625,0.758490071166307,0.348487648880109,0.56451339344494,0.366373000433668,0
0.639533419162035,0.0510745474603027,0.758008865872398,0.652414502575994,0.972253552405164,0.00963422888889909,0.519557005958632,0.619974093511701,0.253613435430452,0.514382386114448,0
0.0071712217759341,0.678222157526761,0.28399641579017,0.291793377138674,0.189040067140013,0.359753601951525,0.00421509053558111,0.207335110753775,0.890989842824638,0.322791278827935,0
0.248623504070565,0.0554626921657473,0.161920757964253,0.0220430912449956,0.757116696564481,0.0571812270209193,0.965385021874681,0.109633395913988,0.769899402279407,0.420192014425993,0
0.476887668482959,0.0751707691485062,0.391395555110648,0.379667002009228,0.79072274826467,0.0181550949346274,0.756435805233195,0.243046293966472,0.187358395894989,0.968368761241436,0
0.206175262890756,0.366977842757478,0.399224945809692,0.661378290737048,0.31471596704796,0.248084974475205,0.256653049960732,0.135386976413429,0.221808117814362,0.569584947545081,0
0.0508468238496222,0.367047908715904,0.56208507460542,0.733492238912731,0.598078951938078,0.560616056667641,0.73859692690894,0.656735049095005,0.290982059203088,0.695093649206683,0
0.948525989893824,0.217036293121055,0.10709621431306,0.523036230821162,0.173283072886989,0.0270550670102239,0.0407955499831587,0.720422363607213,0.619765825103968,0.427402302622795,0
0.188272149302065,0.771208956837654,0.612418643198907,0.405468839453533,0.481988511048257,0.0566491466015577,0.0623241404537112,0.96690411772579,0.376045946264639,0.506155552342534,0
0.24741914892029,0.77255177218467,0.461732826195657,0.527346565853804,0.388820573454723,0.0179941868409514,0.415013858815655,0.0878318811301142,0.72430732101202,0.437528628623113,0
0.279094604542479,0.434916061116382,0.450406712479889,0.781219233525917,0.0410986617207527,0.246559004532173,0.576611920725554,0.647986348951235,0.440103729488328,0.608711134409532,0
0.163368677720428,0.275633553161472,0.0373572057578713,0.181843847036362,0.755737890955061,0.0940417016390711,0.717931845923886,0.769001986365765,0.210099147632718,0.458359751151875,0
0.589070169720799,0.0389506148640066,0.955110835842788,0.706047511193901,0.688142716186121,0.733992916531861,0.377503029070795,0.906059788074344,0.129138532560319,0.895639388123527,0
0.79026630660519,0.103895443025976,0.999098260188475,0.609755514888093,0.529320879140869,0.45598149090074,0.737095639342442,0.0730284999590367,0.53569755051285,0.384175770683214,0
0.0511723572853953,0.602062706835568,0.962797920685261,0.230381246423349,0.419870775891468,0.120898206252605,0.616189126390964,0.265344204381108,0.311300360364839,0.459398124599829,0
0.991138882003725,0.2547523778826,0.175185207510367,0.599958023056388,0.193077266681939,0.212541627464816,0.962677504168823,0.941426964011043,0.414357032626867,0.155427946709096,0
0.0970817003399134,0.798104643356055,0.388495038961992,0.959791023749858,0.565022505819798,0.819633953506127,0.475620553828776,0.658230383414775,0.594734182348475,0.791352058760822,0
0.196755136877112,0.0115062459371984,0.887928213458508,0.446951578138396,0.810439790366217,0.148636309662834,0.134517941391096,0.85776166152209,0.872250448679551,0.355718817794695,0
0.19487812416628,0.0645510210575536,0.726850375067443,0.114970719674602,0.375959640368819,0.301564801251516,0.0191413075663149,0.147863368038088,0.742508972994983,0.860943449195474,0
0.20346434158273,0.74412253103219,0.995240141870454,0.0380678169894964,0.977428150130436,0.3270737468265,0.763058523647487,0.0754270788747817,0.0992431379854679,0.150737453950569,0
0.0405826625670306,0.810713360086083,0.658416126156226,0.568172101397067,0.837630876805633,0.82485769293271,0.0755484572146088,0.627204536227509,0.452567890752107,0.934283433482051,0
0.157775704748929,0.888047117739916,0.119888697518036,0.139984936220571,0.668974959757179,0.737890231888741,0.0532061378471553,0.309374610660598,0.116323350695893,0.667272225022316,0
0.341619577491656,0.0268713755067438,0.52939768973738,0.369264941196889,0.762533521745354,0.385518898256123,0.486879188334569,0.0280766955111176,0.00984603143297136,0.373577993130311,0
0.0718267366755754,0.620937117375433,0.231999670155346,0.077291305642575,0.41120277158916,0.522282597143203,0.67585413902998,0.453278955537826,0.750601701904088,0.544419116806239,0
0.154454390368704,0.842061992036179,0.488856604555622,0.741109021473676,0.795883064856753,0.452864790335298,0.31626483076252,0.531288638245314,0.318090686341748,0.886286087101325,0
0.365193970035762,0.152918181912974,0.735665339045227,0.904136597178876,0.792860705405474,0.818609406705946,0.968687482178211,0.211468944093212,0.430244710296392,0.659226576797664,0
0.19389809970744,0.0260699854698032,0.37160087400116,0.925765864551067,0.526803007582203,0.494995903689414,0.623198599088937,0.382143729832023,0.524611342698336,0.982309863669798,0
0.12271956470795,0.863573706708848,0.179005443584174,0.328539740527049,0.937937494367361,0.0482450011186302,0.75685598468408,0.382405134150758,0.459010776598006,0.359085269039497,0
0.00203006435185671,0.687743931310251,0.939649342093617,0.643126012291759,0.0666655797977,0.247811039211228,0.392896636389196,0.0335120128002018,0.40241291699931,0.925090342294425,0
0.413450091145933,0.114839132286608,0.312059445539489,0.907007983187214,0.536767186131328,0.622646083589643,0.603918375214562,0.238238306017593,0.535162235144526,0.800983605906367,0
0.0700844936072826,0.119883223148994,0.0339096947573125,0.43114657048136,0.71249229204841,0.84462290792726,0.0487042057793587,0.23132099211216,0.706781880231574,0.890615026000887,0
0.742098494432867,0.261462224181741,0.0712421932257712,0.839403481921181,0.68414774723351,0.114433076931164,0.653358356794342,0.939594857627526,0.629904362373054,0.687509976094589,0
0.268338840221986,0.014892925741151,0.784070007270202,0.398382697021589,0.00146383326500654,0.338670961093158,0.983759714057669,0.376147225266322,0.530985319288447,0.721490637864918,0
0.218776765279472,0.836403605295345,0.28057415317744,0.412672492908314,0.949972755508497,0.373225312447175,0.0183598077856004,0.796454397728667,0.168591636698693,0.750762550393119,0
0.114567387849092,0.899538665544242,0.405531472060829,0.730925943469629,0.438932127552107,0.875752996653318,0.00955194560810924,0.779027804033831,0.325376248452812,0.381519473856315,0
0.162612025160342,0.626265524886549,0.0922695859335363,0.155509557109326,0.817380288150162,0.807680937228724,0.0146182852331549,0.951836837688461,0.379246706143022,0.842325832229108,0
0.578841774957255,0.170137146014068,0.130232685478404,0.907772305188701,0.158270954154432,0.32082303147763,0.682726259110495,0.958072183420882,0.107392057077959,0.809555026004091,0
0.0828905831845477,0.47703102324158,0.0417299224063754,0.668323941528797,0.750031519914046,0.262088316958398,0.389290187740698,0.164709251141176,0.663220713846385,0.830668541137129,0
0.272838274016976,0.665925252018496,0.919779817108065,0.704203815432265,0.135254966560751,0.15635207365267,0.688935875194147,0.0180650344118476,0.915042344015092,0.4111225286033,0
0.58745262818411,0.217935449676588,0.695602059364319,0.989271993050352,0.139445230364799,0.2510218443349,0.316912193084136,0.388122426345944,0.555956591153517,0.622185128042474,0
0.151373689761385,0.251835156125948,0.563245782861486,0.0237061583902687,0.852024829247966,0.745887524448335,0.381054339464754,0.303371043875813,0.236916989088058,0.835164609132335,0
0.345740780699998,0.0789450998418033,0.416186937596649,0.193387616425753,0.556316815083846,0.100576453376561,0.858510861871764,0.106633364921436,0.276609387481585,0.597659558290616,0
0.459433095157146,0.461734208650887,0.6465026170481,0.954475036822259,0.897968426113948,0.17830291041173,0.658740910934284,0.0237802050542086,0.67246504733339,0.382596824783832,1
0.558012596797198,0.180441425414756,0.9818314043805,0.492925958009437,0.154359939740971,0.130813042400405,0.345330117503181,0.455878609092906,0.107662208611146,0.861190831987187,0
0.0132902879267931,0.750886411871761,0.813736444339156,0.0218839249573648,0.989314656471834,0.836018783738837,0.905006368877366,0.763480975059792,0.414036321686581,0.132536220597103,0
0.104802659489214,0.677302151685581,0.807928941212595,0.374470622977242,0.63208904536441,0.414798245299608,0.480786934029311,0.534557572333142,0.960738953901455,0.793669429607689,0
0.120323542505503,0.754335165023804,0.937152733560652,0.251078933943063,0.189213578589261,0.300439954735339,0.135028742486611,0.994578704005107,0.185576692223549,0.337573977420107,0
0.119307037675753,0.527152674738318,0.925389678915963,0.820274887606502,0.399847020860761,0.594147981610149,0.304454579483718,0.719892893219367,0.215271546272561,0.790888769784942,0
0.228672702048998,0.63203240535222,0.761648640502244,0.545530806062743,0.116661156294867,0.139625970739871,0.728459575679153,0.343808059580624,0.813475491013378,0.984179388731718,0
0.386816253187135,0.0932772898893803,0.910463958280161,0.558570101857185,0.528578454628587,0.856734019936994,0.5949841812253,0.272280369419605,0.126945999683812,0.176612899173051,0
0.776965501252562,0.200938663855195,0.761270300252363,0.424215300939977,0.611011164262891,0.625027757603675,0.997765442822129,0.54561205022037,0.9664064317476,0.702331280102953,0
0.520630922168493,0.020423698233068,0.612183878896758,0.142693409463391,0.196043950971216,0.487850001081824,0.0341390995308757,0.153171158162877,0.127759099937975,0.490554113406688,0
0.0533774126982316,0.821475048083812,0.457083700457588,0.173429025802761,0.512969833100215,0.000237911473959684,0.0790146610233933,0.218675422715023,0.406753455754369,0.614588975906372,0
0.481898366007954,0.0403377139445394,0.268791195005178,0.46615270501934,0.781237074639648,0.313527920283377,0.849891518941149,0.110208613798022,0.110349476337433,0.0529383935499936,0
0.176360012730584,0.0499983423130587,0.267858744831756,0.0249896717723459,0.443645110353827,0.910406030947343,0.864342880900949,0.94100197404623,0.151066566351801,0.630391734652221,0
0.723224387736991,0.124546137871221,0.371507531497627,0.260226326063275,0.222442736383528,0.462650408037007,0.953883484471589,0.805056412471458,0.00728443590924144,0.625987920677289,0
0.0292170296679251,0.874270203523338,0.810696755535901,0.189664778765291,0.919860234716907,0.393265935126692,0.322386100888252,0.61371707287617,0.421274504158646,0.469493969809264,0
0.231337976641953,0.0689511081671342,0.802122034830973,0.830748036736622,0.241403972264379,0.0490212484728545,0.76008397503756,0.813557065790519,0.255677496548742,0.083295461954549,0
0.163581064902246,0.900508178165182,0.110216765897349,0.354702948126942,0.968755819369107,0.178538283798844,0.0304426767397672,0.645067972596735,0.0326218230184168,0.616280957590789,0
0.0537396618165076,0.0180629137903452,0.297832261770964,0.115806069923565,0.0868619778193533,0.767909984337166,0.842800830956548,0.0900952788069844,0.711369725409895,0.0796864617150277,0
0.242649927502498,0.139823126839474,0.832929601427168,0.911114868707955,0.51321083214134,0.572480550268665,0.827175456099212,0.470034850062802,0.82943385001272,0.796448443317786,0
0.466252465965226,0.180904427310452,0.656368963420391,0.377843302674592,0.50176347210072,0.47378853103146,0.461026401957497,0.0555704184807837,0.895744740497321,0.287347354460508,0
0.210563988053519,0.195346357766539,0.27380635868758,0.895677473396063,0.0275845478754491,0.925581715768203,0.843695686198771,0.930194144137204,0.218403991544619,0.549663195386529,0
0.0730280664283782,0.31897797784768,0.577558235498145,0.754881405970082,0.200942679308355,0.340402587549761,0.163166422164068,0.320348533801734,0.0563274861779064,0.0991707518696785,0
0.232612057947647,0.808224600972608,0.181212718598545,0.829156810883433,0.671557544497773,0.316608880646527,0.28906632727012,0.558205935871229,0.980881543364376,0.698693151120096,0
0.474496663315222,0.175458023324609,0.277718463214114,0.7720829450991,0.0519378238823265,0.902439803816378,0.476395002100617,0.0196532811969519,0.148055309196934,0.357834810391068,0
0.208451262054965,0.48890212434344,0.415067150257528,0.474023372633383,0.342063576215878,0.253904093056917,0.619245779467747,0.922782631358132,0.549056947464123,0.720829720143229,0
0.220199997304007,0.669252119492739,0.692412240197882,0.396255345083773,0.0281195568386465,0.632236189674586,0.10734629817307,0.0153579590842128,0.441978848539293,0.0585079106967896,0
0.239977586781606,0.265029994634632,0.658102531218901,0.667563926894218,0.0564235677011311,0.157546937698498,0.454936855006963,0.782546719536185,0.889564441982657,0.465643238509074,0
0.0584949796607718,0.418027791660279,0.395016338443384,0.39712105342187,0.915864267619327,0.562678118702024,0.25334507948719,0.412396436557174,0.0047440065536648,0.206087996717542,0
0.0331546936649829,0.0362673199269921,0.0850792082492262,0.174439882859588,0.451686501502991,0.574240504298359,0.413872544188052,0.193688662257046,0.73852398362942,0.345821298891678,0
0.266094885999337,0.182197452522814,0.946728779934347,0.614498460665345,0.991976533085108,0.68782261502929,0.0711666375864297,0.60645124479197,0.873297978658229,0.589779651258141,0
0.200081535615027,0.250487426994368,0.798978710081428,0.288220163201913,0.936640607658774,0.899674659594893,0.975263701751828,0.479966878658161,0.878169474424794,0.0111172134056687,0
0.816837659105659,0.255741094044596,0.103690210962668,0.359277465147898,0.840728870593011,0.269184886710718,0.52797472383827,0.412679560016841,0.350009562680498,0.0612566114868969,0
0.0489826754058711,0.536435193149373,0.504922620486468,0.696263259276748,0.295585023006424,0.572923820232973,0.258991340175271,0.720969488844275,0.882949515013024,0.558798997895792,0
0.34667107812129,0.149598324336112,0.529097058111802,0.644393875496462,0.539703273912892,0.172157628461719,0.819474975112826,0.304263674654067,0.0906901056878269,0.612612986471504,0
0.0681629556586966,0.336913112550974,0.279300420777872,0.00565280788578093,0.269957249285653,0.0484463770408183,0.744755242485553,0.848252532538027,0.163831523619592,0.480868058977649,0
0.362977739423513,0.0795546612165868,0.258119533071294,0.322756412206218,0.168814105680212,0.353387287817895,0.0917892607394606,0.000500330002978444,0.781000332674012,0.84678071574308,0
0.35589639027603,0.0310350353515707,0.463527417974547,0.139154335251078,0.260923946741968,0.826519383816049,0.745892686769366,0.0423330180346966,0.941755691310391,0.989963016007096,0
0.21337280399166,0.263510585064068,0.720167255029082,0.163160748546943,0.0715901092626154,0.476628391537815,0.259583546547219,0.658898965455592,0.249140276107937,0.468582933535799,0
0.224934264551848,0.234749200753868,0.0839412393979728,0.482911063358188,0.264094192069024,0.156363784568384,0.23546607256867,0.697786173317581,0.190714487107471,0.677836775081232,0
0.18107715971712,0.476320630405098,0.137358717387542,0.486512620467693,0.153188471449539,0.713988397968933,0.755598100367934,0.818232415243983,0.259514869190753,0.696643456816673,0
0.0459197815160267,0.148270532023162,0.33720316272229,0.331358292838559,0.528918069787323,0.788294415920973,0.25153213692829,0.936840737005696,0.725912277586758,0.638264765497297,0
0.0144299921359867,0.207514081150293,0.225751915713772,0.972430743975565,0.0347985255066305,0.655722347553819,0.216065704124048,0.538850072072819,0.361077936599031,0.794301863526925,0
0.0583155297208577,0.0446447080466896,0.0331273970659822,0.308315611910075,0.155485031194985,0.942546493373811,0.106338419020176,0.918125153984874,0.946807191008702,0.417014799779281,0
