"1","2","3","4","5","6","7","8","9","10","class"
0.71613880735822,0.410267430357635,0.9557748620864,0.167216286994517,0.562649306142703,0.12367670587264,0.237428673310205,0.460820429259911,0.840909443795681,0.45750188967213,0
0.244665729813278,0.548704183660448,0.915001212153584,0.36326062399894,0.448754092212766,0.674433109350502,0.948490505106747,0.7253375609871,0.500472134910524,0.203859152738005,0
0.632452920544893,0.19318810896948,0.569154992001131,0.185101663228124,0.640425266465172,0.622490223962814,0.018510174471885,0.952405381947756,0.0605724591296166,0.0718654633965343,0
0.248689145548269,0.852976528229192,0.0820659913588315,0.588081892812625,0.962230734527111,0.0842185537330806,0.25801696581766,0.243635251652449,0.394977513002232,0.631274854298681,0
0.0393243599683046,0.86734836245887,0.428356597432867,0.789670155849308,0.812192856101319,0.173859970178455,0.153935376089066,0.178814809536561,0.209641748806462,0.659865038702264,0
0.562446663741022,0.803053158335388,0.227756808744743,0.165667599299923,0.317316741216928,0.977993213338777,0.311973443487659,0.194489227375016,0.0066113902721554,0.549851002637297,0
0.0631275225896388,0.854039538418874,0.984314749483019,0.898206136189401,0.1343692636583,0.206298104021698,0.971260032849386,0.433184868656099,0.0968966223299503,0.398505457211286,0
0.432772173080593,0.760948925279081,0.549031923757866,0.218887404771522,0.286349478643388,0.69384632492438,0.488847421016544,0.12246306007728,0.611412086524069,0.171011054888368,0
0.0145282428711653,0.424832842312753,0.25422473764047,0.250440343515947,0.666303094476461,0.866280216956511,0.558220489881933,0.430138116469607,0.621860189829022,0.929762782296166,0
0.950644949218258,0.634146670578048,0.128833804279566,0.7003350968007,0.399191099917516,0.872603215044364,0.0531544820405543,0.72606244427152,0.978821069467813,0.567627934971824,0
0.0129646440036595,0.213614921085536,0.847081238869578,0.823712966172025,0.608395685208961,0.492286648601294,0.466783987125382,0.329414810054004,0.364184002857655,0.41957380133681,0
0.710406415862963,0.71344686485827,0.159177147084847,0.0772814347874373,0.982890152838081,0.832891240948811,0.854642159771174,0.625468904618174,0.559681090991944,0.166601747972891,0
0.0220385263673961,0.681042457465082,0.890530180186033,0.191450899001211,0.0492443775292486,0.124469937523827,0.996043922379613,0.185983959818259,0.198373978957534,0.00335716153495014,0
0.197361031081527,0.280511531280354,0.578628048300743,0.161704912781715,0.396368176443502,0.48969986080192,0.332596603315324,0.455310710240155,0.626892659114674,0.0363456190098077,0
0.421856935601681,0.465248484164476,0.5584973085206,0.791117573156953,0.940868353238329,0.266691505443305,0.704179595923051,0.383511438965797,0.321195212192833,0.144428758881986,0
0.280131275998428,0.00283555849455297,0.453293416416273,0.501967659685761,0.749037235975266,0.01672801701352,0.709581187460572,0.671396381687373,0.219313994748518,0.440433897078037,0
0.915614824276417,0.745955858612433,0.169050133787096,0.638834022916853,0.942121241008863,0.507942700525746,0.596093135653064,0.235683934995905,0.12131531490013,0.526630283799022,0
0.0833298817742616,0.0401051503140479,0.0244131190702319,0.531958049628884,0.688900543842465,0.032372378045693,0.212414097506553,0.732039043214172,0.181388221215457,0.694918925873935,0
0.235015891026706,0.693453843239695,0.141194068128243,0.217413987964392,0.962391335284337,0.197187780402601,0.926789493998513,0.728629237040877,0.163073481991887,0.453072290401906,0
0.619691819651052,0.622358317021281,0.975363078992814,0.194353637751192,0.389341083820909,0.124905978096649,0.321380380541086,0.507603727979586,0.0067851219791919,0.581011384259909,0
0.213774970499799,0.933714832179248,0.527332782512531,0.79424587613903,0.913197088520974,0.984555614180863,0.971828360110521,0.732539958553389,0.483285509748384,0.553548640338704,0
0.371047165710479,0.647581829922274,0.815292364917696,0.297925285063684,0.538063621381298,0.715627954807132,0.254814171697944,0.902566344477236,0.945728139486164,0.693985769990832,0
0.419181255158037,0.831560633610934,0.261018597753718,0.283292044885457,0.132648756029084,0.858358146157116,0.918705663876608,0.457060507731512,0.59377734339796,0.835977061651647,0
0.149629401275888,0.764567988691851,0.660956059349701,0.0636923238635063,0.0137060021515936,0.118047112133354,0.562274846946821,0.509141873801127,0.12997272494249,0.141614418709651,0
0.241190668661147,0.8021356749814,0.0147253214381635,0.531558299669996,0.118162760045379,0.932415776886046,0.238768487935886,0.147138502681628,0.469726602546871,0.503925602417439,0
0.917422606842592,0.0385116711258888,0.139670520089567,0.942541017662734,0.466914167394862,0.391907133394852,0.161282917484641,0.291572182904929,0.347023953450844,0.337722484022379,0
0.462049879832193,0.893911919090897,0.452115066349506,0.916746704140678,0.459848227677867,0.0425458997488022,0.563460667151958,0.416729690739885,0.581512381788343,0.798607980366796,0
0.958200739696622,0.276823730673641,0.510225216858089,0.596668076235801,0.983115911018103,0.858649606117979,0.268458436010405,0.0205741478130221,0.884029734646901,0.995546236867085,0
0.224354725098237,0.208569309441373,0.659360763384029,0.197289356263354,0.483044211054221,0.741124028339982,0.719368261750787,0.244060736149549,0.165559704648331,0.213589242426679,0
0.955151165835559,0.00334484531246126,0.472795521374792,0.22890840517357,0.809950467431918,0.34307786822319,0.982232508482412,0.469033652218059,0.0703773826826364,0.769103397848085,0
0.679129680152982,0.0716361021623015,0.996539074461907,0.218839332461357,0.53559555253014,0.715218987315893,0.980091782519594,0.592537983320653,0.597697552060708,0.203786429716274,0
0.077865635510534,0.234281016048044,0.968274151207879,0.205860083224252,0.757789119379595,0.185851581394672,0.0706039438955486,0.160461054183543,0.127148252911866,0.655562968691811,0
0.778297269251198,0.294358702609316,0.0616634569596499,0.565448347246274,0.456527287373319,0.678790654055774,0.618596787098795,0.972055526683107,0.166047179372981,0.853898023022339,0
0.172216507373378,0.08086525532417,0.376384410308674,0.137135326862335,0.264378719031811,0.667416379554197,0.474110279465094,0.833047304069623,0.775443605147302,0.70302701741457,0
0.114808188984171,0.249612609623,0.615202006185427,0.374303155113012,0.668498868821189,0.217982524773106,0.945751409046352,0.144457053393126,0.991242857649922,0.0407982005272061,0
0.903384354431182,0.0108831557445228,0.395397808169946,0.110338739352301,0.461962203728035,0.84918824955821,0.395212733652443,0.341545989736915,0.101505802944303,0.935019842581823,0
0.550115650752559,0.133420611824095,0.636714619351551,0.912491164868698,0.650204028235748,0.186705469852313,0.322151300497353,0.751305676531047,0.681093001039699,0.570613996358588,0
0.0769121756311506,0.813188547501341,0.144135978305712,0.482579443603754,0.90035515348427,0.489184412872419,0.794666098896414,0.661687921732664,0.968467974103987,0.301248289411888,0
0.145470166113228,0.117922310484573,0.779812422813848,0.118071408709511,0.0288925487548113,0.0181281543336809,0.794544628122821,0.720644150860608,0.64966399455443,0.344280639663339,0
0.397314938018098,0.0723586902022362,0.655042741214857,0.406576998531818,0.8318823100999,0.169137803139165,0.1059291921556,0.188728556968272,0.522539687342942,0.213184727123007,0
0.463798636570573,0.519818434724584,0.305071003036574,0.748879368184134,0.451620418811217,0.390033880714327,0.610646864399314,0.812564540887251,0.969981962349266,0.136698544956744,0
0.882996657397598,0.606957856332883,0.955821444047615,0.343689725734293,0.982086852891371,0.958785822847858,0.127244245260954,0.122203297913074,0.19391184928827,0.404447592329234,0
0.00186015875078738,0.207757440628484,0.88590276055038,0.309052285505459,0.802626698743552,0.565857138251886,0.305154141038656,0.623764350079,0.989062603097409,0.222431000089273,0
0.165169917279854,0.185724231181666,0.582847538404167,0.131563867907971,0.779089530231431,0.963580313604325,0.324110922403634,0.997343967435881,0.43612972041592,0.395977304084226,0
0.714713290714845,0.0238980727735907,0.627159407828003,0.900030153803527,0.093734425958246,0.709586949087679,0.609958892920986,0.0147233102470636,0.107346179662272,0.578143974300474,0
0.969022681936622,0.186794115463272,0.0281959199346602,0.981624059611931,0.871216864325106,0.304907358251512,0.372674661222845,0.693831185344607,0.737085962668061,0.0387571251485497,0
0.174116844544187,0.779465463245288,0.60649578133598,0.310709472047165,0.446700154338032,0.966688501182944,0.641666234703735,0.901342130033299,0.381853877333924,0.140818352112547,0
0.576144673861563,0.316252076278534,0.767556900158525,0.0832492688205093,0.417044552974403,0.967166737187654,0.462906734785065,0.911750103812665,0.174573188181967,0.456617518560961,0
0.5994904844556,0.134303112048656,0.953720758436248,0.109683357644826,0.460869746748358,0.75731702381745,0.388682439224795,0.957796610891819,0.839733618311584,0.983863955596462,0
0.584178786724806,0.838260065764189,0.676553403260186,0.886858452577144,0.688519519055262,0.165962691185996,0.875539238331839,0.373277761507779,0.727875482058153,0.434657340869308,0
0.427065494004637,0.656821469310671,0.18322375882417,0.0933911893516779,0.451735789887607,0.0923993634060025,0.680442242650315,0.295638928422704,0.902916068211198,0.846878675045446,0
0.132455137791112,0.41756726661697,0.381071406882256,0.856052131159231,0.856496295658872,0.509442833252251,0.0918137603439391,0.767520777648315,0.598706726217642,0.435779800172895,0
0.491710670059547,0.847712543327361,0.40715151024051,0.887268717167899,0.32312764110975,0.829590128036216,0.470969134243205,0.876452750759199,0.409261113964021,0.814167557284236,0
0.299948564730585,0.204008251195773,0.00734911044128239,0.905645399587229,0.1415544974152,0.91033650492318,0.411282856250182,0.702293899608776,0.579020710662007,0.791845844592899,0
0.207182273967192,0.0967334154993296,0.638290656032041,0.88527368940413,0.904318465851247,0.280920197255909,0.225215035490692,0.209211107809097,0.916159731568769,0.955112143419683,0
0.522901892429218,0.163128862623125,0.892105212900788,0.72608491894789,0.266007227124646,0.78832126990892,0.984859989024699,0.889963244320825,0.512518187751994,0.132363897748291,0
0.428199941758066,0.181274460861459,0.663540258770809,0.583418495254591,0.0117173530161381,0.448291871696711,0.720961111132056,0.244469458935782,0.614916243823245,0.593064464861527,0
0.0127592894714326,0.117792836299352,0.150664294837043,0.331414563581347,0.956346336519346,0.523829471319914,0.177362183574587,0.267234636237845,0.420808896189556,0.835388554260135,0
0.955445315688848,0.691356416558847,0.53522191895172,0.453971534967422,0.374120698310435,0.108902114909142,0.623804779956117,0.109889025567099,0.890419842675328,0.530753698432818,0
0.199800522765145,0.305213389219716,0.196533058770001,0.84598212945275,0.246901206439361,0.169162029400468,0.382686039200053,0.208636787952855,0.289756420999765,0.631126548629254,0
0.800221981247887,0.0781859124545008,0.601785111706704,0.122164734173566,0.916084649739787,0.598460201639682,0.518901217728853,0.372763725463301,0.173174278112128,0.181843067053705,0
0.711244272766635,0.480217705480754,0.917643517022952,0.548422493273392,0.546698322752491,0.970223141368479,0.792350181378424,0.942925419658422,0.835083359153941,0.432990037137643,0
0.806698635220528,0.554436692036688,0.966732502914965,0.80540026165545,0.0520541414152831,0.229499043198302,0.167448538821191,0.823854657821357,0.193178571294993,0.970628783572465,0
0.965232506394386,0.575307728722692,0.44762544403784,0.000434808200225234,0.165918185375631,0.893073617713526,0.508269669720903,0.633122225292027,0.0431370621081442,0.0633268766105175,0
0.0667281467467546,0.906617170665413,0.79621904855594,0.582216892158613,0.249114308040589,0.445093299960718,0.496652260655537,0.166559870122001,0.145731309894472,0.320014600409195,0
0.185329042375088,0.328837214969099,0.345321094151586,0.207124065607786,0.400954310782254,0.867897462798283,0.49821795290336,0.117063909070566,0.406007314566523,0.401541490340605,0
0.981440304080024,0.0538811506703496,0.352466092212126,0.470578107517213,0.327438823645934,0.856686049839482,0.924234067089856,0.374852923909202,0.191600995603949,0.886996247805655,0
0.604519265936688,0.907713544089347,0.102357416413724,0.926651268033311,0.747759524965659,0.791267862776294,0.22913187625818,0.260971185285598,0.442021105904132,0.986407917924225,0
0.599343366222456,0.441817847779021,0.301169704878703,0.447328456910327,0.765280948253348,0.122135868994519,0.979570040712133,0.698716259561479,0.197506168857217,0.293449604418129,0
0.934672648785636,0.631108470261097,0.739827578188851,0.0324225942604244,0.224930149968714,0.855479609686881,0.257779786363244,0.945614699507132,0.746255211532116,0.315957754850388,0
0.955469900276512,0.659204524941742,0.906656242674217,0.112649189075455,0.812967011937872,0.171910053817555,0.284487214172259,0.223833584692329,0.506942253326997,0.714073275681585,0
0.50701468763873,0.635335005354136,0.766940805828199,0.258900061249733,0.598988524172455,0.927848117193207,0.316958280047402,0.27343589765951,0.512261307099834,0.983002086635679,0
0.745781207224354,0.25466315029189,0.416526906890795,0.972411744296551,0.797899331664667,0.837786121061072,0.968951946590096,0.995853346539661,0.655051460489631,0.57675648201257,0
0.361971089150757,0.01738948142156,0.646055100718513,0.273137878859416,0.520574666326866,0.704803755506873,0.632831410039216,0.945906438166276,0.610590798780322,0.0319541990756989,0
0.732863637618721,0.186917822342366,0.377425108104944,0.44506718008779,0.339040502673015,0.868820077972487,0.0699913841672242,0.0736551291774958,0.310419668676332,0.433897315058857,0
0.763213631464168,0.273295263294131,0.867663461947814,0.361895344918594,0.628270970890298,0.0308371055871248,0.569511350244284,0.229770234320313,0.410377031890675,0.28518029092811,0
0.793838452082127,0.0494420831091702,0.330202700570226,0.712207240751013,0.308968714438379,0.156877200352028,0.197433665394783,0.849295818246901,0.640794112114236,0.0123022336047143,0
0.524640714051202,0.248147725127637,0.558098427951336,0.031493658432737,0.826363905565813,0.383200529264286,0.279749063309282,0.818777272012085,0.691686415113509,0.337438059039414,0
0.543928109342232,0.204353695036843,0.748060839250684,0.0884877915959805,0.84612821158953,0.707772572059184,0.28672434668988,0.437644886318594,0.750354273011908,0.983578451676294,0
0.134615486953408,0.76273657521233,0.519178498769179,0.77975090383552,0.592425772221759,0.226254684850574,0.140455991495401,0.266863989178091,0.262024032883346,0.200981372734532,0
0.0693708229809999,0.662199604092166,0.583673034794629,0.319075338775292,0.616563500603661,0.0921324708033353,0.677201112965122,0.103673697914928,0.574406026862562,0.803729675710201,0
0.677355752559379,0.982094824314117,0.179338915040717,0.306239049881697,0.996404123026878,0.697490465827286,0.480306838173419,0.0389851666986942,0.387554325629026,0.380679989466444,0
0.071734007447958,0.696952116210014,0.0703338771127164,0.466870052274317,0.659383987076581,0.100354222813621,0.106712462380528,0.181629043072462,0.279287474695593,0.565537282964215,0
0.246810473036021,0.499270986299962,0.59433887177147,0.331461960216984,0.598944139666855,0.997347898548469,0.708459618268535,0.207738702418283,0.737272900994867,0.0134241748601198,0
0.254996175644919,0.765616174088791,0.626876290189102,0.290016038808972,0.317628614604473,0.290755750611424,0.930919189937413,0.468715526396409,0.396058561746031,0.138110810657963,0
0.48222079500556,0.792734564282,0.55832735192962,0.517081528203562,0.0243983408436179,0.784403656143695,0.0247344642411917,0.270387697499245,0.999305828474462,0.282059407792985,0
0.031469238223508,0.806486852234229,0.67521326802671,0.816260220017284,0.18056726269424,0.0117733080405742,0.376016206340864,0.103479986777529,0.945192243671045,0.851593170780689,0
0.0998720184434205,0.0626997766084969,0.0302380023058504,0.444486451335251,0.235619268380105,0.565855581546202,0.0135005179326981,0.216351635521278,0.215765581000596,0.598559590289369,0
0.919500127667561,0.171587125398219,0.541605303995311,0.566906457301229,0.874949373537675,0.219579699449241,0.427480325568467,0.606766543118283,0.969422784168273,0.0915345596149564,0
0.0929641150869429,0.174783272203058,0.254386062035337,0.473900114418939,0.525058925850317,0.406621722038835,0.226581269409508,0.866195316659287,0.566240148618817,0.0161490910686553,0
0.233485216973349,0.152561032446101,0.511961579555646,0.671262961812317,0.0484370877966285,0.603744119172916,0.420286495238543,0.764691588934511,0.467918878421187,0.396138965152204,0
0.240116354543716,0.869647264480591,0.175501915859058,0.686091662850231,0.662939007161185,0.335128830280155,0.126189807197079,0.688750285422429,0.680893748067319,0.930501730414107,0
0.0345852640457451,0.549042581347749,0.52365049906075,0.348741910187528,0.915576898027211,0.991333452984691,0.563516482245177,0.227349766297266,0.415012137265876,0.846256585558876,0
0.00374739244580269,0.751634053653106,0.173122276784852,0.0906393709592521,0.178985177073628,0.510627252049744,0.200052664149553,0.28227710723877,0.692956571467221,0.394783511059359,0
0.694163075182587,0.984840065008029,0.283987144939601,0.869661401491612,0.599473617039621,0.72601380595006,0.796962439082563,0.941854566801339,0.503790905233473,0.424889992689714,0
0.688865619245917,0.54888608539477,0.233507186872885,0.178913383511826,0.660950531484559,0.365640270290896,0.911372052272782,0.0138446076307446,0.790625925641507,0.903738582506776,0
0.875946778105572,0.608479299582541,0.517985306680202,0.131962555460632,0.523803502554074,0.652568707009777,0.581862593535334,0.473436899250373,0.201493142871186,0.798294237814844,0
0.777748392429203,0.392962474841624,0.0936765281949192,0.195702056633309,0.0431240184698254,0.209278714610264,0.655403386102989,0.333050910150632,0.579815472709015,0.759580327896401,0
0.292017231462523,0.595138347242028,0.196788750123233,0.399953004671261,0.208683800883591,0.922513123368844,0.365967717953026,0.453638107515872,0.517843429232016,0.122692090924829,0
0.136890390422195,0.602271248819306,0.81517889443785,0.332670170348138,0.788438320625573,0.247546518919989,0.745953491190448,0.829106990015134,0.0719456216320395,0.779801388736814,0
