"1","2","3","4","5","6","7","8","9","10","class"
0.360690831206739,0.703792464220896,0.517086243024096,0.580204764381051,0.383987767156214,0.327810960588977,0.891336967702955,0.974761851830408,0.709307139273733,0.584409371716902,0
0.862588109681383,0.102294872049242,0.506483870791271,0.0454890492837876,0.507501330925152,0.163685174891725,0.0152520325500518,0.146168743958697,0.520343470387161,0.54921269020997,0
0.640330790542066,0.800474918913096,0.932901549851522,0.0286837907042354,0.103176042437553,0.647111664293334,0.646645915927365,0.48457077331841,0.525874226121232,0.527529211016372,0
0.624998077983037,0.782571539282799,0.282023502280936,0.372495197923854,0.104107878636569,0.387711547315121,0.116368649527431,0.795021346304566,0.476674595149234,0.131509322905913,0
0.767159787472337,0.604604437248781,0.349781546043232,0.0569212061818689,0.63934015808627,0.518394359620288,0.816825954243541,0.814932978246361,0.379217948298901,0.49467924842611,0
0.780283302534372,0.264054945465643,0.0848214938305318,0.572990032611415,0.0770412818528712,0.362609820207581,0.0339373219758272,0.861652177758515,0.94824507785961,0.87720156647265,0
0.583999000955373,0.127462523989379,0.884440779685974,0.708772939397022,0.735490711871535,0.255977208260447,0.570787554839626,0.225768037606031,0.49953150539659,0.0294050793163478,0
0.272705810843036,0.828324821777642,0.773319941246882,0.778326712781563,0.0446175753604621,0.0735519651789218,0.307008069008589,0.464488118188456,0.00944983842782676,0.452050291700289,0
0.886047395179048,0.0748128849081695,0.72024682094343,0.567569491453469,0.349809353938326,0.942835336085409,0.792087547713891,0.931373278843239,0.975250993855298,0.41356962104328,0
0.0374508993700147,0.623485276242718,0.844503999454901,0.850517633371055,0.21363844932057,0.0587874224875122,0.396356863435358,0.227007791167125,0.862611934309825,0.342427878640592,0
0.195351898204535,0.89423231408,0.755419807042927,0.813465823186561,0.723301088670269,0.555414192611352,0.628767129965127,0.689330846769735,0.15427307644859,0.893186676781625,0
0.934321154374629,0.507396135944873,0.725669949548319,0.812936233123764,0.515563323860988,0.6603660476394,0.786927346372977,0.606240550521761,0.303836970124394,0.56075161928311,0
0.483678629854694,0.174916631309316,0.935273867100477,0.497219047741964,0.472636977443472,0.353352736216038,0.102187705459073,0.0354303948115557,0.12962862290442,0.748635444091633,0
0.755855595692992,0.404326727148145,0.658281629672274,0.954734709579498,0.157314390409738,0.898473950102925,0.764721207786351,0.191009195521474,0.348642620258033,0.669899794505909,0
0.182503322605044,0.664366897195578,0.596000992460176,0.136718770256266,0.600329797482118,0.169446868821979,0.0744710254948586,0.636561520397663,0.831551485229284,0.0974098397418857,0
0.647967822849751,0.341039870632812,0.869626957923174,0.463807012187317,0.177117617568001,0.893840162316337,0.134331367211416,0.00237199547700584,0.978564320830628,0.129724836209789,0
0.213936345418915,0.806836443254724,0.139563782140613,0.86525314906612,0.231296740705147,0.803148775594309,0.578045324189588,0.697747813770548,0.939842488151044,0.534778056666255,0
0.539394749328494,0.725926697952673,0.38382884953171,0.631347668822855,0.00848612491972744,0.550665909657255,0.364290924044326,0.530795998172835,0.428827879950404,0.820786132942885,0
0.19143492076546,0.840389136224985,0.982016722671688,0.926069819601253,0.336805623723194,0.887277295812964,0.532359604723752,0.391922165174037,0.229188987519592,0.423269762424752,0
0.617469030665234,0.202093167928979,0.163054669741541,0.383282969938591,0.174949890235439,0.778428026475012,0.0412550813052803,0.873365741688758,0.536931443260983,0.028437573928386,0
0.426043776096776,0.604208933888003,0.135249777231365,0.316827955422923,0.960850477684289,0.526841446990147,0.338007984682918,0.798778561875224,0.877658635145053,0.34407081711106,0
0.951172515982762,0.472661905228905,0.335979224881157,0.529776419512928,0.0221056418959051,0.709584179800004,0.750489802332595,0.307675287593156,0.159864843823016,0.0826351926662028,0
0.562680662143975,0.0205482405144721,0.848394869361073,0.623184612486511,0.125021074898541,0.240476766135544,0.41833281586878,0.507794546429068,0.300690261879936,0.303940194426104,0
0.758373038377613,0.309903293149546,0.420138233806938,0.315822426229715,0.909409328363836,0.273096637334675,0.433778089238331,0.56948352442123,0.788264770060778,0.229314871598035,0
0.10513798892498,0.743032325059175,0.355042587267235,0.187979655107483,0.861508178059012,0.922868961934,0.13931461260654,0.0941159930080175,0.413193532265723,0.158622276969254,0
0.28832661616616,0.63973489892669,0.443352579837665,0.7757150051184,0.699743695789948,0.736128154443577,0.612170081818476,0.725778455613181,0.302073669154197,0.524784804088995,0
0.00638151401653886,0.0414225484710187,0.405871514230967,0.0455548795871437,0.819348792312667,0.508382717613131,0.58863523020409,0.156189536908641,0.825443692272529,0.70197090646252,0
0.251682433532551,0.403245963854715,0.30391000630334,0.769075750140473,0.0526728220283985,0.402056364808232,0.294818005990237,0.850551759125665,0.543288732413203,0.0813048495911062,0
0.124908178811893,0.822465884499252,0.35980105609633,0.513312902767211,0.801904800115153,0.268974693957716,0.262551353545859,0.74645160138607,0.349098414182663,0.991715420968831,0
0.737489785300568,0.111096068285406,0.892443232471123,0.165169435320422,0.579507428919896,0.978550606174394,0.615572990151122,0.0551861149724573,0.496013588970527,0.61501189507544,0
0.0151013934519142,0.438770943554118,0.804343153256923,0.473536730278283,0.641366582131013,0.490102929994464,0.64977276395075,0.702651145868003,0.283956932136789,0.391065094619989,0
0.0041806735098362,0.755444501992315,0.772458917228505,0.955263324314728,0.613664543488994,0.695292902644724,0.0271628582850099,0.153834541095421,0.869846001733094,0.740535945631564,0
0.503637483343482,0.0668500862084329,0.147997654275969,0.730296512600034,0.158472870476544,0.421268330654129,0.664077920140699,0.25939085171558,0.0923265984747559,0.811181905679405,0
0.33607002813369,0.171526371035725,0.344879433512688,0.870356831001118,0.0735222965013236,0.279047781834379,0.227197072003037,0.175002509029582,0.588161923922598,0.858438547700644,0
0.942700295709074,0.556782524334267,0.578092432115227,0.820993831148371,0.778855542186648,0.749792139278725,0.40088355820626,0.946048067649826,0.9130861365702,0.418175770668313,0
0.694097917061299,0.567523727645166,0.743081996450201,0.53087492310442,0.476425708271563,0.902709535323083,0.801520952256396,0.865235625067726,0.134047493338585,0.607638525543734,0
0.150945636210963,0.705575708067045,0.0635305426549166,0.610826242947951,0.395645575132221,0.755953865824267,0.208692504093051,0.828586752526462,0.631487298291177,0.676367885433137,0
0.881313412915915,0.539022891782224,0.796363787259907,0.583430231316015,0.414889410836622,0.96960245911032,0.864041022025049,0.846730044111609,0.57246961328201,0.622498053358868,0
0.577841012738645,0.215988361276686,0.741892100078985,0.951757949311286,0.260602235794067,0.1016042875126,0.208653189241886,0.332187755266204,0.0745549248531461,0.39367889915593,0
0.148423483595252,0.55828127451241,0.298588460078463,0.876516685821116,0.455991338705644,0.813272008672357,0.646428660489619,0.677577610360458,0.544116061413661,0.168797219637781,0
0.219281537458301,0.022504914348945,0.522681498201564,0.320631231181324,0.334456001408398,0.898283732589334,0.165793879656121,0.650269548408687,0.561911620898172,0.52326277224347,0
0.192230064189062,0.0145029642153531,0.362590141827241,0.522895864909515,0.566936831921339,0.617715819505975,0.489387392066419,0.458821654086933,0.419665267691016,0.411082373932004,0
0.90073086717166,0.206286119297147,0.791559782810509,0.200938534922898,0.828973686788231,0.229467913275585,0.372265683021396,0.964607916073874,0.864385661203414,0.705152704380453,0
0.849760578712448,0.135679402621463,0.6555572131183,0.134660960873589,0.20670726057142,0.588960735825822,0.990524946479127,0.506351699586958,0.429567022947595,0.202742828987539,0
0.11962031153962,0.929546613246202,0.142208439996466,0.858560660388321,0.899773250333965,0.912265937309712,0.345152793917805,0.771589826792479,0.888700023293495,0.568117370596156,0
0.285782615412958,0.465665432158858,0.571081074187532,0.366893289145082,0.739845820236951,0.291155863087624,0.162055562948808,0.924353622365743,0.821449172217399,0.818797146901488,0
0.462237897329032,0.763484654482454,0.226502466015518,0.874823884572834,0.899341508746147,0.599348882213235,0.560701300622895,0.477538831764832,0.607616068795323,0.0117863661143929,0
0.352104247547686,0.913083559600636,0.218857732368633,0.17364754807204,0.963097877800465,0.948171791154891,0.458569010253996,0.384222538676113,0.185616078553721,0.316309702815488,0
0.297584461746737,0.342773508979008,0.530378206865862,0.902518152957782,0.980858389288187,0.524245248176157,0.130070155020803,0.498229169985279,0.185049034887925,0.931262374855578,0
0.521871051285416,0.136833050539438,0.956245857523754,0.996993544278666,0.88491364591755,0.400650794617832,0.985907008871436,0.193135481094941,0.833102255593985,0.0638032543938607,0
0.689053007401526,0.533783773891628,0.587691110093147,0.97741269832477,0.262631512712687,0.809706780593842,0.860630572075024,0.954587890068069,0.167049380717799,0.0878600210417062,0
0.3417253907701,0.65380067192018,0.364652784075588,0.778311983682215,0.0952683351933956,0.946814739611,0.196743227541447,0.591672007925808,0.836598183261231,0.427329886006191,0
0.930184492608532,0.423959481529891,0.168429497163743,0.441501637455076,0.347006490686908,0.044606774346903,0.628429268719628,0.891080870293081,0.807226220611483,0.920920593896881,0
0.12795316032134,0.497194391209632,0.69924427755177,0.893199428217486,0.152779261115938,0.0543341860175133,0.0757645037956536,0.828343927394599,0.682184306439012,0.348647050093859,0
0.953700414858758,0.311619102722034,0.675401133252308,0.623079285025597,0.0267076068557799,0.409009579801932,0.64664331683889,0.644082207232714,0.528183240676299,0.605836547911167,0
0.590439598076046,0.455527462996542,0.55987022863701,0.40443391376175,0.273646398680285,0.182340981205925,0.411501062102616,0.219545361353084,0.91075171623379,0.208994712447748,0
0.0188404887448996,0.412396831670776,0.273698175791651,0.240787233226001,0.396895229816437,0.26702624023892,0.153712263563648,0.83318823040463,0.752885112771764,0.810812173876911,0
0.732339505571872,0.634913180256262,0.560044604819268,0.22998441872187,0.797302227700129,0.640616193180904,0.953375527635217,0.995131522184238,0.274337948998436,0.708464895375073,0
0.179842995479703,0.996606228174642,0.533057488501072,0.759391457540914,0.252296129474416,0.638817273778841,0.960288767237216,0.448897076305002,0.104523074347526,0.970989542081952,0
0.164086318342015,0.400642949156463,0.404915862949565,0.879418204072863,0.349859189474955,0.794513412052765,0.462350767338648,0.814845998538658,0.223508306080475,0.583528312388808,0
0.819769321009517,0.186413921182975,0.823775295400992,0.467626767000183,0.949851770885289,0.645595942623913,0.644919404760003,0.919527451740578,0.548258893424645,0.682238408364356,0
0.879213964566588,0.163839516695589,0.244736809050664,0.399083794094622,0.340851219603792,0.172281749313697,0.901149539276958,0.854217289946973,0.303787905722857,0.494243963388726,0
0.537881237687543,0.814600795740262,0.217705389251933,0.303697216790169,0.780755648156628,0.580019362969324,0.983161272015423,0.959292695391923,0.285203641513363,0.988929593702778,0
0.452244463376701,0.170067658647895,0.288861694280058,0.24646108970046,0.311571073485538,0.615389858372509,0.899934117449448,0.200127588352188,0.0822529431898147,0.277964101638645,0
0.063692672351189,0.692607640987262,0.0756006299052387,0.451719959033653,0.620023749535903,0.517732231412083,0.247652296209708,0.240588346729055,0.590067832963541,0.123719086172059,0
0.831025421386585,0.586025897180662,0.611612507142127,0.35861109639518,0.136408056365326,0.630122725386173,0.178734256885946,0.689690492581576,0.379611647455022,0.853083127643913,0
0.669489320833236,0.054573304252699,0.0712466740515083,0.166685600532219,0.420579413650557,0.431596196256578,0.530100743053481,0.709769115084782,0.288897071732208,0.201734419679269,0
0.998502362985164,0.371852206066251,0.804856890812516,0.386435088003054,0.883078850572929,0.709134551463649,0.443434393266216,0.870313039980829,0.402303282171488,0.16375104803592,0
0.93680774141103,0.262403259740584,0.260856916662306,0.80075822933577,0.419900750741363,0.747903030365705,0.228878759546205,0.48438281356357,0.10970079805702,0.604582543484867,0
0.164899742319994,0.00787836825475097,0.258483780780807,0.667852222453803,0.0376954711973667,0.0413627822417766,0.437235016142949,0.724341737572104,0.226327774580568,0.995732406852767,0
0.926579957827926,0.377348483322188,0.083466358948499,0.0792739233002067,0.618373332777992,0.397129723569378,0.081775434082374,0.459139146842062,0.0131695102900267,0.89982026303187,0
0.0751125598326325,0.74915650812909,0.783076700987294,0.628275281982496,0.411877393489704,0.316652589710429,0.625419358722866,0.365649503422901,0.583164996467531,0.688099270220846,0
0.524758367799222,0.601024435600266,0.685080196009949,0.889715999364853,0.917412037029862,0.954350659856573,0.939317848067731,0.167034938698635,0.237505790311843,0.282000522594899,0
0.721263548824936,0.429306578481942,0.429304313845932,0.339229547185823,0.490422778762877,0.571102793561295,0.201166621176526,0.355374848237261,0.98174917534925,0.734226681757718,0
0.576911922777072,0.458132816944271,0.119062202051282,0.302138163242489,0.265276333782822,0.81958165159449,0.250523729715496,0.384805606910959,0.2135961484164,0.710527896182612,0
0.360776352928951,0.494814657554962,0.482573930174112,0.440015057800338,0.35188091173768,0.999038759618998,0.355212467256933,0.464983029291034,0.929217889439315,0.310103670926765,0
0.363313308045641,0.845450302585959,0.559359651524574,0.971792453434318,0.619398707058281,0.897830275585875,0.985261067515239,0.119217133615166,0.166940446477383,0.71959562250413,0
0.431377967819571,0.546745833475143,0.324975083116442,0.299513141624629,0.933028087951243,0.0427395475562662,0.504158310126513,0.939359817421064,0.254663220839575,0.143761869287118,0
0.834073303733021,0.484299557749182,0.146656352328137,0.820878856116906,0.873848447576165,0.567428655922413,0.974009252851829,0.454143830109388,0.455443197861314,0.33710630517453,0
0.604528341209516,0.0795262712053955,0.238896254450083,0.177586600650102,0.0128219535108656,0.583983689080924,0.149152041878551,0.638008646201342,0.108437448740005,0.283103978959844,0
0.134089700644836,0.123547372408211,0.936195997754112,0.327386829303578,0.311131903901696,0.532917491858825,0.987637388519943,0.62837307760492,0.376723795197904,0.482735912082717,0
0.329738934757188,0.718628469388932,0.0278784986585379,0.761263301363215,0.515253676800057,0.822519232751802,0.788580276770517,0.366344255162403,0.612075375160202,0.908089874079451,0
0.249896730063483,0.0349298645742238,0.788407683838159,0.312580273253843,0.057175517315045,0.41897263051942,0.551706909667701,0.486968560144305,0.981361721642315,0.151099908631295,0
0.629614269128069,0.153915627161041,0.843064670450985,0.523510965984315,0.509099106304348,0.0757975247688591,0.284165991004556,0.708392843604088,0.0768921249546111,0.961363884154707,0
0.438395245728269,0.183236440876499,0.0712957058567554,0.284763769479468,0.211216335417703,0.904910207027569,0.315218948759139,0.551372436108068,0.0857742533553392,0.740874018054456,0
0.240735547151417,0.596991937141865,0.302354832645506,0.362889286596328,0.0682093624491245,0.251516640884802,0.635767498984933,0.382244016742334,0.0659161750227213,0.428607564885169,0
0.155092276167125,0.466993185225874,0.960045566083863,0.817282734438777,0.802253495901823,0.369230320677161,0.509533864678815,0.473744599614292,0.854202162474394,0.535857082111761,0
0.297030232381076,0.427617868408561,0.889331318438053,0.948783519677818,0.707130097551271,0.066598370205611,0.262025624280795,0.899250660091639,0.36546667595394,0.535366435768083,0
0.323521894868463,0.0584351022262126,0.565137629862875,0.815326277865097,0.702225657878444,0.114158634329215,0.474464872153476,0.224399141268805,0.542623828165233,0.0501324846409261,0
0.0475049398373812,0.166919261449948,0.468942809849977,0.94029375910759,0.247751959133893,0.637914984254166,0.428108481457457,0.201478353235871,0.419441074598581,0.671714816009626,0
0.575289129512385,0.398376268800348,0.233573665842414,0.831296664196998,0.487190291285515,0.62904846877791,0.661637971177697,0.93449118710123,0.460283519933,0.0141926207579672,0
0.759940288495272,0.0570216660853475,0.214026236673817,0.317270779516548,0.959686445537955,0.0887884185649455,0.56767912581563,0.611170910997316,0.0219008519779891,0.851381478598341,0
0.708568010479212,0.574366907589138,0.563256583875045,0.633077189093456,0.317105502821505,0.971402912400663,0.50152877997607,0.906082279514521,0.108762044459581,0.995104784844443,0
0.040836988016963,0.448213618892804,0.61834813747555,0.748529991135001,0.552675638580695,0.93585894908756,0.631655748002231,0.487201629439369,0.194479631027207,0.681522912112996,0
0.603575241053477,0.642433875706047,0.737370105227455,0.0682930098846555,0.992030438734218,0.972835438791662,0.76368679269217,0.139577588997781,0.505200098734349,0.224439582554623,0
0.5926057130564,0.460573523538187,0.280184325994924,0.113522509578615,0.244027449283749,0.402356001315638,0.916389574063942,0.244004078442231,0.566648130305111,0.375405805651098,0
0.418112695682794,0.324447624851018,0.294187263352796,0.5253539707046,0.210528498748317,0.279712898889557,0.384935607435182,0.888283919310197,0.0600649232510477,0.611048390623182,0
0.714986979262903,0.407441882183775,0.492578028701246,0.609107305295765,0.858805066207424,0.547165548661724,0.954815599368885,0.696700580883771,0.722128890221938,0.7236358365044,0
0.988219732185826,0.313734764466062,0.562464608578011,0.623907968401909,0.771987820742652,0.272124396404251,0.564638373907655,0.500697585288435,0.293892847374082,0.516345615964383,0
0.786183576565236,0.446632934501395,0.264002474024892,0.329353501321748,0.983615258475766,0.156749358400702,0.241684416076168,0.64861978078261,0.970338600454852,0.900995882460847,0
