"1","2","3","4","5","6","7","8","9","10","class"
0.0601019114255905,0.760092283599079,0.42783695505932,0.0945642713923007,0.824490382103249,0.065537640126422,0.74741742387414,0.353549040621147,0.454733957070857,0.312769488198683,0
0.906577762588859,0.878148346021771,0.998468693811446,0.632323580095544,0.386122984113172,0.452904166886583,0.999339929083362,0.222513815388083,0.102690241765231,0.148538568755612,1
0.780215773265809,0.10523474519141,0.0675789376255125,0.663732444634661,0.830480011645705,0.225504250498489,0.84643102157861,0.0659462572075427,0.197886784095317,0.390996724367142,0
0.877313998993486,0.38445250876043,0.512068141950294,0.274329867213964,0.298922547837719,0.0752087642904371,0.815814236877486,0.324765052646399,0.352858302881941,0.703168466920033,0
0.154091681120917,0.709125625435263,0.500402052421123,0.0231275667902082,0.206406583078206,0.0491175965871662,0.909710142761469,0.239266113145277,0.737597642000765,0.157738290261477,0
0.472534452797845,0.0337876442354172,0.0591447206679732,0.415062121348456,0.33956204354763,0.417497668648139,0.36441913084127,0.946438495535403,0.644975475501269,0.412162868306041,0
0.395671100409329,0.939414401305839,0.83438071468845,0.945550163509324,0.96512014628388,0.348733413498849,0.396321924868971,0.189091198612005,0.710751311155036,0.223741331370547,0
0.684276736807078,0.5505939149471,0.888253827346489,0.581248598871753,0.295857601799071,0.78642459330149,0.113125359173864,0.726326982025057,0.814077029004693,0.408311919076368,0
0.202504648128524,0.249137825099751,0.642870891606435,0.000329237896949053,0.0395721541717649,0.884774047648534,0.851553665241227,0.969657407840714,0.174211721401662,0.0187748363241553,0
0.426706989994273,0.947344011161476,0.41471209586598,0.423305732663721,0.0605565076693892,0.0732501563616097,0.986427413066849,0.800567375263199,0.807619730010629,0.368482912192121,0
0.264742867322639,0.0791306809987873,0.234191758325323,0.0553365440573543,0.00736506003886461,0.733940043952316,0.851532922592014,0.129479133524001,0.180534327868372,0.583519473904744,0
0.414024863159284,0.487986978376284,0.148342300439253,0.800180978141725,0.973099088994786,0.344509126385674,0.00820547272451222,0.94643391482532,0.970818545436487,0.210274761775509,0
0.903657542774454,0.424962641438469,0.924109662882984,0.0455018533393741,0.816510547418147,0.230679884785786,0.0724941941443831,0.0849802244920284,0.0267272877972573,0.744049331638962,0
0.272889336855244,0.584579273825511,0.557809626916423,0.779499719152227,0.620758255245164,0.946085746632889,0.5269944826141,0.510084680747241,0.0831827539950609,0.558411564445123,0
0.0163390964735299,0.494990283856168,0.433508187765256,0.955925090005621,0.411522148642689,0.744583147577941,0.657730348408222,0.0975577970966697,0.341138165676966,0.476371827535331,0
0.471298374002799,0.794450748246163,0.891243054065853,0.701046192785725,0.850405130302534,0.869910695357248,0.599689580500126,0.410240324679762,0.419898942112923,0.596625320380554,0
0.739284563576803,0.00683086062781513,0.278746410738677,0.777827895712107,0.705539092654362,0.478944642702118,0.856941550504416,0.56382334488444,0.22689348552376,0.466433631954715,0
0.83196014421992,0.153820407149848,0.444949315628037,0.258928702911362,0.804039463633671,0.510197290219367,0.813327822135761,0.977174527710304,0.990513016935438,0.519108586013317,0
0.369985522003844,0.630727500189096,0.604833184508607,0.564535241574049,0.843127097003162,0.0783183707389981,0.424942167242989,0.77209253818728,0.494244554080069,0.398736714851111,0
0.363422174006701,0.693083630409092,0.296519600087777,0.705981052946299,0.886261962587014,0.462575158569962,0.944029590114951,0.338167181005701,0.505587772000581,0.857204326195642,0
0.20697411429137,0.499822371742688,0.82337829307653,0.54149068868719,0.0815525506623089,0.622897508786991,0.201535204425454,0.826897410675883,0.715616361470893,0.816865295171738,0
0.692410529358312,0.373534213285893,0.194596445187926,0.261564491782337,0.544567024800926,0.117802975233644,0.901971035404131,0.646877315593883,0.751667880220339,0.0680787784513086,0
0.83976747863926,0.277722256490961,0.314550964860246,0.85693490318954,0.277249968610704,0.172501883935183,0.317254257388413,0.845449533080682,0.887762115104124,0.748701199656352,0
0.140051089692861,0.0939150285948068,0.259749504970387,0.752705439226702,0.964655513409525,0.0885029067285359,0.399121309164912,0.817495849914849,0.654893901199102,0.406972954981029,0
0.280097397742793,0.455850558821112,0.0344307848718017,0.603498648153618,0.433795822784305,0.1532276221551,0.597455169074237,0.638928874628618,0.969528980087489,0.0702214001212269,0
0.452685160795227,0.120458229444921,0.791990183759481,0.793580781668425,0.302204802865162,0.711013200460002,0.846179591491818,0.971088735153899,0.264872126746923,0.365283443592489,0
0.587185877102986,0.216045347508043,0.326490308623761,0.157021103892475,0.739336629398167,0.240635313093662,0.198759813560173,0.399315010756254,0.106600568629801,0.00455847010016441,0
0.0999660446207039,0.129690609872341,0.837249795207754,0.754127396969125,0.205341056920588,0.256358150858432,0.92145779216662,0.291206194786355,0.517869396135211,0.41203652578406,0
0.455630482872948,0.639387598261237,0.683631893945858,0.957560548791662,0.287284237565473,0.00753597100265324,0.568877387791872,0.179323261138052,0.941411199513823,0.945003822911531,0
0.54842044272786,0.971571332309395,0.835743359290063,0.500874395715073,0.699952449649572,0.284228277625516,0.00926060718484223,0.893350257538259,0.408128024777398,0.0795041248202324,0
0.74238616367802,0.220174675807357,0.467711650999263,0.371435651322827,0.460058311233297,0.528867549262941,0.583766541676596,0.304653304163367,0.435679524205625,0.174821034772322,0
0.518737003207207,0.416806660857052,0.195446516387165,0.282368265790865,0.182344263419509,0.336881159106269,0.344962711213157,0.405461471760646,0.0436994608025998,0.393400254426524,0
0.365330197795853,0.540596411097795,0.635049945442006,0.558387122116983,0.632189323427156,0.569791211048141,0.228060385910794,0.777975249802694,0.674131029751152,0.7824854508508,0
0.400081533705816,0.749376265099272,0.621443694457412,0.981364254141226,0.647172408411279,0.204999680398032,0.492329024011269,0.270436786580831,0.0564329540356994,0.916096779284999,0
0.465475112665445,0.356763554879651,0.708635701099411,0.560525650857016,0.353984175715595,0.0905740519519895,0.194583868607879,0.241140820086002,0.626939785899594,0.228210706729442,0
0.246994873508811,0.339437420247123,0.12752748420462,0.720286495517939,0.00759975449182093,0.495395155623555,0.177713818382472,0.855359208304435,0.0928383115679026,0.646250933874398,0
0.790000398643315,0.208286866778508,0.452167591778561,0.66374921426177,0.834708378650248,0.360510704573244,0.280508950119838,0.424035197822377,0.863034514244646,0.512557518668473,0
0.177641545888036,0.099552545696497,0.712567449081689,0.965157157042995,0.799155770102516,0.622276375768706,0.454236006597057,0.658784739673138,0.114332422614098,0.944965211907402,0
0.0735904194880277,0.858456769725308,0.164032883010805,0.652590754209086,0.934034005738795,0.192444899119437,0.267004224704579,0.336598791880533,0.10878148698248,0.889652648475021,0
0.0878416381310672,0.689980327151716,0.798979656537995,0.813317819032818,0.505122889997438,0.916679054964334,0.388823662186041,0.456723620183766,0.481579731218517,0.284702324774116,0
0.0729150610202923,0.0725455698557198,0.37651809793897,0.189339886419475,0.287359799491242,0.327333201654255,0.926635055104271,0.561918017920107,0.925754413474351,0.93246122286655,0
0.740227293921635,0.468197108712047,0.790472632506862,0.98241253499873,0.414566921303049,0.855290558887646,0.130537237040699,0.11036420869641,0.126161271007732,0.649061122443527,0
0.368220200762153,0.205525706289336,0.823633835185319,0.817639214685187,0.313053879188374,0.470670002978295,0.0863717938773334,0.802862103562802,0.0424460824579,0.675530985696241,0
0.129459973424673,0.264412929303944,0.924642430851236,0.820763276191428,0.4080055358354,0.513898326084018,0.57291167601943,0.846268752124161,0.513080896344036,0.296065194765106,0
0.0213867358397692,0.455863983836025,0.182864781701937,0.487422154517844,0.299684052588418,0.677560821874067,0.484875240596011,0.936456280760467,0.434958330355585,0.983388134278357,0
0.654612199170515,0.214310626965016,0.387984630186111,0.522374629508704,0.0761327596846968,0.7780074714683,0.45177016267553,0.479236915474758,0.196870516519994,0.0988504341803491,0
0.774908126797527,0.0514442783314735,0.789560330333188,0.0740003595128655,0.873924918239936,0.353423278545961,0.585222087567672,0.28825171221979,0.859555711271241,0.281672349665314,0
0.284545533591881,0.0438971882686019,0.836266364669427,0.00280649773776531,0.075536772608757,0.496301015140489,0.260337647749111,0.0302679659798741,0.766377927968279,0.156732160132378,0
0.55672900355421,0.0531917344778776,0.976370554883033,0.00601335591636598,0.544401524122804,0.182455396279693,0.0963553879410028,0.883091422962025,0.767261494183913,0.954883952857926,0
0.997427792521194,0.495092742377892,0.659023175481707,0.388194411760196,0.559613695833832,0.938109005568549,0.0057171683292836,0.098504186142236,0.696931046899408,0.193675954826176,0
0.199798246845603,0.481275197118521,0.414526588749141,0.501466342248023,0.645577196963131,0.079017142765224,0.24083043076098,0.791223404929042,0.820408904226497,0.734097019070759,0
0.311122241384257,0.319473751820624,0.975211837794632,0.609139244072139,0.564901392208412,0.661572913639247,0.439738586079329,0.866302443435416,0.0136095609050244,0.687271805712953,0
0.456789468586072,0.215474983677268,0.508789363084361,0.0548781312536448,0.190076931146905,0.712783713825047,0.734773962991312,0.267659307224676,0.527175813447684,0.443851739400998,0
0.133385058725253,0.28254986461252,0.426479964982718,0.498953962931409,0.604292684933171,0.679771677358076,0.332540803588927,0.89432155364193,0.167033635312691,0.777423128020018,0
0.67936200206168,0.151814767858014,0.425418260041624,0.417574537685141,0.0571283220779151,0.812033142196015,0.358475308166817,0.774241431849077,0.110462009673938,0.435226153349504,0
0.851438366807997,0.335526959737763,0.107832422014326,0.957375870086253,0.122164896689355,0.31811138568446,0.730310915969312,0.849776873597875,0.197994357440621,0.987963259220123,0
0.58635902352836,0.658750593895093,0.92241571075283,0.848281973972917,0.128234752221033,0.695279264356941,0.219268244225532,0.529808300314471,0.49985383450985,0.0578288233373314,0
0.607747816480696,0.454426900716498,0.0771511846687645,0.683751728618518,0.856745491502807,0.593510057078674,0.806378205073997,0.856556426733732,0.471430437639356,0.215335557237267,0
0.561179153388366,0.458823897410184,0.515867123380303,0.600272071314976,0.243296030675992,0.563499235082418,0.772119373781607,0.240273829782382,0.792224331758916,0.373334115836769,0
0.186713514151052,0.140880804276094,0.388706236844882,0.243232287233695,0.0883529388811439,0.132305938052014,0.212102646473795,0.605038564652205,0.8880610531196,0.843212293228135,0
0.582291734172031,0.163777318084612,0.516895173350349,0.153231712989509,0.109197321115062,0.996655967086554,0.0203085823450238,0.187438102206215,0.326257042586803,0.0750008083414286,0
0.939435004955158,0.121486664442159,0.0188404566142708,0.404761653859168,0.02225805609487,0.84260682715103,0.349859160836786,0.369499715976417,0.164968685479835,0.966495281085372,0
0.0949690423440188,0.937673945445567,0.9409528109245,0.629136855714023,0.794429905945435,0.0155804089736193,0.205278958659619,0.455749783664942,0.202633834676817,0.616611120989546,0
0.270069825772475,0.567222796147689,0.884647712344304,0.570637943921611,0.415136368945241,0.152062772074714,0.627337342593819,0.101922367233783,0.48063295846805,0.109473686898127,0
0.912320986390114,0.465743293993548,0.470073868986219,0.862878309795633,0.1080250532832,0.0110800350084901,0.147241296246648,0.363992449594662,0.0881916841026396,0.183272928930819,0
0.387050763238221,0.138475795974955,0.0491126417182386,0.211917545413598,0.368534428533167,0.617717380169779,0.353290570667014,0.521990224719048,0.353922273498029,0.854506125440821,0
0.260700552258641,0.31157958577387,0.598250773036852,0.0473322824109346,0.15967509499751,0.46212114370428,0.477486252086237,0.307835209183395,0.830710405018181,0.177669980097562,0
0.487119982950389,0.945233676116914,0.558814505813643,0.803039194783196,0.102227533003315,0.0941958425100893,0.359283287776634,0.441864190855995,0.859953990904614,0.735255386680365,0
0.3392623513937,0.661284690722823,0.896970164263621,0.98618324752897,0.230117324972525,0.380105111282319,0.843608169117942,0.576156977564096,0.66426531621255,0.127121402183548,0
0.470557584194466,0.458221771288663,0.701056123711169,0.936923405854031,0.514654618687928,0.468012246768922,0.419783113524318,0.71899778698571,0.246873646741733,0.765329584944993,0
0.0672486193943769,0.322648265631869,0.461947905365378,0.099009221419692,0.835165170487016,0.34011593926698,0.69464845280163,0.598109796876088,0.713856250746176,0.969944689190015,0
0.00874139741063118,0.0353095533791929,0.443008817732334,0.838705476140603,0.121539256768301,0.193984754616395,0.112434934126213,0.6468603417743,0.0924032737966627,0.983704200247303,0
0.441285394597799,0.83422008738853,0.0797143722884357,0.305436436319724,0.931600700365379,0.433425554772839,0.133732680929825,0.719345599878579,0.831599419703707,0.852848816895857,0
0.532300201477483,0.604836990125477,0.62715391907841,0.970487864222378,0.436928549548611,0.194816096685827,0.831523788627237,0.346683916868642,0.691528918920085,0.246363533195108,0
0.553047934081405,0.549878175137565,0.850869751069695,0.309221286093816,0.300225224811584,0.0483021286781877,0.45761793712154,0.797201800392941,0.0552072706632316,0.836847261758521,0
0.483643613522872,0.632746513700113,0.143637886503711,0.475623951293528,0.600738401757553,0.834976396989077,0.230075627798215,0.7600342403166,0.0899042538367212,0.617345323320478,0
0.161746576661244,0.60773043328952,0.723848367575556,0.725173475220799,0.3157575041987,0.597222072537988,0.730235153110698,0.739919224986807,0.86424802057445,0.674789344193414,0
0.847610318567604,0.140172554878518,0.947018059669062,0.686384121887386,0.869133888510987,0.576641812222078,0.0500939630437642,0.601303968578577,0.687471668003127,0.637950534000993,0
0.364601591136307,0.658853475935757,0.0428988814819604,0.0335280448198318,0.729808430420235,0.42994677927345,0.928864976158366,0.771326615242288,0.643444569315761,0.368146838387474,0
0.544783534249291,0.00487999385222793,0.833387989085168,0.0670587159693241,0.286053682677448,0.915173550369218,0.630399882560596,0.430277508217841,0.811481644865125,0.835339935496449,0
0.108070017769933,0.524470651755109,0.981772815110162,0.348356742877513,0.674150057137012,0.480543875833973,0.875959679950029,0.194955022539943,0.834556409623474,0.685062187490985,0
0.158096057362854,0.602338223485276,0.571903589414433,0.0778603090438992,0.521959540667012,0.255891840206459,0.880383842857555,0.778545772191137,0.796562212519348,0.454797490034252,0
0.378262772923335,0.835213699378073,0.130152691854164,0.583192023215815,0.147622149903327,0.871372027788311,0.616541142808273,0.78449281048961,0.44111785874702,0.0908740214072168,0
0.489416358061135,0.714755315333605,0.773671180708334,0.819322735536844,0.979550526943058,0.927358402404934,0.555617868434638,0.880770355695859,0.829490644158795,0.022637655492872,0
0.829339902149513,0.536240998422727,0.252357483841479,0.409867136273533,0.270651300437748,0.913323964225128,0.247639369219542,0.636067560873926,0.207622678484768,0.435006787301973,0
0.992155998246744,0.165218848269433,0.828593380982056,0.0675374695565552,0.972961609717458,0.263372784713283,0.178778735222295,0.854871393414214,0.725733950268477,0.502836688421667,0
0.250376075040549,0.756283234106377,0.852022047387436,0.524269198998809,0.216996702831239,0.374195153824985,0.472997197881341,0.770995687926188,0.089592607691884,0.210485494695604,0
0.00256094429641962,0.295048332074657,0.948352400911972,0.538422991754487,0.42015884257853,0.70940585504286,0.19438449270092,0.287165236193687,0.687454337021336,0.910964037990198,0
0.438600682653487,0.162076087901369,0.750219482695684,0.248539842665195,0.485241980059072,0.818873741431162,0.735841223504394,0.136530386749655,0.14017260633409,0.7925716326572,0
0.429700148524716,0.907337862765417,0.577578727388754,0.219137376872823,0.269924846012145,0.947302346350625,0.52335559646599,0.544170110253617,0.413845792179927,0.32154642092064,0
0.192014161497355,0.820918403333053,0.858853846089914,0.985747874947265,0.0764745692722499,0.670221799518913,0.428322504973039,0.51144361984916,0.245389808667824,0.779001941205934,0
0.499879498921521,0.982509385794401,0.118975483579561,0.0370136415585876,0.865620658732951,0.0128663554787636,0.496073578018695,0.0127041304949671,0.093867321498692,0.133172745350748,0
0.00546508654952049,0.0789927612058818,0.503997219027951,0.657605139538646,0.570517298299819,0.0142573211342096,0.881900361273438,0.0688017059583217,0.363237946759909,0.688686832785606,0
0.560982190538198,0.936702065635473,0.722454567672685,0.746806668583304,0.371249087154865,0.632122245617211,0.221153903286904,0.314585795626044,0.597253318410367,0.40203522820957,0
0.279967390466481,0.456991166109219,0.628206474939361,0.87960338126868,0.456975972978398,0.230786636238918,0.838055551052094,0.222142824437469,0.732087157433853,0.784512891434133,0
0.638019370380789,0.370399192441255,0.987099888036028,0.614811130799353,0.535824672086164,0.843556884909049,0.0789799534250051,0.528082746546715,0.36388730420731,0.698581974953413,0
0.133030025055632,0.623767122859135,0.830131592461839,0.264208607608452,0.544244041666389,0.664675105595961,0.719114451669157,0.560165813425556,0.888021697057411,0.830429072957486,0
0.377531792735681,0.324398133670911,0.0592392045073211,0.367852070834488,0.391532588051632,0.918617316056043,0.620777283096686,0.0411761042196304,0.274054979672655,0.655170333571732,0
0.180116061121225,0.0997186356689781,0.523953542578965,0.866608751239255,0.772830565925688,0.0932858621235937,0.683520641876385,0.779652891447768,0.140244493726641,0.364459311589599,0
0.10830330196768,0.0972999383229762,0.743506631813943,0.325856828596443,0.307062865933403,0.130434369202703,0.93630394525826,0.0859605341684073,0.960110223852098,0.650958618381992,0
