"1","2","3","4","5","6","7","8","9","10","class"
0.473853087751195,0.0429591259453446,0.0386034986004233,0.519729289226234,0.860260215820745,0.677785944193602,0.308681074529886,0.652077529812232,0.216078942408785,0.527541264891624,0
0.371084332931787,0.585801103617996,0.304225447587669,0.00196884432807565,0.447096271673217,0.677973073674366,0.0260688324924558,0.567408696748316,0.641682281624526,0.0979469276499003,0
0.196448036921024,0.461191286100075,0.721155899576843,0.514586647273973,0.959526255959645,0.236626593628898,0.980718937935308,0.644931759918109,0.904815709684044,0.906354426406324,0
0.747202602215111,0.489163005724549,0.903241779422387,0.555358491372317,0.252199698239565,0.377279604785144,0.620260731782764,0.131618024781346,0.778883108403534,0.411941995145753,0
0.257639815332368,0.666028882144019,0.491080534411594,0.613139507593587,0.204765880014747,0.995078396983445,0.894738574046642,0.284640820231289,0.206651494838297,0.11850938340649,0
0.499879421666265,0.814249380957335,0.635045101400465,0.806692881276831,0.0408765319734812,0.62474101036787,0.354389996966347,0.457336196908727,0.399822228820994,0.854903613682836,0
0.0945173194631934,0.420086250407621,0.592139177722856,0.117822559084743,0.842059321235865,0.907458550995216,0.975701282499358,0.857933681225404,0.275720334844664,0.822998696938157,0
0.361929687216505,0.531242567813024,0.637471076333895,0.553346186876297,0.566729746526107,0.254041437525302,0.303305727895349,0.95253512263298,0.0284699334297329,0.841790730599314,0
0.397966485470533,0.475339606869966,0.573723716894165,0.466872800374404,0.974263054085895,0.00414876244030893,0.000715835485607386,0.801593033131212,0.974878814071417,0.668916162103415,0
0.997007295722142,0.309877310471982,0.0571609123144299,0.957550067687407,0.766093251761049,0.40885931882076,0.140038810204715,0.899532134644687,0.339833483565599,0.580385328736156,0
0.999378859763965,0.193806752329692,0.603097410174087,0.123141525080428,0.443110217340291,0.671002538409084,0.643442122964188,0.528820242965594,0.622165078995749,0.32663119235076,0
0.358362813247368,0.0102610846515745,0.501852585934103,0.718374418327585,0.751545427134261,0.372265262296423,0.669548117555678,0.253186360932887,0.713484843028709,0.806037492817268,0
0.0836571616452187,0.863214147044346,0.969653578707948,0.124391959514469,0.550025732954964,0.604361107572913,0.963763182517141,0.213362384121865,0.12848446611315,0.948859817348421,0
0.320671280846,0.80630332720466,0.735473333392292,0.49045869987458,0.442009806167334,0.521216319873929,0.201574083417654,0.363815753720701,0.325566369108856,0.679743497166783,0
0.0904285605065525,0.506797070149332,0.450373774161562,0.228966413997114,0.779841129668057,0.516478416509926,0.265372762223706,0.554498282261193,0.774510072078556,0.0506220837123692,0
0.410251926542725,0.439891213085502,0.502742504468188,0.371329797198996,0.0845232219435275,0.0604556056205183,0.682917549740523,0.909810283221304,0.492358783259988,0.940863273572177,0
0.114564527990296,0.504058761522174,0.159407874569297,0.781434065662324,0.688262650510296,0.301639756420627,0.512014758074656,0.652462541591376,0.346155552426353,0.0359294759109616,0
0.652179943397641,0.160414956044406,0.672889713896438,0.995018589077517,0.504244867246598,0.492725663119927,0.469634907087311,0.778835171367973,0.179456087993458,0.461504422593862,0
0.169679399346933,0.602799693122506,0.227919869590551,0.491446612402797,0.270164433633909,0.218547351658344,0.665371068986133,0.0148035050369799,0.261109915096313,0.0273086305242032,0
0.218660763598047,0.748239798936993,0.109774314565584,0.334774871123955,0.412383100250736,0.932004095287994,0.357614087173715,0.0283392919227481,0.494200261775404,0.788163164630532,0
0.393338266760111,0.173041113419458,0.870661709224805,0.368319683242589,0.862809397513047,0.826030214782804,0.344237213954329,0.424552708864212,0.336372894933447,0.730083626927808,0
0.38937548501417,0.316881424048916,0.920625251950696,0.797024668427184,0.786118823336437,0.474602616857737,0.0182916016783565,0.0598296360112727,0.527434924151748,0.752021552296355,0
0.132693954044953,0.145607605809346,0.00573599641211331,0.729875135002658,0.25947361974977,0.617328159278259,0.438338281819597,0.354116118745878,0.0290420698001981,0.777827540878206,0
0.963062624214217,0.133085853760224,0.413160704774782,0.898093498079106,0.227716092718765,0.956940785516053,0.193346957210451,0.298002290539443,0.0966945043765008,0.519241850124672,0
0.461524435389228,0.95949929440394,0.0104861557483673,0.613298881333321,0.317952156066895,0.713554447283968,0.797190957469866,0.592099781613797,0.954172097146511,0.73700304958038,0
0.901058786083013,0.160104825859889,0.775509557453915,0.3242511395365,0.934142175596207,0.545070330845192,0.429426238173619,0.696635447908193,0.817864352837205,0.0445692832581699,0
0.694090274861082,0.37778654140234,0.515588274924085,0.462078946642578,0.899587134132162,0.794536584522575,0.242463601054624,0.107022385811433,0.552662998903543,0.71478879544884,0
0.448218090960011,0.983826116193086,0.489099103491753,0.0080710556358099,0.814573995070532,0.384130973368883,0.799309313995764,0.174315596465021,0.741029097000137,0.400879359571263,0
0.314283159040101,0.350932731293142,0.293891371460631,0.931644900469109,0.943569752620533,0.284555434715003,0.579873533919454,0.059474975336343,0.918037766590714,0.792573553742841,0
0.16103817219846,0.00577298761345446,0.672198536107317,0.00826075859367847,0.0790544212795794,0.337425836827606,0.993620713008568,0.0699720613192767,0.516479218145832,0.471846957458183,0
0.533916608663276,0.14207790279761,0.0959434935357422,0.572538304841146,0.795639325398952,0.391429570503533,0.241642212495208,0.04924839688465,0.878103633644059,0.851014244835824,0
0.0903476332314312,0.317524230581429,0.277154786745086,0.471764345653355,0.620733068091795,0.0166118072811514,0.909109195927158,0.711651728022844,0.896032825578004,0.610567775089294,0
0.040034698555246,0.827146164141595,0.268147464143112,0.282789503922686,0.0860877581872046,0.73847109801136,0.706475705374032,0.705825458979234,0.00418028561398387,0.937100405571982,0
0.0010430917609483,0.337147846119478,0.919350800104439,0.152263820869848,0.727475699735805,0.923264220589772,0.18261469877325,0.732636786298826,0.386901716701686,0.109976732637733,0
0.457455612020567,0.0627472442574799,0.996938175987452,0.618323707021773,0.542814082931727,0.413700581993908,0.585322132334113,0.251723418710753,0.681811968795955,0.665946120861918,0
0.0105541842058301,0.704952369444072,0.827285890001804,0.596422709291801,0.290011515375227,0.0362932852003723,0.691759455949068,0.732016128255054,0.693249001866207,0.507919349707663,0
0.18011587113142,0.145162052928843,0.667624821420759,0.86650092760101,0.713480083970353,0.497803056845441,0.476517125964165,0.984622786287218,0.082590050296858,0.982820407953113,0
0.322365235537291,0.232889792183414,0.438783735735342,0.516292574582621,0.247138482285663,0.874395834747702,0.490093140630051,0.277455138741061,0.667698201490566,0.144859835505486,0
0.93566389544867,0.166863954393193,0.200216302881017,0.285921189235523,0.716983724618331,0.00987756601534784,0.524180021136999,0.499460024060681,0.370749521069229,0.450190525967628,0
0.454849438508973,0.467382719740272,0.437415931141004,0.601782733341679,0.162987374234945,0.595450595021248,0.900664837332442,0.137957238592207,0.525198887800798,0.390202670823783,0
0.986679051304236,0.414225832093507,0.274686608463526,0.608181491261348,0.626469294773415,0.0219373002182692,0.583165942691267,0.277062455425039,0.0812774721998721,0.92358936346136,0
0.27507803379558,0.691408211598173,0.716458353679627,0.498507285257801,0.327407031087205,0.598277650773525,0.131554128834978,0.0583271402865648,0.549819094361737,0.987278471468017,0
0.437357200542465,0.727616154355928,0.0805474685039371,0.273171389475465,0.549273799872026,0.828351066913456,0.893215701915324,0.663104729726911,0.35858119209297,0.123796875821427,0
0.891316387802362,0.312031665118411,0.298636291176081,0.627270862460136,0.845015248050913,0.312905761413276,0.386252449126914,0.0676401902455837,0.388605811866,0.169550586491823,0
0.0703204639721662,0.137781848898157,0.805355493910611,0.629576677456498,0.954341559205204,0.974612904014066,0.990847920998931,0.340154550271109,0.679684499744326,0.070206263102591,0
0.0408956010360271,0.339866723064333,0.540197002002969,0.403080705786124,0.90281714592129,0.269060479477048,0.129536312771961,0.18371075950563,0.914511113893241,0.318320290651172,0
0.68249418400228,0.325724025685713,0.330731136025861,0.379771574167535,0.0192891599144787,0.601837605703622,0.52032148744911,0.811013192636892,0.817312730941921,0.282170731807128,0
0.309313228353858,0.148361248429865,0.141978840809315,0.836613454390317,0.095815840177238,0.761724232928827,0.384994945954531,0.0195530513301492,0.423626412637532,0.78445567493327,0
0.715863028308377,0.00990614015609026,0.0859443091321737,0.928127564489841,0.47369391634129,0.718198941089213,0.00335814268328249,0.945403892779723,0.925333705963567,0.193877486977726,0
0.538817797088996,0.914286611136049,0.511612310772762,0.0562905143015087,0.552357695996761,0.0393750732764602,0.355571656720713,0.593250182224438,0.756344905821607,0.39608398755081,0
0.753961852984503,0.312249455368146,0.602066211868078,0.84325856459327,0.0150749669410288,0.997699877480045,0.964714084751904,0.345946369459853,0.0389040051959455,0.415294819511473,0
0.678357879631221,0.262316005071625,0.584387236973271,0.822273671394214,0.575419983593747,0.275860884925351,0.648807536810637,0.324319386389107,0.920558366924524,0.194780845427886,0
0.215758644510061,0.936896752333269,0.876568742329255,0.532615119125694,0.309579723747447,0.610481578623876,0.319708917057142,0.450372746912763,0.78755441098474,0.639114663703367,0
0.0840724552981555,0.280697123380378,0.913424554048106,0.0567328922916204,0.28970541106537,0.770991981262341,0.175478440942243,0.541058987146243,0.598330374574289,0.830468353349715,0
0.543605329701677,0.564322081860155,0.576016350882128,0.0766832956578583,0.989465849706903,0.411251427140087,0.679820222314447,0.814070475986227,0.635509362444282,0.992899383883923,0
0.776373951695859,0.0524522275663912,0.626175492070615,0.155645221704617,0.703801257768646,0.66911250166595,0.507929832441732,0.0218781572766602,0.23649044893682,0.786702261073515,0
0.224069111747667,0.655643494334072,0.217572481837124,0.867895801085979,0.293605417245999,0.229325971100479,0.946743464330211,0.682616978418082,0.0587275000289083,0.571568440878764,0
0.108791480539367,0.648661418585107,0.722049958771095,0.242612251779065,0.557629111455753,0.957473314134404,0.110078731784597,0.314391157589853,0.333336128620431,0.0313182831741869,0
0.465329817729071,0.273030888754874,0.607602245174348,0.495903863571584,0.0116269164718688,0.637340444605798,0.545369991334155,0.64821789204143,0.72214152966626,0.228641303023323,0
0.331332506379113,0.594676918117329,0.963979125022888,0.179703279165551,0.33238428318873,0.349568214500323,0.882793463300914,0.580089565599337,0.414199616760015,0.679473179625347,0
0.890427717240527,0.225664001889527,0.821656581247225,0.201930696843192,0.715783051215112,0.652003957889974,0.13161381194368,0.368296726141125,0.00215991563163698,0.705635937862098,0
0.162980956258252,0.548474129056558,0.309173333225772,0.162252765614539,0.645478021120653,0.515577258076519,0.712100974051282,0.456019829725847,0.537689845776185,0.19045402482152,0
0.457429674919695,0.721119926776737,0.333273025928065,0.231748465681449,0.215324940159917,0.0265593309886754,0.847018384141847,0.916708449600264,0.946008161408827,0.0929925460368395,0
0.145108398515731,0.422458809567615,0.448241060134023,0.232014368288219,0.185040552401915,0.854266417445615,0.706385100493208,0.373691765358672,0.203496447065845,0.650248609483242,0
0.812564013991505,0.486490742132068,0.144986659055576,0.867932818131521,0.991573548875749,0.529582299059257,0.138136378489435,0.720297537045553,0.541396620217711,0.82736086868681,0
0.175491794478148,0.307085860520601,0.256060564424843,0.854830680415034,0.70627209963277,0.624033234082162,0.244698395486921,0.658254186622798,0.836121573345736,0.644481199560687,0
0.400256607448682,0.0781110930256546,0.559631894109771,0.612384230364114,0.377759476425126,0.269774005515501,0.269164945464581,0.452531039016321,0.835457138484344,0.577079585986212,0
0.352882821141277,0.816029009176418,0.504067671019584,0.336679781088606,0.946358011104167,0.277062257751822,0.294705145526677,0.360912090400234,0.955272311577573,0.797709368402138,0
0.766658058622852,0.089553423691541,0.649615964852273,0.878526891814545,0.337780855363235,0.537000724347308,0.980671209748834,0.105556288734078,0.454918532399461,0.174476883374155,0
0.305664883228019,0.0512235509231687,0.782697450602427,0.31564955576323,0.180069508263841,0.0171866889577359,0.828404854983091,0.261731625301763,0.292587396688759,0.952753291931003,0
0.211205781437457,0.154054977040738,0.056964690098539,0.710175899788737,0.721721397479996,0.205951714655384,0.0344604859128594,0.708250075345859,0.751497070305049,0.371462746057659,0
0.481034130702354,0.302276571281254,0.200768183916807,0.705480861244723,0.261282892432064,0.69078221754171,0.699219593079761,0.208534996956587,0.753669208846986,0.579300893936306,0
0.779080127598718,0.224203019868582,0.330348389223218,0.296663670102134,0.130480422172695,0.745807873317972,0.445908521302044,0.406239300733432,0.923029079800472,0.194426440633833,0
0.232522103469819,0.776104727294296,0.549435706809163,0.961856614565477,0.609159209299833,0.818577544996515,0.775400758022442,0.391027434496209,0.475462209433317,0.603227672167122,0
0.234028462786227,0.730144432047382,0.0531592823099345,0.0812646336853504,0.257588940905407,0.338656513486058,0.54954556375742,0.155369485728443,0.803693939931691,0.00510316691361368,0
0.00258871214464307,0.234315928071737,0.923998704412952,0.93716384912841,0.0374494267161936,0.116504136007279,0.300151481293142,0.429243730381131,0.084315788699314,0.890269474126399,0
0.397483443142846,0.840253026457503,0.955225008772686,0.460622382350266,0.462662437697873,0.149007731582969,0.487589567666873,0.162550260545686,0.152550369501114,0.101445360807702,0
0.434513313928619,0.454199409345165,0.210491869132966,0.726407533977181,0.868557021254674,0.909482789458707,0.803520991001278,0.824692383641377,0.00646837009117007,0.653451158199459,0
0.71908703725785,0.276143815135583,0.363551001530141,0.901005279039964,0.290105139836669,0.836164161097258,0.0792356240563095,0.760720791760832,0.529454400995746,0.0458452282473445,0
0.775022182613611,0.551744821248576,0.765910672256723,0.0290407927241176,0.126901807030663,0.178587755188346,0.567330714315176,0.266663856804371,0.98659716011025,0.557681590085849,0
0.288185897748917,0.180986962048337,0.30782100232318,0.947256188374013,0.526685476535931,0.142659844364971,0.549187219236046,0.00497036520391703,0.509891342371702,0.193798197899014,0
0.344200837425888,0.594297908945009,0.194145728368312,0.18259687977843,0.878735811449587,0.880958814406767,0.00274416827596724,0.303891998017207,0.916217651683837,0.130645147990435,0
0.0353496330790222,0.742269945563748,0.225191441131756,0.984311182284728,0.0199498725123703,0.977569843875244,0.334492778172716,0.908926086733118,0.673242410179228,0.831153234932572,0
0.480766883585602,0.968744598096237,0.256725842831656,0.211028561228886,0.261719366535544,0.931609341176227,0.401711322367191,0.801353569841012,0.576012946665287,0.11263300315477,0
0.549107765313238,0.00202659307979047,0.198243248509243,0.716090941336006,0.661449967185035,0.193075182847679,0.836967513663694,0.315167203778401,0.947001032531261,0.716415269766003,0
0.785116703249514,0.15058852030104,0.717233375879005,0.482247083913535,0.620091863209382,0.613768611801788,0.508005733368918,0.693314298754558,0.548291612183675,0.169793968321756,0
0.325054051121697,0.183976615605503,0.278088027145714,0.610366478795186,0.65051924274303,0.176039377227426,0.403232311597094,0.00811517518013716,0.651629496831447,0.928160812240094,0
0.0240525233093649,0.698323517572135,0.531906834570691,0.979474580148235,0.10354809788987,0.396083518629894,0.169654338387772,0.0671688751317561,0.889649956254289,0.109154837904498,0
0.0403932749759406,0.78539923322387,0.656434858450666,0.677132304292172,0.837921110214666,0.346471245633438,0.242953512584791,0.834566300036386,0.0851240649353713,0.686888292664662,0
0.468014838639647,0.482581877848133,0.130159383174032,0.334615378407761,0.229978924850002,0.744708555284888,0.236888129031286,0.270374928833917,0.304232062771916,0.357046285178512,0
0.23718152823858,0.329747040290385,0.546128801070154,0.418405030854046,0.931363480864093,0.344739635707811,0.932388052111492,0.326752114342526,0.835390730528161,0.0834341228473932,0
0.599628566298634,0.488905110163614,0.76022999570705,0.156902481103316,0.252294048899785,0.511560052400455,0.372749660164118,0.35818116622977,0.457372258184478,0.696726418100297,0
0.0968557587873191,0.178914384916425,0.539847383042797,0.815896336222067,0.726644962560385,0.0969097029883415,0.704705901443958,0.298673028824851,0.923466088715941,0.739759452873841,0
0.641062495997176,0.233023310778663,0.966746065067127,0.314635752467439,0.249960219720379,0.955535833723843,0.135993315139785,0.247681692475453,0.30737308668904,0.868757457938045,0
0.0820706472732127,0.0543124710675329,0.642156328773126,0.470384627114981,0.182841359404847,0.794575097272173,0.34118171222508,0.828283441485837,0.602778478059918,0.615597445052117,0
0.992856851546094,0.549815495001152,0.875264666276053,0.181708072545007,0.696750367060304,0.476743857609108,0.590275515336543,0.957910066936165,0.813143200008199,0.69312538811937,0
0.585695429937914,0.227058321237564,0.493749518878758,0.0787316942587495,0.409175591310486,0.628610258223489,0.800465643173084,0.946237410418689,0.94496186543256,0.544904837617651,0
0.955742029938847,0.368910822179075,0.0143501178827137,0.974778308067471,0.793147746473551,0.894868702627718,0.663715861504897,0.100322205107659,0.299314347328618,0.99700123956427,0
0.973335070069879,0.357910188147798,0.711680578766391,0.323494623182341,0.268302168697119,0.611401406116784,0.377485478762537,0.0849695687647909,0.999008683487773,0.245732033159584,0
0.95535906846635,0.446348844291922,0.250632287701592,0.268084991257638,0.685927753569558,0.851990770082921,0.114414452807978,0.206555278040469,0.42721685138531,0.207581035559997,0
