"1","2","3","4","5","6","7","8","9","10","class"
0.583045821404085,0.0364082067832351,0.159692829707637,0.75028396002017,0.103103580418974,0.734730489784852,0.791494498495013,0.00942959007807076,0.246335411211476,0.307804317679256,0
0.176371036097407,0.18868173320815,0.918165426468477,0.751548869069666,0.9363899724558,0.340296656591818,0.790430024964735,0.361683713039383,0.152504056459293,0.0732005028985441,0
0.927106531104073,0.144785517146811,0.319902046117932,0.43304481706582,0.401919339550659,0.762824871577322,0.0395256713964045,0.534224671311677,0.145922473631799,0.717848774045706,0
0.99435862689279,0.119178123073652,0.272357299923897,0.820850248681381,0.501195315970108,0.484883865341544,0.555075461044908,0.623024955624714,0.102621448924765,0.372987363021821,0
0.236502409912646,0.937007613945752,0.467071952298284,0.572822697926313,0.521850908873603,0.0376227363012731,0.907193893101066,0.986019491683692,0.750864018220454,0.212703051278368,0
0.808142149588093,0.168574442155659,0.880853256443515,0.524212454212829,0.752426087390631,0.651116449385881,0.504695761483163,0.172548287315294,0.677003287477419,0.25285372347571,0
0.0223097601398826,0.6926762140356,0.641851164167747,0.949317198712379,0.947499040747061,0.197655433556065,0.0746810541022569,0.156343665672466,0.143487584544346,0.433285482693464,0
0.00967058630511165,0.376541794044897,0.485508188838139,0.747455839766189,0.709217007737607,0.457494415808469,0.731786107877269,0.392341131810099,0.0861588609404862,0.0409262871835381,0
0.0700766535010189,0.848830462899059,0.584335836116225,0.418766085058451,0.516402339097112,0.621475102612749,0.457871928345412,0.530322436708957,0.820078764110804,0.88320142053999,0
0.626601717201993,0.155818432569504,0.202309215441346,0.520144175505266,0.259069870691746,0.494841927895322,0.121476200642064,0.0466996629256755,0.287227613851428,0.411213369807228,0
0.365499352570623,0.249913629377261,0.609773739706725,0.963797401636839,0.602236990118399,0.979613474570215,0.0263931124936789,0.937952478881925,0.739716067677364,0.352679090807214,0
0.129024849040434,0.176752590807155,0.882702397182584,0.439603905193508,0.489050066098571,0.622518939897418,0.314781261608005,0.988884717226028,0.505767605500296,0.747073585400358,0
0.131308176321909,0.461311675608158,0.982807954773307,0.344629267929122,0.467413554200903,0.805371337104589,0.376076992833987,0.396763884229586,0.30109304911457,0.796650073723868,0
0.105933475773782,0.873594356933609,0.976746696745977,0.901406758464873,0.830949579132721,0.535368200391531,0.318817129125819,0.455599101725966,0.0566564442124218,0.356615253956988,0
0.0409635587129742,0.347900300752372,0.310536636738107,0.963224526960403,0.315468844491988,0.501774972071871,0.362706009298563,0.952674147905782,0.58909653685987,0.935035160975531,0
0.835137932328507,0.0836540847085416,0.429147725226358,0.883323739981279,0.738951249280944,0.30247120372951,0.996614619391039,0.6366584491916,0.589312376454473,0.819525826256722,0
0.361207779962569,0.0935677146857604,0.0745514261070639,0.722993371076882,0.867167991120368,0.975339720258489,0.490129170008004,0.219627940328792,0.467974984785542,0.21702397451736,0
0.142114981776103,0.909259302308783,0.0177966009359807,0.0796551620587707,0.0485298116691411,0.44044344779104,0.621453332714736,0.947310229064897,0.48555569909513,0.291146171512082,0
0.683656580280513,0.344090194674209,0.209312179824337,0.231047217966989,0.867519752820954,0.733293052064255,0.740759462118149,0.467719473643228,0.764979304280132,0.803901897044852,0
0.0386409647762775,0.873248110292479,0.618801394710317,0.458486509742215,0.44014824135229,0.635626516537741,0.357038072310388,0.416053389199078,0.397411585552618,0.190270665567368,0
0.0975235115708783,0.137336572166532,0.805935653392226,0.739955231081694,0.456414677435532,0.456053550122306,0.115452299127355,0.289656206034124,0.220047166803852,0.20985867944546,0
0.176431115018204,0.520278366748244,0.302360978443176,0.726863008923829,0.618857810506597,0.312751802615821,0.00433620368130505,0.953723051119596,0.746992127271369,0.916631028987467,0
0.509065430378541,0.0637340658903122,0.182414446724579,0.287696305662394,0.370841445634142,0.365274948766455,0.213834753492847,0.251744008390233,0.227155744796619,0.355014747707173,0
0.1712038381177,0.31422996846959,0.471004701917991,0.842800749232993,0.0725046894513071,0.68128995038569,0.878816192038357,0.889841350261122,0.186360408551991,0.274504533037543,0
0.128661482129246,0.73201110959053,0.553268661024049,0.779498319607228,0.731684555765241,0.542477286886424,0.874409284908324,0.474914093269035,0.447051849681884,0.473128453595564,0
0.155629503075033,0.592789224581793,0.308387439697981,0.092333146603778,0.179462534608319,0.937130689620972,0.0548662429209799,0.546282555442303,0.0626997917424887,0.716167111415416,0
0.235489725940302,0.417906797258183,0.481486296281219,0.998813865007833,0.191212468780577,0.216920411912724,0.948191744973883,0.970455243717879,0.453615991398692,0.59043618501164,0
0.273110676627699,0.20036157919094,0.796657018829137,0.562948152422905,0.676845367532223,0.362010619603097,0.173381946049631,0.918481304543093,0.894056024262682,0.00832655490376055,0
0.00607682508416474,0.827556028263643,0.707036248641089,0.757926748599857,0.414799703285098,0.180040702223778,0.155417189467698,0.452408619690686,0.209293864434585,0.876095792744309,0
0.270126288058236,0.208374466514215,0.957915049511939,0.672373475739732,0.595115950796753,0.358795870095491,0.561562143266201,0.301136563997716,0.19303486822173,0.61333020334132,0
0.0795356228481978,0.27466917411238,0.148718978976831,0.730068752774969,0.685910677537322,0.988159943139181,0.322454930050299,0.235055079683661,0.679395465180278,0.54471069178544,0
0.0462757500354201,0.139670222997665,0.539383500581607,0.994566855719313,0.104450544109568,0.755272320238873,0.821693407604471,0.0296550786588341,0.930481224320829,0.428197911707684,0
0.539079470327124,0.272167166742124,0.891101433895528,0.667851685546339,0.878172925207764,0.237853804603219,0.587890875292942,0.177885510725901,0.876531431917101,0.432854443090037,0
0.291803063359112,0.733508462551981,0.437343827914447,0.417405708227307,0.1365328989923,0.899932029191405,0.486629534047097,0.961320464033633,0.372908643214032,0.836039213463664,0
0.347753677405044,0.200852376408875,0.938117044977844,0.965707522118464,0.844557129079476,0.598340831929818,0.30503189470619,0.386359510011971,0.541730745695531,0.504860097542405,0
0.884727914817631,0.232824252313469,0.0198542184662074,0.646473109256476,0.0458762310445309,0.503286672290415,0.156726490007713,0.217697550309822,0.754627939546481,0.192056008148938,0
0.619752850849181,0.29915406787768,0.142628287663683,0.151419825153425,0.433464916190132,0.903905288781971,0.33836534852162,0.667353296652436,0.899522010236979,0.856230267556384,0
0.135034592918027,0.293009391054511,0.954021637327969,0.654541844967753,0.144318691920489,0.132155747385696,0.426512877456844,0.138347849715501,0.12063214648515,0.235546174226329,0
0.318988503655419,0.0969472201779485,0.861469669966027,0.458511144155636,0.150758706964552,0.536974073853344,0.618561730952933,0.250552120851353,0.407561104977503,0.501599965151399,0
0.134096572641283,0.234345087781549,0.483747182646766,0.603670681361109,0.188644507201388,0.809873724356294,0.846416629385203,0.307515359483659,0.924118887633085,0.875283906701952,0
0.242582976352423,0.680691170040518,0.348228099755943,0.642948625376448,0.586118893697858,0.0151444848161191,0.255044178571552,0.161410342436284,0.27983126253821,0.0740635867696255,0
0.025725350016728,0.913903288077563,0.240131615195423,0.191947127925232,0.890848083654419,0.740526202600449,0.501573947491124,0.949694566894323,0.663990871747956,0.162200615508482,0
0.280998253962025,0.237398072328046,0.454032141715288,0.645231701666489,0.409200751688331,0.781151600647718,0.644904515473172,0.753549076616764,0.808847760083154,0.550718566868454,0
0.103745887521654,0.367981098592281,0.528303765226156,0.955332270357758,0.145798237295821,0.965317402500659,0.684997983044013,0.57702426193282,0.306131529388949,0.583484933944419,0
0.761870460119098,0.114052703836933,0.0367982657626271,0.354508398566395,0.632837037090212,0.0167703253682703,0.66157603263855,0.0573310679756105,0.36706226458773,0.46548687829636,0
0.0657367438543588,0.0965764237493277,0.202811888419092,0.881726749474183,0.0761886711698025,0.668307520216331,0.489548269193619,0.652131323236972,0.359914350323379,0.35658275289461,0
0.164461169421673,0.212407318875194,0.215528741246089,0.286904955981299,0.576064970111474,0.67437828052789,0.738770946627483,0.170005489839241,0.79908519028686,0.210894120158628,0
0.083892566151917,0.400691521819681,0.551752149360254,0.759355297777802,0.611534008290619,0.677336496999487,0.16751297400333,0.0318779211957008,0.558190633775666,0.856908828718588,0
0.612643647240475,0.208582348873094,0.989150971639901,0.031034508254379,0.870113402139395,0.230403047520667,0.86154124350287,0.28278315346688,0.744554936653003,0.709051861893386,0
0.0899606675375253,0.34149198490195,0.316628304310143,0.766237723641098,0.698920249706134,0.337737951893359,0.0188504182733595,0.966465383768082,0.999299613758922,0.0991185759194195,0
0.542449825210497,0.308963689953089,0.74706494086422,0.224360513035208,0.296997255412862,0.751966930460185,0.805528973229229,0.385561952600256,0.270233215996996,0.0126960859633982,0
0.0906972344219685,0.601269701961428,0.0240911822766066,0.514993629185483,0.835978297051042,0.99619032908231,0.0390728136990219,0.324430903419852,0.0977955595590174,0.343499684939161,0
0.774032621877268,0.261997883539647,0.96048601041548,0.380254406249151,0.284770959988236,0.478576736757532,0.952436092542484,0.811587376287207,0.878437738399953,0.349942602217197,0
0.44515562360175,0.0448546311818063,0.384919414529577,0.0556496793869883,0.929519412340596,0.00683104712516069,0.827713144011796,0.590439315186813,0.44113798555918,0.214808652643114,0
0.341752777785063,0.873731505824253,0.267248660791665,0.930537034757435,0.0563823867123574,0.889225374208763,0.611934666754678,0.140396561007947,0.816084277816117,0.180232959566638,0
0.527255773311481,0.198021746473387,0.909837837098166,0.0613261517137289,0.154781497083604,0.990534975659102,0.17710249312222,0.920399554539472,0.664598806994036,0.218334834789857,0
0.84429336595349,0.193079154239967,0.980989611009136,0.338994529796764,0.377530186902732,0.502464635996148,0.997779419180006,0.118066888302565,0.399721395689994,0.466423786245286,0
0.120667822659016,0.324223055969924,0.0799469884950668,0.727537187049165,0.959440371254459,0.764981192070991,0.752354193013161,0.673343969276175,0.945760665694252,0.498959010234103,0
0.177951892372221,0.209146169597656,0.0611933232285082,0.148589635267854,0.15497779706493,0.51908290758729,0.0739279568661004,0.629965702071786,0.993294987129048,0.239193065557629,0
0.90363423503004,0.224250605967455,0.57742701517418,0.973716272274032,0.468034006189555,0.372805019374937,0.120723264059052,0.952755734557286,0.533062120201066,0.338322872295976,0
0.0399817870929837,0.463711247779429,0.0646417131647468,0.988467707764357,0.256827639648691,0.465357651002705,0.013625847408548,0.136928349267691,0.752314999466762,0.218984158243984,0
0.373667071806267,0.263900110498071,0.90962443407625,0.4906398919411,0.525748373474926,0.327124834991992,0.404117616359144,0.589522029040381,0.136889350833371,0.385487171122804,0
0.0954293420072645,0.0230711749754846,0.0478980375919491,0.412034364882857,0.715151488315314,0.947150233900174,0.711029167287052,0.622884897980839,0.557538780849427,0.719809087691829,0
0.585517005529255,0.0327626310754567,0.690370309632272,0.869017198914662,0.691708249971271,0.060774012003094,0.437520619481802,0.690343757392839,0.0663270263466984,0.386177904903889,0
0.246723520802334,0.320480132941157,0.736015045782551,0.434344556415454,0.717068281956017,0.446621912298724,0.397478206316009,0.943867596797645,0.313117237994447,0.195014735450968,0
0.282688360153232,0.673151585040614,0.372850452316925,0.200306405546144,0.111903087468818,0.572358466684818,0.589124386431649,0.677789786830544,0.896257350686938,0.969697424676269,0
0.761247562710196,0.165177571820095,0.613836265634745,0.0510681190062314,0.359973921440542,0.895100614521652,0.575683302246034,0.0725044475402683,0.865967211779207,0.249445831403136,0
0.366086848345492,0.305173696018755,0.998162644682452,0.326697670621797,0.842296103015542,0.692875578301027,0.237337733618915,0.663232402876019,0.374571212334558,0.615461982088163,0
0.121080956654623,0.607185420347378,0.360594287514687,0.336668255273253,0.909274095203727,0.0313464233186096,0.570481788832694,0.65708174649626,0.269008177565411,0.943709882674739,0
0.368575554108247,0.0352822532877326,0.946620345814154,0.245024082716554,0.786542232846841,0.716622140258551,0.0347383716143668,0.928322209510952,0.15148110804148,0.397291217930615,0
0.098161406815052,0.587240222841501,0.524193427758291,0.33218316314742,0.834677760023624,0.0547295035794377,0.380621155025437,0.652933511184528,0.525834841188043,0.789425934432074,0
0.134568396333978,0.656663813861087,0.790863526752219,0.790091756731272,0.255842982325703,0.384042806690559,0.687175962608308,0.189171721925959,0.36512426729314,0.753430814947933,0
0.588542277226225,0.100182562367991,0.295166053343564,0.522923403186724,0.568307814886793,0.112164221704006,0.743003043346107,0.165608709445223,0.881115259835497,0.0414822038728744,0
0.217181415995583,0.0126397577114403,0.441958251176402,0.697216343134642,0.832105867099017,0.137269240804017,0.505952896084636,0.586564170196652,0.159893150674179,0.433992428937927,0
0.248806453403458,0.310404224786907,0.333669928368181,0.130563243757933,0.664675534470007,0.191080652177334,0.947512046433985,0.758337729610503,0.210112895816565,0.741244465345517,0
0.226553228450939,0.239817612338811,0.678414608351886,0.902664181077853,0.850162418792024,0.958369224797934,0.877511639147997,0.446244623046368,0.512566038873047,0.700965614523739,0
0.0331309020984918,0.417424833169207,0.859530499670655,0.0697797490283847,0.0833364697173238,0.912940162234008,0.676257797516882,0.328715425916016,0.175661397399381,0.798281624913216,0
0.271402917103842,0.49305534386076,0.004396514268592,0.732895411318168,0.663610626477748,0.00982279772870243,0.86286863964051,0.340043252101168,0.216611525276676,0.661218875087798,0
0.289102610433474,0.373909340938553,0.986053834203631,0.499045189004391,0.8160236524418,0.952328722691163,0.497846138430759,0.360357188154012,0.0831944614183158,0.723846974316984,0
0.185653649827745,0.822957770200446,0.312798291677609,0.136479411274195,0.90759912179783,0.778521137312055,0.287311632419005,0.556164868641645,0.71205498278141,0.761379819130525,0
0.830404729582369,0.136943819389679,0.226611808175221,0.129477754700929,0.218433049507439,0.924099039752036,0.684099283767864,0.220698337769136,0.0344132338650525,0.816901974380016,0
0.5266604621429,0.229484317358583,0.87587201083079,0.581628524232656,0.109538015443832,0.915766481310129,0.00332301016896963,0.0939148534089327,0.645145823247731,0.168687116820365,0
0.09259825036861,0.283356567844748,0.345835097832605,0.806103317067027,0.677648453740403,0.121372643625364,0.623296428937465,0.694525870261714,0.2686826614663,0.233749562175944,0
0.164233990712091,0.290737019386142,0.337585238274187,0.887625839794055,0.546140055637807,0.24312955304049,0.61522145406343,0.141740071354434,0.607975220773369,0.85513814445585,0
0.38069620449096,0.264520189724863,0.873535573948175,0.762643206398934,0.00215380219742656,0.247701358050108,0.658600111259148,0.583608826622367,0.60026576067321,0.462086589541286,0
0.973034357884899,0.302571091800928,0.640463996678591,0.505179561674595,0.231105329003185,0.673677262617275,0.751053629210219,0.430777272209525,0.0632020777557045,0.591906218556687,0
0.133697401895374,0.60202479432337,0.675716622034088,0.275073320837691,0.00671771029010415,0.581207767361775,0.11843747436069,0.441501968540251,0.117740161251277,0.514391584787518,0
0.294748254291434,0.770050783175975,0.669777815695852,0.0200023311190307,0.211187436012551,0.910555839072913,0.466845366638154,0.520684103248641,0.212908749002963,0.440018727676943,0
0.27483267756179,0.716786190867424,0.222434449708089,0.310074270702899,0.715810045832768,0.321915655164048,0.477606678614393,0.380167676368728,0.0206938316114247,0.486472629476339,0
0.358535575913265,0.69853776996024,0.157860385719687,0.850410119863227,0.59900715877302,0.987242646049708,0.746914249612018,0.219695262378082,0.555277928011492,0.433147911680862,0
0.375043414533138,0.761697877198458,0.582435935270041,0.387735023163259,0.362609916366637,0.969140600180253,0.475329473614693,0.966062704101205,0.84136866685003,0.866740674013272,0
0.638652405934408,0.242727780152578,0.843679598765448,0.2091876254417,0.812641348224133,0.663917443482205,0.678880609106272,0.0667481636628509,0.839634870644659,0.895653437357396,0
0.0237403137143701,0.400571163278073,0.638491603313014,0.180081567028537,0.795640617376193,0.314823497552425,0.563757590018213,0.15809896029532,0.433668985962868,0.251747336937115,0
0.238738526101224,0.23455999023281,0.115083369426429,0.979090161155909,0.471664171200246,0.681669342098758,0.245305297197774,0.452259826939553,0.782847523922101,0.421199219534174,0
0.307357734040916,0.540169304935262,0.667821990326047,0.313536947127432,0.972568693803623,0.356015460798517,0.451198015594855,0.909312729956582,0.398811763618141,0.551389127969742,0
0.0248572644777596,0.158404644578695,0.74877812853083,0.325006270781159,0.2938427105546,0.036238317610696,0.94254684727639,0.684270980535075,0.310824879445136,0.742759233573452,0
0.746286922134459,0.113855738965236,0.711811170913279,0.762368905823678,0.775905871298164,0.163237250642851,0.245126440888271,0.745773389004171,0.745324025163427,0.0897010271437466,0
0.186095151036698,0.831819571089,0.852802074514329,0.725103669567034,0.506624458823353,0.813745985273272,0.230300845112652,0.719800635706633,0.699574612313882,0.628310688305646,0
0.811892263125628,0.0360150209162384,0.487284319708124,0.80452103773132,0.40586854936555,0.360287396470085,0.509398665046319,0.744340678676963,0.351937316125259,0.739204785320908,0
0.00173980471743271,0.149368066107854,0.764969341689721,0.801760395755991,0.794768478022888,0.0121338756289333,0.745595408370718,0.952460593078285,0.719899649033323,0.63388392329216,0
