"1","2","3","4","5","6","7","8","9","10","class"
0.327509259339422,0.797664840938523,0.986828492721543,0.402629683027044,0.709363968577236,0.407837628154084,0.979964195517823,0.0441822034772485,0.764518305426463,0.540669926907867,0
0.682927733565308,0.848560914164409,0.2192641668953,0.318785629235208,0.884133025305346,0.496473325649276,0.599343431182206,0.172993796877563,0.155125637771562,0.833724027266726,0
0.0701799027156085,0.390568785835057,0.459534341935068,0.986959533765912,0.27677762042731,0.912777017802,0.150660721119493,0.59631207655184,0.592417067382485,0.994960619602352,0
0.274445193819702,0.53502288274467,0.291266599437222,0.466232098406181,0.67339384672232,0.383657268015668,0.595541231334209,0.405619473895058,0.299876584671438,0.20046234340407,0
0.687571757938713,0.511679730610922,0.452970957150683,0.862536846427247,0.530084426747635,0.97127183759585,0.565729383379221,0.230410687392578,0.605551022803411,0.314360353164375,0
0.00944643863476813,0.988858411088586,0.696555351139978,0.30380132352002,0.348363710800186,0.638771218247712,0.249859642703086,0.798756875330582,0.895713791484013,0.374211570713669,0
0.436344720656052,0.344284502323717,0.471763480687514,0.740124472416937,0.708219495369121,0.781868321355432,0.234392153099179,0.615441964939237,0.775618743617088,0.409711882239208,0
0.0976812255103141,0.34060927387327,0.887116155354306,0.685336989583448,0.308578265598044,0.511496245395392,0.727114676265046,0.602706783916801,0.365124224917963,0.761582527076825,0
0.925895957509056,0.186110226437449,0.780953428009525,0.721834787167609,0.0899294754490256,0.593066891888157,0.117922673234716,0.634948758874089,0.748110855929554,0.294663597596809,0
0.34881307487376,0.713267392944545,0.842706936877221,0.432234084932134,0.454841619357467,0.626783388433978,0.492184989387169,0.382212265394628,0.573400808032602,0.0840993316378444,0
0.140383644262329,0.128963499562815,0.0100066482555121,0.0513002902735025,0.360072035575286,0.247661262517795,0.460412785643712,0.225642046425492,0.398207158315927,0.506359610473737,0
0.585865304106846,0.279450086411089,0.228662292473018,0.309243706520647,0.0223358818329871,0.519346166402102,0.101749090244994,0.124507819069549,0.270385455572978,0.114968905458227,0
0.989671863382682,0.162462514359504,0.567680560518056,0.140557336620986,0.498382605146617,0.603837813949212,0.425228146603331,0.82119854609482,0.756695686839521,0.76010019867681,0
0.740598851582035,0.0280255787074566,0.325997435720637,0.579519537976012,0.494454210856929,0.454081021947786,0.347310096956789,0.609994239639491,0.78676347178407,0.221475641010329,0
0.63228911603801,0.541308638639748,0.649480086984113,0.137777506373823,0.390844159759581,0.860790140461177,0.0433042405638844,0.0279912918340415,0.408597880043089,0.702790349721909,0
0.215875948313624,0.75614588917233,0.341507187345996,0.0894578425213695,0.439093908527866,0.202890286687762,0.60341211874038,0.240315035451204,0.248236651299521,0.105854055378586,0
0.206752888858318,0.28772586863488,0.140123336110264,0.591963060433045,0.772697367006913,0.257332836510614,0.0765005827415735,0.590507560409606,0.864542572293431,0.19340163609013,0
0.734660997753963,0.0675297093112022,0.881230359198526,0.529897048138082,0.611273160669953,0.353907541371882,0.669980174861848,0.309247573604807,0.835177345201373,0.518439010018483,0
0.796841368079185,0.756297001149505,0.368196294642985,0.33192587364465,0.216053920332342,0.84378047613427,0.385297677945346,0.141881143208593,0.495995014440268,0.232234035152942,0
0.752629971830174,0.915123724378645,0.274907884886488,0.297355461400002,0.131634754827246,0.906244417186826,0.659073411719874,0.537352937040851,0.455401979619637,0.482590278843418,0
0.311796413036063,0.472179134376347,0.284574749413878,0.776872973190621,0.263636834453791,0.713816544273868,0.607067571021616,0.752451390028,0.603883006842807,0.845496630994603,0
0.596071352018043,0.786320118699223,0.248882525134832,0.18479391746223,0.419073048513383,0.30624759872444,0.472714782692492,0.0113409673795104,0.9142744501587,0.267587915295735,0
0.605059184134007,0.2069923854433,0.351995083969086,0.221472672652453,0.924365613609552,0.0450179299805313,0.0365617412608117,0.249078666558489,0.0888772029429674,0.733243940165266,0
0.267950629582629,0.179225068772212,0.0546643710695207,0.219769185176119,0.38650126173161,0.713560604257509,0.133168112486601,0.127354312222451,0.951913320459425,0.418040599441156,0
0.337473511695862,0.0772521812468767,0.822998790303245,0.32218568585813,0.457672689342871,0.880809550173581,0.598331170389429,0.478899352485314,0.791205985937268,0.971877392847091,0
0.608293084660545,0.190142997773364,0.276586379623041,0.26757206954062,0.408911754610017,0.351593626663089,0.099570726044476,0.132288993569091,0.317541647236794,0.459363533183932,0
0.111794674070552,0.602156347362325,0.587178895017132,0.12498707533814,0.0134970154613256,0.430229390738532,0.864464845275506,0.429691282100976,0.920984417432919,0.232584773097187,0
0.254794219974428,0.538939910475165,0.148023976245895,0.387289305450395,0.239303811220452,0.669413148425519,0.160114073660225,0.649886824889109,0.59693641657941,0.753022655611858,0
0.250385574065149,0.95231328648515,0.722441378049552,0.698295589769259,0.68629080732353,0.897100289352238,0.857900486793369,0.623285730369389,0.46979294414632,0.445012186886743,0
0.550280891126022,0.705982736544684,0.514985248679295,0.563396109268069,0.832375642843544,0.760966568021104,0.182462472002953,0.758081036852673,0.220315257553011,0.584944790927693,0
0.321075696963817,0.837150795850903,0.592748090159148,0.435581274796277,0.579461594810709,0.979493860621005,0.0768312301952392,0.0971171257551759,0.0535799353383482,0.0544767254032195,0
0.556692355545238,0.0948182565625757,0.227072405861691,0.663948848843575,0.501860377145931,0.253236197866499,0.203693886520341,0.983947270084172,0.991893597645685,0.90114076831378,0
0.545128577621654,0.490990586113185,0.946568170795217,0.695389128057286,0.320138458162546,0.974065047455952,0.926428089151159,0.575990550452843,0.600825669476762,0.170602242695168,0
0.0779081250075251,0.714878781931475,0.40900288335979,0.529258475638926,0.874252104898915,0.100636852905154,0.00808113510720432,0.0623975365888327,0.822476201225072,0.365064039360732,0
0.569628876401111,0.512430941220373,0.434645492816344,0.324041055515409,0.549354907823727,0.501325813587755,0.279986367560923,0.645390400197357,0.497097226325423,0.834934425540268,0
0.581976359011605,0.0457553553860635,0.532941917190328,0.424685943173245,0.466796594206244,0.476411356823519,0.76273737102747,0.423472315771505,0.34347439953126,0.212088640313596,0
0.422016117256135,0.132657926063985,0.317450064700097,0.461111733457074,0.634547575144097,0.750298593193293,0.149241931270808,0.65984329325147,0.688394879922271,0.0834620406385511,0
0.731930456357077,0.964372732443735,0.280083109624684,0.200169627321884,0.532506541581824,0.690796892857179,0.163863141555339,0.105822104495019,0.502423176774755,0.628322192234918,0
0.739061317406595,0.423126532929018,0.314065559534356,0.753087787656114,0.344178376020864,0.0956333423964679,0.942574305227026,0.830003843875602,0.765052709728479,0.766551558393985,0
0.629621468950063,0.519957351731136,0.335458082612604,0.71788397221826,0.57172576431185,0.00996215804480016,0.712024289183319,0.900999589357525,0.333763224305585,0.856772100087255,0
0.71206056792289,0.986505353590474,0.156475745839998,0.695063182618469,0.456497470382601,0.210947880055755,0.641330876853317,0.584569659084082,0.203035092679784,0.178319057682529,0
0.288099410012364,0.734813818242401,0.0667520463466644,0.646056125871837,0.930620467057452,0.148226171266288,0.0181527466047555,0.499078045133501,0.417868148302659,0.117180282715708,0
0.746460271300748,0.967691472033039,0.971458418294787,0.596854611998424,0.902826952980831,0.0875171590596437,0.706624057143927,0.425512049812824,0.955204830970615,0.239873744314536,0
0.148007957730442,0.235075687989593,0.998299947706982,0.182781773852184,0.894792494131252,0.910141364205629,0.782231842167675,0.45777300093323,0.117410767590627,0.202783333836123,0
0.0535439407659695,0.856078423326835,0.857245998457074,0.812624368816614,0.707901317160577,0.847382962703705,0.554352828767151,0.904909386299551,0.255170153453946,0.669513385975733,0
0.0295429409015924,0.553140822565183,0.60224336036481,0.618831122061238,0.211772576672956,0.642812064150348,0.585149843012914,0.624341085320339,0.449900061357766,0.291929059894755,0
0.499125692527741,0.60957309580408,0.414854367962107,0.641306531149894,0.605284951627254,0.496704416815192,0.770686938660219,0.742571371607482,0.682250962127,0.750400164863095,0
0.382406068732962,0.939326543128118,0.135336908278987,0.635074242250994,0.483071109512821,0.458154702093452,0.923932922072709,0.650097470264882,0.692867760546505,0.101284440374002,0
0.204798858612776,0.761045424966142,0.533755865646526,0.522400861373171,0.515114935580641,0.584117159480229,0.508258108049631,0.0816573449410498,0.767001706641167,0.759860139572993,0
0.684311559190974,0.901666657766327,0.1904064535629,0.941707571968436,0.798979635583237,0.535152963595465,0.869666213635355,0.336460944032297,0.537858388386667,0.855017492780462,0
0.689507198752835,0.628362280316651,0.81457491312176,0.599512451793998,0.167259324807674,0.466497402871028,0.74354687705636,0.99638932896778,0.723022266058251,0.480158539954573,0
0.638841534266248,0.231631655944511,0.994961178861558,0.371118330396712,0.880080438684672,0.303322340361774,0.441881222417578,0.4155410497915,0.496253764489666,0.539031383115798,0
0.389856405323371,0.897624700563028,0.0328825761098415,0.313649646239355,0.564531209878623,0.908963564084843,0.469469103263691,0.0788111691363156,0.626844411715865,0.599671547301114,0
0.136060519143939,0.598666291218251,0.586330458754674,0.37686098436825,0.487730647437274,0.378841120749712,0.098868424538523,0.920892446767539,0.47757864673622,0.217818988254294,0
0.0758039262145758,0.794024530332536,0.796557196881622,0.999942069407552,0.186187620740384,0.684051163960248,0.52613999415189,0.7598127045203,0.77769565442577,0.826831399463117,0
0.577001390745863,0.62555121560581,0.101093421922997,0.908506189705804,0.732681464171037,0.348755893064663,0.698487232206389,0.144341421313584,0.865151064004749,0.173067299416289,0
0.126326835714281,0.114341913489625,0.0388822490349412,0.112047883914784,0.76381584838964,0.446758516831324,0.61583615001291,0.786532229045406,0.627266704104841,0.853800358250737,0
0.951407843735069,0.349750375375152,0.752376959659159,0.992004378931597,0.981317555531859,0.154945248970762,0.583170183235779,0.442731931107119,0.200987707590684,0.901512833544984,0
0.346322612138465,0.640721925767139,0.881311633624136,0.72632586536929,0.767238188767806,0.194191738730296,0.0924184317700565,0.946325413417071,0.629935570526868,0.987203602911904,0
0.509661349700764,0.161082210484892,0.379067849833518,0.481850456213579,0.0369102002587169,0.205540483817458,0.76821483229287,0.145617020083591,0.298395076999441,0.921372150536627,0
0.955441747559234,0.770377982640639,0.880374418571591,0.174888998968527,0.231549934018403,0.442741382168606,0.861124685732648,0.122588429832831,0.465551911154762,0.0811960462015122,0
0.0411719258408993,0.0369411266874522,0.73341201338917,0.86328665772453,0.112344733206555,0.909271866083145,0.696607444435358,0.942547039594501,0.323311184765771,0.663670958252624,0
0.337148799560964,0.370348814874887,0.0694268345832825,0.244782590074465,0.804243018617854,0.812540692510083,0.103294094325975,0.879335387609899,0.505534917348996,0.296387617941946,0
0.810697415843606,0.10099962959066,0.216081336839125,0.354941046796739,0.644967724801973,0.237013659905642,0.0997495378833264,0.259708596393466,0.185688155004755,0.959554833360016,0
0.887863234151155,0.0250074239447713,0.62937505915761,0.558696900028735,0.494868745561689,0.825602266471833,0.547975132474676,0.478398905135691,0.77314576995559,0.426099452655762,0
0.715325872180983,0.146199910435826,0.282950868597254,0.32390257762745,0.191536697093397,0.188756770221516,0.997103430563584,0.481703849276528,0.322612604824826,0.809179451316595,0
0.775485208258033,0.715794211719185,0.477654241258278,0.567888574209064,0.246633292641491,0.99787014699541,0.274618870811537,0.691456048516557,0.324456478003412,0.0433474406599998,0
0.523193325381726,0.627693342510611,0.902020191540942,0.545366535428911,0.274991860846058,0.970593876671046,0.714349571149796,0.386009559035301,0.641991695621982,0.601444913772866,0
0.567039327463135,0.958640269935131,0.295139983296394,0.462321891682222,0.3923875677865,0.235228901728988,0.157846531132236,0.0641606391873211,0.30521734780632,0.594068681355566,0
0.429882300086319,0.440837628673762,0.348675630288199,0.0367619739845395,0.305897258222103,0.290007970761508,0.00942593137733638,0.655473972903565,0.327237752731889,0.993823271244764,0
0.407015995355323,0.0530588077381253,0.731747990241274,0.639836069196463,0.424811593722552,0.561036277096719,0.185837760334834,0.725673949113116,0.435839825309813,0.781223831931129,0
0.384496478829533,0.956610267050564,0.596126498421654,0.360724578145891,0.504887462826446,0.585663156118244,0.223668009508401,0.0985040781088173,0.387613497441635,0.18970795860514,0
0.478483751881868,0.844090424710885,0.2464709430933,0.674932368798181,0.795315256807953,0.813099646242335,0.0187194992322475,0.537586065009236,0.419117154320702,0.0194954015314579,0
0.755195344332606,0.999444741290063,0.296682498417795,0.696110141463578,0.149082886520773,0.0170186967588961,0.966075275791809,0.835236655082554,0.42681869585067,0.758035559207201,0
0.0697443783283234,0.630357921821997,0.61614698683843,0.809324405621737,0.0438340334221721,0.139619827736169,0.106071413727477,0.135760967852548,0.608446284662932,0.883382466156036,0
0.351279938593507,0.211562117328867,0.482197041157633,0.746162427589297,0.184531694510952,0.391625232063234,0.339330627582967,0.100850206566975,0.217034261440858,0.733704990241677,0
0.247083067661151,0.597375541459769,0.996305919717997,0.995311291655526,0.521816228283569,0.887964547844604,0.466215832391754,0.99360058712773,0.135454587638378,0.127859887667,0
0.232869850005955,0.997798712225631,0.292790558189154,0.57452999567613,0.393673671642318,0.953283169539645,0.0877262090798467,0.896485476987436,0.4025400117971,0.310122772818431,0
0.387739281635731,0.853579240618274,0.741671559866518,0.655250910436735,0.564525154419243,0.980561781208962,0.836003985721618,0.726367626106367,0.117789460113272,0.732453441945836,0
0.496661876793951,0.523190604988486,0.350680093746632,0.0300590340048075,0.351879638619721,0.73842232581228,0.349973018281162,0.412480150349438,0.670032802270725,0.423577463487163,0
0.161462440621108,0.394672930706292,0.836520302807912,0.733014103956521,0.946613926207647,0.156851824838668,0.914926624856889,0.343663466628641,0.931489072972909,0.926356552401558,0
0.805128703592345,0.247248944826424,0.0748010871466249,0.28071847348474,0.962690680054948,0.715768018970266,0.531173581024632,0.290418600663543,0.753788062138483,0.56561981048435,0
0.674264641711488,0.726920244283974,0.924673824338242,0.10249928990379,0.746489458251745,0.389593348605558,0.204415529035032,0.338993567507714,0.716281887376681,0.0616167907137424,0
0.152187572792172,0.895075935404748,0.991547287208959,0.177447562804446,0.518630151404068,0.970115281408653,0.87663449626416,0.212612556992099,0.677973179146647,0.205267858458683,0
0.777406453853473,0.229985230369493,0.694280910072848,0.463169417344034,0.933346903184429,0.960389919579029,0.437737400177866,0.718290707562119,0.793501748237759,0.254748111590743,0
0.898057502694428,0.441939511336386,0.455593219259754,0.93257074104622,0.944011064944789,0.88306286232546,0.805330015718937,0.020764427492395,0.358994936803356,0.537288293242455,0
0.610313849290833,0.493393177865073,0.350920359836891,0.700309268431738,0.0634735152125359,0.467143546091393,0.148148978594691,0.770500063663349,0.165201558964327,0.806959836743772,0
0.0599539657123387,0.86305156047456,0.894205964403227,0.468735074624419,0.734883620869368,0.630561384372413,0.146500031463802,0.815169746056199,0.151519846636802,0.63943954766728,0
0.0105876950547099,0.730499976081774,0.210496452869847,0.183809178415686,0.942456742050126,0.309513092506677,0.3940825893078,0.573966193478554,0.115445855306461,0.849016427295282,0
0.404804190155119,0.764022373827174,0.934447309467942,0.0121167071629316,0.46633705846034,0.230503036174923,0.176174380583689,0.0525769626256078,0.692501847399399,0.234114987077191,0
0.551854985998943,0.209046885604039,0.56301030353643,0.856792089296505,0.451482549542561,0.235770866740495,0.323153658304363,0.180234475759789,0.324479878647253,0.199825008166954,0
0.338553626555949,0.324555929750204,0.0594580627512187,0.77966170059517,0.415626128204167,0.381712158909068,0.0112536964006722,0.974221636541188,0.244648405816406,0.675247217994183,0
0.811242253519595,0.462468835292384,0.449164766585454,0.95888858800754,0.484277473529801,0.399145372444764,0.0525328561197966,0.365780872059986,0.409334087744355,0.816986703313887,0
0.563508106395602,0.725685941288248,0.451409426284954,0.5659947716631,0.616366995964199,0.189766237512231,0.108215305721387,0.304989001480862,0.13217330398038,0.906852219486609,0
0.417914024787024,0.553150681545958,0.362069915514439,0.794325396185741,0.329724554903805,0.318481351714581,0.351755631389096,0.0991131886839867,0.148282505339012,0.560597378993407,0
0.459580716211349,0.960793779464439,0.71033481345512,0.488963961834088,0.530774052254856,0.703787166625261,0.990498821018264,0.767675544833764,0.528515666956082,0.264939500484616,0
0.619599721860141,0.491219640476629,0.0851758462376893,0.0961241163313389,0.489617180079222,0.807857402367517,0.944586279336363,0.841280908556655,0.319929357850924,0.674803263507783,0
0.237744568614289,0.0725312600843608,0.730516757350415,0.503107046475634,0.606626780238003,0.735914264339954,0.732846168801188,0.134270085487515,0.881023209542036,0.28223262866959,0
0.142431758809835,0.353543722070754,0.478850883198902,0.714188083307818,0.70128483674489,0.805472055217251,0.820772894425318,0.0620463590603322,0.498202436137944,0.416942445095628,0
0.229264141060412,0.70175039418973,0.97023388184607,0.644954988034442,0.983573231846094,0.298149083508179,0.271863367874175,0.866406416520476,0.427520992700011,0.589242422487587,0
