"1","2","3","4","5","6","7","8","9","10","class"
0.722434687195346,0.17188231786713,0.31063042441383,0.650332121644169,0.779391378397122,0.540621610824019,0.174584814347327,0.10134543152526,0.474717323901132,0.0185883829835802,0
0.160661293563526,0.409535858780146,0.181453391909599,0.486720529384911,0.020906392019242,0.204908889718354,0.856003496330231,0.0510795549489558,0.79055119655095,0.49201604584232,0
0.414205909706652,0.301461092196405,0.430753464344889,0.56958439014852,0.619708267273381,0.509509300813079,0.348917858442292,0.0531336676795036,0.196490278933197,0.0175725468434393,0
0.0199153309222311,0.144749093335122,0.143567579332739,0.168235374847427,0.674598250770941,0.285836434457451,0.847005609190091,0.263911040034145,0.494535154663026,0.274519301019609,0
0.111192000098526,0.121037551434711,0.15185256418772,0.874069108860567,0.129803469404578,0.220643599750474,0.433443031273782,0.0969363688491285,0.236076651839539,0.016839295392856,0
0.342381765833125,0.211870457977057,0.953463536454365,0.228768425993621,0.678716456051916,0.874671001685783,0.140645430190489,0.231498229783028,0.996761002810672,0.678792774677277,0
0.260960308369249,0.0604263937566429,0.687028405023739,0.952062060125172,0.619127641897649,0.366117741214111,0.0336495093069971,0.992586663458496,0.493862550938502,0.822577987099066,0
0.760937522631139,0.134642025455832,0.371370812179521,0.829904642188922,0.657317901961505,0.263497775886208,0.472892194287851,0.0492653399705887,0.28427529707551,0.444225580431521,0
0.764799122698605,0.0906935264356434,0.253229175927117,0.710690395673737,0.521442258032039,0.427333817118779,0.60650685057044,0.474030965240672,0.879638873739168,0.183957583503798,0
0.528650967869908,0.708033900940791,0.111480579478666,0.408390224678442,0.907207090873271,0.895368251251057,0.0451621538959444,0.992105819052085,0.146682869642973,0.631787826772779,0
0.829191815108061,0.244409491773695,0.38147891080007,0.857523182639852,0.13272475101985,0.40934505360201,0.214766385732219,0.337666892446578,0.22674417309463,0.396663136314601,0
0.251761474945862,0.134261673083529,0.803715405752882,0.125916028395295,0.431988387368619,0.655372049659491,0.602677658433095,0.751579848816618,0.888523297617212,0.855616271030158,0
0.655014474643394,0.0619701358955353,0.548234183806926,0.88360861572437,0.346120458329096,0.18413515901193,0.190350643126294,0.594572097063065,0.214705307269469,0.450147745199502,0
0.476055691251531,0.226906399009749,0.428526816656813,0.719748106785119,0.10782904503867,0.773891031742096,0.0575899565592408,0.900500115239993,0.840632184641436,0.793776809005067,0
0.956943177152425,0.215245264582336,0.63009140198119,0.279178258031607,0.168536562239751,0.883132535498589,0.528555755037814,0.854389611165971,0.30792964855209,0.185347717255354,0
0.507245008135214,0.504238644844852,0.992785680573434,0.0414687974844128,0.65995514835231,0.360052006784827,0.814597560558468,0.823604183038697,0.521941744955257,0.105138781247661,0
0.596489404560998,0.361958031542599,0.337044093292207,0.161485047079623,0.134855701588094,0.894625077955425,0.333461053669453,0.0104153079446405,0.924501566682011,0.982596093788743,0
0.31155921285972,0.319313793443143,0.272054303670302,0.373192455619574,0.317226771265268,0.489146238658577,0.685772886965424,0.370981129817665,0.263284461107105,0.764258863637224,0
0.822255305480212,0.226042688358575,0.327798452693969,0.333472142228857,0.475037530530244,0.619800377869979,0.741903332760558,0.977086127735674,0.744395736372098,0.190383207518607,0
0.926970037631691,0.191981862531975,0.887163801118731,0.365928691346198,0.715347996214405,0.0365913801360875,0.761878667399287,0.320695076137781,0.208208827767521,0.65534356283024,0
0.908873745938763,0.33670340740867,0.553442247211933,0.350226008566096,0.0951900342479348,0.830434060189873,0.929623990086839,0.856736470712349,0.974962014472112,0.92921337694861,0
0.111654079053551,0.159162813099101,0.817815509624779,0.635160081088543,0.849144174717367,0.263186992378905,0.471627721330151,0.876541722100228,0.0076106246560812,0.0374515168368816,0
0.539966887985915,0.63131868140772,0.776652783388272,0.0100341259967536,0.835728535195813,0.719343419419602,0.569682255852968,0.0121245859190822,0.523529413621873,0.995906229829416,0
0.0366377558093518,0.40613354742527,0.78413334232755,0.522798978723586,0.370535444002599,0.410195473115891,0.468311481876299,0.701238165143877,0.541673707775772,0.584260099334642,0
0.862126085208729,0.643268481828272,0.714005957823247,0.164561285171658,0.366934881079942,0.0596364084631205,0.996821074513718,0.382778726285324,0.533803528640419,0.748964461963624,0
0.652209530118853,0.685913666384295,0.086782053578645,0.191042728954926,0.941775684943423,0.715858972631395,0.0380445052869618,0.950307324528694,0.441293871728703,0.827272353693843,0
0.437761301640421,0.25372280087322,0.800667762057856,0.127126946812496,0.313150542788208,0.220644956687465,0.508392736315727,0.764087159186602,0.150264812400565,0.480335586937144,0
0.908812630921602,0.18784779519774,0.0839110135566443,0.143873089225963,0.0141440241131932,0.335125877521932,0.544103500898927,0.793205262860283,0.710750607308,0.256936354795471,0
0.497517430223525,0.81536532798782,0.0987955685704947,0.0315765116829425,0.577083993237466,0.767595873679966,0.814356225542724,0.142862480366603,0.474703173851594,0.301855286350474,0
0.0526394988410175,0.659072370268404,0.135169030632824,0.181362747447565,0.480724386172369,0.639428144088015,0.226841850671917,0.924461980350316,0.156967494171113,0.909549430944026,0
0.406365274965763,0.773471471155062,0.111355098430067,0.861869494896382,0.13253606390208,0.645415687467903,0.744881463004276,0.968518344685435,0.772698271786794,0.158498025732115,0
0.975491792196408,0.371907101245597,0.917615589685738,0.523005252936855,0.949983198894188,0.0699609341099858,0.825354089029133,0.563259442802519,0.534385820385069,0.0332985045388341,0
0.304315823671781,0.453282007016242,0.982620812021196,0.93617279198952,0.249849293613806,0.491054654819891,0.843682467471808,0.154111967887729,0.22078689862974,0.431984464405105,0
0.540083460742608,0.434951603179798,0.640999465947971,0.813753698719665,0.916979308007285,0.742330682696775,0.156918935943395,0.711969239404425,0.698618735186756,0.0504152192734182,0
0.834731608396396,0.560246643843129,0.113133188104257,0.382791200419888,0.276066471356899,0.603608758887276,0.37358429050073,0.241347501520067,0.553662557154894,0.0227998150512576,0
0.345236780121922,0.592714197933674,0.526386060053483,0.277644734364003,0.114388250513002,0.543022200465202,0.42322532297112,0.596787508577108,0.312942410586402,0.395891656167805,0
0.364997139666229,0.754695790819824,0.171793305315077,0.0949307880364358,0.609873967943713,0.237025248352438,0.818185365758836,0.735674853669479,0.0368063547648489,0.776391699677333,0
0.638812012271956,0.212986801518127,0.14160699560307,0.00173969916068017,0.0939615215174854,0.735262563219294,0.316237397026271,0.237648535287008,0.576149663422257,0.0125892702490091,0
0.77578707318753,0.383691786089912,0.0470841263886541,0.821628805249929,0.82562786899507,0.369760187808424,0.134840089362115,0.164110352518037,0.916951912455261,0.516637352062389,0
0.638988259946927,0.735140487318859,0.357149995164946,0.719456892693415,0.0487718770746142,0.743226030142978,0.508879767498001,0.503729983465746,0.157794748898596,0.53324751323089,0
0.920608634827659,0.0948860384523869,0.672381905606017,0.603648639516905,0.54192871786654,0.409028643276542,0.00990207516588271,0.291596841998398,0.625641405116767,0.661266128765419,0
0.397262618178502,0.0237359562888741,0.03728400869295,0.828854348743334,0.503684441093355,0.31954907416366,0.859523831633851,0.863693762104958,0.435396681772545,0.91057837032713,0
0.142243622802198,0.405834866278991,0.932215993059799,0.211324862902984,0.839787034550682,0.43351230956614,0.558490993687883,0.432492590276524,0.731705971062183,0.010540910763666,0
0.66987568155909,0.110395835246891,0.301945829531178,0.219612323213369,0.0970098963007331,0.195259950589389,0.62798862811178,0.512736634584144,0.626091808080673,0.888383649289608,0
0.223905325634405,0.90484389429912,0.275199075927958,0.537196919787675,0.322774012107402,0.862576950108632,0.270078094210476,0.684600140200928,0.4818748338148,0.982874795095995,0
0.00503114936873317,0.1032381397672,0.595129377441481,0.546494124922901,0.733943415572867,0.482378868153319,0.388478791574016,0.0072318350430578,0.127254463499412,0.289668708108366,0
0.660421249456704,0.794826598605141,0.181948338169605,0.844688878627494,0.00563615490682423,0.688885896466672,0.933065511984751,0.787994258571416,0.970627379138023,0.789797622710466,0
0.0930058213416487,0.609082809183747,0.744865453802049,0.905208018375561,0.368225596612319,0.31398224295117,0.132500408682972,0.826409487053752,0.576961051207036,0.751597949070856,0
0.138578201178461,0.269883544417098,0.881459554191679,0.462195388274267,0.49872804665938,0.0191760952584445,0.490502084605396,0.571623013587669,0.165831240359694,0.90296232025139,0
0.720310368807986,0.131768610561267,0.92175175412558,0.92873426573351,0.151535701006651,0.268238464137539,0.648858295287937,0.413768444908783,0.564422051887959,0.0230092718265951,0
0.671321168309078,0.773796627065167,0.399398340610787,0.236367563484237,0.162843118887395,0.642301372252405,0.768663558876142,0.525017154403031,0.939781485125422,0.285882794298232,0
0.500900031533092,0.528512550285086,0.861847658641636,0.829430089332163,0.289396239910275,0.352179442066699,0.0191828510724008,0.486357585992664,0.0734555218368769,0.79802059289068,0
0.86653933650814,0.197746865916997,0.363394999178126,0.664467062568292,0.696785307256505,0.49004407483153,0.756379306549206,0.231797338696197,0.0699718112591654,0.0950070722028613,0
0.580710910959169,0.994616450043395,0.0324910772033036,0.89488449296914,0.677053290884942,0.319768432760611,0.684069988550618,0.0611495142802596,0.910435380646959,0.509495109785348,0
0.660319183487445,0.302579409908503,0.427118436899036,0.633035106118768,0.810204476583749,0.188776447204873,0.605047475313768,0.337998742703348,0.276783344801515,0.8767106665764,0
0.677843128098175,0.715098657179624,0.71069919061847,0.332155728945509,0.344338221242651,0.135004968382418,0.51433482975699,0.283798776566982,0.80935777630657,0.488456288585439,0
0.509760706452653,0.0951655590906739,0.43714345805347,0.201372432988137,0.218009748728946,0.177939186105505,0.818390157539397,0.221710354788229,0.293839127756655,0.852453128667548,0
0.651646155398339,0.874182318570092,0.524369559250772,0.0253505834843963,0.294887793716043,0.819958964595571,0.765365277417004,0.871958887670189,0.475127375219017,0.128970857942477,0
0.674832260236144,0.111940298695117,0.316141898278147,0.843844220042229,0.838747865287587,0.44705379079096,0.672280280385166,0.693237889790908,0.978486747480929,0.863992842845619,0
0.345478871837258,0.850478720618412,0.890886780107394,0.305801833979785,0.531551335938275,0.160646420437843,0.815844640601426,0.0179339211899787,0.958068784559146,0.856801024638116,0
0.000379585428163409,0.318429364822805,0.592022443655878,0.605031047947705,0.891808421351016,0.32024659961462,0.760520389536396,0.790600557811558,0.534634516807273,0.06516372715123,0
0.231344194384292,0.903359143529087,0.796001329785213,0.126901210285723,0.544429993256927,0.921492398250848,0.97740272548981,0.852560583036393,0.00708588166162372,0.551109889289364,0
0.726506721694022,0.0319354592356831,0.0203300565481186,0.985033943550661,0.0927133408840746,0.173857937799767,0.477336754323915,0.0603719321079552,0.113190148491412,0.0616416456177831,0
0.916693222010508,0.53434920986183,0.0775853199884295,0.0119568195659667,0.046709120972082,0.734862172277644,0.797997750574723,0.640550579410046,0.596377282403409,0.911142260301858,0
0.763300332939252,0.492295054951683,0.980896691093221,0.0747852241620421,0.93266783375293,0.0484058486763388,0.621795926243067,0.687174080172554,0.349254828644916,0.928699081763625,0
0.745244118385017,0.272664069896564,0.712746703997254,0.415718136588112,0.0504858598578721,0.330079469131306,0.579361357260495,0.421803392702714,0.822861145948991,0.353606217075139,0
0.351303894072771,0.525482552591711,0.308479987317696,0.11541302409023,0.859389058779925,0.0554947261698544,0.468360609607771,0.916525505948812,0.37117010797374,0.257620611926541,0
0.338970365701243,0.806182992877439,0.364406528882682,0.0224920606706291,0.722215992631391,0.533648171694949,0.0287800030782819,0.888494582381099,0.468400916550308,0.0684372505638748,0
0.228888546349481,0.771413443610072,0.139515659073368,0.343445250531659,0.691242843167856,0.872602246003225,0.551827490329742,0.67423795349896,0.947795739630237,0.210506773553789,0
0.289695664308965,0.578567911405116,0.744870168622583,0.37098475615494,0.622265563113615,0.382451196433976,0.913708276115358,0.28149518975988,0.494957867078483,0.669809194514528,0
0.962573479861021,0.178948953282088,0.0131398106459528,0.556104849791154,0.00533719174563885,0.580766547704116,0.924921678379178,0.903667470440269,0.552591309184209,0.321910050464794,0
0.120607948396355,0.54680768866092,0.217857537558302,0.365154970437288,0.84777968400158,0.40027019707486,0.417402500519529,0.721165703143924,0.0517343408428133,0.828459361568093,0
0.170711477752961,0.115679084323347,0.484320496674627,0.178857920691371,0.71233510854654,0.0419015118386596,0.632022259058431,0.372023082571104,0.73230109247379,0.864526310237125,0
0.537088340846822,0.325056963833049,0.450086917728186,0.492810004157946,0.309206792153418,0.638995041837916,0.0516054250765592,0.719327363884076,0.33186973282136,0.132219112478197,0
0.413689304608852,0.12646586401388,0.95512995752506,0.0243303279858083,0.564832998905331,0.95903490181081,0.184097877005115,0.712108887033537,0.205073530320078,0.874070910271257,0
0.591782917035744,0.126338453264907,0.579759572632611,0.131094826152548,0.584028235869482,0.962413966888562,0.941699189599603,0.975614105118439,0.810709773097187,0.646701626246795,0
0.558210054412484,0.871047552442178,0.652872517472133,0.657611293252558,0.35417393874377,0.492624859092757,0.910488460678607,0.371622120728716,0.204525761306286,0.661325924564153,0
0.465388895245269,0.933601370546967,0.784416994545609,0.830373599892482,0.797326633706689,0.0184694982599467,0.446022339165211,0.648297731764615,0.944565264042467,0.457466467283666,0
0.0488016216550022,0.91347898193635,0.411818846594542,0.176659071817994,0.883369304006919,0.870309417368844,0.0838859593495727,0.535451976349577,0.825106448959559,0.169014700921252,0
0.00932882914319634,0.0587491495534778,0.312668670201674,0.47456351830624,0.898381182691082,0.714935103897005,0.740087516838685,0.77971573267132,0.505049584899098,0.0519262794405222,0
0.650355891790241,0.967003789963201,0.564276723423973,0.685635459376499,0.0431883502751589,0.584809784777462,0.804462924599648,0.540000636363402,0.206167686730623,0.341818041866645,0
0.474935814971104,0.781925577670336,0.365243836771697,0.399460052605718,0.85755922482349,0.30742321931757,0.877885051304474,0.601575986715034,0.805143006378785,0.642283199122176,0
0.324424789054319,0.801450572675094,0.975203921087086,0.816199848661199,0.292810570215806,0.456901990342885,0.272852180525661,0.204667230835184,0.397326180944219,0.665751952910796,0
0.2335007970687,0.276419180445373,0.249248715816066,0.360583270667121,0.112693761941046,0.959009380079806,0.278744395123795,0.449829150456935,0.162271718494594,0.193850007839501,0
0.333777469117194,0.926298156613484,0.122276674490422,0.0378176106605679,0.388601501705125,0.88484685937874,0.417599808657542,0.872044815914705,0.0951680445577949,0.166608735220507,0
0.266029024496675,0.470862138550729,0.0458043238613755,0.709589474834502,0.0399284432642162,0.4984489120543,0.381014823447913,0.170346622122452,0.244049244793132,0.500135615700856,0
0.994173029204831,0.330770891858265,0.361354765482247,0.98615173692815,0.0130716755520552,0.751041803043336,0.401630739448592,0.911461143987253,0.139940909808502,0.594740656903014,0
0.144251730758697,0.495835224166512,0.48808949929662,0.515936993760988,0.134864016668871,0.134026093641296,0.270339175825939,0.0332470003049821,0.225427416386083,0.508662265259773,0
0.542393992422149,0.590585080208257,0.85084904381074,0.360974091570824,0.0966692380607128,0.00735491374507546,0.645072484621778,0.247567306738347,0.950852901441976,0.568811514880508,0
0.589889261871576,0.343164931846876,0.469400404021144,0.980698893545195,0.192565752658993,0.642432667547837,0.868040928151459,0.0804204167798162,0.87210355210118,0.139314223313704,0
0.846893988316879,0.372999624116346,0.869879310717806,0.586017588619143,0.987070529721677,0.821934500942007,0.111701998626813,0.389099465450272,0.313811187632382,0.234309206251055,0
0.257219611201435,0.49290857790038,0.371990943094715,0.293403763091192,0.577596293529496,0.677136948332191,0.345543540082872,0.661145617486909,0.0702204687986523,0.533517681295052,0
0.578878945903853,0.993033754173666,0.794099149992689,0.441328877583146,0.534561748616397,0.0587504853028804,0.0853924618568271,0.133380132960156,0.862461230717599,0.898717683041468,0
0.775783325079829,0.358757338253781,0.0840919960755855,0.923967840382829,0.39605309185572,0.914327732520178,0.00945369014516473,0.145948237041011,0.48623662092723,0.548041768139228,0
0.0681605769786984,0.145428885472938,0.11782029690221,0.927016756264493,0.486857381416485,0.754996889736503,0.747539329342544,0.57436608010903,0.29512849682942,0.715245073195547,0
0.544876077212393,0.247997100520413,0.127333731623366,0.265987401129678,0.0620623324066401,0.631363454507664,0.384700122056529,0.40891838259995,0.323137189028785,0.434193684486672,0
0.399919156217948,0.298478596843779,0.985669828485698,0.792943183332682,0.855409661307931,0.944860396673903,0.185295346891508,0.773177785100415,0.572791872080415,0.028536269441247,0
0.723595509771258,0.510530684608966,0.955789498984814,0.445099761942402,0.776807096321136,0.409445351688191,0.0703346999362111,0.877958847908303,0.351504471385852,0.57672761566937,0
0.635822783457115,0.599273702595383,0.415392659604549,0.109586992533877,0.883587478660047,0.429313585394993,0.726270081708208,0.329144690884277,0.556983134942129,0.215799079276621,0
0.650834791827947,0.819715694291517,0.312257018173113,0.791301856283098,0.350244748871773,0.433162132278085,0.205119617283344,0.303954355185851,0.600631644716486,0.179922610754147,0
