"1","2","3","4","5","6","7","8","9","10","class"
0.544724659062922,0.163468253565952,0.0036312045995146,0.785478979349136,0.430367193417624,0.843491978012025,0.541877346113324,0.334097748156637,0.703405459644273,0.799471896374598,0
0.479563374770805,0.740764837712049,0.848979535512626,0.114846747601405,0.474210680928081,0.431195237208158,0.8442044518888,0.119642546633258,0.68943043705076,0.0802169549278915,0
0.287370808888227,0.824681594502181,0.937711243284866,0.751824401784688,0.119059623684734,0.291604496072978,0.430438089650124,0.238671924220398,0.311670444672927,0.884685789234936,0
0.933822897961363,0.770141378045082,0.737234988482669,0.494105235906318,0.713338955072686,0.00401844619773328,0.757535821059719,0.89437989750877,0.0049001092556864,0.0118581445422024,0
0.310360886855051,0.104913095445186,0.160079122520983,0.913215458625928,0.31492167734541,0.0237017360050231,0.978448774199933,0.91923319036141,0.143736148253083,0.643440776504576,0
0.24271698249504,0.601076247636229,0.568324585910887,0.681206885492429,0.271843978902325,0.184219897724688,0.142726517980918,0.23084351234138,0.901060554897413,0.287180527579039,0
0.599115207558498,0.563816950889304,0.178583891829476,0.490197508363053,0.861921647796407,0.652186362538487,0.76320039993152,0.976147858193144,0.0977944042533636,0.773621946340427,0
0.0199241584632546,0.662737441016361,0.132942921249196,0.471148183103651,0.232143142726272,0.440773118520156,0.083759771194309,0.994565965374932,0.238851435249671,0.237574602244422,0
0.687968397978693,0.686295297229663,0.208496058126912,0.591590375639498,0.65087478980422,0.561402414692566,0.730608278652653,0.12768367677927,0.86277619516477,0.595647952519357,0
0.458494724705815,0.356314016273245,0.989130694419146,0.727302021579817,0.749950894387439,0.689688664395362,0.495193231850863,0.339280291926116,0.499378136126325,0.319717811886221,0
0.153683186741546,0.205200442112982,0.0507259347941726,0.651649655308574,0.180790273705497,0.585315019125119,0.744464120827615,0.840878390008584,0.970402512233704,0.477202433627099,0
0.152480710297823,0.120098423532955,0.378129488788545,0.887961318483576,0.834831013111398,0.352387068793178,0.801609640242532,0.3491895950865,0.796295651234686,0.0448135358747095,0
0.374736973550171,0.619650535983965,0.225631695240736,0.995714938268065,0.88543189316988,0.0877395251300186,0.983577825827524,0.492979203816503,0.196699192747474,0.956995819462463,0
0.886280197184533,0.0438715072814375,0.655952825443819,0.0531483099330217,0.539652731269598,0.765087961684912,0.609754944453016,0.222654450219125,0.675748660927638,0.331420461647213,0
0.278280501486734,0.923427956411615,0.396237015957013,0.782752443337813,0.25409227097407,0.031586823053658,0.500099518802017,0.600466205272824,0.932182121556252,0.847825464094058,0
0.0208970275707543,0.343525628792122,0.0374219655059278,0.639091189252213,0.378164616413414,0.505722255678847,0.897117880638689,0.102418150054291,0.969765478046611,0.365709794918075,0
0.0113414581865072,0.831000927370042,0.540544776944444,0.0830151769332588,0.597066595451906,0.968999392120168,0.246884379535913,0.919249210041016,0.108415290247649,0.220352693228051,0
0.635356482351199,0.0504062490072101,0.608311881544068,0.780752135207877,0.510204625315964,0.741946667432785,0.866804660996422,0.219388921745121,0.530153159517795,0.567204539198428,0
0.4589405907318,0.84524921933189,0.120931931538507,0.254442425211892,0.57582608377561,0.781423797132447,0.480634209467098,0.639676546677947,0.626794090494514,0.942501540761441,0
0.181396291591227,0.536954417591915,0.533167927525938,0.937547968933359,0.251342839095742,0.159077981952578,0.489524923730642,0.534282664535567,0.695242767455056,0.986082704039291,0
0.775296080391854,0.215676285367459,0.208701464580372,0.552026246441528,0.517174940090626,0.545965680386871,0.402868733741343,0.544092183001339,0.655975946923718,0.0225978975649923,0
0.923652180004865,0.453575736377388,0.778972017811611,0.083288554335013,0.474883739836514,0.653359655058011,0.342152876546606,0.439900212688372,0.0117086495738477,0.659922491759062,0
0.0988951940089464,0.802659238455817,0.0731556005775928,0.458587867207825,0.889998507453129,0.74500575568527,0.511163358343765,0.512670275522396,0.412909928243607,0.667515974026173,0
0.746245163492858,0.665479584597051,0.301368077285588,0.927711346885189,0.244064216734841,0.0103131970390677,0.875723531004041,0.252215796383098,0.416290742112324,0.294534672517329,0
0.672584341373295,0.479465977055952,0.931444713845849,0.19155008229427,0.415001601679251,0.840899213450029,0.31866902532056,0.942732050083578,0.0185956046916544,0.979011622257531,0
0.0597924110479653,0.455620931461453,0.385102913947776,0.00274417991749942,0.897723128786311,0.307783714029938,0.797330288449302,0.685538377147168,0.651653031818569,0.295874095289037,0
0.939113709377125,0.44603532133624,0.693605687934905,0.181085833581164,0.715558905387297,0.24820677540265,0.181249875575304,0.507875455543399,0.926053230417892,0.380097852787003,0
0.483823173446581,0.2642032855656,0.963614703156054,0.245207048486918,0.444911785190925,0.138835652498528,0.271290306467563,0.131123140919954,0.0816157362423837,0.649201466701925,0
0.665062370710075,0.896558442618698,0.894897731253877,0.00644652359187603,0.946812416659668,0.636110507650301,0.921061383094639,0.392372308764607,0.369749597506598,0.332268369151279,0
0.405734464293346,0.492599433520809,0.156770704081282,0.234308636747301,0.691442150622606,0.564442222937942,0.496709022438154,0.650426623178646,0.418846517568454,0.302055416861549,0
0.762757960706949,0.966751647880301,0.850879415869713,0.085373432841152,0.793456303421408,0.120926276315004,0.0539600702468306,0.852653305511922,0.755611473461613,0.445662493817508,0
0.00887263123877347,0.523311626631767,0.76679734652862,0.445632555289194,0.352823172928765,0.970586403505877,0.76855645654723,0.0267850016243756,0.867959501920268,0.121681802673265,0
0.194952663034201,0.771605904214084,0.508681534323841,0.495888233883306,0.0450737741775811,0.518697015242651,0.0814852544572204,0.122563577024266,0.227489102166146,0.987331797368824,0
0.325861787423491,0.82212625653483,0.766879306174815,0.742971607949585,0.0482625816948712,0.542693922528997,0.775094864657149,0.525351878022775,0.315074393292889,0.678875838406384,0
0.665462691569701,0.144049031659961,0.924360478296876,0.323890340980142,0.124045916134492,0.682472290238366,0.0244021529797465,0.394242335809395,0.243897836888209,0.964180975686759,0
0.200949356425554,0.33636045223102,0.966467890888453,0.183893941575661,0.00976473302580416,0.130385692231357,0.944584969198331,0.0255841030739248,0.86385729489848,0.611305264523253,0
0.329375409986824,0.027604476781562,0.260468851076439,0.250222298549488,0.149072996340692,0.0457335419487208,0.579579791519791,0.164139443309978,0.814068414736539,0.0515597730409354,0
0.172732405131683,0.586632248247042,0.795331193367019,0.0286817755550146,0.732081023976207,0.812758303945884,0.261390628525987,0.244963842444122,0.348363511497155,0.426274402299896,0
0.0168450698256493,0.504038055660203,0.0775960076134652,0.182746752398089,0.802417200757191,0.685808215755969,0.998316262615845,0.785953739890829,0.863175016827881,0.40062341070734,0
0.876982622547075,0.474681523861364,0.933403025148436,0.486659117974341,0.0183664245996624,0.115303960395977,0.371442566625774,0.461589922895655,0.533924119547009,0.293648188468069,0
0.738133749691769,0.0351694449782372,0.531221777433529,0.47704214300029,0.611437769373879,0.538286782568321,0.861829031957313,0.678383294725791,0.253921573283151,0.748410685919225,0
0.715120638487861,0.505637228256091,0.914024238707498,0.285801647230983,0.43039224552922,0.822578065097332,0.0681945530232042,0.565212335903198,0.0565895123872906,0.0766548356041312,0
0.483254930470139,0.783546205377206,0.584239204414189,0.918590262532234,0.342752843862399,0.269488947233185,0.228594581829384,0.126961684087291,0.303366835927591,0.39022880862467,0
0.102975520538166,0.960459904046729,0.677549691172317,0.312462986446917,0.841130539309233,0.516581184463575,0.646789068588987,0.889865092700347,0.400275794323534,0.0413552378304303,0
0.553878471488133,0.248286575078964,0.449306677095592,0.93840600643307,0.586818418698385,0.295148781966418,0.156854613684118,0.593938047066331,0.118498980300501,0.39181130588986,0
0.697624393273145,0.485135376220569,0.452791561139748,0.825414075050503,0.676509841578081,0.617140532238409,0.167520578252152,0.746999182738364,0.524705590447411,0.537563646677881,0
0.965875307098031,0.365184423979372,0.913735421840101,0.870300175854936,0.743922933237627,0.967396813677624,0.736678838729858,0.90506712673232,0.368049744516611,0.0286452362779528,0
0.171432765433565,0.710366011597216,0.952614153502509,0.727622229838744,0.0895916963927448,0.827106391312554,0.117867491440848,0.946645818650723,0.0810264190658927,0.85766318696551,0
0.627942613326013,0.337232378777117,0.702665098942816,0.601690344978124,0.434959119185805,0.597594025777653,0.446628228528425,0.63363404548727,0.0180575761478394,0.209548318292946,0
0.751513669034466,0.866522032767534,0.524169132113457,0.731984463287517,0.169704461703077,0.174889283953235,0.091035264544189,0.883065784815699,0.763957097893581,0.8071922021918,0
0.980819255346432,0.0129292767960578,0.48954561422579,0.502029875060543,0.440925445407629,0.469646114623174,0.548402203712612,0.0997907584533095,0.975574761163443,0.472840650007129,0
0.207522269804031,0.0421551570761949,0.196927494602278,0.0933464516419917,0.869071290129796,0.937077884096652,0.511161874281242,0.317037288798019,0.727812623837963,0.341202958021313,0
0.326031957520172,0.86287963972427,0.649084595497698,0.442641129950061,0.534480796428397,0.18362698587589,0.085160004440695,0.951348925475031,0.723004318075255,0.857290483545512,0
0.0698152272962034,0.60964235314168,0.670867902226746,0.230389453703538,0.158017574111,0.549167606979609,0.9527141188737,0.0510028677526861,0.906167409615591,0.977230310207233,0
0.956006825203076,0.462601295206696,0.854695719433948,0.273990579415113,0.119044124148786,0.557803011266515,0.589679025812075,0.645655906759202,0.959199237171561,0.642368440749124,0
0.415265697985888,0.904513114597648,0.0738091904204339,0.850867685629055,0.714602024061605,0.552913183579221,0.226014676969498,0.870474086608738,0.835439777001739,0.905847360379994,0
0.651332856854424,0.414833078859374,0.294373006094247,0.788702447665855,0.5697201336734,0.0238201441243291,0.0643945569172502,0.795093030435964,0.988126839511096,0.602157310117036,0
0.416093367617577,0.347429797053337,0.701749275671318,0.938754660077393,0.288619398605078,0.278868091292679,0.187210788019001,0.0339338844642043,0.686882006935775,0.0172353645320982,0
0.960810642922297,0.677841897355393,0.874270232859999,0.143113896250725,0.160849516978487,0.829149192897603,0.615005428669974,0.242027186788619,0.698947357479483,0.10853507462889,0
0.509082699427381,0.492234766017646,0.0373760822694749,0.402517051436007,0.340647260658443,0.183486723108217,0.054639786016196,0.277692721923813,0.34609839739278,0.769999417010695,0
0.695937645155936,0.758486151928082,0.150915938429534,0.888070214772597,0.0137939914129674,0.0970667593646795,0.0356286056339741,0.739676820114255,0.660237646196038,0.348281213082373,0
0.544239023933187,0.244948252517916,0.473842473467812,0.668227153131738,0.902391215553507,0.753750729374588,0.136844781693071,0.450081765651703,0.0223202425986528,0.963451643008739,0
0.786324054235592,0.873021135572344,0.29757995205,0.920065663987771,0.784383412683383,0.871790906181559,0.907255130121484,0.0524363506119698,0.135026353644207,0.521234350278974,0
0.275062073720619,0.0542869565542787,0.292440689401701,0.790185029385611,0.729689366417006,0.689690922386944,0.950388229917735,0.649811898358166,0.998877811478451,0.188309126067907,0
0.565991810522974,0.0201269616372883,0.518384613329545,0.509199436753988,0.770001720171422,0.467345058685169,0.551251392345876,0.0208007839974016,0.975429322803393,0.105978789040819,0
0.927409744122997,0.333826454821974,0.756948070367798,0.907187651377171,0.783523437101394,0.610300139058381,0.389514804352075,0.419749155407771,0.880212128860876,0.554411092540249,0
0.271168395644054,0.563976225443184,0.386368850246072,0.788908820599318,0.735536925494671,0.14242060505785,0.963980030268431,0.377258866559714,0.574740695068613,0.73484133486636,0
0.768703126814216,0.557865641079843,0.897873578593135,0.111660673283041,0.172148658428341,0.76097711105831,0.569783317856491,0.712163768475875,0.799722352297977,0.236028124578297,0
0.524709525285289,0.394401075318456,0.370240640826523,0.449635555036366,0.704071175772697,0.736504808068275,0.366187953623012,0.1529404099565,0.434123909799382,0.0598081422504038,0
0.201976366806775,0.984124904964119,0.163183995056897,0.0528003657236695,0.684589273761958,0.856800725916401,0.443475201027468,0.315598288783804,0.634375609457493,0.280141602270305,0
0.062730705132708,0.848486774601042,0.810344956116751,0.920640379190445,0.545587079133838,0.720619124127552,0.0816103017423302,0.457556911977008,0.118922569323331,0.64705315628089,0
0.130320162978023,0.818548261187971,0.543779270490631,0.970865248935297,0.48774022073485,0.919264846947044,0.198931652354077,0.573644797783345,0.0400044787675142,0.0798801728524268,0
0.154863470466807,0.739451577188447,0.318450348218903,0.252978763543069,0.331061065662652,0.763204951537773,0.657786842668429,0.613298671320081,0.215971009340137,0.13689587614499,0
0.188584001967683,0.662889158353209,0.641031423117965,0.770373803796247,0.00566182984039187,0.724802907323465,0.580452421912923,0.445164507720619,0.188155868090689,0.195146412821487,0
0.777978748781607,0.299063855782151,0.668228856287897,0.519240239867941,0.0368151590228081,0.478059544926509,0.492039183387533,0.285167421679944,0.889144767774269,0.743915865663439,0
0.843742348020896,0.729100563330576,0.0161570806521922,0.138499352149665,0.490987814730033,0.110087182372808,0.919509966159239,0.703859905945137,0.157382032833993,0.948312923312187,0
0.0122677537146956,0.9518315596506,0.261191129684448,0.706433304818347,0.025942774489522,0.612000838154927,0.644224097020924,0.878771558171138,0.206832471769303,0.278042003978044,0
0.777134546078742,0.376127386465669,0.366482306504622,0.561924914363772,0.783955692779273,0.406693724915385,0.072889220668003,0.82499189930968,0.89073073817417,0.0290256922598928,0
0.0746685145422816,0.204318499425426,0.766457020305097,0.452237753663212,0.306015600915998,0.513289862312376,0.867361807031557,0.429859144845977,0.242748663993552,0.166251986520365,0
0.373481070855632,0.178797976113856,0.659388719592243,0.0177970116492361,0.529125796630979,0.895594134461135,0.353915752610192,0.692774226190522,0.14486624323763,0.00996293406933546,0
0.851772609632462,0.962283686036244,0.697434332454577,0.845178184099495,0.621350827394053,0.358973644673824,0.457415668061003,0.984276308212429,0.656482545193285,0.0632738801650703,0
0.413284243550152,0.792928329668939,0.0416500028222799,0.800980025436729,0.123573807999492,0.0674606983084232,0.661293616751209,0.113539772806689,0.0719285123050213,0.564620997523889,0
0.0757449599914253,0.212233943399042,0.409603092819452,0.925293268403038,0.185519970022142,0.513097999850288,0.0459961490705609,0.853412876371294,0.622705284971744,0.359241002239287,0
0.868365258676931,0.449352222960442,0.146783159812912,0.772074016975239,0.177160064456984,0.878428555559367,0.365207767812535,0.231375124305487,0.516390912001953,0.293338556308299,0
0.623434198321775,0.0224141259677708,0.651010581292212,0.98851488577202,0.0223050122149289,0.327450342010707,0.534476452274248,0.210492052370682,0.113955836743116,0.0914377658627927,0
0.80343100807257,0.00740134762600064,0.0130525839049369,0.46736220875755,0.452252655988559,0.589747933438048,0.570098110474646,0.174753094557673,0.700255092233419,0.514596103224903,0
0.312997673870996,0.0107124682981521,0.100156687898561,0.914217895129696,0.771476098103449,0.971098151057959,0.142856792081147,0.373976744711399,0.674829657422379,0.317024774383754,0
0.979432920692489,0.654233595822006,0.738903653575107,0.336397013394162,0.624237298499793,0.535854319110513,0.439320136560127,0.0936324426438659,0.71637854562141,0.538909031776711,0
0.439388115890324,0.171906186034903,0.171583569841459,0.713712856639177,0.266644549556077,0.913190715480596,0.573519041994587,0.0681455419398844,0.477199475746602,0.425643399590626,0
0.444151252042502,0.713537282776088,0.548440461279824,0.54468057746999,0.196412995224819,0.894247966818511,0.0739000376779586,0.827462280169129,0.912446943111718,0.0372258110437542,0
0.428822740912437,0.871568321017548,0.245684971800074,0.877351684262976,0.672124746488407,0.847399537917227,0.969266743399203,0.971171993063763,0.257285801460966,0.639410766772926,0
0.586675196653232,0.833171356236562,0.539119873195887,0.228148093447089,0.0791130193974823,0.477744118543342,0.455278835259378,0.69894434325397,0.656366894720122,0.244169676676393,0
0.687944987788796,0.482628255151212,0.653135770233348,0.482971684774384,0.92725072754547,0.304928851081058,0.0383379335980862,0.228377295890823,0.180660800775513,0.63932228111662,0
0.129375579301268,0.0387067068368196,0.326937668258324,0.0863076960667968,0.286736269714311,0.756525341188535,0.855338205816224,0.101742189377546,0.364978869212791,0.584050787845626,0
0.311732311965898,0.58891063532792,0.321676977211609,0.644824557704851,0.601591411046684,0.657687668455765,0.801693180808797,0.931106284027919,0.147640860173851,0.433904169825837,0
0.531077330932021,0.370870671700686,0.571947660529986,0.309654594864696,0.819694331847131,0.586968064540997,0.782028012210503,0.653595115989447,0.85977031942457,0.80893826414831,0
0.82021966134198,0.641747025074437,0.613426994066685,0.144364070147276,0.760633263271302,0.33416270208545,0.126650285441428,0.752207743003964,0.784529503900558,0.0594704346731305,0
0.899600475095212,0.0901665932033211,0.328117393422872,0.806353740626946,0.443390383617952,0.684652628842741,0.835826785070822,0.190470794448629,0.542829096782953,0.978984020650387,0
0.211939747445285,0.895165750291198,0.230233140988275,0.406471350230277,0.811149769229814,0.456066432408988,0.066671768669039,0.895639622816816,0.336580224335194,0.228338332381099,0
0.582731366157532,0.0560397976078093,0.280449277488515,0.154330574674532,0.0145138674415648,0.237214996712282,0.0725782923400402,0.865710669429973,0.573134617181495,0.904378391103819,0
