"1","2","3","4","5","6","7","8","9","10","class"
0.403970945859328,0.987170757725835,0.726190890651196,0.952560272999108,0.102528385818005,0.71976664965041,0.138093054993078,0.517146656289697,0.0397468795999885,0.137061776593328,0
0.141107052564621,0.408545386744663,0.565454881405458,0.0344953828025609,0.31607500789687,0.648666634457186,0.90095530054532,0.884068929357454,0.961759315337986,0.608111269539222,0
0.525883053895086,0.729688900868595,0.126111031044275,0.509171427460387,0.658749879570678,0.722081815358251,0.293028455227613,0.326407483080402,0.969770380528644,0.203156923409551,0
0.27280233358033,0.988080966519192,0.374780569924042,0.301612174836919,0.285218964330852,0.387683141045272,0.0672855912707746,0.8763894115109,0.350990924518555,0.0380833623930812,0
0.596201563253999,0.586893095402047,0.814550989307463,0.830098605016246,0.484340615570545,0.427764984313399,0.801610685652122,0.427150629693642,0.434264396317303,0.0678191557526588,0
0.0400689307134598,0.259404150769114,0.0437841042876244,0.494817494414747,0.650727474363521,0.698737233411521,0.250537613872439,0.325440530665219,0.213994486490265,0.849764128448442,0
0.395216895965859,0.779786390718073,0.688007551012561,0.894491317216307,0.488803399261087,0.810774029465392,0.0958421032410115,0.118452100781724,0.550535754766315,0.50798452575691,0
0.991416362347081,0.223025464452803,0.213788229273632,0.275562119437382,0.776444857707247,0.699686545645818,0.0510086878202856,0.100212181452662,0.354026806540787,0.675756295444444,0
0.456045279977843,0.0281736240722239,0.299948637373745,0.581559419631958,0.363720007473603,0.41278691845946,0.394955997588113,0.346285475417972,0.530534359393641,0.405800216132775,0
0.35091942595318,0.24942944268696,0.399543493753299,0.857351305661723,0.84209255874157,0.18719951948151,0.90390783874318,0.4710624050349,0.581874721683562,0.519840575987473,0
0.692408126778901,0.520996235543862,0.577875145711005,0.404396016849205,0.654429637826979,0.584043130278587,0.0621333012823015,0.304611458210275,0.624762770486996,0.555677763186395,0
0.872311752988026,0.775354428682476,0.96535018645227,0.928541858913377,0.362288421252742,0.94433962367475,0.725547321140766,0.405353636248037,0.380656434688717,0.605288007995114,0
0.154899021843448,0.0793201627675444,0.887784599792212,0.222625219030306,0.946513466769829,0.86345317796804,0.87227575504221,0.012042447924614,0.619622839149088,0.0201451443135738,0
0.837610990740359,0.420715430052951,0.863745039561763,0.341647455934435,0.402360719861463,0.407624307321385,0.854381875833496,0.671137691941112,0.916195815196261,0.595503707882017,0
0.0346794258803129,0.00631799176335335,0.0427870461717248,0.613628329476342,0.586196047952399,0.274498640792444,0.909040128579363,0.716535732615739,0.868068011244759,0.745965844253078,0
0.184453591238707,0.0688813519664109,0.466008402174339,0.010833648731932,0.863339931936935,0.862160628195852,0.359216509852558,0.153251448879018,0.623535978375003,0.981627369998023,0
0.953297034371644,0.495896313339472,0.879298278596252,0.957106106448919,0.163427504478022,0.44171122321859,0.21967302961275,0.761879686033353,0.955542464973405,0.52697605942376,0
0.136722641065717,0.700664489995688,0.885164398932829,0.905964738223702,0.489291427889839,0.501504368847236,0.827938162721694,0.947501766262576,0.945925310486928,0.408155621029437,0
0.174083112273365,0.818352237809449,0.405076403403655,0.183579616015777,0.101792682195082,0.494051308836788,0.746368143009022,0.574669808382168,0.10383359179832,0.538769801147282,0
0.554638046538457,0.70412893826142,0.288821509573609,0.40276685077697,0.0443452002946287,0.850871050031856,0.159087213221937,0.337710368214175,0.998853744007647,0.0538023295812309,0
0.342069230508059,0.378236929420382,0.156387289986014,0.152731515932828,0.0036836510989815,0.895132803823799,0.5350434652064,0.000512748491019011,0.737842745147645,0.511147547047585,0
0.60239830520004,0.765660653822124,0.96063858596608,0.256714694201946,0.223734580446035,0.730222679674625,0.986160272499546,0.0552453990094364,0.0746513921767473,0.222541189519688,0
0.251521695172414,0.853454313706607,0.443395445821807,0.244886175962165,0.219079625094309,0.372106534894556,0.845642710337415,0.599637426435947,0.289716251660138,0.412700315471739,0
0.195876608137041,0.274773057955131,0.635572589701042,0.413187933620065,0.635783429490402,0.624125432921574,0.946269437670708,0.318044325802475,0.30438304762356,0.64013022580184,0
0.26848515868187,0.885995698161423,0.546004559611902,0.750655745621771,0.919162740465254,0.59790973062627,0.67470467928797,0.165845001814887,0.645186293870211,0.00331866485066712,0
0.41338176955469,0.885177485644817,0.924504880793393,0.11118760262616,0.993709445232525,0.768855027854443,0.531082075089216,0.85876396484673,0.774331005755812,0.0184147269465029,0
0.715531548252329,0.957164411898702,0.77530753496103,0.668337629176676,0.770277848700061,0.258296122774482,0.537287915125489,0.814476722618565,0.698578663170338,0.782785495277494,0
0.794709004927427,0.553842006716877,0.060280847363174,0.9498412378598,0.44175858842209,0.297296652803198,0.906190125504509,0.734611506341025,0.876322086667642,0.466950486414135,0
0.338128385366872,0.892790019512177,0.97055229335092,0.739976228680462,0.199860541615635,0.110001350054517,0.651452834019437,0.89279364910908,0.310779268387705,0.965436664177105,0
0.0260062471497804,0.729544669622555,0.424526245798916,0.521603615256026,0.0195275414735079,0.731105030281469,0.682491501560435,0.925356597173959,0.436315932078287,0.501927805133164,0
0.5569286509417,0.651241907151416,0.73390528303571,0.18348120781593,0.0764764321502298,0.0174050428904593,0.0283956287894398,0.447228462900966,0.254291131393984,0.700121397618204,0
0.81200012890622,0.618459525983781,0.711584949865937,0.919338846346363,0.527725821826607,0.582162810023874,0.410966763272882,0.193123928969726,0.550778089789674,0.676386993378401,0
0.643610496772453,0.397468350129202,0.493864445947111,0.826064623426646,0.912425871007144,0.532987623941153,0.0944551439024508,0.174608271336183,0.107632612111047,0.795870856149122,0
0.652364639798179,0.229553475044668,0.855377776082605,0.717922639101744,0.316996209789068,0.956878784811124,0.628273891983554,0.426661340519786,0.229036843404174,0.120434127049521,0
0.393702576402575,0.331648679682985,0.69944931124337,0.16889579850249,0.715766026638448,0.00653704418800771,0.863118356559426,0.830298854038119,0.790624403394759,0.856714277295396,0
0.970867002848536,0.264267297461629,0.848437887383625,0.240666021592915,0.942363663343713,0.443390004802495,0.652519299881533,0.902371224714443,0.641891628969461,0.00780161749571562,0
0.427214337745681,0.448327188612893,0.740451864432544,0.498917987802997,0.066367456689477,0.26540253427811,0.00798095855861902,0.53188516292721,0.465345575707033,0.562313638627529,0
0.336787815671414,0.295306437648833,0.342666784534231,0.706887101987377,0.584324896801263,0.134463262511417,0.68699836009182,0.75066344672814,0.263107327977195,0.624856020556763,0
0.750802068272606,0.6612451702822,0.356159101938829,0.916660137241706,0.847122084582224,0.198489336296916,0.16223070747219,0.872431324329227,0.0421186052262783,0.81442370149307,0
0.15736637590453,0.444733699550852,0.0524419343564659,0.390635227318853,0.697910318151116,0.766442516120151,0.61741857836023,0.500365043058991,0.110200232593343,0.404001370770857,0
0.36966333235614,0.824669795576483,0.826292589772493,0.836669635027647,0.00889864494092762,0.656181078637019,0.155862936982885,0.255346840014681,0.908200640231371,0.497166965855286,0
0.361984589602798,0.9824831020087,0.654521575896069,0.986742587992921,0.138253591721877,0.256860755616799,0.0888053770177066,0.705508938757703,0.272516198456287,0.478789847809821,0
0.937159893801436,0.257172792451456,0.19185117748566,0.143817334668711,0.798070094082505,0.737590849865228,0.459752839058638,0.0148487349506468,0.560825908789411,0.48396465415135,0
0.483342516236007,0.303283623885363,0.86215851129964,0.697310392279178,0.0874253560323268,0.540020058397204,0.835004407912493,0.583412043517455,0.0319578158669174,0.217455126345158,0
0.22962703043595,0.039088070159778,0.826724504353479,0.233181841438636,0.595446950290352,0.41017313930206,0.373661844059825,0.526483390247449,0.929675207473338,0.780984094599262,0
0.988804118707776,0.11949192523025,0.959624800598249,0.475142124574631,0.0800873932894319,0.942192336777225,0.84054177487269,0.516770705813542,0.0998178587760776,0.968454528367147,0
0.108417611569166,0.0527483520563692,0.242062010802329,0.429695872124285,0.782082131132483,0.705550482962281,0.567368271993473,0.497981460997835,0.395118263317272,0.369354777270928,0
0.264275802997872,0.264192108996212,0.164170572301373,0.642695430433378,0.784507512813434,0.649809966096655,0.980128288036212,0.837896590819582,0.825531377922744,0.839159640017897,0
0.235462678829208,0.904509063111618,0.562745494069532,0.799972030334175,0.86253202916123,0.672260483726859,0.121302935760468,0.534995642257854,0.516911425394937,0.908225097460672,0
0.0491860224865377,0.419681027531624,0.232419789303094,0.0304170195013285,0.864489051513374,0.124005182646215,0.434627658454701,0.00180960632860661,0.759399277856573,0.136845475994051,0
0.968175700632855,0.227499303873628,0.489390917355195,0.702368610305712,0.598849474219605,0.560635229805484,0.0127701598685235,0.137975478777662,0.454825761727989,0.849460440687835,0
0.178527092561126,0.206641905242577,0.625565487192944,0.0389678869396448,0.694881269475445,0.0117823167238384,0.907818954437971,0.511179293273017,0.32146485359408,0.0527009349316359,0
0.355067688273266,0.916076316731051,0.878811833215877,0.721948443679139,0.507692076032981,0.490242339670658,0.0911707684863359,0.709218706469983,0.824427790706977,0.193088686559349,0
0.374158296966925,0.299322579987347,0.600032565183938,0.993967885849997,0.689519105479121,0.31590089132078,0.174189259530976,0.754387908149511,0.0259731649421155,0.0269739006180316,0
0.915351690957323,0.313110124552622,0.43750859098509,0.898494375869632,0.504142767749727,0.256444656522945,0.176559935323894,0.588576938025653,0.612204061122611,0.274878263706341,0
0.365789772477001,0.14329131343402,0.624086819356307,0.205559316556901,0.577894134214148,0.539558125194162,0.869746459648013,0.565729603869841,0.0465829784516245,0.186207188526168,0
0.661114133661613,0.394556422485039,0.51596745243296,0.576119863661006,0.268726978683844,0.265704633202404,0.258465902647004,0.531474624061957,0.424721150193363,0.824878054205328,0
0.467387097422034,0.706605159444734,0.803660036064684,0.637177011929452,0.677849190775305,0.959939415333793,0.718524830415845,0.857670180033892,0.22951390221715,0.312896314775571,0
0.285115071805194,0.903528266353533,0.16660018148832,0.355365063529462,0.0488372908439487,0.0436061050277203,0.914457620820031,0.0735295845661312,0.865808414295316,0.574482679134235,0
0.434049421455711,0.759580741403624,0.0769683045800775,0.206989915575832,0.203121787402779,0.582506967941299,0.0530317416414618,0.883289367659017,0.110517637105659,0.6563277291134,0
0.591375804739073,0.62229263712652,0.403293239651248,0.855964646441862,0.921109601622447,0.726321645546705,0.845967249246314,0.703295754035935,0.0882228300906718,0.0383918348234147,0
0.590305732330307,0.342323766322806,0.732917624525726,0.970084154745564,0.593914391938597,0.868454505689442,0.872483362210914,0.73677923809737,0.935492809861898,0.700906962854788,0
0.687786530936137,0.600349962583184,0.464963424718007,0.634097100701183,0.177764446940273,0.162170987809077,0.545669859508052,0.359003052348271,0.984092602739111,0.312522972235456,0
0.747645116876811,0.0744112450629473,0.954372006934136,0.739395192591473,0.0435622930526733,0.0606791861355305,0.452768304850906,0.0399109327699989,0.253079790621996,0.297872750088573,0
0.858620121143758,0.171664126915857,0.98580353660509,0.507887224666774,0.130486833397299,0.561606676783413,0.951779276598245,0.575377736706287,0.41796387033537,0.159637791570276,0
0.911742397816852,0.644676865078509,0.221491254400462,0.196508544497192,0.369807334151119,0.55818622559309,0.191852023359388,0.410563082667068,0.249783883104101,0.4421274762135,0
0.00390423857606947,0.415496839908883,0.242698955116794,0.542707594111562,0.216515339678153,0.43566809897311,0.503600275376812,0.159914390882477,0.277904596412554,0.363835701253265,0
0.53294537961483,0.649769915966317,0.420495061902329,0.989095331868157,0.4423312258441,0.81628461019136,0.470315327169374,0.415770333493128,0.506777760572731,0.510529499966651,0
0.624671407043934,0.0026179647538811,0.0751031043473631,0.582964499248192,0.33078188681975,0.250246348325163,0.798016460146755,0.345786396181211,0.877924405038357,0.696868347935379,0
0.697665904648602,0.34503473713994,0.928089695749804,0.234270917484537,0.417092086048797,0.803590644849464,0.262670088559389,0.576882237335667,0.807403635233641,0.8511345773004,0
0.951464907964692,0.226492283400148,0.381223695352674,0.365715465275571,0.833137067267671,0.313601364148781,0.333277653204277,0.965968496631831,0.917828034143895,0.232560874661431,0
0.299117273651063,0.937342245597392,0.951836910564452,0.475735223852098,0.00335205881856382,0.970403069397435,0.867064308840781,0.348170330747962,0.156372403958812,0.19388884305954,0
0.359544801991433,0.936301646055654,0.778762315632775,0.291946839308366,0.176987465936691,0.366444677580148,0.99084948701784,0.264440388884395,0.111641443101689,0.614536063512787,0
0.577011439990532,0.282679471187294,0.40653155464679,0.553032302297652,0.726166185922921,0.336704376386479,0.307162007549778,0.143638323992491,0.756604720139876,0.948143493849784,0
0.53325916826725,0.567287883954123,0.111369569553062,0.160923730581999,0.249196546850726,0.452889521373436,0.174788621254265,0.855522335972637,0.697264457587153,0.357599357841536,0
0.203662272309884,0.0635709969210438,0.949788694037125,0.197604768676683,0.762071249075234,0.258314773906022,0.188792933709919,0.362287603551522,0.858153099892661,0.840300438925624,0
0.0292105113621801,0.761176165193319,0.558752296492457,0.0689473734237254,0.561088031390682,0.842391504207626,0.0770157868973911,0.209770702756941,0.122994715347886,0.671779908472672,0
0.501913322601467,0.672730677761137,0.725708300247788,0.580625474220142,0.00644712685607374,0.754902249202132,0.99442022992298,0.453341130167246,0.972210330422968,0.345627918839455,0
0.677326960721985,0.575675931293517,0.821919097797945,0.699027540395036,0.766167067922652,0.355333920801058,0.501744838198647,0.591634001582861,0.837070415262133,0.397085517179221,0
0.936325573828071,0.0445334198884666,0.65006106137298,0.187873655697331,0.0367043723817915,0.189332253532484,0.981671103276312,0.82419443782419,0.554092494305223,0.537188007961959,0
0.636116608045995,0.356549953809008,0.609617692418396,0.67964476835914,0.666763726854697,0.576252785744146,0.439002264058217,0.800646774470806,0.192846644902602,0.0279002762399614,0
0.162642169045284,0.241813808213919,0.48905637790449,0.592926018871367,0.979101433185861,0.909597651800141,0.747721482301131,0.596420357935131,0.668011660687625,0.837729730876163,0
0.199811388039961,0.421283881830424,0.438736648764461,0.0637831136118621,0.826296146726236,0.764799396507442,0.180829654913396,0.75568819209002,0.480972617398947,0.753487395355478,0
0.851311815902591,0.681945033604279,0.229703948833048,0.461419811937958,0.675839818781242,0.56559395045042,0.80447374121286,0.622359420638531,0.731269738869742,0.129948059096932,0
0.891127143753693,0.450150470947847,0.611230195267126,0.524047157727182,0.676294196862727,0.907949171261862,0.29573010886088,0.303571260767058,0.0887462496757507,0.572975470917299,0
0.582567578181624,0.646725330268964,0.417362531647086,0.261813026620075,0.718288366217166,0.689458912936971,0.0308021798264235,0.429307806072757,0.526592044858262,0.504108170978725,0
0.545673969900236,0.863280502380803,0.878441214328632,0.146973691880703,0.430094100069255,0.985716101014987,0.036737916059792,0.0780918535310775,0.306523869046941,0.782089817104861,0
0.603235491551459,0.22446960164234,0.870068652089685,0.0982684104237705,0.835289296228439,0.24482559110038,0.257862740661949,0.202499544713646,0.466929159825668,0.671553077874705,0
0.426217005122453,0.844830560032278,0.677019441500306,0.144377214834094,0.310567655367777,0.786404334474355,0.525571722304448,0.0206076370086521,0.37170991091989,0.967629440594465,0
0.861045091412961,0.130434025100712,0.570968554355204,0.812790776835755,0.450221720617265,0.745717196259648,0.552543514873832,0.637408567359671,0.0909988682251424,0.289317687740549,0
0.266281111864373,0.904355773236603,0.0509412761311978,0.265330610331148,0.83299227966927,0.359940681606531,0.856340195285156,0.94180567516014,0.230911938939244,0.550042605493218,0
0.566241754451767,0.509510759497061,0.390560258412734,0.376544420374557,0.462371371686459,0.066604126477614,0.960487318690866,0.355723561951891,0.0289942633826286,0.665204576216638,0
0.190010068006814,0.134121936745942,0.471412081969902,0.160781680839136,0.407184943091124,0.473328685387969,0.986403240589425,0.452920358395204,0.839928583241999,0.855925828916952,0
0.856483270414174,0.373016407247633,0.710962782846764,0.988603407517076,0.574402292724699,0.399982496164739,0.0490574333816767,0.346459684427828,0.954817426623777,0.384658112889156,0
0.102492817783356,0.867229152936488,0.981530107557774,0.046762153506279,0.257796864258125,0.772034246474504,0.524379681097344,0.188261330593377,0.835062426282093,0.611151070334017,0
0.882143592461944,0.976688222773373,0.177224395796657,0.386700934264809,0.605066799558699,0.740482346620411,0.261723448056728,0.414569104323164,0.957456041593105,0.429134923731908,1
0.519649446709082,0.147612944012508,0.866049668984488,0.575103909010068,0.901211471995339,0.777215052396059,0.465385372750461,0.834838229231536,0.775730341672897,0.137358551612124,0
0.0523944965098053,0.629352651070803,0.40593078895472,0.522023839177564,0.421924285823479,0.782640963094309,0.475520505802706,0.462702520191669,0.276353230699897,0.229475235566497,0
0.397701415466145,0.505198663799092,0.324856817256659,0.0553065857384354,0.0598402009345591,0.333682561060414,0.328101424034685,0.468984560109675,0.660190460737795,0.153475651983172,0
0.326860203873366,0.559855025494471,0.833461546804756,0.470507231540978,0.771439951378852,0.837733992608264,0.886604118393734,0.352767463540658,0.361443828092888,0.0721341681201011,0
