"1","2","3","4","5","6","7","8","9","10","class"
0.140480248921085,0.435970462393016,0.785799959441647,0.669449544977397,0.888236853294075,0.523474297719076,0.815641206689179,0.581671901978552,0.641095148865134,0.665320302126929,0
0.937436715932563,0.166537338867784,0.0673726622480899,0.781247582985088,0.966423807432875,0.985036410624161,0.595160530414432,0.434206993551925,0.102074909722432,0.5250908609014,0
0.232933621155098,0.0676890786271542,0.830179184209555,0.369469004217535,0.256309145595878,0.541974168736488,0.355392310535535,0.981412795605138,0.626263507641852,0.260021671187133,0
0.489757474046201,0.025146528187138,0.283458091318607,0.840335011715069,0.939181783702224,0.0435282906983048,0.0269747378770262,0.286905333399773,0.704089616192505,0.354846516158432,0
0.74843157408759,0.0966453060973436,0.695778897032142,0.831714042462409,0.482050736900419,0.447481036186218,0.196200182428584,0.647723369998857,0.346623320598155,0.276955234352499,0
0.0113417356847785,0.0617588178720325,0.356216858606786,0.0439608709421009,0.0768665468785912,0.335361408535391,0.966763474978507,0.0994307021610439,0.115907106082886,0.786145428661257,0
0.0570450475662947,0.677461746148765,0.537865969352424,0.414527166401967,0.707800963427871,0.415217128349468,0.542164471698925,0.925923097413033,0.745085586793721,0.328394363401458,0
0.431319857481867,0.107351018115878,0.955964064458385,0.0199398098047823,0.998513207538053,0.251559522235766,0.55285036098212,0.816984698176384,0.343635939294472,0.792155314702541,0
0.318151219282299,0.0944515456436202,0.998677907278761,0.985834698425606,0.887518736068159,0.217640285380185,0.7142286344897,0.679591769119725,0.913757600355893,0.749194587348029,0
0.107952966677747,0.505242150742561,0.491730837151408,0.644242056878284,0.0339549302589148,0.317331799305975,0.797641758807003,0.975898531498387,0.298136393306777,0.935449736658484,0
0.859051554463804,0.150274701074697,0.728292543906718,0.731320922728628,0.570216532098129,0.796008369419724,0.580534966429695,0.901534740347415,0.246473712148145,0.330222834600136,0
0.463721971260384,0.145083049079403,0.548713805852458,0.321846104925498,0.419234370579943,0.487233564490452,0.582372535718605,0.880282898899168,0.824032749747857,0.526465517934412,0
0.110818513901904,0.193111153552309,0.0818605832755566,0.379664171952754,0.71225184481591,0.272235841257498,0.862631153780967,0.0849278965033591,0.506875698687509,0.469278830569237,0
0.147294655586686,0.851668463787064,0.232341026887298,0.348971381783485,0.263129790313542,0.458637758856639,0.569551758700982,0.779996947385371,0.0609186396468431,0.569315946428105,0
0.303941631922498,0.0383206063880585,0.0995394617784768,0.0953543977811933,0.0405571523588151,0.433912470471114,0.328887118957937,0.110878471517935,0.192538868868724,0.632022644625977,0
0.607067702803761,0.134288950124756,0.635472539113835,0.411107958527282,0.648247007746249,0.240813850658014,0.372077576583251,0.844680330017582,0.537976403022185,0.864052139921114,0
0.638347239466384,0.0285244546830654,0.800307342316955,0.250768824946135,0.738579135155305,0.845830639125779,0.0106572699733078,0.0859224882442504,0.71116797067225,0.431586450897157,0
0.15109336655587,0.0794828211825574,0.77632483956404,0.465768820839003,0.693584592547268,0.04633992863819,0.520541119389236,0.9287908913102,0.698272634763271,0.443226685980335,0
0.0618637828726787,0.576036531943828,0.528725111624226,0.609777541831136,0.991786610102281,0.0997212855145335,0.55023833247833,0.916198919061571,0.969502214575186,0.694867408834398,0
0.0187219671899918,0.452480415347964,0.907051126938313,0.244995036162436,0.630020634271204,0.390136781381443,0.779819556279108,0.843649859772995,0.735084989108145,0.696928716031834,0
0.0265340270865709,0.25787754659541,0.557751973159611,0.551996672293171,0.296891353093088,0.818138253875077,0.791709827259183,0.425023685675114,0.772585953585804,0.250484996242449,0
0.0205845182792749,0.749353663064539,0.3034864498768,0.612120902631432,0.654600746696815,0.857282342156395,0.50243586092256,0.357369135832414,0.0395917126443237,0.905968206003308,0
0.418943823780864,0.138234723371873,0.924607136985287,0.374134646262974,0.0631668532732874,0.186587213072926,0.710763982031494,0.534169192193076,0.145516477292404,0.95843893266283,0
0.726690561743453,0.115686751669273,0.954168662428856,0.00495007424615324,0.0448959551285952,0.376158222788945,0.803939763689414,0.108410095330328,0.951229105936363,0.832471389789134,0
0.102672205664124,0.296339367749169,0.216613488039002,0.367109650047496,0.363035164773464,0.116883611306548,0.758077112259343,0.311586701776832,0.920600276906043,0.849278631154448,0
0.226145611377433,0.0488507020357065,0.58836711011827,0.711913105798885,0.336889330064878,0.170457200147212,0.0871578443329781,0.324556588660926,0.270665361778811,0.367986419936642,0
0.150099501945078,0.80071222037077,0.93676085001789,0.275851700920612,0.0920676332898438,0.379953942727298,0.9782842209097,0.964728888822719,0.404375821119174,0.865344192599878,0
0.158429844770581,0.295007089152932,0.889896941836923,0.875627720728517,0.750662826932967,0.599740165052935,0.240110699087381,0.896956222364679,0.182423593476415,0.5153422805015,0
0.6627584064845,0.00585886999033391,0.573852889705449,0.260991945397109,0.905691960826516,0.656864106887951,0.731684648199007,0.758283076109365,0.319370053941384,0.719822419574484,0
0.0894038982223719,0.103886054803291,0.584296409972012,0.779051098972559,0.602552105439827,0.265781327616423,0.249736866215244,0.77124589541927,0.20403519552201,0.372338957153261,0
0.00497029377077706,0.216555363964289,0.858870639931411,0.7034149505198,0.407793661113828,0.322888091905043,0.981930444017053,0.398823194671422,0.333840940147638,0.619704987853765,0
0.0106610641814768,0.485428158659488,0.271065309643745,0.746823644265532,0.731479125563055,0.706941777840257,0.90731755271554,0.034839294385165,0.256622229935601,0.257114826934412,0
0.307282781694084,0.0886902497274801,0.74932625843212,0.207996141165495,0.652014107210562,0.209442918654531,0.326162236975506,0.416185206267983,0.0271083002444357,0.483380011981353,0
0.301694746594876,0.1502309711396,0.483921361155808,0.154456515796483,0.883945502573624,0.317653906531632,0.420925513375551,0.47003398835659,0.963196446420625,0.175980885978788,0
0.0709488568126224,0.312161759240553,0.26647151238285,0.845169304404408,0.726282102055848,0.473484529415146,0.302632496226579,0.958886216860265,0.868566274177283,0.990891426568851,0
0.851875490508974,0.0996325787998503,0.164941478753462,0.923989066621289,0.151575073134154,0.00237793172709644,0.134545739041641,0.135726065840572,0.359842475038022,0.0300918130669743,0
0.072611259017326,0.294977785786614,0.69308566651307,0.954976762179285,0.04768693796359,0.203902401961386,0.927372198784724,0.270227204542607,0.201033790595829,0.138091241242364,0
0.784991882508621,0.0788276536218356,0.458245581947267,0.969631420914084,0.94093107804656,0.193495573941618,0.256687266752124,0.499084655195475,0.341970014153048,0.0633642924949527,0
0.101951820692094,0.447284052381292,0.925604802090675,0.0674045726191252,0.467784952837974,0.936253778869286,0.55324630648829,0.541293536778539,0.821580895455554,0.843795083230361,0
0.0309326243596617,0.0737899846863002,0.686448775231838,0.682983808917925,0.965502455597743,0.237826786236838,0.206058030948043,0.333000766346231,0.818988558836281,0.449733485234901,0
0.734255220508203,0.0883105065841228,0.894206922734156,0.0767908776178956,0.962309007067233,0.694410797674209,0.481165969511494,0.158159801969305,0.904407483292744,0.0483660623431206,0
0.0736415579711786,0.792107353219762,0.685811720788479,0.0813454415183514,0.459082377376035,0.458649312146008,0.993366037029773,0.450737306382507,0.630924489116296,0.720967703731731,0
0.178450870094821,0.0553361624271143,0.230645364616066,0.0394479569513351,0.97137214965187,0.197155501460657,0.626636390574276,0.763045452535152,0.214796696091071,0.342694149119779,0
0.675434525823221,0.00652857006534468,0.794643791858107,0.776234154123813,0.61797311459668,0.370757646393031,0.0853096349164844,0.205738510470837,0.531843545846641,0.779327650554478,0
0.104511095376313,0.255401120288298,0.915500555885956,0.805080372374505,0.236069597536698,0.382349199149758,0.604418803937733,0.392958566779271,0.572927428642288,0.60254857968539,0
0.172206432092935,0.0577255964744836,0.480095871491358,0.380095175234601,0.430249116150662,0.00137149472720921,0.280763225397095,0.665996847208589,0.39836778328754,0.299528031609952,0
0.00154357636347413,0.855464038904756,0.157137425849214,0.111078959424049,0.606006995076314,0.194687025388703,0.022625848883763,0.222544705029577,0.0435575321316719,0.985859387321398,0
0.123680175134074,0.355680415872484,0.941306627355516,0.775340596679598,0.851964610628784,0.925890156300738,0.0416030152700841,0.27797387028113,0.370906019816175,0.877561100758612,0
0.144414672162384,0.371528048999608,0.815404770430177,0.343890859512612,0.535095110535622,0.419020313071087,0.0497593674808741,0.65216236258857,0.896572226891294,0.69895780691877,0
0.121176927560871,0.280026185326278,0.136620971141383,0.160446693887934,0.492337566101924,0.770701016765088,0.95681897806935,0.0421387134119868,0.206634544301778,0.412779205245897,0
0.0696768636140041,0.630863042082638,0.716327357804403,0.727441356517375,0.619446158176288,0.510459820041433,0.362468226579949,0.0658435253426433,0.147800533100963,0.0914206830784678,0
0.143049874808639,0.377442188560963,0.378528222208843,0.501542907441035,0.835622837767005,0.605182779487222,0.824996200157329,0.0682353426236659,0.197646136628464,0.94934418448247,0
0.0107575129698962,0.688081613974646,0.288296750979498,0.547642158344388,0.57377717550844,0.355110417120159,0.362811572849751,0.0283400332555175,0.494001066079363,0.889553038869053,0
0.0698129865963012,0.768166696885601,0.148833688115701,0.341711099259555,0.424664927413687,0.426570367068052,0.727608936140314,0.313274545362219,0.97932866611518,0.572641709353775,0
0.0782288791593164,0.0933138881810009,0.794016251340508,0.214551534503698,0.288488868158311,0.681448854971677,0.199583275709301,0.521749281091616,0.314505570102483,0.333071937086061,0
0.0319837615775177,0.392283734166995,0.130918257171288,0.537865149322897,0.249174928991124,0.945020778803155,0.919604416703805,0.238783415872604,0.514368476811796,0.585469427052885,0
0.851133344927803,0.0447194445110858,0.650555555010214,0.086188213666901,0.766398987732828,0.191629836335778,0.859330517007038,0.569998199818656,0.293325918726623,0.621778113767505,0
0.0857567386993439,0.188985163113102,0.729879749007523,0.0716961685102433,0.99054230726324,0.649360192706808,0.556196575518698,0.11263114050962,0.898239479400218,0.566207636380568,0
0.0469946870785672,0.160311424406245,0.450783835258335,0.176060929428786,0.48485476244241,0.885155267314985,0.531693074852228,0.821213268907741,0.73433334659785,0.945686673512682,0
0.886185457231477,0.0616325700785965,0.313140456564724,0.256185716716573,0.28095120145008,0.0254304837435484,0.113178289728239,0.0896369635593146,0.0157214100472629,0.348653650144115,0
0.0735574797894806,0.456836113939062,0.49020455381833,0.69407562003471,0.517285635462031,0.40495664277114,0.25507728359662,0.393845505546778,0.0427633980289102,0.715498581528664,0
0.0955188010869315,0.967585943173617,0.882292745169252,0.346131147351116,0.698768849484622,0.0539229838177562,0.994691053871065,0.505152184981853,0.573218971723691,0.224026889540255,0
0.233498966088519,0.0333134109724779,0.0604230714961886,0.56395171303302,0.652989908820018,0.479888441972435,0.962513711070642,0.450951314764097,0.407583942636847,0.843633606564254,0
0.127375955997943,0.257005712715909,0.120766633423045,0.678255207138136,0.0872037268709391,0.241386590292677,0.216476178029552,0.992984926560894,0.082150720525533,0.173196874326095,0
0.0397407528944314,0.444218206685036,0.313726859167218,0.76808928931132,0.641378684202209,0.396785836433992,0.597604913637042,0.890304325381294,0.0484261182136834,0.705574948340654,0
0.969703580951318,0.0687992589082569,0.297872454626486,0.968582158675417,0.452592549845576,0.132877354510128,0.127275908831507,0.95795649359934,0.865847257431597,0.0463758599944413,0
0.33155980380252,0.129554330604151,0.706621513236314,0.918280824553221,0.21794823766686,0.668974993983284,0.0491857782471925,0.737072710646316,0.484991589328274,0.451647280715406,0
0.0211658379720989,0.595715662930161,0.28883310011588,0.451172291534021,0.686206503771245,0.56147616263479,0.769052702700719,0.345294744940475,0.687723926501349,0.55632974463515,0
0.00390245436858386,0.439018876990303,0.079925870988518,0.888412413652986,0.322486919350922,0.900881260866299,0.439609892433509,0.860252775950357,0.338596250861883,0.878971783444285,0
0.357794019859284,0.0142775745188352,0.49040562286973,0.289636737899855,0.344370678300038,0.420048062689602,0.136847264133394,0.188440670957789,0.270590748870745,0.0666235238313675,0
0.0950689051665831,0.273648972855881,0.685611284337938,0.300562835996971,0.0987580963410437,0.698668430326506,0.798594793770462,0.696588911814615,0.0720985652878881,0.0508513716049492,0
0.448876077309251,0.0995211793941678,0.698124218964949,0.359337928006425,0.646587328519672,0.72191482107155,0.677919512847438,0.155586318811402,0.381594307255,0.327655751723796,0
0.113387014435884,0.630271185655147,0.951805706368759,0.96492880070582,0.0118097879458219,0.836524806218222,0.213993143290281,0.94394252425991,0.0739203975535929,0.890029283938929,0
0.0240629078895086,0.0323252682574093,0.206723300740123,0.168805040186271,0.736549832159653,0.488456248771399,0.448419067310169,0.323881069663912,0.323618644382805,0.161986531922594,0
0.119453543597087,0.629975282587111,0.0102740877773613,0.935991847654805,0.757968931691721,0.144454071531072,0.850123148644343,0.0193191394209862,0.46003461512737,0.147922987584025,0
0.0313801609218354,0.832923080539331,0.14949344098568,0.988971838261932,0.52646947815083,0.533430835232139,0.291345613310114,0.520538407377899,0.0856460318900645,0.948283061152324,0
0.0860183397591114,0.0257645768579096,0.689147295197472,0.282560234889388,0.979255608282983,0.538097625365481,0.364877130603418,0.811530177248642,0.226228897692636,0.538853470468894,0
0.0516148784663528,0.704533635172993,0.059769397135824,0.0786949312314391,0.491895640734583,0.767965476261452,0.682201580377296,0.349065475631505,0.754808179568499,0.659862210275605,0
0.0505103859108872,0.639255947899073,0.48107842868194,0.955147601664066,0.629046167246997,0.569847794715315,0.251699390355498,0.972340028965846,0.516189492307603,0.862885700073093,0
0.0384631145279855,0.0998434401117265,0.653182121226564,0.571767460787669,0.62280363868922,0.327590218978003,0.374626272823662,0.468032317701727,0.796497622272,0.681450244504958,0
0.0519100180240348,0.0122568449005485,0.634905931539834,0.711467403452843,0.156014264561236,0.25002859137021,0.267390595749021,0.0633639704901725,0.951397623866796,0.4100273901131,0
0.0861432609019335,0.0366366885136813,0.045940552605316,0.203661939594895,0.269329731119797,0.347356632351875,0.727502587484196,0.778418591013178,0.113968489225954,0.696224569575861,0
0.0189841471146792,0.00486118853255175,0.11177449580282,0.372370452387258,0.666054162429646,0.832593948347494,0.547043331898749,0.659396645380184,0.43399732070975,0.93210023152642,0
0.0349221261037513,0.469502570573241,0.0108530605211854,0.213828942505643,0.766167580382898,0.664607816375792,0.94370642141439,0.507016570074484,0.925294448621571,0.30981141817756,0
0.0981778888963163,0.0552590976003557,0.042411721078679,0.519671264803037,0.684344315668568,0.631923440378159,0.896874875295907,0.669711061753333,0.847620623186231,0.548922364832833,0
0.872092664940283,0.0541273278649896,0.61548824631609,0.743255805922672,0.972879821201786,0.358546209521592,0.875718409428373,0.916572757763788,0.235787338577211,0.973993270890787,0
0.340678168693557,0.0778599079845939,0.233277112944052,0.153009096160531,0.442148893373087,0.0781268114224076,0.612225083168596,0.823148091323674,0.0736948545090854,0.405195911182091,0
0.00672935880720615,0.109574955556239,0.58952251332812,0.240821400191635,0.997051774989814,0.879368351073936,0.845609243260697,0.966483387397602,0.219301837496459,0.538377152057365,0
0.101274719694629,0.535038026049733,0.448737180093303,0.303457704605535,0.832165024243295,0.628937952686101,0.735132228815928,0.24940171930939,0.591551189310849,0.431447997223586,0
0.048291047802195,0.422492659883574,0.444426906760782,0.775710617657751,0.793976789107546,0.209588528145105,0.325607791310176,0.470533018000424,0.368977063568309,0.35590796568431,0
0.0765976648670621,0.611188274342567,0.577487691538408,0.103328295983374,0.689367763930932,0.246641734847799,0.127724464517087,0.304754891199991,0.638248031958938,0.296667352551594,0
0.283025654498488,0.0981466611847281,0.115489583229646,0.273247753968462,0.379856344079599,0.521845450624824,0.368144341511652,0.245168971829116,0.601397699909285,0.715664324583486,0
0.0878623812306672,0.789226536871865,0.552198140649125,0.363486464368179,0.0252442110795528,0.553583518834785,0.167166876140982,0.114328173687682,0.915378245525062,0.209646472241729,0
0.0779650222975761,0.00637456867843866,0.506194183370098,0.865751531440765,0.669708968140185,0.228242184268311,0.23290199181065,0.159049792448059,0.97025756794028,0.197534661740065,0
0.0373944954174571,0.973922233562917,0.020539553835988,0.440547960344702,0.605467311805114,0.376199901569635,0.953896411927417,0.901471361750737,0.926464573014528,0.0872850315645337,0
0.34740807954222,0.0928945460545365,0.133929361589253,0.288029183866456,0.335470402846113,0.156293930951506,0.116582113085315,0.354727270081639,0.616741511505097,0.721630045911297,0
0.0616630634758621,0.0241244179921225,0.89219630532898,0.660272594774142,0.256469168933108,0.69503343757242,0.741239936789498,0.71750027500093,0.891850948566571,0.204690924147144,0
0.00151982085823547,0.260945679619908,0.924669747473672,0.443797156214714,0.204980286536738,0.00996969314292073,0.4838722134009,0.964770228369161,0.184978710720316,0.766700362320989,0
0.025238254435081,0.354644558159634,0.784179609268904,0.338482144521549,0.674194110091776,0.316492968937382,0.238349332939833,0.530744390562177,0.947579402476549,0.648160239681602,0
0.00435639848001301,0.847690416267142,0.743390388088301,0.806681472575292,0.635228397790343,0.540559633169323,0.340623262571171,0.442869700724259,0.267456080298871,0.75248191296123,0
