"1","2","3","4","5","6","7","8","9","10","class"
0.112900597560219,0.0061155348084867,0.610810990678146,0.833339961944148,0.016344090923667,0.260095698060468,0.932652113260701,0.0523209928069264,0.776070757303387,0.23941365792416,0
0.101717876037583,0.74186321767047,0.768430261174217,0.0207419616915285,0.81116616120562,0.261502214008942,0.679090948076919,0.445240212604403,0.0801689489744604,0.0672054919414222,0
0.0817568134516478,0.50516363279894,0.58321101590991,0.952888372354209,0.765626999549568,0.319346811622381,0.966170419938862,0.99823910696432,0.989572643768042,0.125594587530941,0
0.504285593749955,0.418536422541365,0.0165549432858825,0.00467752222903073,0.403718205401674,0.129769417690113,0.830490266205743,0.302984983893111,0.147126995958388,0.0335283500608057,0
0.997750397538766,0.318875325610861,0.529647740069777,0.174895680509508,0.734311124542728,0.672837735386565,0.212414669105783,0.14866998186335,0.94224656932056,0.367961680050939,0
0.474706595530733,0.62868763692677,0.783661355497316,0.963845573365688,0.717549252323806,0.126959208864719,0.59435729845427,0.866886214585975,0.709059634478763,0.174659027485177,0
0.739618689287454,0.580959113314748,0.786187103949487,0.111207731451094,0.770737980259582,0.820308263180777,0.347907530143857,0.601682911394164,0.860869611846283,0.287167751928791,0
0.893832660512999,0.531893962994218,0.92967661828436,0.910662174690515,0.547358701005578,0.357406825991347,0.646139160264283,0.330577134853229,0.819740946870297,0.646256841951981,0
0.0512629222355783,0.150186121696606,0.0335455199237913,0.599551640218124,0.316726142307743,0.386631297180429,0.670669299783185,0.84377057175152,0.549935139948502,0.106014059390873,0
0.0139770635869354,0.960849442752078,0.6914585782215,0.992785902461037,0.909021477447823,0.272051882464439,0.735202220967039,0.886129841674119,0.994191630044952,0.993024865165353,0
0.608921904815361,0.523035365855321,0.0179708872456104,0.945330372313038,0.958154796095565,0.150603133020923,0.00268403091467917,0.00407883804291487,0.26783802267164,0.185357437469065,0
0.768526348052546,0.836207943968475,0.906157139921561,0.00021638348698616,0.56630275817588,0.609311126871035,0.945154499961063,0.061355517944321,0.468057076213881,0.0452218381687999,0
0.111636928049847,0.162883101031184,0.143264184705913,0.254435757640749,0.0652838202659041,0.153103581862524,0.585905608022586,0.0844616943504661,0.799665893660858,0.161989615531638,0
0.465432365657762,0.289491400122643,0.520540873985738,0.161802001064643,0.978013986023143,0.367722744820639,0.686953949043527,0.084183516446501,0.390805851202458,0.82410160289146,0
0.240210398565978,0.542631167918444,0.244813355617225,0.960628892993554,0.534904028521851,0.767378076678142,0.2204159272369,0.170763673027977,0.208425312303007,0.803152596578002,0
0.0502756484784186,0.0825772827956825,0.758318674284965,0.885671084281057,0.432040543295443,0.0874783981125802,0.150585342431441,0.320730752777308,0.215444992529228,0.200987405376509,0
0.416248861234635,0.947593519929796,0.176435228670016,0.754506780067459,0.889611429767683,0.693029299145564,0.900682986946777,0.820253861835226,0.924418915063143,0.237405982566997,0
0.351865955395624,0.536350245354697,0.764941713307053,0.903715152293444,0.0426802400033921,0.918727349722758,0.805230541620404,0.534031771123409,0.658923277165741,0.368139827623963,0
0.142125799786299,0.785813614027575,0.726653042016551,0.724917965941131,0.0131594024132937,0.528974002460018,0.936986065702513,0.707478352356702,0.814677349990234,0.116006908938289,0
0.888950973050669,0.0132542545907199,0.983115909345541,0.161727563710883,0.859538960037753,0.374462954932824,0.314177548279986,0.605092538520694,0.957706873537973,0.0584018933586776,0
0.515002997359261,0.565162573009729,0.00813078577630222,0.963949926197529,0.495974044082686,0.463841264368966,0.983339377213269,0.645378398708999,0.127790888305753,0.324877213453874,0
0.935927961952984,0.988548778463155,0.192552335560322,0.946464077548869,0.167296895058826,0.17415670119226,0.339015562320128,0.652777733048424,0.453188210725784,0.559226321056485,0
0.53208750160411,0.678276053862646,0.908770991694927,0.69669954944402,0.144375960575417,0.435521225677803,0.653247100999579,0.497861242154613,0.823939597001299,0.857416115468368,0
0.556010115658864,0.277701457729563,0.000718839466571808,0.888257553999685,0.416056022513658,0.133256792090833,0.0369551929179579,0.286433547502384,0.409387211082503,0.149851108668372,0
0.120894748188369,0.389134323690087,0.244867442641407,0.206727216020226,0.820307767484337,0.142298817634583,0.809987225569785,0.947076595854014,0.907092510024086,0.583836925914511,0
0.698308454593644,0.709941861452535,0.590341479983181,0.997218216769397,0.656510898377746,0.723249557428062,0.204263657098636,0.508077485486865,0.911658830242231,0.977789344498888,0
0.658587551210076,0.959073262754828,0.461351772304624,0.378663661656901,0.628897537710145,0.434245859272778,0.127305603353307,0.96853139414452,0.152105296496302,0.40893010655418,0
0.700059722643346,0.920238718755823,0.869686684571207,0.343483523698524,0.829720885725692,0.81345066963695,0.677277517039329,0.566299182595685,0.89907340425998,0.181659084977582,0
0.961501275717095,0.402444269740954,0.48334993654862,0.453769801883027,0.853178992401809,0.19902151171118,0.293491014745086,0.509546664776281,0.214298769133165,0.574964222963899,0
0.916212600657903,0.515812944620848,0.344199815066531,0.877805185038596,0.818795287515968,0.690996621269733,0.371975949732587,0.921214621746913,0.212141647934914,0.0184429318178445,0
0.693258069455624,0.939966118428856,0.931384506225586,0.746494074352086,0.557806045049801,0.704627986764535,0.560872626956552,0.939924247097224,0.637306103948504,0.651536206714809,0
0.384886446176097,0.699602572713047,0.00183828186746687,0.888225593138486,0.951479446375743,0.954432585043833,0.955413509393111,0.0680310288444161,0.334058281034231,0.288538566092029,0
0.430268170079216,0.983189255932346,0.195978841977194,0.416771644493565,0.513345134211704,0.170408300822601,0.0972794129047543,0.428317565238103,0.883494619745761,0.328921066131443,0
0.024307263083756,0.779465624131262,0.405964092118666,0.200319888535887,0.910839373013005,0.60780500783585,0.359685021918267,0.75720486138016,0.169192696455866,0.134698559064418,0
0.578326259041205,0.118757470755652,0.240621709031984,0.190286734607071,0.116743142949417,0.261752666672692,0.439289642265067,0.806219231104478,0.282311400631443,0.793110082857311,0
0.0726025060284883,0.586403487250209,0.0547382493694313,0.288634074851871,0.534597434103489,0.734169385163113,0.443401455646381,0.642402689671144,0.646112183807418,0.178694014903158,0
0.823438358958811,0.674214020138606,0.0835800205823034,0.59543147450313,0.937503783497959,0.610117160249501,0.153984541073442,0.0522035849280655,0.627351898467168,0.227983921766281,0
0.664683457929641,0.0593010606244206,0.147179197054356,0.74776031752117,0.447369281202555,0.0535249041859061,0.372880341485143,0.41114891669713,0.805328681599349,0.600221434608102,0
0.0676494933061302,0.320622770581394,0.120287667959929,0.0620232804212719,0.438914101570845,0.301232097437605,0.331132856663316,0.720377809600905,0.502828796859831,0.225287383422256,0
0.81509146024473,0.756381613900885,0.410276668146253,0.929811292003747,0.327204928733408,0.397560980403796,0.278040457051247,0.252044462133199,0.911307837814093,0.537869312101975,0
0.878136413404718,0.426174445543438,0.327888981206343,0.819800136145204,0.0338606408331543,0.218037478160113,0.635282810311764,0.995680609252304,0.107360408641398,0.298884197371081,0
0.0544641385786235,0.162389663280919,0.510487421648577,0.49473001412116,0.0137588987147435,0.95451587671414,0.48288318538107,0.460397438146174,0.685095877852291,0.198505623731762,0
0.9115234766379,0.274129844969139,0.318895721109584,0.987686009844765,0.443148445803672,0.361102583352476,0.987943562911823,0.964550004573539,0.346103923628107,0.513008852489293,0
0.0115884845145047,0.0691061436664313,0.439373682253063,0.150825168471783,0.503813394811004,0.832471842877567,0.0564098553732038,0.931769723538309,0.576367808505893,0.0907865089830011,0
0.629097844474018,0.184891878860071,0.0336088805925101,0.0348639481235296,0.0248988085051998,0.900085676694289,0.926999182440341,0.0997583791613579,0.356319027021527,0.639901150716469,0
0.223658276721835,0.5642772577703,0.0594069508370012,0.943535248981789,0.889164776774123,0.99475562828593,0.108736855210736,0.606887915404513,0.953545261640102,0.435045993421227,0
0.168668903643265,0.00895530171692371,0.716697388794273,0.667025362607092,0.633402407635003,0.663318979786709,0.790623546112329,0.430593706900254,0.46320871100761,0.185914719244465,0
0.0506408766377717,0.314921512035653,0.770028083119541,0.32313165301457,0.517168920719996,0.836916454602033,0.911066164728254,0.837140880990773,0.315369280986488,0.0594742372632027,0
0.918072074186057,0.0612443267647177,0.532411283813417,0.107714969199151,0.13283157069236,0.154465123079717,0.343045739224181,0.873014759039506,0.681260957149789,0.333247149130329,0
0.835125946905464,0.241592842154205,0.959892830112949,0.116454623173922,0.844676660140976,0.545049669919536,0.216785544063896,0.709371444536373,0.726324138231575,0.775008063297719,0
0.880295696901157,0.83879540162161,0.0520576874259859,0.446329198777676,0.955778314964846,0.251640943344682,0.218331340001896,0.941140905255452,0.574813096318394,0.283340837340802,0
0.76493472373113,0.966755038360134,0.754580862121657,0.0688967907335609,0.0544763007201254,0.128305813996121,0.413843500195071,0.66118938033469,0.666678317589685,0.366646128473803,0
0.290608189068735,0.129861530847847,0.0247188224457204,0.859172843629494,0.034378401003778,0.83481981838122,0.00154240988194942,0.213020438095555,0.00501242047175765,0.896144306287169,0
0.195446880534291,0.0111240281257778,0.121693174121901,0.527066168375313,0.994808011222631,0.717179960105568,0.841141108423471,0.433874746086076,0.881550532067195,0.366696611046791,0
0.996621385915205,0.968051065225154,0.768797233700752,0.453318256186321,0.36846861592494,0.469120847992599,0.865130332531407,0.146043855696917,0.891460455954075,0.866763913072646,0
0.344266300555319,0.00541999191045761,0.941066561033949,0.929448203183711,0.207717360462993,0.666083788964897,0.333900933386758,0.36995187192224,0.0423255690839142,0.692859327886254,0
0.0264446758065373,0.448201765073463,0.846451020333916,0.563690387178212,0.384593655122444,0.253449441632256,0.0107255226466805,0.102627957472578,0.02346549811773,0.392739529721439,0
0.376574507448822,0.208482833346352,0.640000994550064,0.797648045001552,0.0281413780646399,0.362819926580414,0.228169094538316,0.644002412678674,0.399805179564282,0.251333287451416,0
0.661379120545462,0.212715328205377,0.995519819436595,0.477760845329612,0.915436457842588,0.964586226968095,0.79152141045779,0.419031861703843,0.736593741457909,0.757887928280979,0
0.985388541361317,0.575742991641164,0.679159606574103,0.323441219050437,0.66430606902577,0.795980191556737,0.494792097248137,0.875510870711878,0.354811522644013,0.981455782195553,0
0.074819177813828,0.164832325652242,0.234154029749334,0.204501623054966,0.0607765763998032,0.657407978316769,0.663811649894342,0.823686289135367,0.272607699036598,0.506216980516911,0
0.239638667088002,0.200495144585148,0.925810963185038,0.0813877952750772,0.0346865432802588,0.0876171109266579,0.140578995924443,0.444449927192181,0.872621744172648,0.560044378275052,0
0.941180792637169,0.961504047038034,0.496706071542576,0.45134914573282,0.608156762784347,0.707320098532364,0.415123410057276,0.264525679172948,0.0350877270102501,0.985708215739578,0
0.329911897424608,0.0324116235069931,0.473934621317312,0.243571703555062,0.74994804803282,0.884864517720416,0.361535811331123,0.580694427480921,0.481014425633475,0.658001681789756,0
0.98277722954452,0.362308920361102,0.301822539651766,0.213415840407833,0.514646253315732,0.176184202311561,0.0663869918789715,0.231159594608471,0.172241899883375,0.221633798675612,0
0.449563825502992,0.343268622411415,0.853210017317906,0.113547820365056,0.0553047871217132,0.846307880943641,0.244501217966899,0.376625551609322,0.66415874636732,0.290491092950106,0
0.622281477786601,0.910926108117029,0.759676478803158,0.266756046330556,0.296466418309137,0.653396968962625,0.31913825403899,0.229413665132597,0.875194106018171,0.33878705278039,0
0.2575823799707,0.754124196013436,0.769367991480976,0.974077507468406,0.977437769761309,0.898690515430644,0.742089366773143,0.136513474397361,0.45041705830954,0.603316193446517,0
0.287990826880559,0.844044047873467,0.0125071643851697,0.479478699155152,0.0461019754573703,0.554177320562303,0.356760957511142,0.843694451730698,0.403894627699628,0.973162382142618,0
0.918837045086548,0.757332602748647,0.0415222272276878,0.893777454627678,0.259718524059281,0.0839502618182451,0.462068589171395,0.873060447396711,0.66437699412927,0.164170287316665,0
0.145409191260114,0.709302215371281,0.71411969489418,0.079913611125201,0.858596378006041,0.897069536615163,0.775327778188512,0.73612244008109,0.630271035246551,0.434024991933256,0
0.0965333359781653,0.248841182328761,0.00610365997999907,0.272359749535099,0.0835864287801087,0.545233051059768,0.565638349624351,0.694426683010533,0.896882055560127,0.626950081903487,0
0.753336994443089,0.854431143263355,0.00873014749959111,0.144704559119418,0.564707549056038,0.679041470400989,0.609853808069602,0.758109910413623,0.091827102471143,0.250199775211513,0
0.94005356146954,0.515039031393826,0.995715606259182,0.186072489013895,0.683240027166903,0.991218587150797,0.831959521165118,0.937021180056036,0.561423818580806,0.299838395323604,0
0.202116784173995,0.567321215290576,0.654523624107242,0.282668143743649,0.0111013669922948,0.810485328314826,0.636709204874933,0.757475917227566,0.961240662727505,0.861795641249046,0
0.534317140467465,0.635579566005617,0.0480360183864832,0.17596092983149,0.281034171581268,0.762381582288072,0.827379333088174,0.997620246373117,0.0926380304154009,0.209063601912931,0
0.0169380102306604,0.970118646742776,0.136212613899261,0.277171985711902,0.243580597452819,0.37640993995592,0.0222828749101609,0.139472068054602,0.612559065688401,0.116532261949033,0
0.820715684909374,0.0216901652416214,0.601166512817144,0.278524507535622,0.361155892256647,0.0590625165496022,0.780249629169703,0.115422678180039,0.745546921156347,0.464690030552447,0
0.298438061960042,0.763729019556195,0.933386951917782,0.653570845490322,0.904715113036335,0.631021528271958,0.0829398636706173,0.961080620530993,0.188185575651005,0.388420246075839,0
0.788458617636934,0.568774682004005,0.911323092412204,0.766022579511628,0.948374475119635,0.742272967239842,0.234341232804582,0.663231627782807,0.309524963377044,0.392270543146878,0
0.196422243025154,0.952401791996323,0.588315282948315,0.237638969207183,0.0772373639047146,0.186694955453277,0.881148577202111,0.502351911040023,0.0234502800740302,0.827432858524844,0
0.944784781714529,0.753674448933452,0.18549879360944,0.0854607704095542,0.229908128269017,0.52089572395198,0.126406526891515,0.318698536837474,0.664528815541416,0.384313745656982,0
0.0226115985397249,0.274046294158325,0.282826430397108,0.447191928746179,0.664028843166307,0.41746565210633,0.986766828456894,0.933011815883219,0.0585552575066686,0.107340366113931,0
0.757513888180256,0.923068546922877,0.163752080406994,0.985175548952259,0.175534552661702,0.506249266210943,0.739522542571649,0.602545058121905,0.722858738387004,0.165263209724799,0
0.353090509306639,0.53019461594522,0.316179533023387,0.324032404227182,0.999970576027408,0.734808156033978,0.657280147774145,0.489237924804911,0.118079664418474,0.908324718242511,0
0.0247162862136029,0.962553488556296,0.0201296673621982,0.706162454327568,0.0748299465049058,0.26183673995547,0.845245804870501,0.226740820333362,0.319759123027325,0.824366867775097,0
0.901258079567924,0.928518046902865,0.100552196614444,0.861287184990942,0.838198416866362,0.0310454957652837,0.261096048168838,0.565266594756395,0.888746914686635,0.0353183022234589,0
0.937001718208194,0.612909712828696,0.980322568677366,0.68176913051866,0.324244009563699,0.295142856426537,0.695157353067771,0.0322863312903792,0.301092767855152,0.964845279930159,0
0.295667592203245,0.251930572791025,0.0335663892328739,0.143031650455669,0.394585497677326,0.896398317068815,0.0154375932179391,0.174668350955471,0.327144561801106,0.709814353846014,0
0.908363388385624,0.887407289817929,0.00791294337250292,0.113489560550079,0.597201281227171,0.721344168996438,0.317769500194117,0.729873940348625,0.402837852248922,0.0741991412360221,0
0.873797375941649,0.723420553142205,0.95757567207329,0.465416195336729,0.0319787755142897,0.701125046936795,0.389375000726432,0.0144751886837184,0.464839316904545,0.819750668713823,0
0.579544595209882,0.768793054157868,0.815873097395524,0.174879929050803,0.921554306294303,0.564201980596408,0.258031518897042,0.815803883364424,0.5324179045856,0.186744902050123,0
0.0739826639182866,0.217300472781062,0.1641980195418,0.286463876022026,0.0139666530303657,0.851682688342407,0.941200230736285,0.673954312689602,0.0897905039601028,0.0180072940420359,0
0.0208934182301164,0.953017338179052,0.647799505619332,0.664949290454388,0.196565009886399,0.81379482592456,0.678041139384732,0.0131001530680805,0.866738776676357,0.700388609897345,0
0.949325977824628,0.0344641155958176,0.52300315303728,0.143414210528135,0.226757652126253,0.328413409180939,0.703068115049973,0.613981727510691,0.648274041246623,0.122441779822111,0
0.152064743218943,0.993493951391429,0.158962801331654,0.120959182269871,0.145390076562762,0.296428769128397,0.660957600455731,0.606278180377558,0.197126088431105,0.603889196645468,0
0.928939987206832,0.33375741681084,0.412695961538702,0.897171899443492,0.948285792028159,0.748766178730875,0.230756727047265,0.157153468579054,0.701136542949826,0.133273253915831,0
0.885045622941107,0.96149577443935,0.147007395047694,0.655171278165653,0.999952704180032,0.897272161673754,0.961788047337905,0.966521857772022,0.903577175922692,0.202470806660131,0
0.300041325856,0.0167672020431608,0.155554447788745,0.933425173396245,0.386877849698067,0.970170837594196,0.442107626004145,0.915364702465013,0.642976478440687,0.0188779036980122,0
0.329645772464573,0.318122041411698,0.959938373183832,0.627947819186375,0.534626331878826,0.0395923685282469,0.0448403616901487,0.731551360804588,0.890753086190671,0.278143130242825,0
