"1","2","3","4","5","6","7","8","9","10","class"
0.320324876112863,0.927454296965152,0.351720600156114,0.137638697167858,0.148358286125585,0.812502714339644,0.252522919327021,0.431068592006341,0.501370934536681,0.750661385245621,0
0.275346626993269,0.557248510885984,0.892723441123962,0.153692076448351,0.810049759922549,0.859531344147399,0.4042781193275,0.281688059447333,0.662137238075957,0.565213128458709,0
0.715482781874016,0.168951334198937,0.441019648453221,0.832653953693807,0.474654229357839,0.80427145329304,0.0501626366749406,0.898220530012622,0.479881129926071,0.0632213340140879,0
0.021331338910386,0.381311228033155,0.509345041587949,0.140392392408103,0.730155513621867,0.203989082947373,0.786431586369872,0.150355037301779,0.944277787581086,0.700423717033118,0
0.108177183894441,0.990395364584401,0.526628903113306,0.614441246958449,0.980451710056514,0.452688860008493,0.0710590044036508,0.219160625943914,0.505997357424349,0.428060617297888,0
0.820800576824695,0.493108008056879,0.563330532750115,0.246268046088517,0.986749892821535,0.803854019381106,0.341383466031402,0.582382049877197,0.853769848123193,0.762326683849096,0
0.58848217735067,0.115571561502293,0.211201011901721,0.381739038042724,0.363608677638695,0.302147515118122,0.981747960206121,0.939484441652894,0.0635458622127771,0.373314180644229,0
0.527492198860273,0.0759218148887157,0.950651384890079,0.265729818958789,0.730715083889663,0.23160434118472,0.853422733256593,0.738206200767308,0.379036498488858,0.535483207087964,0
0.301686233375221,0.969581501092762,0.532903859391809,0.46322666364722,0.966827110853046,0.121759864035994,0.0398215602617711,0.254004556685686,0.220627538627014,0.745128725888208,0
0.247448946582153,0.666955828666687,0.809994830749929,0.837659066542983,0.390060116536915,0.428902662824839,0.578361478401348,0.910797425545752,0.193525012815371,0.865342821925879,0
0.113696555607021,0.616991751594469,0.15146966627799,0.2585292046424,0.325482670450583,0.159776587272063,0.74894498474896,0.620142635889351,0.803983844118193,0.554367145523429,0
0.573441290995106,0.759114364162087,0.888192419428378,0.259499586652964,0.40550026204437,0.242355910828337,0.16016685962677,0.738288737135008,0.131535931257531,0.589385634055361,0
0.824869531206787,0.978909421246499,0.835582001833245,0.633418702986091,0.933415757957846,0.357134200399742,0.863972227089107,0.701585620408878,0.96551009058021,0.891604572301731,0
0.83478451310657,0.695923693710938,0.663970150519162,0.559378230245784,0.74125241022557,0.941972059896216,0.554382569622248,0.826467912644148,0.0870949581731111,0.395734258461744,0
0.0165950020309538,0.320602707564831,0.567464487859979,0.968791606137529,0.050574294757098,0.866128909867257,0.106055934680626,0.793829300208017,0.640515942359343,0.52025070390664,0
0.238670037360862,0.241178421536461,0.241751608904451,0.304953375831246,0.529939163709059,0.153149853693321,0.95610383618623,0.283537879353389,0.473186911549419,0.889830897562206,0
0.731732937740162,0.40432677231729,0.265197199303657,0.156303374562413,0.339279987150803,0.488057903479785,0.594746222952381,0.355102940928191,0.574133815476671,0.85077664675191,0
0.968898685649037,0.817847833270207,0.665928294183686,0.822817771462724,0.997698639519513,0.405833764234558,0.233634913340211,0.373540261061862,0.0572034127544612,0.268056402914226,0
0.722408427158371,0.832908074604347,0.911255538463593,0.28278995025903,0.24988637235947,0.220008368138224,0.075998863670975,0.831731379497796,0.935548959998414,0.809381566941738,0
0.942002290859818,0.642191117629409,0.0961937417741865,0.970240597845986,0.484730735421181,0.562010547844693,0.22911638347432,0.360665088752285,0.875481317052618,0.258800828363746,0
0.58501015487127,0.181180854095146,0.548360637854785,0.763785594142973,0.553197911940515,0.345263132825494,0.862706034444273,0.180995014728978,0.280652781715617,0.096568088280037,0
0.268315414199606,0.814901596633717,0.969926740741357,0.581912457942963,0.102153037209064,0.191698148380965,0.791007474530488,0.694336449028924,0.238753525307402,0.265942436177284,0
0.571146639995277,0.870789854088798,0.413309112424031,0.412713102996349,0.0355800909455866,0.133959974627942,0.947610966861248,0.713504942366853,0.627730654319748,0.848744097398594,0
0.0907915777061135,0.868470257846639,0.141919740010053,0.538181675598025,0.680912921205163,0.351663870969787,0.842474723933265,0.277245400473475,0.184720571618527,0.0580498743802309,0
0.827247528126463,0.155539129395038,0.191068145912141,0.621961099794134,0.752085970481858,0.974570591701195,0.9509489138145,0.40213803970255,0.460933417314664,0.634057000512257,0
0.425045052776113,0.647003666963428,0.751711779506877,0.800351628800854,0.1477224919945,0.0185479419305921,0.58937231102027,0.722375530749559,0.992511638440192,0.245093959383667,0
0.484276739181951,0.0184647236019373,0.707679060986266,0.748315378790721,0.31339037953876,0.202894856454805,0.797591286944225,0.350174066843465,0.0625224118120968,0.0839473854284734,0
0.784733396023512,0.793908664491028,0.619409365812317,0.434514710912481,0.0733501454815269,0.984628810780123,0.950335144996643,0.119712527142838,0.893334941938519,0.160990137606859,0
0.100183339556679,0.617183369817212,0.409654555143788,0.609848261810839,0.536190611077473,0.834187160711735,0.615617810515687,0.478625357151031,0.234467301517725,0.0404052033554763,0
0.592860436066985,0.518238978693262,0.370502788573503,0.868398312944919,0.223331902408972,0.168939733644947,0.802364153321832,0.638285913970321,0.688442929880694,0.116662497632205,0
0.730547924526036,0.152876489562914,0.0275139180012047,0.912807289743796,0.041531388880685,0.443176947301254,0.16459724237211,0.776421795133501,0.548193032620475,0.503194713732228,0
0.207248590420932,0.889933524886146,0.969235025346279,0.948280619923025,0.969637196976691,0.888627258362249,0.118743476457894,0.138918871060014,0.164394344436005,0.0320816333405674,0
0.414837809745222,0.941275854595006,0.355174136580899,0.573105434887111,0.810268740635365,0.227094860048965,0.216594956815243,0.719613613793626,0.118046982213855,0.448846087325364,0
0.815347113180906,0.546897101448849,0.541586088715121,0.145351712824777,0.22822369961068,0.54531242675148,0.2301790129859,0.397541562560946,0.84288633079268,0.895976599073038,0
0.0897354779299349,0.368520305724815,0.439813286066055,0.632961724884808,0.626661587040871,0.263880440499634,0.572425134945661,0.393255461473018,0.17813792778179,0.949736087583005,0
0.21619816234801,0.802767674671486,0.788140925113112,0.56154768820852,0.541904370300472,0.0308855881448835,0.908503020880744,0.554639950860292,0.357833012007177,0.750722768018022,0
0.546977051369473,0.291507457615808,0.647885849233717,0.534145221114159,0.661759598646313,0.786042652325705,0.0304950361605734,0.238226898713037,0.590194527758285,0.354545536218211,0
0.0680004905443639,0.176081034587696,0.000602905638515949,0.777567169163376,0.1490513891913,0.288822832750157,0.433145824354142,0.656226185150445,0.385589607059956,0.944575192872435,0
0.922762802103534,0.941366880200803,0.940727296983823,0.762340088142082,0.52786469925195,0.798790428554639,0.872240947326645,0.199885712238029,0.13251219317317,0.20957088121213,0
0.0303798601962626,0.0276676581706852,0.75880563003011,0.264000590192154,0.513884731102735,0.247408512048423,0.503502305597067,0.635047100950032,0.809103079140186,0.317942481487989,0
0.838921584188938,0.147507400484756,0.908867511898279,0.652275850996375,0.409135387279093,0.227634985465556,0.393458728911355,0.595056645339355,0.0122642477508634,0.617509962059557,0
0.986258268589154,0.585118522169068,0.537178103346378,0.373810719233006,0.354896279284731,0.114951940253377,0.57460773573257,0.561662514461204,0.931220662547275,0.12542482255958,0
0.0965036561246961,0.709142591571435,0.844979855231941,0.94007974001579,0.529779555974528,0.813225141260773,0.398997726617381,0.713398388354108,0.431447888258845,0.410488099325448,0
0.594152015866712,0.690462331986055,0.0804766700603068,0.839026521192864,0.168859685538337,0.637689678464085,0.356154700275511,0.54950642795302,0.374098978936672,0.524870220804587,0
0.106642589205876,0.923276912653819,0.940547621808946,0.469521692255512,0.605099616572261,0.575108343036845,0.377998664276674,0.116846651537344,0.142982807243243,0.681299632182345,0
0.479300038423389,0.100523916771635,0.508510706480592,0.220781031064689,0.904618458589539,0.94343519071117,0.870958905667067,0.359929566504434,0.0852999601047486,0.622483177576214,0
0.303853110875934,0.193544835085049,0.262955918675289,0.866792825283483,0.760150653077289,0.408165214350447,0.670388777274638,0.0026988796889782,0.35706532583572,0.198516753967851,0
0.692470139823854,0.170681142946705,0.967434448655695,0.389666228322312,0.221971862949431,0.310658580856398,0.960504774469882,0.574269325239584,0.728656454244629,0.360126774990931,0
0.539191116346046,0.596593791153282,0.846011318499222,0.451354236342013,0.501373841660097,0.406939373118803,0.915646040812135,0.0828591678291559,0.519297909457237,0.72712748660706,0
0.799209628487006,0.799604170024395,0.129256776766852,0.517491999315098,0.379131425637752,0.968252106569707,0.302625602344051,0.912071245955303,0.572466729674488,0.594566419022158,0
0.550966490758583,0.406350543955341,0.53615355771035,0.883704776875675,0.118246659636497,0.963597965426743,0.9129015696235,0.112148221116513,0.30664897733368,0.823441842803732,0
0.572817187057808,0.41177821601741,0.0612987251952291,0.379478740273044,0.719905422767624,0.9866211428307,0.446075766580179,0.764113299315795,0.239180787000805,0.0697025884874165,0
0.972640880383551,0.44168611173518,0.893381196074188,0.285517665790394,0.511397902388126,0.889745661756024,0.199169673258439,0.317233426496387,0.661305744433776,0.872710149968043,0
0.775024765171111,0.172411340521649,0.336359751410782,0.775290779769421,0.812213178025559,0.901492214994505,0.712766371434554,0.618037734879181,0.382730659563094,0.903483287896961,0
0.293294666800648,0.548643465619534,0.382087792037055,0.357039232272655,0.0722530346829444,0.819531177869067,0.812107107369229,0.445090406341478,0.732956103980541,0.240632133092731,0
0.0746077485382557,0.199515742482617,0.1142072963994,0.601809756597504,0.34526798594743,0.761204896261916,0.130775401135907,0.44217658159323,0.288289169082418,0.730415298370644,0
0.60695954435505,0.753447830677032,0.572553743142635,0.84223911864683,0.522226217901334,0.920045197475702,0.648941474733874,0.360486544203013,0.999549016356468,0.512890619458631,0
0.103579198941588,0.223198650637642,0.839967234060168,0.442944599781185,0.257743100635707,0.552223849575967,0.272037709364668,0.249448274029419,0.685763687826693,0.184727241983637,0
0.215499466983601,0.0870767908636481,0.862129649845883,0.73047947185114,0.875973833724856,0.650871825637296,0.328423290047795,0.778700141469017,0.510214619105682,0.927413741825148,0
0.990411892067641,0.71906385011971,0.978334175655618,0.765782113419846,0.609999720938504,0.95305284531787,0.287796679418534,0.227059227181599,0.903714067535475,0.386355651309714,0
0.830746519146487,0.315614670747891,0.227772412123159,0.697274641832337,0.94881147868,0.748334593139589,0.57382935215719,0.442906853044406,0.931747475406155,0.440388591960073,0
0.469862580765039,0.924769825302064,0.640874132957123,0.076285922434181,0.0628666945267469,0.259110154118389,0.996693264460191,0.906103638932109,0.417038258397952,0.854057803982869,0
0.535529207903892,0.103366407332942,0.866783857811242,0.556399923749268,0.232777071883902,0.837891349103302,0.766371102305129,0.0714752958156168,0.978720156243071,0.159123136196285,0
0.238246890250593,0.126331502804533,0.117167246295139,0.654520658543333,0.795914670918137,0.174244191730395,0.921032028272748,0.700580255128443,0.261596018448472,0.317428569309413,0
0.671185082523152,0.118716493016109,0.48001427273266,0.623234282014892,0.113043755292892,0.285852875793353,0.18326898268424,0.030912313843146,0.4308433807455,0.79881355073303,0
0.7915987924207,0.689108578721061,0.180423596175388,0.840028661768883,0.458900928730145,0.970855880063027,0.779250592226163,0.666312529938295,0.201542316470295,0.924134770641103,0
0.65606579487212,0.0773262789007276,0.907550727715716,0.294726563151926,0.957942130742595,0.311597381718457,0.0786666732747108,0.115823853295296,0.184510451043025,0.698754476150498,0
0.745483829639852,0.757751162629575,0.00897242804057896,0.864902925677598,0.0250327088870108,0.197943828068674,0.575390652054921,0.292347854701802,0.237089450936764,0.778241326566786,0
0.720683727879077,0.291307350620627,0.0103923289570957,0.767282587243244,0.811267845332623,0.300860402872786,0.523079036269337,0.198352166451514,0.938795575872064,0.608027921058238,0
0.0429784778971225,0.385778242954984,0.436811938881874,0.836087782867253,0.121550562558696,0.0649819087702781,0.732989800628275,0.881585348630324,0.417330086231232,0.85034569981508,0
0.506841224618256,0.395345068303868,0.0489421004895121,0.115868492051959,0.0940187422093004,0.0606253303121775,0.0337416538968682,0.0905838434118778,0.785557072609663,0.797414480010048,0
0.342885243706405,0.984359504189342,0.035107099218294,0.0571815010625869,0.277363532688469,0.784770788857713,0.0855628843419254,0.502670230576769,0.555277986917645,0.231250996235758,0
0.76690178969875,0.462245809379965,0.50102136679925,0.231287020724267,0.596825026907027,0.495796925621107,0.412006562808529,0.188685953617096,0.517698203912005,0.235811471240595,0
0.564346594270319,0.129376986064017,0.226769182831049,0.0825534760951996,0.133243832038715,0.720923057524487,0.824195900466293,0.0779132468160242,0.509110915474594,0.0185815757140517,0
0.176226686686277,0.448614165186882,0.0188091062009335,0.76574797113426,0.721033266512677,0.540459443349391,0.995693507837132,0.949202199699357,0.0925787894520909,0.807668793946505,0
0.719964914023876,0.19947652425617,0.0683180293999612,0.306563060730696,0.0287877162918448,0.497628433862701,0.51793387811631,0.285891052568331,0.532764292089269,0.600621747551486,0
0.845765166217461,0.910117774736136,0.754283134359866,0.367756942054257,0.0905608139000833,0.82330006826669,0.674778723623604,0.560349741019309,0.0600383465643972,0.768320999108255,0
0.0716373606119305,0.296488905558363,0.0754949341062456,0.453119100769982,0.452492091106251,0.694137027021497,0.419719716301188,0.116850327234715,0.080815561581403,0.200742642628029,0
0.533128943759948,0.336651006015018,0.902696801815182,0.402632152428851,0.376440499443561,0.896435941802338,0.335217125015333,0.859570374712348,0.710341652855277,0.170452684396878,0
0.657805203460157,0.105803787708282,0.321222926490009,0.256589699070901,0.660714939236641,0.376130901044235,0.00633757770992815,0.590114356949925,0.398271848913282,0.461112994933501,0
0.947995256632566,0.94839430344291,0.168310828274116,0.9470599219203,0.480521109187976,0.836443038424477,0.799867933150381,0.902150147594512,0.479564564302564,0.114761407254264,0
0.126414091093466,0.142676855903119,0.176662687212229,0.500066646374762,0.820901294006035,0.294322283007205,0.238864155719057,0.584872931940481,0.124164221575484,0.178702409146354,0
0.814801250351593,0.0663120979443192,0.463470637565479,0.629602839471772,0.586690716911107,0.124026815639809,0.440892037935555,0.474249701714143,0.113712712656707,0.780588474823162,0
0.655876897741109,0.984401275403798,0.360416247742251,0.971444740891457,0.0500515874009579,0.223255491582677,0.978699773317203,0.499875333392993,0.709099020110443,0.467926406767219,0
0.124579279916361,0.970457555959001,0.352496678708121,0.184179057832807,0.568612521281466,0.565178030403331,0.348837645491585,0.664058366091922,0.849491490982473,0.0785005614161491,0
0.00181536376476288,0.952113966690376,0.414783551357687,0.633112028473988,0.148106921464205,0.564807664370164,0.658677165862173,0.0171920582652092,0.212999107548967,0.125378841767088,0
0.023418034426868,0.882880323333666,0.787588977022097,0.955089278053492,0.614660812774673,0.146489499835297,0.582672241143882,0.244261950487271,0.509066696744412,0.301674201153219,0
0.610633028438315,0.923974673263729,0.586088416632265,0.606982132885605,0.618462790502235,0.0696476362645626,0.840807535685599,0.24154132604599,0.670480932109058,0.0697319994214922,0
0.665802704170346,0.612639897037297,0.731735086767003,0.830657959682867,0.988478610990569,0.275845246389508,0.472805697005242,0.820367849431932,0.108617423567921,0.395225762855262,0
0.732920271344483,0.972518647089601,0.726348689990118,0.137102918699384,0.668945426819846,0.758635963080451,0.407520016189665,0.64453876693733,0.939917146926746,0.937269361689687,0
0.33532448625192,0.471417003311217,0.0354787153191864,0.100727462908253,0.423937605926767,0.288096340373158,0.674767049495131,0.565743499901146,0.40918343141675,0.0710338221397251,0
0.237026990624145,0.0631484827026725,0.493981099454686,0.507822693092749,0.24855799973011,0.200987496878952,0.493873146828264,0.662526006111875,0.0134326971601695,0.228319272166118,0
0.363206200767308,0.766920164693147,0.416760874213651,0.199199642753229,0.0335436000023037,0.956493031932041,0.931814897805452,0.490185735747218,0.0250287710223347,0.0315136318095028,0
0.662728003226221,0.286596123129129,0.85837158956565,0.184829149628058,0.572468903381377,0.386118192691356,0.854724407196045,0.374605353455991,0.330635919002816,0.998262865003198,0
0.763011302100495,0.319547865539789,0.572161403484643,0.848579372046515,0.967227458953857,0.729568689363077,0.0365536527242512,0.0957239202689379,0.619245369918644,0.105231671128422,0
0.624611177481711,0.269418136449531,0.745099947089329,0.0560536563862115,0.690064124297351,0.707920755492523,0.104059259640053,0.557880321517587,0.145517255179584,0.250080993864685,0
0.756496043177322,0.743834034306929,0.782074103597552,0.799453064566478,0.390468199271709,0.527051268378273,0.791566586121917,0.221244690241292,0.515731720020995,0.683671761769801,0
0.708517657825723,0.233793013496324,0.858465233817697,0.61334695876576,0.930211431812495,0.366003782255575,0.529480598168448,0.0630209546070546,0.713295377790928,0.595403293846175,0
0.925614276668057,0.437295334180817,0.229710710700601,0.0668529844842851,0.943910343805328,0.0793826021254063,0.0499488722998649,0.903257798170671,0.365552102448419,0.277850452344865,0
0.234987564617768,0.0597095489501953,0.19763222290203,0.376070049358532,0.118376465979964,0.966292700497434,0.81148104975,0.831623103935272,0.651435340056196,0.210916040698066,0
