"1","2","3","4","5","6","7","8","9","10","class"
0.965184749569744,0.528480476234108,0.451377032790333,0.696058130124584,0.632004365092143,0.0529165111947805,0.387511987937614,0.489841424394399,0.862363972933963,0.560474791796878,0
0.33642127783969,0.192818764830008,0.369939252268523,0.390013488940895,0.113871252629906,0.432923973537982,0.733135588467121,0.320818000240251,0.75897821597755,0.343433788977563,0
0.774437600746751,0.819909070618451,0.252098283497617,0.331790138967335,0.597645356552675,0.0698587335646152,0.215128036215901,0.530113049782813,0.920942212454975,0.243078749394044,0
0.683635555906221,0.647683428134769,0.224530787440017,0.626240928191692,0.378357793437317,0.328741915756837,0.303969393484294,0.508986717788503,0.804904006421566,0.109359006863087,0
0.300135454628617,0.464099793229252,0.345169071573764,0.197238778462633,0.493434445699677,0.761921412311494,0.529563090763986,0.720124358078465,0.510901879286394,0.227164229843765,0
0.192671917378902,0.853398985927925,0.0544328284449875,0.618753668153659,0.11626010062173,0.238518567988649,0.90988764190115,0.670352610992268,0.0370275443419814,0.422518908046186,0
0.256028504809365,0.653649680549279,0.249387508258224,0.909949939930812,0.0677419148851186,0.255803918931633,0.455097985453904,0.223754887934774,0.155549160670489,0.488416784908623,0
0.675983086461201,0.606669778004289,0.487881730310619,0.875097625656053,0.756108201341704,0.586513159330934,0.300769429188222,0.994884188752621,0.0347658810205758,0.917269613593817,0
0.371451889630407,0.828081747284159,0.475156250409782,0.65629257587716,0.472937402548268,0.0379590881057084,0.605349681805819,0.92498837178573,0.589424358215183,0.698247413383797,0
0.755556741962209,0.630627797683701,0.174491670913994,0.571509560570121,0.563654992962256,0.233511926373467,0.240108706755564,0.966698815580457,0.660829678876325,0.00852582417428493,0
0.0098176954779774,0.0827157157473266,0.204401983879507,0.32462364109233,0.352774417959154,0.434078617021441,0.452685908647254,0.400556974811479,0.850940060336143,0.969959683716297,0
0.190680312691256,0.707108689006418,0.765632385853678,0.144753814442083,0.824512763647363,0.870517142815515,0.435506737791002,0.951690118294209,0.108280735090375,0.934573821956292,0
0.721134375780821,0.580831261817366,0.776704585179687,0.0320055652409792,0.850101460004225,0.89140443992801,0.823582533746958,0.11737750354223,0.515369579195976,0.541943132411689,0
0.155492663849145,0.804345015902072,0.452706138137728,0.831879298668355,0.694316348992288,0.820477118249983,0.617682859068736,0.807022288907319,0.229708456201479,0.74039861233905,0
0.35365590499714,0.594235095661134,0.240659667178988,0.0605446381960064,0.740052959416062,0.864248239668086,0.143058011308312,0.702071008039638,0.122261306503788,0.381371720694005,0
0.592838161857799,0.74972808919847,0.522766872309148,0.766052429098636,0.864043752662838,0.247142629465088,0.0633430108428001,0.218368170782924,0.171870842808858,0.382209966192022,0
0.734507105778903,0.36146142333746,0.252293941332027,0.101418867241591,0.24405689490959,0.0235080022830516,0.129877802915871,0.565438293851912,0.964309554314241,0.0496194786392152,0
0.140643533086404,0.143591716885567,0.375943481689319,0.883920450694859,0.208175173727795,0.49242191016674,0.0417669187299907,0.433208985486999,0.722754551796243,0.462294530356303,0
0.0550551847554743,0.250393862137571,0.530827429844067,0.881715738680214,0.11964319483377,0.875348193803802,0.988457667408511,0.557047127047554,0.0325459421146661,0.0278423007111996,0
0.430048041511327,0.825748656876385,0.503161681350321,0.667021088069305,0.477547555230558,0.815100691281259,0.244873533491045,0.261651132022962,0.617760291555896,0.932488161837682,0
0.868874016450718,0.780337535077706,0.578222358599305,0.295816953992471,0.207163689192384,0.993767525302246,0.712438753340393,0.397381592309102,0.399215674726292,0.70715320808813,0
0.627705755643547,0.769862332148477,0.875752010149881,0.0300021506845951,0.0405482519418001,0.669275667285547,0.749955333536491,0.337391182314605,0.753480525221676,0.850033522117883,0
0.191113921115175,0.826920986408368,0.31602260004729,0.739376604789868,0.896571072516963,0.633211991284043,0.049994420260191,0.800876784371212,0.284408117644489,0.827533803414553,0
0.875875973608345,0.272692355560139,0.569051354890689,0.375504325609654,0.999154712073505,0.903178445296362,0.405484106624499,0.310387340374291,0.135610243538395,0.14278596569784,0
0.356211429461837,0.975159835070372,0.871588753070682,0.677291752072051,0.161370061803609,0.485009269556031,0.613441414199769,0.835910785011947,0.12526625324972,0.959964882116765,0
0.212971933418885,0.784720064606518,0.0409481688402593,0.0722729323897511,0.287803607527167,0.42081824853085,0.98553882772103,0.214564156718552,0.129760435316712,0.476735064061359,0
0.327085990924388,0.281887761084363,0.764380360720679,0.671006936812773,0.842437543673441,0.504510012920946,0.575034876586869,0.669055578997359,0.194045575801283,0.831051061861217,0
0.669627909548581,0.702765338355675,0.197536038001999,0.8120022485964,0.781810666900128,0.956336394650862,0.262333064805716,0.052390526747331,0.032790893688798,0.195861006621271,0
0.594107959419489,0.0824472792446613,0.945567461429164,0.463835299713537,0.71866233786568,0.988417763495818,0.826673755655065,0.725386376027018,0.0666922484524548,0.568501112982631,0
0.77239977568388,0.0906198397278786,0.0739031217526644,0.0266073052771389,0.732561491196975,0.465875955298543,0.276262783678249,0.502004017354921,0.65408761263825,0.639670149423182,0
0.767084359424189,0.0432919568847865,0.699040000326931,0.172603165963665,0.809400335652754,0.971583756618202,0.745013197418302,0.141444881912321,0.047831236384809,0.0592828700318933,0
0.240070636151358,0.308653646381572,0.569237539544702,0.696790627436712,0.0221293645445257,0.675887888064608,0.226903041824698,0.613473422592506,0.371522579342127,0.892334520351142,0
0.174020239850506,0.402576218824834,0.236083399038762,0.462059222394601,0.865842377068475,0.210168985649943,0.715974590042606,0.83856024662964,0.802689512260258,0.971979468595237,0
0.190376886632293,0.697689824504778,0.217416100669652,0.70493708178401,0.215626019053161,0.306915080407634,0.0712091873865575,0.201328359311447,0.869275247910991,0.586169890360907,0
0.00289405160583556,0.00382935674861073,0.394383834209293,0.822650653077289,0.265897157136351,0.606662832899019,0.705719070741907,0.702874342212453,0.594628089340404,0.210402161814272,0
0.442067907191813,0.57443837239407,0.694967195391655,0.681468062568456,0.858421808574349,0.0259333488065749,0.642454805318266,0.716526759089902,0.135519433766603,0.0460184977855533,0
0.521340933861211,0.0182004438247532,0.621648173546419,0.906953201862052,0.30333562893793,0.113201406085864,0.937549433670938,0.429899202426895,0.955196832306683,0.156904579605907,0
0.238555006450042,0.182853923644871,0.976796722738072,0.968948581488803,0.356614868855104,0.87311105360277,0.789273875998333,0.616105915978551,0.918730253353715,0.537488507805392,0
0.443820447660983,0.646863158559427,0.650653365068138,0.97628933400847,0.847925256472081,0.594406750285998,0.363939057569951,0.362436570692807,0.418413035338745,0.912916553206742,0
0.607499907491729,0.729304051259533,0.41813843883574,0.64787670597434,0.58247912558727,0.211584948468953,0.0724789269734174,0.00457417755387723,0.192631104961038,0.464430730091408,0
0.63671792508103,0.304751930758357,0.811554584652185,0.141614330466837,0.653643982950598,0.412144044879824,0.92206783615984,0.411900846520439,0.622655115090311,0.697942341910675,0
0.167448443826288,0.287977134808898,0.588177600642666,0.46851047500968,0.516870260238647,0.21198218385689,0.0612072325311601,0.720668660476804,0.183678375324234,0.635448880493641,0
0.263298883801326,0.230912789935246,0.319595830515027,0.975354499416426,0.168316697934642,0.734829705441371,0.0713133302051574,0.418289030902088,0.962154884357005,0.49400451220572,0
0.581523231929168,0.635229910258204,0.805859615560621,0.632115710526705,0.956281296210364,0.977354579372332,0.120592402527109,0.339824842521921,0.908125332556665,0.0937788269948214,0
0.00595044204965234,0.00900515145622194,0.693585958098993,0.224560613976792,0.285165955545381,0.279829482315108,0.217888867948204,0.389087752671912,0.695255057653412,0.584881364367902,0
0.939727352000773,0.739073378965259,0.818456951063126,0.833290914772078,0.998072496149689,0.549083851277828,0.650044011184946,0.466094400500879,0.0977453840896487,0.778958790237084,0
0.484854872804135,0.533898346824571,0.16400969075039,0.558070714119822,0.263454041909426,0.786117092473432,0.280724145937711,0.41540892701596,0.753504378953949,0.79698897479102,0
0.602785651339218,0.568572210147977,0.271780879469588,0.982873614877462,0.336534433532506,0.685563219478354,0.304506688378751,0.793418068671599,0.0799285555258393,0.0821158692706376,0
0.502329392824322,0.891347518190742,0.857026627985761,0.405734414933249,0.503735878039151,0.835493202554062,0.976620083907619,0.135196362156421,0.325000040698797,0.651176132028922,0
0.337971962289885,0.233321783598512,0.611718098400161,0.978069786215201,0.315020347712561,0.683220902225003,0.794097922276706,0.672876876313239,0.707973439479247,0.755851056426764,0
0.810991453938186,0.798855512868613,0.00579747487790883,0.898459612159058,0.869994165608659,0.881062261294574,0.540585460374132,0.313550349092111,0.835301289334893,0.0657495374325663,0
0.575283460784703,0.80948870931752,0.773241756483912,0.68128375778906,0.0599009569268674,0.936192431952804,0.329134069615975,0.601147566223517,0.245519457850605,0.230115727521479,0
0.206831987015903,0.52484511770308,0.702643082942814,0.617030521621928,0.289548823377118,0.734114121412858,0.564597140531987,0.0347683085128665,0.059574625454843,0.775292556965724,0
0.206943520577624,0.891403947025537,0.424361610319465,0.402144439751282,0.715965278446674,0.874612479005009,0.441550316754729,0.75103362929076,0.492401470197365,0.0660426244139671,0
0.013967911247164,0.270343403564766,0.0179542975965887,0.490577847231179,0.764384857844561,0.824941208120435,0.281158548081294,0.327690432080999,0.460515905637294,0.817172383656725,0
0.641006816644222,0.754669627640396,0.0320209844503552,0.0864359443075955,0.506395612843335,0.820679371012375,0.392240855144337,0.40955364657566,0.382369153667241,0.947266977513209,0
0.0429259256925434,0.183178204577416,0.721743899397552,0.19332890980877,0.793812783434987,0.955716042313725,0.50466877873987,0.527003314346075,0.157298109261319,0.970197997288778,0
0.176410643616691,0.502433566609398,0.558664286043495,0.412092951359227,0.0596426213160157,0.374044725904241,0.712622864637524,0.153384390287101,0.143918637884781,0.369016428245232,0
0.934534856816754,0.183504444779828,0.771587311290205,0.166620397008955,0.23931906092912,0.761435590218753,0.568433445878327,0.373893910320476,0.61114926612936,0.6401893470902,0
0.946450646035373,0.973851001588628,0.667423000792041,0.658178263576701,0.237393508432433,0.210343913873658,0.18790065520443,0.396706446539611,0.462601151317358,0.578819222515449,0
0.283680831547827,0.484020470175892,0.127988348715007,0.919702432118356,0.288286536931992,0.215497083496302,0.494125094730407,0.298819712130353,0.17554881516844,0.454261305741966,0
0.702910054475069,0.918220211751759,0.103564461925998,0.811391486320645,0.166234883246943,0.189566702349111,0.374038191977888,0.258460331009701,0.692021640716121,0.887846370460466,0
0.56674478459172,0.939231319352984,0.944387878058478,0.675643422175199,0.127731784246862,0.44373365258798,0.661225424613804,0.168651860672981,0.197281911736354,0.70908949105069,0
0.524166252464056,0.528171811485663,0.538874852238223,0.205171158770099,0.163072342285886,0.726193188689649,0.257379755843431,0.67234899988398,0.0210126040037721,0.445316698169336,0
0.645249276189134,0.146729650907218,0.273305853130296,0.604093672940508,0.209046959877014,0.847333343932405,0.171456248965114,0.381995295407251,0.901908890111372,0.954661565367132,0
0.0617601831909269,0.255653399508446,0.87938436307013,0.56642081681639,0.833934868685901,0.170792895136401,0.785352085949853,0.767264013644308,0.963869879022241,0.441514007980004,0
0.706971816485748,0.680322070838884,0.0641000636387616,0.591082875616848,0.693953510839492,0.833088148618117,0.527851679828018,0.900369421578944,0.617682613898069,0.671719514764845,0
0.0194016227032989,0.75511521124281,0.223832858959213,0.628200964303687,0.443682865705341,0.297338016796857,0.744969204533845,0.426238879328594,0.531063296832144,0.166149964788929,0
0.0423075554426759,0.715872437227517,0.552653037244454,0.476770662236959,0.729798679240048,0.00342875206843019,0.360199300805107,0.522238237783313,0.836562149226665,0.764299250440672,0
0.552531131310388,0.00126153300516307,0.987207617610693,0.437916536349803,0.0898899601306766,0.274164142087102,0.581759953172877,0.774319200776517,0.0855732071213424,0.918988479534164,0
0.674402065342292,0.545625508995727,0.813861288828775,0.830959515180439,0.356539031956345,0.662162133026868,0.0818773782812059,0.447961877798662,0.654846633784473,0.859896390233189,0
0.0197525667026639,0.712978836381808,0.706984091317281,0.72017156995507,0.0929388734512031,0.948058466659859,0.929623015457764,0.503772633383051,0.805199809838086,0.896402263315395,0
0.394262172281742,0.545121499337256,0.796802778495476,0.726093001430854,0.29921627859585,0.741154299816117,0.814179239328951,0.826515577733517,0.993732122937217,0.863372781313956,0
0.204416015651077,0.905927611282095,0.156586859608069,0.438529680017382,0.870472523849458,0.846524238120764,0.214127326384187,0.588306762976572,0.236145408591256,0.258672871161252,0
0.558342251228169,0.00458241766318679,0.416360026458278,0.766689772717655,0.594607468461618,0.936615739949048,0.519239015178755,0.800222364254296,0.0159727619029582,0.935184867586941,0
0.926157407462597,0.93595430161804,0.132843152154237,0.45431016641669,0.489405714673921,0.49705458804965,0.121146708726883,0.650149796390906,0.284779728623107,0.309023441514,0
0.044815971981734,0.431040996219963,0.097303080605343,0.34410186111927,0.872606959426776,0.570985884405673,0.510723618557677,0.131038384046406,0.827232311479747,0.131750609027222,0
0.525327016599476,0.345732153160498,0.633254659362137,0.0753316234331578,0.856956331059337,0.315727206878364,0.39665672602132,0.417199288029224,0.247529015643522,0.338250384898856,0
0.842355919070542,0.542769535444677,0.821141038089991,0.350797436432913,0.181692189304158,0.587345459731296,0.0592610470484942,0.668432470411062,0.479725287528709,0.498258923180401,0
0.512362132081762,0.822359807789326,0.516173722920939,0.421673836652189,0.576240376103669,0.628303117118776,0.522029467392713,0.247250166255981,0.216647746041417,0.400441063800827,0
0.369142520008609,0.993535130983219,0.0103837267961353,0.0253350271377712,0.82832210813649,0.302777767181396,0.525259982328862,0.775206242688,0.0617417395114899,0.747719391714782,0
0.998899925267324,0.544539072085172,0.913285969290882,0.831787411123514,0.520882651908323,0.845487820450217,0.735382572747767,0.463285983540118,0.653538713464513,0.820809585275128,0
0.731272272067145,0.604104211553931,0.936823727097362,0.91265859361738,0.184372377116233,0.568624178646132,0.0870819652918726,0.983875390840694,0.0214156419970095,0.20104977954179,0
0.773690731963143,0.654588986886665,0.708593457937241,0.536851298296824,0.0284156745765358,0.786675287876278,0.00295906281098723,0.894948278553784,0.0248818444088101,0.513560789870098,0
0.36833617137745,0.998606078093871,0.403752338839695,0.508829784346744,0.588560038479045,0.97984396875836,0.882190080592409,0.0805483802687377,0.0491477381438017,0.81001526885666,0
0.571151100331917,0.0384265631437302,0.169609336415306,0.239819796988741,0.468189506558701,0.607915000990033,0.801093474961817,0.89936744584702,0.334960542852059,0.918862819671631,0
0.213817631360143,0.613849899964407,0.759120585629717,0.838081187568605,0.2788826005999,0.17288670106791,0.637370453448966,0.574638011399657,0.0371116024907678,0.796988904941827,0
0.244764044880867,0.532015484757721,0.688687482150272,0.907563126878813,0.445162449032068,0.0771042832639068,0.67707131174393,0.144693986978382,0.495372920529917,0.596991955768317,0
0.803409036481753,0.165537548018619,0.111045782221481,0.891630087047815,0.370345481904224,0.224844750249758,0.422815019963309,0.416487060021609,0.158058910863474,0.899963073665276,0
0.634403262520209,0.030045417835936,0.581263178726658,0.574350991984829,0.101115406025201,0.853530034190044,0.130016875918955,0.457404738524929,0.486959111178294,0.182540636742488,0
0.220739531097934,0.277856864733621,0.891637775814161,0.984999342123047,0.547066042199731,0.346943025011569,0.761344574159011,0.218854854116216,0.434898312669247,0.566782084293664,0
0.823967178585008,0.431898195296526,0.515291281742975,0.469023864483461,0.974236801499501,0.547815890517086,0.71921783266589,0.400340672116727,0.885267948498949,0.932225236902013,0
0.469861082267016,0.0665423704776913,0.66123687941581,0.0029288805089891,0.174058941425756,0.963077741675079,0.762502959929407,0.771668886765838,0.830166871193796,0.813259301939979,0
0.997604136820883,0.928268654970452,0.87883861688897,0.269675632473081,0.514922452624887,0.274031978100538,0.840091781225055,0.440078249434009,0.63533995533362,0.538393940310925,0
0.188604229595512,0.693473941879347,0.0828493167646229,0.465751275187358,0.877280513523147,0.779304686002433,0.429941141512245,0.370446677785367,0.0660806379746646,0.253183909226209,0
0.218820911133662,0.88340095244348,0.390311312861741,0.647645015269518,0.150065480032936,0.944950261851773,0.0834684055298567,0.387285976903513,0.0699728389736265,0.217181832296774,0
0.747352795442566,0.609832897782326,0.545167999109253,0.699988938402385,0.00996932853013277,0.476265086792409,0.56608123332262,0.366371331736445,0.867015728261322,0.481572308810428,0
0.183894413989037,0.655765618663281,0.0253467801958323,0.124842393910512,0.859553560381755,0.354827730217949,0.408264225814492,0.916288707405329,0.804911344777793,0.209210518514737,0
0.595617526210845,0.949382282793522,0.293202844215557,0.075349201913923,0.81724586780183,0.786934192525223,0.0367708078119904,0.276801191270351,0.185912563232705,0.479202731279656,0
0.0434424858540297,0.880360969575122,0.9000948544126,0.953190662199631,0.647620356408879,0.559118123725057,0.828473058994859,0.279593921033666,0.0869502010755241,0.373501579975709,0
