"1","2","3","4","5","6","7","8","9","10","class"
0.0653700341936201,0.225715860258788,0.916946604615077,0.166957075707614,0.610124831087887,0.987727087689564,0.132862962316722,0.205243850592524,0.476090473588556,0.628584139281884,0
0.923085805261508,0.867732047812454,0.886283331550658,0.872638049535453,0.290872827870771,0.363930352497846,0.668346927268431,0.733256048057228,0.00540480040945113,0.515561198582873,0
0.824720520829409,0.776594227179885,0.963419589679688,0.731110539520159,0.771203886484727,0.207574014551938,0.159239833476022,0.361282527213916,0.200272595975548,0.0150763746351004,0
0.392021210631356,0.763918505515903,0.0763332506176084,0.965580926276743,0.993023506598547,0.703139003831893,0.709583813790232,0.53474790789187,0.636764989234507,0.732919651549309,0
0.533890640130267,0.0143750021234155,0.531427873997018,0.844452739693224,0.421194324735552,0.811949949013069,0.0652062343433499,0.952572823967785,0.00701965182088315,0.773381410632282,0
0.562558531994,0.376873135333881,0.881464767502621,0.586286501027644,0.898083372274414,0.752468161750585,0.639755504671484,0.845355352386832,0.344385070959106,0.961328384000808,0
0.267144976649433,0.996787470299751,0.519846877548844,0.729931643232703,0.789718257728964,0.748174262465909,0.546972152078524,0.644802804570645,0.928121758857742,0.739239169284701,0
0.430568079464138,0.403287870576605,0.931877931347117,0.414251788519323,0.757017706986517,0.728418863611296,0.487182892393321,0.279573693405837,0.00882864999584854,0.58350364328362,0
0.555836351821199,0.415359527571127,0.877397338011675,0.247914586681873,0.826360987266526,0.50790279917419,0.86828979710117,0.298292414750904,0.127083922736347,0.471795012243092,0
0.844490786548704,0.748465443961322,0.895776659250259,0.532618366647512,0.522949405945837,0.713982837507501,0.384996358072385,0.532403470482677,0.635699197184294,0.285179409198463,0
0.0723129140678793,0.177365878596902,0.625462650554255,0.010265480261296,0.188594656763598,0.309292475460097,0.759144428884611,0.212190327933058,0.982972060097381,0.186136774718761,0
0.715229463530704,0.585602468112484,0.200456589931995,0.860289578326046,0.115417140768841,0.189474540296942,0.125826860778034,0.903882061364129,0.991551166167483,0.496259092353284,0
0.282631411915645,0.248323848005384,0.151290740584955,0.85808393638581,0.986725920720585,0.415660741738975,0.738797361031175,0.870034973602742,0.48559541022405,0.0971702104434371,0
0.878116354811937,0.970914966892451,0.797586118336767,0.138157316250727,0.155574567364901,0.205568167613819,0.543313496047631,0.14023740333505,0.997917875647545,0.165600299835205,0
0.434279653709382,0.0341880249325186,0.814831730211154,0.978493451533839,0.11852716607973,0.0482255383394659,0.762554388493299,0.526254615979269,0.0638983389362693,0.456039629876614,0
0.655801656888798,0.486496578902006,0.827653074171394,0.106735113542527,0.043287281230092,0.231879539554939,0.828029528958723,0.00427157618105412,0.125381305813789,0.0947348948102444,0
0.812700993381441,0.191544337511435,0.507340408628806,0.82431995915249,0.948503373190761,0.0797587514389306,0.995251898188144,0.211040820227936,0.022773071192205,0.727091088192537,0
0.801380148899555,0.316265168599784,0.40324086532928,0.907380268676206,0.00353687489405274,0.268197338096797,0.459844838827848,0.591377454809844,0.884775419719517,0.205690266564488,0
0.684425147250295,0.97944189235568,0.0415223246403038,0.800525849452242,0.919905573828146,0.936076778685674,0.708895039046183,0.924503117566928,0.277177091222256,0.17474563093856,0
0.726869706762955,0.539478032849729,0.0429464324843138,0.0251085441559553,0.294301522197202,0.955688721267506,0.509645414538682,0.869720844784752,0.858041984494776,0.861792439362034,0
0.177774331532419,0.241123719373718,0.363695625448599,0.620272779837251,0.0690318741835654,0.262716022552922,0.948330293875188,0.476770559791476,0.229223346337676,0.261706721736118,0
0.828835742315277,0.24734621308744,0.639322566334158,0.773823981173337,0.947199161397293,0.898540230467916,0.945884172106162,0.609151361975819,0.195248056435958,0.0919673941098154,0
0.908690094016492,0.468928256304935,0.653767208335921,0.109186198795214,0.128605810459703,0.119717216352001,0.415319583611563,0.687411268474534,0.405710498569533,0.397424867609516,0
0.962741175433621,0.151999963680282,0.613400825299323,0.059748355532065,0.499444618821144,0.650067506358027,0.529838995775208,0.650313511025161,0.983163456199691,0.0379951933864504,0
0.997950500575826,0.200235773343593,0.0078543284907937,0.925054526782781,0.60177904763259,0.215364325325936,0.0851471396163106,0.31005745776929,0.994156908243895,0.733904246240854,0
0.837763916458935,0.664589410182089,0.58604420744814,0.332878920249641,0.678193497471511,0.234133780002594,0.728827486047521,0.121302431914955,0.503978905268013,0.400982498424128,0
0.140305944718421,0.866360708139837,0.980150013696402,0.545723474118859,0.183923182776198,0.789500976447016,0.323768866481259,0.194210586603731,0.841738200746477,0.190257320879027,0
0.547059513162822,0.348469311138615,0.772903550881892,0.443141914671287,0.928798431996256,0.269121603341773,0.803380937781185,0.122497009579092,0.235954924952239,0.721255302429199,0
0.519657983677462,0.262828560778871,0.800056285457686,0.386615854222327,0.188113496474549,0.0091190745588392,0.539512632647529,0.0951861022040248,0.909977276111022,0.644572092685848,0
0.841743373544887,0.881002622096427,0.525263704825193,0.251044496893883,0.732038707006723,0.79863064060919,0.717092770850286,0.610850819153711,0.807712951907888,0.898241522256285,0
0.583870434435084,0.654489395208657,0.498112632427365,0.0873879152350128,0.642025377135724,0.0823968523181975,0.568262587534264,0.457538352813572,0.441093001747504,0.24407617142424,0
0.615537322126329,0.39792556129396,0.388581493170932,0.175674035286251,0.828120991820469,0.615294163115323,0.40129730780609,0.725018859608099,0.594168355921283,0.693854449084029,0
0.917131860507652,0.973844263935462,0.296515404246747,0.124994359444827,0.0422829817980528,0.642020677449182,0.337038397789001,0.130121070425957,0.799540291540325,0.766250292304903,0
0.00740094832144678,0.503115015104413,0.850583880330063,0.706707723904401,0.906721373554319,0.0210596311371773,0.73294167057611,0.168380033690482,0.449081391328946,0.230119500309229,0
0.355492127360776,0.0567119652405381,0.661906166933477,0.757166894618422,0.631248723249882,0.951948703965172,0.0926373281981796,0.763834357261658,0.130380276357755,0.319103077054024,0
0.794911896111444,0.261357029434294,0.564195156330243,0.0517034803051502,0.493201075820252,0.900627754861489,0.972155028721318,0.342321182368323,0.370338347041979,0.541741443565115,0
0.255627458682284,0.14855278129857,0.129676796495914,0.64743928797543,0.79954989743419,0.50758160976693,0.311748883454129,0.219805659959093,0.89457777235657,0.352402817225084,0
0.546399449231103,0.136024662060663,0.401102873263881,0.349863814888522,0.0679081284906715,0.728671568445861,0.632688767043874,0.591860124375671,0.595237834379077,0.310987528180704,0
0.868965641828254,0.831754083978012,0.438836853718385,0.0166261428967118,0.194901474984363,0.93714402592741,0.920280669117346,0.293280794518068,0.839566146954894,0.923636109801009,0
0.32828602893278,0.131625040667132,0.356645564548671,0.934327055234462,0.125096112722531,0.578220369294286,0.81731256772764,0.753140293993056,0.870065771276131,0.703379018930718,0
0.989818880800158,0.635028005344793,0.807393865194172,0.375222822651267,0.245439148973674,0.489678713260219,0.639281290117651,0.319866705453023,0.457145544001833,0.297208315227181,0
0.902035894338042,0.790343508822843,0.442315545398742,0.337801463203505,0.26496032718569,0.345894272904843,0.76370281400159,0.457730326568708,0.706322390120476,0.715597788803279,0
0.481275623897091,0.662838065531105,0.543178073130548,0.307185527868569,0.0100170774385333,0.622267107712105,0.0591621906496584,0.256563229486346,0.452129901852459,0.810200812760741,0
0.634192748693749,0.49885218590498,0.938174308304489,0.0941913453862071,0.881232053274289,0.370683521963656,0.964904639637098,0.330857412191108,0.235425929306075,0.00784569908864796,0
0.838084147311747,0.14004395972006,0.907443836797029,0.0369174270890653,0.872380122775212,0.658943172777072,0.929332384606823,0.497400707565248,0.529247808270156,0.571532229194418,0
0.412520055426285,0.323744846042246,0.390628445427865,0.0513327366206795,0.170686577446759,0.0438835814129561,0.583840587176383,0.127479043323547,0.238719440530986,0.878635029075667,0
0.140058749588206,0.468748823972419,0.208884801482782,0.894018915714696,0.522769928909838,0.181052340893075,0.194236803334206,0.980680470122024,0.553650896530598,0.418441364308819,0
0.493977884296328,0.334851194173098,0.0403074298519641,0.982443878427148,0.890381719684228,0.703167302301154,0.182917542289943,0.263251092052087,0.450513534480706,0.765227435389534,0
0.804705088259652,0.539307931670919,0.0120684541726485,0.962168716592714,0.124022666364908,0.26640659221448,0.0556439904030412,0.483884626068175,0.669301327783614,0.0495549405459315,0
0.828246243065223,0.142637857701629,0.0199518797453493,0.0701731438362971,0.249572124099359,0.764866484096274,0.0259840709622949,0.863309102831408,0.417141509009525,0.256324232090265,0
0.97120023262687,0.899790552677587,0.672534730751067,0.822892062366009,0.284873491618782,0.0659737614914775,0.0483643950428814,0.43477993295528,0.557985267834738,0.248593057738617,0
0.248411805834621,0.759965538119804,0.840974335093051,0.54110002447851,0.609379095956683,0.413126903120428,0.585988962789997,0.0981267374008894,0.0904073007404804,0.095411840826273,0
0.138695958303288,0.955736999167129,0.838832765043899,0.918687072582543,0.457660398446023,0.460405933205038,0.432421220932156,0.640954146161675,0.767732589272782,0.433686749078333,0
0.876791327389702,0.579159760382026,0.532802889822051,0.682661275845021,0.855888719204813,0.726112385513261,0.725941364886239,0.276785623980686,0.933396891923621,0.820217923494056,0
0.105551846092567,0.554075837833807,0.82728113560006,0.34320961823687,0.576704389881343,0.611709912773222,0.591702888719738,0.243137136567384,0.16217979695648,0.764849102357402,0
0.742697847308591,0.517271877266467,0.0377489917445928,0.875087097054347,0.975733308354393,0.87081125495024,0.128476437414065,0.764766830252483,0.198102611815557,0.445996811613441,0
0.848279363243841,0.940837348345667,0.647244902560487,0.815839532529935,0.130798346828669,0.617844212334603,0.987075999611989,0.151896724710241,0.159791085636243,0.635182730387896,0
0.604859931860119,0.63402657257393,0.957566897384822,0.824698493117467,0.339207448530942,0.071202001767233,0.552005392964929,0.355549792991951,0.176637746859342,0.900947392219678,0
0.883514890214428,0.163123943842947,0.424810866126791,0.624579991446808,0.706801775610074,0.0704891702625901,0.875233261613175,0.803301515989006,0.628525532083586,0.900436998810619,0
0.99244876857847,0.634287286316976,0.893005467951298,0.731737833237275,0.833228358300403,0.134380659786984,0.952592661604285,0.403104331344366,0.771313169505447,0.787744900444523,0
0.691553231328726,0.600130766397342,0.978313817176968,0.944581053685397,0.697599617298692,0.21359039680101,0.623054490191862,0.18763933563605,0.516134238103405,0.104472851846367,0
0.0907059935852885,0.824344262713566,0.895705315982923,0.226367436116561,0.255523415049538,0.527013889048249,0.229955616872758,0.426166757242754,0.174433009000495,0.363067592261359,0
0.734273497015238,0.674768754513934,0.17049213155508,0.997474682983011,0.807588676456362,0.587115557165816,0.0588753542397171,0.0166189782321453,0.506661084946245,0.529407575493678,0
0.522124164039269,0.303334623575211,0.547341026598588,0.073213137453422,0.408856161404401,0.95052546216175,0.782027591951191,0.268837959971279,0.218669168883935,0.687556148506701,0
0.847526622470468,0.469583000522107,0.155545320361853,0.642118459800258,0.10013192333281,0.601469911634922,0.611985555384308,0.931705392664298,0.905744334449992,0.214736079098657,0
0.567554821493104,0.471045254729688,0.410425662295893,0.715862090000883,0.947418214287609,0.862411874812096,0.950933975633234,0.994223183486611,0.800231987610459,0.497174980351701,0
0.768044986529276,0.806759754195809,0.92376448462531,0.912690843222663,0.686831170227379,0.601897810120136,0.208853170275688,0.299487416632473,0.710896196775138,0.257300702156499,0
0.643034352222458,0.685487428447232,0.481033368734643,0.00328978430479765,0.525143271079287,0.875741943251342,0.806105856318027,0.778202583780512,0.286915859207511,0.917337559862062,0
0.9956536583459,0.574173873756081,0.151560589903966,0.772930362960324,0.827306129271165,0.968882407061756,0.650447958149016,0.498920893995091,0.882615016307682,0.109570399858057,0
0.373020781204104,0.398657636484131,0.193126177182421,0.437704703537747,0.969652122119442,0.390936957206577,0.859908738639206,0.734874144895002,0.288316404912621,0.619529038900509,0
0.992181440116838,0.267285086447373,0.525304860435426,0.590857961913571,0.0348935904912651,0.865278348093852,0.972000482026488,0.979801214532927,0.966704017249867,0.00159648922272027,0
0.239977107383311,0.652795329457149,0.0739136706106365,0.354147565085441,0.113159880274907,0.798401075415313,0.886419737711549,0.875449275132269,0.0226815529167652,0.172638251213357,0
0.954541922546923,0.257607181556523,0.0161850594449788,0.494155774591491,0.615814126795158,0.920316550415009,0.901790337404236,0.244329846696928,0.763091134140268,0.267487823497504,0
0.924660583992675,0.471692917635664,0.180534296669066,0.398171172011644,0.813532124040648,0.587037260876969,0.524908008286729,0.192779942182824,0.777243964141235,0.100684324512258,0
0.561517084715888,0.769058392150328,0.848206066293642,0.987448438920081,0.695854162797332,0.881950249196962,0.0379264641087502,0.396552108228207,0.242354345275089,0.00836350931786001,0
0.459520938806236,0.480690575903282,0.266282256925479,0.0406875684857368,0.747239374555647,0.933135787257925,0.237770452164114,0.592622548574582,0.933906986843795,0.935249216388911,0
0.743149809073657,0.962773026397079,0.0198580313008279,0.198284560348839,0.154540115268901,0.510385042522103,0.258849625475705,0.212071559391916,0.0621527014300227,0.923321050591767,0
0.268843595404178,0.756245921831578,0.981846280638874,0.00354276085272431,0.58303956524469,0.470721364952624,0.0812762870918959,0.00581066589802504,0.97999750263989,0.204262099694461,0
0.152670606272295,0.190705726854503,0.681712079327554,0.0678199329413474,0.811150828376412,0.410454741679132,0.732044241856784,0.617804632987827,0.528127090539783,0.244766536401585,0
0.0416128293145448,0.573391558369622,0.969918020768091,0.902283914852887,0.989948150934651,0.955012754537165,0.275892190635204,0.886705381562933,0.734138640807942,0.329492082819343,0
0.0106868084985763,0.0310553393792361,0.515608431771398,0.29740556771867,0.999333112500608,0.737709670094773,0.0399474480655044,0.465047732694075,0.442878067027777,0.0524979047477245,0
0.522722728084773,0.374713785480708,0.0848160765599459,0.56535444711335,0.289019682211801,0.976556878304109,0.378065880155191,0.723424711730331,0.674307632027194,0.674464201321825,0
0.698365879012272,0.493276588153094,0.877620788756758,0.566861482337117,0.356655230512843,0.606163954595104,0.00605336716398597,0.295045024249703,0.430509044323117,0.844453557394445,0
0.663367565255612,0.0479030879214406,0.948341469746083,0.169324590671528,0.0314130410552025,0.5558593692258,0.240382697433233,0.633609460201114,0.0485381234902889,0.0700940592214465,0
0.0890251242090017,0.440091390162706,0.229651021305472,0.166226375848055,0.443823185982183,0.709171084454283,0.893587125465274,0.101162820123136,0.509329526685178,0.926139659946784,0
0.102475220104679,0.866982340812683,0.140482073416933,0.336670126067474,0.502117021940649,0.347729453351349,0.379078075056896,0.484830257948488,0.485446936683729,0.163929673144594,0
0.678903185529634,0.364379062084481,0.737379320897162,0.684816586086527,0.0800342401489615,0.324489357415587,0.256844017654657,0.938640057109296,0.930096197640523,0.0771283032372594,0
0.783616683445871,0.943904090905562,0.315504082478583,0.118673236574978,0.260083687491715,0.175621755653992,0.613126083742827,0.713946062605828,0.212128104409203,0.413641639752313,0
0.929274595342577,0.482197516830638,0.14909968396537,0.111969534074888,0.284406314138323,0.327585154445842,0.760739211225882,0.873186056734994,0.325607063248754,0.247294948901981,0
0.537899929564446,0.0426470022648573,0.218890041578561,0.235134837916121,0.903903876431286,0.683176422957331,0.042798439739272,0.179082887014374,0.684529274236411,0.0462396210059524,0
0.129064168315381,0.818337445845827,0.14091137656942,0.826371320962906,0.882079109549522,0.171029838733375,0.317251999629661,0.507675207452849,0.9645415910054,0.550641267094761,0
0.39025256014429,0.0651171815115958,0.558941810391843,0.825350461294875,0.709920356282964,0.140199476387352,0.936378274811432,0.676981843542308,0.74548780429177,0.223009747453034,0
0.105370231205598,0.180597827071324,0.745182984042913,0.440422728424892,0.762058349559084,0.381238693604246,0.424092337023467,0.321371975587681,0.0707000670954585,0.538662899751216,0
0.491856018081307,0.549641682533547,0.251724940724671,0.973463703878224,0.348345724865794,0.0963705573230982,0.994242519140244,0.102514553582296,0.425075951963663,0.219015369191766,0
0.84028173959814,0.875205897027627,0.988249914254993,0.149001822108403,0.32254677824676,0.570547737879679,0.120542255463079,0.407982098637149,0.951180226169527,0.405248457100242,0
0.771533702034503,0.636260992847383,0.120467977365479,0.0135199981741607,0.156789220636711,0.432943355059251,0.756366782123223,0.370272639673203,0.984016764443368,0.0161838363856077,0
0.324761075899005,0.672133779618889,0.2382685423363,0.102616143645719,0.959257930051535,0.107236665440723,0.690456548705697,0.347706582862884,0.190785893471912,0.846970684826374,0
0.800511479144916,0.954734934261069,0.418848567875102,0.928155678324401,0.929312619846314,0.193464018404484,0.662509453482926,0.828442804748192,0.146285129245371,0.158851135056466,0
0.109773188596591,0.298530393978581,0.937046788400039,0.0585950075183064,0.241510286927223,0.721352464519441,0.0356455750297755,0.610539365094155,0.262194002047181,0.453910738928244,0
0.319053633604199,0.736010253662243,0.934376870281994,0.973340457072482,0.931465585017577,0.153805593727157,0.33736040815711,0.107997703365982,0.94692612090148,0.717217857716605,0
