"1","2","3","4","5","6","7","8","9","10","class"
0.353828799445182,0.87925841845572,0.991822271142155,0.52225832361728,0.143952406710014,0.613923049299046,0.202667962992564,0.852479789406061,0.478168456815183,0.230947199976072,0
0.638288989663124,0.498337467201054,0.0839738105423748,0.938444040948525,0.326488491613418,0.388277739752084,0.623716987902299,0.230482361512259,0.185801439452916,0.241048268508166,0
0.0979533214122057,0.754927702713758,0.206955150701106,0.826170400716364,0.339957560878247,0.674967630300671,0.0752059016376734,0.409822432557121,0.689661063952371,0.708812646800652,0
0.494831703603268,0.750320937484503,0.9813360075932,0.537254496710375,0.4395582373254,0.153154771775007,0.768211013870314,0.852723313495517,0.650200563948601,0.794412292074412,0
0.463377581210807,0.379694767529145,0.0532557456754148,0.320640640333295,0.651252535404637,0.639967257622629,0.355685168178752,0.185839099343866,0.887932531069964,0.997618359979242,0
0.750430373242125,0.344684361014515,0.445940403966233,0.378594415960833,0.949279850116,0.864115579985082,0.843979471828789,0.560732985846698,0.0923173022456467,0.0259103460703045,0
0.909865547437221,0.372020081849769,0.359972561709583,0.831265314016491,0.729575122939423,0.634212705073878,0.0244302731007338,0.535209088819101,0.979794088052586,0.731010828400031,0
0.289006877457723,0.674522153800353,0.15223431866616,0.212986671598628,0.486827154876664,0.756258285604417,0.890083160018548,0.718117206823081,0.685651579173282,0.616358852246776,0
0.0276715660002083,0.304343403549865,0.960579877952114,0.419444437138736,0.290399929974228,0.424143500160426,0.674625101964921,0.0891333401668817,0.0328819835558534,0.76257684873417,0
0.754064838634804,0.352769487304613,0.856357282958925,0.566088052932173,0.868646451504901,0.391061440110207,0.950012389337644,0.812798761297017,0.0462395059876144,0.930025315843523,0
0.95323281805031,0.705500776646659,0.889419286046177,0.484229585621506,0.820748686324805,0.181506280787289,0.470305832568556,0.0642292005941272,0.820618282072246,0.708674126537517,0
0.361708661774173,0.557993464870378,0.820558316074312,0.703909972449765,0.428650663001463,0.247419112361968,0.681981408968568,0.702633201610297,0.0238526279572397,0.413624686654657,0
0.0886317745316774,0.961610259721056,0.280332144116983,0.0327388814184815,0.73450889880769,0.389095722232014,0.151624613441527,0.18761352263391,0.269377665128559,0.587310397997499,0
0.012929983669892,0.622431845171377,0.593442128272727,0.133041954832152,0.136909538414329,0.919514686102048,0.280902065103874,0.00834307842887938,0.354988807579502,0.435117094544694,0
0.521489637671039,0.190787755418569,0.931345089804381,0.342679219320416,0.993333681719378,0.415164803154767,0.686422878876328,0.102393284440041,0.0638421857729554,0.438598817912862,0
0.42299777129665,0.556564027443528,0.397844401421025,0.759483560919762,0.418055193033069,0.129473552573472,0.306004061596468,0.930364066967741,0.847715660696849,0.882141511421651,0
0.343509184662253,0.587343998719007,0.0570541359484196,0.473125964635983,0.627598989289254,0.178299874765798,0.590800474630669,0.20923310588114,0.501522878417745,0.123126291437075,0
0.463358923560008,0.223622819874436,0.00302408263087273,0.873820098349825,0.852947973180562,0.986986601725221,0.856680352473632,0.556425673188642,0.950831735273823,0.851697720121592,0
0.404107546899468,0.412416505394503,0.808024394093081,0.53548721387051,0.211771220434457,0.15463424148038,0.045189302880317,0.365395745029673,0.779661014443263,0.664995867293328,0
0.774409987032413,0.843598500126973,0.938665183028206,0.743420303799212,0.40111900260672,0.769346693763509,0.254248754587024,0.354187115328386,0.346680741524324,0.3408185148146,0
0.321588101098314,0.280151535291225,0.331993877887726,0.829568338114768,0.478160275146365,0.126974856015295,0.317844934295863,0.287588683189824,0.71564477821812,0.531188455875963,0
0.926349592860788,0.443220657296479,0.0820337734185159,0.475114063126966,0.808865945786238,0.1194824622944,0.679572802735493,0.896030258387327,0.046727066161111,0.0193939155433327,0
0.557628182969801,0.675669246120378,0.336372844409198,0.699120560428128,0.593182015698403,0.307579937390983,0.199426902225241,0.296174388378859,0.403101841919124,0.945999103132635,0
0.247461973223835,0.0522899508941919,0.689005751628429,0.597672225907445,0.618927416624501,0.86400648788549,0.330775436013937,0.969995592487976,0.840583383105695,0.205704531865194,0
0.395431185839698,0.106498148525134,0.423368416726589,0.326839084504172,0.717940408736467,0.490558701101691,0.447321641258895,0.811628923052922,0.872037460561842,0.999885540921241,0
0.359862679848447,0.626065977150574,0.820846710819751,0.710774552077055,0.533631065394729,0.157094839494675,0.522031072992831,0.10800486151129,0.201599016785622,0.820473869331181,0
0.780672539258376,0.928513458697125,0.18227188102901,0.235975908115506,0.229902431834489,0.199061435181648,0.0290832594037056,0.120864828350022,0.761411073151976,0.428439003648236,0
0.320804495364428,0.931189088150859,0.138701468007639,0.664710891665891,0.11610033060424,0.696743983542547,0.215598843293265,0.845353735378012,0.00437878514640033,0.605084544746205,0
0.420991343213245,0.458937868010253,0.326929109636694,0.79576558014378,0.397268141852692,0.039819945814088,0.289219696074724,0.634345205500722,0.202294493094087,0.317038278328255,0
0.449513150844723,0.244029489113018,0.0746865838300437,0.480741110164672,0.391439440660179,0.291370208607987,0.234796699136496,0.396214683074504,0.845208275830373,0.523744562175125,0
0.437422329792753,0.465700975386426,0.365774392150342,0.0396480327472091,0.707372806034982,0.377703297650442,0.322016285499558,0.539831358939409,0.118146706372499,0.926086712628603,0
0.0582734134513885,0.261387249687687,0.410864905454218,0.361825123662129,0.140440797433257,0.0916814771480858,0.165250163059682,0.219280465971678,0.34674834785983,0.433397652115673,0
0.772331746993586,0.232187663204968,0.338828875683248,0.00485400622710586,0.473243320127949,0.869998711859807,0.125009434530511,0.751219200436026,0.097730211680755,0.28804175532423,0
0.278788652736694,0.1859865647275,0.787379249930382,0.489147701999173,0.176190467784181,0.743239651899785,0.567986585199833,0.610812457976863,0.433732623001561,0.867161347065121,0
0.34017579886131,0.906488113338128,0.197474404238164,0.764569972408935,0.885815734043717,0.313193253241479,0.268444247543812,0.418220992432907,0.543472992256284,0.69203208386898,0
0.102009868482128,0.0555389760993421,0.387996798148379,0.000118686584755778,0.93191276025027,0.348074287874624,0.229240802582353,0.39823669125326,0.0619907006621361,0.531752266222611,0
0.223924080375582,0.952168896328658,0.832086195936427,0.456133716972545,0.839858012273908,0.908071267418563,0.460261557484046,0.954199088737369,0.0370837599039078,0.537342500407249,0
0.908199226018041,0.212400984251872,0.283070842269808,0.241257635410875,0.711162581807002,0.86251051351428,0.120002566138282,0.480419562663883,0.512453852919862,0.584132168674842,0
0.169398773694411,0.562558337347582,0.573127856478095,0.923600651556626,0.372117673978209,0.921923799905926,0.956243604654446,0.0459435656666756,0.637625141069293,0.006182418204844,0
0.522072963416576,0.0192500648554415,0.591145080514252,0.196452203206718,0.986412297701463,0.851651034550741,0.20871254359372,0.509586598025635,0.932794870110229,0.491203929996118,0
0.664379050955176,0.0172818135470152,0.967350424500182,0.31643938459456,0.965013463515788,0.427273934707046,0.638925368664786,0.592641555704176,0.953053699806333,0.230423511005938,0
0.519598527578637,0.375239140586928,0.482052312465385,0.757810728624463,0.688963591586798,0.266588644590229,0.302224261220545,0.969896746100858,0.281964828725904,0.940265965647995,0
0.557893763761967,0.242424943018705,0.683864292223006,0.0533221270889044,0.722343338653445,0.771557605359703,0.107808098196983,0.630118888104334,0.354347822722048,0.174612542614341,0
0.275498853297904,0.533574681496248,0.974460454192013,0.993127501569688,0.192386003211141,0.274463226553053,0.634857618482783,0.944232375361025,0.125733255874366,0.538017134880647,0
0.893420087406412,0.363682613242418,0.495940992375836,0.580964785767719,0.288216191809624,0.579393742838874,0.709500768454745,0.17805097415112,0.758123995037749,0.0591384652070701,0
0.834570807171986,0.252531903097406,0.0699243943672627,0.130065285833552,0.749279128620401,0.107640389353037,0.0446320963092148,0.855945449089631,0.796504423720762,0.915758430724964,0
0.205651714932173,0.701763460179791,0.318189737619832,0.744651458924636,0.421862857416272,0.610986819723621,0.143800132442266,0.401730207260698,0.149363114498556,0.795240682549775,0
0.194541912060231,0.568889042362571,0.142368143424392,0.587569206021726,0.270952695282176,0.240351403830573,0.401211243355647,0.271982196252793,0.142206439049914,0.529604033334181,0
0.339291151845828,0.954045518301427,0.962226424366236,0.610110895941034,0.421465597348288,0.421698654768988,0.393932902486995,0.51772535755299,0.0143249598331749,0.760103915585205,0
0.441851891344413,0.167303410125896,0.724307848606259,0.254170801723376,0.546805070247501,0.46810576482676,0.763240897096694,0.517436509719118,0.109994125552475,0.775424366584048,0
0.721745412796736,0.0431767296977341,0.906345926225185,0.230668677715585,0.495029760757461,0.946213949238881,0.629278920125216,0.116082391003147,0.773976201890036,0.998701072763652,0
0.351442229235545,0.851618042681366,0.164948830846697,0.304813716560602,0.469667384866625,0.487033967627212,0.00467119249515235,0.351655160309747,0.079638158204034,0.901044953614473,0
0.401649534702301,0.771905661793426,0.916816608980298,0.103501693578437,0.435855362564325,0.798636900959536,0.831733928062022,0.284944293554872,0.317402924410999,0.40608550561592,0
0.963127113413066,0.39945520972833,0.838880217401311,0.33204068033956,0.0427571125328541,0.999548258027062,0.916493263095617,0.761248766910285,0.135944626759738,0.990464106434956,0
0.764437594916672,0.333680531475693,0.454897198826075,0.117493962403387,0.724756586598232,0.563753239810467,0.847199747338891,0.62346519366838,0.955121433828026,0.187566350679845,0
0.893180241575465,0.985237805871293,0.264249812345952,0.0309714863542467,0.181316835572943,0.0856852394063026,0.348950747167692,0.0132253903429955,0.523663658648729,0.950509096262977,0
0.733131963759661,0.472000451292843,0.62164857564494,0.00652091414667666,0.15604762127623,0.419126481050625,0.17355496273376,0.0943449477199465,0.992882820777595,0.205175708979368,0
0.732592388754711,0.258951073512435,0.361380364513025,0.416029395069927,0.0559738206211478,0.616307969205081,0.295339522417635,0.158160898834467,0.231331415707245,0.0979464671108872,0
0.608613245422021,0.226402582367882,0.520403575850651,0.00296746869571507,0.373384641250595,0.754951048409566,0.239183482248336,0.806389746023342,0.245133584365249,0.959812209708616,0
0.0628477823920548,0.209355654893443,0.213205281412229,0.00484892469830811,0.61716037732549,0.965227700537071,0.461666934890673,0.854105778038502,0.656418970553204,0.0943159572780132,0
0.708804972702637,0.291075234534219,0.237513775005937,0.514367152005434,0.248503575101495,0.243361956905574,0.669990034308285,0.944282935233787,0.893648955505341,0.706291292328387,0
0.336360075045377,0.371709062252194,0.416369812330231,0.799974563298747,0.706335407216102,0.401443497976288,0.98379789176397,0.44302244647406,0.145527807297185,0.240656340960413,0
0.195369798922911,0.881842258619145,0.834804601036012,0.534648017026484,0.834444196429104,0.835011201212183,0.835209415061399,0.678368537686765,0.269590947311372,0.275817703222856,0
0.734416361665353,0.0493499475996941,0.919353948440403,0.527800479670987,0.646327891387045,0.965832314221188,0.871113314991817,0.142440404742956,0.445110985543579,0.982363951858133,0
0.559974879026413,0.242236087331548,0.970949929906055,0.118904074653983,0.368632304016501,0.805637428769842,0.379709540633485,0.0135198328644037,0.548863053089008,0.476597304688767,0
0.962756481021643,0.675882259849459,0.0353745569009334,0.6998066524975,0.542846970958635,0.649221791187301,0.733167066704482,0.479116849601269,0.642620336031541,0.893279681447893,0
0.705774268135428,0.735697629628703,0.932074822252616,0.302919544046745,0.0667581772431731,0.19771368149668,0.597401904640719,0.411169402068481,0.342175190104172,0.370222497731447,0
0.887165985303,0.581781259272248,0.711851776111871,0.596887635532767,0.13594204117544,0.158645083429292,0.485829477431253,0.714502546470612,0.0300403859000653,0.0343633790034801,0
0.034434144385159,0.780193151440471,0.268091542413458,0.76237376453355,0.746023469837382,0.34085506061092,0.00810013967566192,0.917030832031742,0.453126399312168,0.0809129646513611,0
0.673830707091838,0.295121607836336,0.90360605227761,0.0219031237065792,0.779028886696324,0.0749110728502274,0.27740270155482,0.909062809543684,0.0743898986838758,0.804320507915691,0
0.455713553586975,0.445351236499846,0.158438460435718,0.553860595682636,0.570454499684274,0.937696655746549,0.161466966150329,0.553555651102215,0.577464069239795,0.975526096997783,0
0.71424825489521,0.468629179289564,0.364888459444046,0.172503778710961,0.846938780974597,0.666629295796156,0.117247785441577,0.0183229597751051,0.0714983830694109,0.855603525880724,0
0.0845099417492747,0.2550751096569,0.453897247090936,0.143877252703533,0.252722532721236,0.934061032952741,0.152320732362568,0.0263189489487559,0.840008738217875,0.0093007436953485,0
0.593249321449548,0.921711115166545,0.348200018983334,0.579230944160372,0.971979126567021,0.975373627850786,0.529884186806157,0.190705091459677,0.0309855877421796,0.687284333864227,0
0.64517307956703,0.38963410211727,0.317784300073981,0.216703440994024,0.714220181806013,0.447199183516204,0.0756851241458207,0.216552271740511,0.200058013666421,0.73964710556902,0
0.337186504853889,0.26569863082841,0.406626775860786,0.915631782962009,0.807634791359305,0.542416963959113,0.199084454216063,0.0643920274451375,0.326907657086849,0.715898690978065,0
0.119791506556794,0.78707533585839,0.786191113758832,0.539890283485875,0.422411469044164,0.95269928034395,0.167199551127851,0.927642619004473,0.97508140723221,0.595375957433134,0
0.905388867948204,0.620442905696109,0.147919129114598,0.319351118523628,0.838294111890718,0.783684510504827,0.483852651435882,0.825580409262329,0.789274769369513,0.162069089710712,0
0.644276212668046,0.607152189312503,0.943724820856005,0.481934959068894,0.842826446751133,0.917230539023876,0.457863152259961,0.724901015870273,0.460408161394298,0.528985156677663,0
0.204829903552309,0.213220691075549,0.534040204016492,0.803826200722973,0.758303967304528,0.868097613332793,0.0947162532247603,0.570564392954111,0.459208330605179,0.511443037074059,0
0.131773178465664,0.0316794011741877,0.396068946458399,0.712762311799452,0.0315274558961391,0.450617033289745,0.526121066650376,0.401392308529466,0.298779827076942,0.0530903229955584,0
0.0626751938834786,0.122484990395606,0.33654005243443,0.400502551347017,0.667892214376479,0.0709705748595297,0.29857129463926,0.817759896861389,0.830740094650537,0.394758037058637,0
0.418892628746107,0.903975660912693,0.690597795881331,0.866105315973982,0.846659200498834,0.00581966992467642,0.470664498396218,0.178442872827873,0.0941998658236116,0.0603503864258528,0
0.0569107870105654,0.929005977232009,0.901593308662996,0.803863531444222,0.478757008677348,0.477621239377186,0.689675377449021,0.518124771071598,0.936918198131025,0.192389871226624,0
0.845557659398764,0.271182623459026,0.866556840948761,0.186076733283699,0.562266753986478,0.204619480064139,0.472955848323181,0.741853517480195,0.0683995555154979,0.642467096215114,0
0.246659641386941,0.0348840751685202,0.00116865942254663,0.693077881587669,0.136705524055287,0.423338786931708,0.974311625817791,0.462960512610152,0.313522246433422,0.484923713607714,0
0.792899379041046,0.653854973381385,0.0213125818409026,0.541091479361057,0.947564361151308,0.505892002489418,0.0580715460237116,0.681639840360731,0.502938009798527,0.267946474254131,0
0.573828783119097,0.933333455119282,0.406748782144859,0.155416156630963,0.13603441673331,0.690687091555446,0.0552800574805588,0.392390553141013,0.391857076436281,0.271959983510897,0
0.0722337050829083,0.200452273944393,0.719352731946856,0.818335532210767,0.0949387007858604,0.0339145264588296,0.947052360977978,0.562848816625774,0.621244106208906,0.555828833021224,0
0.673968001035973,0.124365935567766,0.63357978221029,0.683135137194768,0.70297021465376,0.803584531880915,0.468337390339002,0.877332960255444,0.0697528156451881,0.306644015945494,0
0.039941941620782,0.811855920823291,0.111288742395118,0.851866126991808,0.155007174937055,0.0463940722402185,0.970515506807715,0.365797830279917,0.196202865568921,0.0706735732965171,0
0.616734174080193,0.402121248887852,0.266452885000035,0.99983926396817,0.799425364937633,0.611465035937726,0.524595516500995,0.246332514565438,0.454454901162535,0.0781107363291085,0
0.820175231434405,0.264736008830369,0.787842296529561,0.297046817140654,0.785685003036633,0.312420218251646,0.487033588346094,0.593386354157701,0.178299543680623,0.0844294088892639,0
0.894427884602919,0.287096275249496,0.84372150269337,0.44640950136818,0.115709312492982,0.526632528519258,0.577844575280324,0.465189091395587,0.779425231739879,0.552791845751926,0
0.721956089604646,0.460231876466423,0.677152162417769,0.0950005368795246,0.170199866173789,0.90726766246371,0.470762288896367,0.538845929782838,0.215841748518869,0.650376950856298,0
0.135921703651547,0.893954696366563,0.830528002232313,0.907040206249803,0.254666288848966,0.114333554869518,0.803317093057558,0.530102545162663,0.28198581864126,0.0717723197303712,0
0.660368884215131,0.546531534055248,0.212131554493681,0.852392934728414,0.638424105709419,0.110979874618351,0.0315342112444341,0.699718586402014,0.689177233260125,0.453631596639752,0
0.683725786628202,0.430925676133484,0.235110865905881,0.652063532033935,0.920397221343592,0.698479079874232,0.159636969910935,0.840935193933547,0.298435002798215,0.366292075021192,0
0.121328842826188,0.337363871047273,0.154338566586375,0.570562422741205,0.331144996685907,0.129712864523754,0.341352029005066,0.917245745658875,0.832926490809768,0.309899982763454,0
0.391107303788885,0.939023648854345,0.962930582929403,0.291276911901077,0.762175319483504,0.65201379917562,0.0549067489337176,0.0686044441536069,0.43854762497358,0.371135593857616,0
