"1","2","3","4","5","6","7","8","9","10","class"
0.411739963572472,0.7696064831689,0.943428786238655,0.7815330051817,0.779819439398125,0.84599449695088,0.838852872373536,0.94769249833189,0.337835017126054,0.530351602472365,0
0.494603056460619,0.556241998681799,0.0264401708263904,0.531491417204961,0.297309922287241,0.169188999338076,0.756172198336571,0.170680128503591,0.20153752155602,0.171536958310753,0
0.443935469491407,0.0593460311647505,0.973500106250867,0.780344317900017,0.287957946304232,0.139445738634095,0.40463945409283,0.736405092291534,0.462261381093413,0.400002338923514,0
0.68763687601313,0.325498942052945,0.649485459085554,0.301143872318789,0.772937881294638,0.98706323467195,0.203906766837463,0.623683946672827,0.913327475078404,0.153179232729599,0
0.282391703221947,0.177317676367238,0.415255831321701,0.0787356249056756,0.315933367935941,0.596993465907872,0.171666204929352,0.951856886968017,0.739346483023837,0.370992360869423,0
0.844641393749043,0.334104656474665,0.197472522733733,0.371968375518918,0.207449035020545,0.0135574291925877,0.20650649513118,0.836780997226015,0.910853148205206,0.847554699284956,0
0.299473744118586,0.174714156193659,0.760006004013121,0.681348797865212,0.199505678610876,0.449799581198022,0.637197443051264,0.23640709836036,0.360253577586263,0.368022603681311,0
0.751406472641975,0.315705442335457,0.160092115402222,0.962539721745998,0.17605766095221,0.0585456814151257,0.176969071384519,0.27244133525528,0.651142707793042,0.31874667480588,0
0.731148010119796,0.852549137547612,0.845645810244605,0.69446156709455,0.0393395880237222,0.823973495047539,0.206090423511341,0.729290166636929,0.110615975456312,0.586753671057522,0
0.465542484307662,0.675840432289988,0.611871055327356,0.155524336732924,0.603186903055757,0.3997427218128,0.991178885800764,0.458418054971844,0.749852943466976,0.471469742944464,0
0.0419569564983249,0.800326069584116,0.656955966958776,0.752370473230258,0.487235849490389,0.777733541559428,0.766184473177418,0.369142240146175,0.261184088187292,0.000868869945406914,0
0.707460421836004,0.145404048962519,0.65999593748711,0.344343054573983,0.533401977038011,0.0316034012939781,0.248930383240804,0.163490523584187,0.672620298573747,0.105598936323076,0
0.750570002011955,0.408024928765371,0.927264873171225,0.256597701227292,0.561653836863115,0.550665395800024,0.758288795128465,0.841938665835187,0.00843630428425968,0.232549846405163,0
0.386134381406009,0.619208348914981,0.315382996108383,0.130795709555969,0.820145776495337,0.109982251888141,0.537049277452752,0.823962714755908,0.0525056717451662,0.580202581128106,0
0.996696385089308,0.638577924808487,0.680864371359348,0.367024458479136,0.11700824345462,0.506485417252406,0.922709914157167,0.898611046141014,0.255694894352928,0.924937441246584,0
0.383969096234068,0.269267610739917,0.592328653438017,0.865729114972055,0.611515907337889,0.0546184822451323,0.0726960566826165,0.704665410565212,0.609906504163519,0.657726368168369,0
0.892499043839052,0.643147108377889,0.960405992809683,0.430845553753898,0.568012349307537,0.767079149372876,0.209659756626934,0.672870749374852,0.699906126828864,0.237826714524999,0
0.609840769320726,0.732546250801533,0.857303556753322,0.0890363350044936,0.234580263262615,0.384651330066845,0.190389996394515,0.203266927972436,0.395788790425286,0.488848413806409,0
0.532570400740951,0.983718554489315,0.799644852755591,0.362974007846788,0.989215797744691,0.13646920863539,0.535778926918283,0.414521129103377,0.974097443278879,0.829255625605583,0
0.380636968649924,0.0980616840533912,0.592641605064273,0.771623308304697,0.100598498247564,0.701992937363684,0.881381334038451,0.0843839999288321,0.438152507646009,0.85114824725315,0
0.907554592238739,0.185570685658604,0.0902002772781998,0.830967098008841,0.644318345934153,0.864307036856189,0.210553643526509,0.359821378486231,0.70958859869279,0.721340689109638,0
0.927609597565606,0.707487176405266,0.669724718667567,0.458008612273261,0.40778597141616,0.910857247887179,0.756080434424803,0.428916583536193,0.993280257796869,0.639433039817959,0
0.737684199586511,0.978057123487815,0.175426971865818,0.556615167995915,0.909136584028602,0.391385185299441,0.846553096547723,0.368150570429862,0.989064208697528,0.907892721006647,0
0.899388713994995,0.881935248617083,0.0236783581785858,0.738315838621929,0.642502573085949,0.507901353528723,0.490661930991337,0.720954836113378,0.27916220901534,0.235622939886525,0
0.553814654937014,0.270410771947354,0.870111244497821,0.9768399996683,0.387721806298941,0.992616643663496,0.213767323642969,0.886872425675392,0.762603722279891,0.167664195410907,0
0.836356005864218,0.920247305883095,0.384209052659571,0.251989967189729,0.745564782060683,0.0828650186304003,0.630583237390965,0.5480443299748,0.385545206256211,0.808682862203568,0
0.0775934346020222,0.53505625622347,0.258183371042833,0.218789364211261,0.922846139175817,0.0701444165315479,0.838584172772244,0.559788960730657,0.591008222429082,0.0999751298222691,0
0.476727425120771,0.538890453521162,0.246216495288536,0.118154048221186,0.0498962022829801,0.929790407186374,0.515591628616676,0.0665794326923788,0.25556643679738,0.659967231797054,0
0.889184779953212,0.368756134295836,0.450222333427519,0.865787094691768,0.267645479412749,0.200654076645151,0.584173453506082,0.593665255932137,0.927163472166285,0.117969926679507,0
0.785550995497033,0.284480681177229,0.807185559999198,0.402948072412983,0.722478524781764,0.981652016751468,0.839308590628207,0.247434546705335,0.205115072894841,0.377492214553058,0
0.953969529131427,0.558142397319898,0.706161972833797,0.734224814921618,0.494362945435569,0.461558862123638,0.29179578833282,0.339228773955256,0.00664704898372293,0.619755495339632,0
0.233739755582064,0.404963586479425,0.113485519774258,0.550898606656119,0.351217379560694,0.445585829438642,0.342229791684076,0.687081072945148,0.0274626601021737,0.181107118260115,0
0.582609035307541,0.574331232346594,0.981043339241296,0.678643151884899,0.575462240492925,0.0042245218064636,0.150868653552607,0.526732050580904,0.412476705387235,0.290369859198108,0
0.0539490366354585,0.667967968853191,0.51166061218828,0.444148336304352,0.787028747843578,0.363122893730178,0.235389932990074,0.532731712795794,0.770554380957037,0.564177939901128,0
0.393564715981483,0.91119092120789,0.812374273315072,0.333705324213952,0.216811369871721,0.0749124079011381,0.390039337566122,0.943347017979249,0.241673109121621,0.303857726743445,0
0.845183265861124,0.123400543350726,0.662544246762991,0.502412611851469,0.0853358113672584,0.0497608294244856,0.836891730083153,0.122620086884126,0.346246362896636,0.897345892619342,0
0.335500415181741,0.219593135872856,0.451923042535782,0.158248516963795,0.902784310514107,0.903504263143986,0.625393307767808,0.433794150128961,0.209479251876473,0.123913045274094,0
0.821024266304448,0.109850207110867,0.192377841798589,0.536203864729032,0.722939700353891,0.319371928926557,0.882175399456173,0.225106975063682,0.623926447937265,0.720383002888411,0
0.121926154242828,0.859832549700513,0.0823041829280555,0.966814654646441,0.953599496511742,0.926112815504894,0.0101544177159667,0.415362276835367,0.613562067039311,0.115986708085984,0
0.718702541897073,0.154868977842852,0.844210962532088,0.696054611587897,0.163782039657235,0.951874852646142,0.170433627441525,0.887264508288354,0.0431511597707868,0.840991267003119,0
0.721876276656985,0.317673227516934,0.0662563892547041,0.460650835651904,0.671622558962554,0.937644639518112,0.771981845144182,0.923977659782395,0.978997687343508,0.183123559458181,0
0.429639113135636,0.434627229813486,0.845256896223873,0.21470872592181,0.671355561586097,0.312627126229927,0.701765490928665,0.558715522987768,0.111607298254967,0.477061515441164,0
0.515152372187003,0.433636673726141,0.141790762078017,0.207620091503486,0.63375514280051,0.940920797875151,0.715718657709658,0.958683443954214,0.11060258327052,0.662809625035152,0
0.603660414461046,0.300470321904868,0.947006653528661,0.428015707759187,0.0593654850963503,0.903682346921414,0.650228425627574,0.856510817538947,0.103132967138663,0.49173060269095,0
0.0392960915341973,0.18593752454035,0.513152283616364,0.513439837610349,0.360916107660159,0.588039801921695,0.689845119602978,0.656370592070743,0.460897165117785,0.241010565543547,0
0.362911155214533,0.811157698277384,0.959129322087392,0.167148312320933,0.0726794877555221,0.459111473988742,0.510437386808917,0.508144526043907,0.0978509346023202,0.556107616750523,0
0.741575134219602,0.131256793159992,0.841940221609548,0.227953497087583,0.481424886966124,0.925298147834837,0.00604775757528841,0.308416192885488,0.986556604038924,0.9622352195438,0
0.800559103488922,0.986125519266352,0.894155406393111,0.863899252610281,0.654502353398129,0.309620384592563,0.991694214520976,0.651965182973072,0.716206039302051,0.104431669926271,0
0.452434490900487,0.523645075503737,0.632846743566915,0.0277763963676989,0.949331254465505,0.140267965616658,0.402013642480597,0.929354683496058,0.311777085065842,0.276250361930579,0
0.959957004757598,0.294651284813881,0.474067934555933,0.312728320714086,0.644040163839236,0.624537444673479,0.0480062523856759,0.902821486117318,0.967141530709341,0.213765007909387,0
0.351320694666356,0.939885553671047,0.921999115729704,0.0624515363015234,0.147555134957656,0.919189260341227,0.543025112478063,0.276135384803638,0.310513614444062,0.760702599771321,0
0.133543653180823,0.0203645953442901,0.0203747858759016,0.816975943278521,0.244664181489497,0.660639423877001,0.0556242542807013,0.456242373213172,0.714399423217401,0.637821525335312,0
0.476928589865565,0.719563809689134,0.595906375907362,0.715996755519882,0.899317898089066,0.926912628579885,0.838361085625365,0.504787172656506,0.369307726621628,0.678006009664387,0
0.982320172712207,0.600726412143558,0.713527166983113,0.113967962563038,0.104448392055929,0.324650876689702,0.0618925613816828,0.332790672313422,0.0186854552011937,0.27560248808004,0
0.566304244333878,0.38244837988168,0.187467291718349,0.454095950117335,0.166607017628849,0.212841938016936,0.0135500780306756,0.648394106188789,0.427560087759048,0.451705251587555,0
0.617674042237923,0.186744963750243,0.851703190477565,0.0485958722420037,0.18557353829965,0.216342102270573,0.0583522070664912,0.463579270755872,0.468110549263656,0.967987316660583,0
0.0884569813497365,0.353077285690233,0.0996248866431415,0.095195583999157,0.997664721682668,0.0461724470369518,0.395137532847002,0.0800366357434541,0.143744616536424,0.973239612299949,0
0.605009826365858,0.601468330714852,0.636639439035207,0.00615526782348752,0.677966577932239,0.890383726684377,0.702277044532821,0.431915322318673,0.282600698294118,0.947742719203234,0
0.622408541617915,0.773442283971235,0.809693794464692,0.141139379935339,0.515484490431845,0.366424749372527,0.495931009063497,0.526919968193397,0.502737442962825,0.0149329288396984,0
0.59770221519284,0.105660402914509,0.399717464111745,0.840765529545024,0.471376881701872,0.972964958287776,0.465324918972328,0.422544351546094,0.326824137242511,0.0497894524596632,0
0.142303279601038,0.765829757554457,0.257346453610808,0.309475951595232,0.622216147836298,0.955247656675056,0.303658332442865,0.654148693662137,0.976166446460411,0.851641334593296,0
0.275159563636407,0.00444958452135324,0.301121344324201,0.924017526442185,0.826879809610546,0.644106151303276,0.42495341761969,0.508232255931944,0.929992835503072,0.122609261889011,0
0.644184955162928,0.238510070601478,0.0550273067783564,0.105457802303135,0.998150921659544,0.359608959173784,0.762553868116811,0.469254577532411,0.990257563302293,0.769413722213358,0
0.279715152923018,0.816029158420861,0.483471058076248,0.0745064460206777,0.104362282902002,0.497702985070646,0.243526609614491,0.0515766832977533,0.153938157483935,0.0401506766211241,0
0.349433961091563,0.389480779180303,0.208426117431372,0.767967800144106,0.240032040979713,0.490086529636756,0.569701285101473,0.755586018320173,0.486421024659649,0.255088004982099,0
0.827801738632843,0.784205845557153,0.568089502397925,0.69159151497297,0.451391125796363,0.585985308745876,0.200940968003124,0.118228692095727,0.705911961151287,0.971108092460781,0
0.706315469462425,0.0377441451419145,0.480526869185269,0.319582168478519,0.869059215765446,0.499251801753417,0.470043145818636,0.727170049911365,0.714048335095868,0.838201668346301,0
0.151377832982689,0.592941339593381,0.672390596475452,0.168149812612683,0.940780341625214,0.375918073114008,0.751941897207871,0.100223140092567,0.865425404161215,0.634174279868603,0
0.868175415089354,0.66464105155319,0.880556959658861,0.361584544181824,0.831481668166816,0.32516171829775,0.121131314663216,0.411822951864451,0.415418062824756,0.37195309298113,0
0.825147151015699,0.437716368818656,0.580238799098879,0.388813442084938,0.510966120287776,0.818630795693025,0.739926365204155,0.374898423440754,0.997006900375709,0.0756976173724979,0
0.488753018667921,0.101669343886897,0.708823475288227,0.806887878105044,0.0676100170239806,0.0210029389709234,0.831767369061708,0.538182363379747,0.327836887910962,0.667421142105013,0
0.775989305460826,0.617913070367649,0.0911241541616619,0.167982205748558,0.365868628257886,0.537290551932529,0.448876852868125,0.802800503559411,0.371021529659629,0.0397782400250435,0
0.135730357142165,0.414783692918718,0.0950448205694556,0.21476848423481,0.15287206415087,0.257023875368759,0.803043789928779,0.260717982426286,0.670430919388309,0.601180930621922,0
0.554766521090642,0.868285045726225,0.324812398524955,0.531496201176196,0.571157434955239,0.428782623494044,0.237834522733465,0.343715104274452,0.0680635201279074,0.639800861477852,0
0.619350383989513,0.406442162115127,0.986354843480512,0.836494856746867,0.284736153203994,0.864414923125878,0.0518795389216393,0.582389270421118,0.317841982003301,0.29596010223031,0
0.642719690920785,0.650732703274116,0.185236845631152,0.326484049204737,0.680906250840053,0.987497871043161,0.299779447959736,0.399249892681837,0.105923624709249,0.159105917438865,0
0.254874559119344,0.75381535035558,0.485522621544078,0.715272651519626,0.813303662929684,0.121699035167694,0.162366376724094,0.876496728509665,0.748873181641102,0.786949507659301,0
0.625501146307215,0.578482825774699,0.159980298718438,0.587204435607418,0.902484593447298,0.993284339783713,0.31631908332929,0.870380759937689,0.692134119337425,0.892127652885392,0
0.690710513154045,0.0143919149413705,0.722286307718605,0.31128992815502,0.36055726185441,0.591953041963279,0.604771241080016,0.630827801534906,0.252788385143504,0.368469937937334,0
0.621234271209687,0.258281668648124,0.338398919207975,0.954138742294163,0.738978256937116,0.640452126506716,0.90960021247156,0.78821439249441,0.651467316551134,0.37846977985464,0
0.0577363376505673,0.499668972566724,0.18231808161363,0.481155755696818,0.114567411364987,0.0366687532514334,0.166358704678714,0.0703645045869052,0.963758424390107,0.976955008460209,0
0.581643308745697,0.176947277737781,0.923989793751389,0.599150311201811,0.514791574329138,0.56751049705781,0.121648192405701,0.558141571702436,0.885956805897877,0.969020506832749,0
0.572567684575915,0.234667362645268,0.928665663348511,0.319193538744003,0.83655934757553,0.488858992466703,0.0643067946657538,0.215003421995789,0.914289938053116,0.945537626277655,0
0.452222699299455,0.770360351772979,0.642684151651338,0.453534285305068,0.601889448706061,0.603370529133826,0.718522369861603,0.995073866099119,0.202138081891462,0.427662826376036,0
0.00356122036464512,0.173228632193059,0.744078772841021,0.262803815770894,0.643918629502878,0.606447115307674,0.00915382290259004,0.538495291955769,0.221967660821974,0.599171986104921,0
0.188277196604759,0.700874993344769,0.698464599903673,0.188982572872192,0.154964100103825,0.028032680042088,0.636505213100463,0.891474401345477,0.557016994804144,0.209260741481557,0
0.00592482136562467,0.208210013341159,0.14767540525645,0.602657660609111,0.809192043961957,0.73701427760534,0.338959166547284,0.638752244412899,0.387465605745092,0.909293818986043,0
0.933207926340401,0.513426072895527,0.609294343739748,0.307551129488274,0.196838693227619,0.487826831638813,0.753978239838034,0.371007591020316,0.660030089085922,0.317996023222804,0
0.769929526839405,0.938989481888711,0.2102189832367,0.235763063188642,0.436436196323484,0.176261023618281,0.338609742000699,0.992097748210654,0.274138149106875,0.785344668664038,0
0.409461236558855,0.309985252795741,0.336515097878873,0.612014048267156,0.0648638259153813,0.73980496940203,0.751340119168162,0.396869985852391,0.400433930102736,0.229845973430201,0
0.55525464261882,0.545368127059191,0.532562426524237,0.98201318574138,0.826393358642235,0.429457717807963,0.742598980898038,0.978608525590971,0.641691352007911,0.922739842440933,0
0.817554629640654,0.679515050491318,0.356426646234468,0.777564901625738,0.313496406422928,0.551812020596117,0.0588341297116131,0.30180300003849,0.960414423141629,0.754349194234237,0
0.374065416166559,0.136601588921621,0.760935728205368,0.868207580642775,0.1555264769122,0.62203506892547,0.947830939898267,0.450751007534564,0.0595566846895963,0.314968217629939,0
0.47511735977605,0.766727229114622,0.636682796059176,0.403967733727768,0.0249395293649286,0.698020263807848,0.898811073740944,0.18733416358009,0.13899051817134,0.463850350817665,0
0.931682129623368,0.833188022719696,0.640907801222056,0.224506466416642,0.602103316690773,0.223289849469438,0.423819965682924,0.981958776479587,0.269094069954008,0.665322965243831,0
0.335083793383092,0.529748580418527,0.57723875134252,0.897412552963942,0.0947194036561996,0.490467608673498,0.310300290584564,0.618226027116179,0.390961070777848,0.734595965128392,0
0.203854803694412,0.673107787035406,0.97695774352178,0.508564437739551,0.277810120489448,0.590731627773494,0.204260612372309,0.990373373730108,0.660227957880124,0.226485696621239,0
0.104291614377871,0.747630885336548,0.815153075847775,0.866529406514019,0.351744512561709,0.151937809539959,0.603272503707558,0.470048096496612,0.561656044796109,0.077694586943835,0
0.984322995413095,0.252518404973671,0.0517367834690958,0.56910024699755,0.234955118736252,0.897651317063719,0.0836652354337275,0.271117866970599,0.663673595758155,0.625027729663998,0
0.802476176526397,0.0795144159346819,0.968811348080635,0.0108221259433776,0.676790781551972,0.2975337440148,0.338637501234189,0.0603458508849144,0.95902920817025,0.64364870917052,0
