"1","2","3","4","5","6","7","8","9","10","class"
0.831546518485993,0.461004996439442,0.854648605687544,0.964775493834168,0.466835116269067,0.496265961788595,0.258524753153324,0.556941712740809,0.129933077143505,0.526565345237032,0
0.844811494229361,0.839777922723442,0.309188463259488,0.58402661443688,0.936990071088076,0.97377063636668,0.795170507626608,0.953028216725215,0.837170840706676,0.447258227271959,0
0.185534150805324,0.395528579363599,0.629321045475081,0.89580940711312,0.905401149764657,0.340639965143055,0.926768416538835,0.902843615505844,0.775366922374815,0.358892927644774,0
0.239488520892337,0.23671047296375,0.861096493666992,0.272478441474959,0.539351410930976,0.962665303843096,0.106416298542172,0.146361113293096,0.389333812752739,0.325333956861869,0
0.311302818823606,0.544821850722656,0.794748942367733,0.259999552043155,0.832873470848426,0.225706199416891,0.537870470434427,0.955137016950175,0.0972072167787701,0.609265398932621,0
0.839270799187943,0.767719511641189,0.114179222146049,0.984755872981623,0.000867689494043589,0.012221003184095,0.100086570484564,0.0661581261083484,0.416845472063869,0.141121621010825,0
0.334320584312081,0.356978120282292,0.692054018145427,0.14424497121945,0.677072294987738,0.246961773606017,0.935815329197794,0.56807811348699,0.0452054289635271,0.901108110556379,0
0.702345655998215,0.191818264778703,0.85132676968351,0.302194881951436,0.399858124786988,0.641640225192532,0.0613991455174983,0.617169653298333,0.236636069603264,0.594134765677154,0
0.446867008693516,0.232187773333862,0.39279839862138,0.802330745616928,0.88612872408703,0.410111444303766,0.386374544585124,0.0970769901759923,0.549151465762407,0.214191217673942,0
0.857169285183772,0.386100075906143,0.624463978456333,0.491914083482698,0.548302385024726,0.584973060991615,0.494803721318021,0.79903702926822,0.540349613409489,0.0127658457495272,0
0.0163049483671784,0.496330806054175,0.905003475723788,0.335573802469298,0.652386177098379,0.230180042330176,0.915608098730445,0.107668336248025,0.719943722710013,0.630960218375549,0
0.637291148304939,0.112088397378102,0.386425399919972,0.446963308611885,0.105325062992051,0.742841133847833,0.115192409371957,0.825022903038189,0.640391727909446,0.780730116646737,0
0.0239609440322965,0.507916084490716,0.235339045058936,0.660233899950981,0.0440246369689703,0.557444245554507,0.29433887754567,0.18256874801591,0.119147323071957,0.993646619375795,0
0.928468259284273,0.128200020175427,0.814661948475987,0.165337312733755,0.486555459909141,0.905504395486787,0.688954229000956,0.0274746948853135,0.310989341931418,0.354254827136174,0
0.668136551743373,0.936320186359808,0.413559744600207,0.979670051252469,0.313983006635681,0.105057866545394,0.530982810771093,0.543368087150156,0.44147832901217,0.000782303744927049,0
0.228332235012203,0.41926135844551,0.992563934763893,0.545514586614445,0.278915463015437,0.691825461108238,0.0300081185996532,0.265879057114944,0.304344817064703,0.00300099980086088,0
0.292267865967005,0.733258788008243,0.199359710561112,0.798681115033105,0.409446772187948,0.256383586674929,0.164855143753812,0.893380583962426,0.996698235860094,0.0683803698047996,0
0.426437818212435,0.915589762153104,0.779460903024301,0.810241681523621,0.306682999944314,0.0595230478793383,0.978293034248054,0.0185599084943533,0.568099055904895,0.491383628919721,0
0.303674606373534,0.338617794215679,0.382074309745803,0.592748373281211,0.0466253412887454,0.817137496545911,0.321987180272117,0.349027431104332,0.257569557055831,0.904851613566279,0
0.614044843008742,0.659379481570795,0.541819227160886,0.943986129015684,0.796640517888591,0.762462755432352,0.416998826200143,0.204259384423494,0.045261527877301,0.547995901666582,0
0.709497242467478,0.459181725047529,0.259916939772666,0.0264854496344924,0.0112326480448246,0.426594078773633,0.145634006010368,0.910639881389216,0.176391138928011,0.363930232822895,0
0.624986495822668,0.35841825674288,0.912796634016559,0.101871584076434,0.399718038272113,0.923476449679583,0.811097586294636,0.267919466597959,0.610999000724405,0.976331128971651,0
0.650138039840385,0.70518566435203,0.115177827654406,0.499873457709327,0.615727925905958,0.573919089743868,0.576811742037535,0.337999000679702,0.0406545693986118,0.450537301134318,0
0.744208364048973,0.123829004121944,0.702716087922454,0.578691716073081,0.54440035065636,0.408234196947888,0.938290251884609,0.380716064479202,0.488396506523713,0.363368571968749,0
0.55670162383467,0.368151088943705,0.65173721127212,0.691939768614247,0.247238827636465,0.735600857064128,0.588103433372453,0.102434457046911,0.807750881416723,0.778368189698085,0
0.00502327177673578,0.984111662022769,0.562965345103294,0.119797590887174,0.357667996315286,0.143775295699015,0.423869136488065,0.696466729277745,0.729074869304895,0.611319334479049,0
0.934145317878574,0.078280926682055,0.0100342519581318,0.700425610877573,0.0526775144971907,0.446134546073154,0.620322084752843,0.989318020408973,0.539400232024491,0.254933798918501,0
0.797493163496256,0.730135799851269,0.820249656448141,0.963469925103709,0.63200853462331,0.00149536784738302,0.738985700998455,0.0299302281346172,0.0466453493572772,0.204598462674767,0
0.978180524893105,0.428954483941197,0.750719452742487,0.476825437974185,0.89890755340457,0.849179695360363,0.95975901093334,0.672643321799114,0.423194618429989,0.500022644875571,0
0.153445115080103,0.937915203394368,0.702371710445732,0.357028433587402,0.656830900348723,0.205347540788352,0.267965812934563,0.265212527476251,0.890530654229224,0.367625477490947,0
0.934635660611093,0.683716905768961,0.588938287924975,0.19850449077785,0.980048232711852,0.71180276828818,0.5731644728221,0.706027713371441,0.735751643776894,0.240823495667428,0
0.759328238898888,0.63689801027067,0.743894924409688,0.690150651149452,0.405889614718035,0.474075652658939,0.981411737389863,0.11410033935681,0.226122063817456,0.547998949652538,0
0.810750493779778,0.509649217594415,0.284885077970102,0.585061855381355,0.9864235103596,0.703946155263111,0.147167951567098,0.000167106045410037,0.754921617684886,0.0323617174290121,0
0.747573642758653,0.950669498648494,0.838850145926699,0.468157041817904,0.649355861125514,0.446475363103673,0.495095470920205,0.380549066001549,0.501759883249179,0.979153965367004,0
0.394511864520609,0.619227105285972,0.541808723704889,0.230107674840838,0.619237921433523,0.501322933705524,0.992285537533462,0.481889347778633,0.609897118061781,0.0557918699923903,0
0.239721858641133,0.858741413801908,0.343751022825018,0.40245622000657,0.185003056190908,0.61978637217544,0.999485258245841,0.186642710585147,0.571711929747835,0.901193095603958,0
0.12816297262907,0.520593245280907,0.925570708699524,0.019626728259027,0.595258789602667,0.914743578294292,0.156655429163948,0.842719991691411,0.646098392084241,0.992547982838005,0
0.664907683851197,0.378682170063257,0.366970946779475,0.779408626491204,0.29783216281794,0.675596485147253,0.525483736768365,0.666772855212912,0.382538012461737,0.534806723473594,0
0.678892663680017,0.929361228365451,0.776308483444154,0.0608550340402871,0.459683909779415,0.90993342641741,0.119053941685706,0.261385543737561,0.491349671734497,0.33825139561668,0
0.678131461143494,0.785699672764167,0.690491763642058,0.857109342468902,0.679901764262468,0.754738841904327,0.17959124292247,0.546609482262284,0.555518839275464,0.169256300199777,0
0.121466296259314,0.346441454486921,0.361741767497733,0.643301982665434,0.922255227807909,0.278540119063109,0.418556994991377,0.606204196345061,0.0334179031196982,0.285902557894588,0
0.565533608198166,0.430955647723749,0.755262113409117,0.255662471055984,0.568264685105532,0.273212749045342,0.855040102032945,0.471535306889564,0.079340610653162,0.94136854656972,0
0.803634678246453,0.128958561457694,0.233270795084536,0.609093282371759,0.560696155764163,0.805305471178144,0.685511931078508,0.29699206375517,0.957841797731817,0.666071059415117,0
0.282271178904921,0.641212332993746,0.51389439124614,0.474213862093166,0.97476605232805,0.834747561952099,0.705421536229551,0.775395552860573,0.610671159811318,0.923243826953694,0
0.529558091890067,0.968746188329533,0.222431844100356,0.699970882153139,0.672962526325136,0.434844736708328,0.966487408149987,0.227933231974021,0.675471739377826,0.514382483437657,0
0.353515655035153,0.319572294363752,0.580095575191081,0.357891322346404,0.430561687331647,0.439174234634265,0.533377960324287,0.974207078572363,0.560648758895695,0.209431219380349,0
0.171898597385734,0.0656887809745967,0.826597918290645,0.536241497844458,0.510911074932665,0.478067945921794,0.449183288263157,0.234528416534886,0.157778358785436,0.188076342223212,0
0.4442589932587,0.961745932232589,0.886488933116198,0.367246423382312,0.0286225941963494,0.19331063516438,0.758980740327388,0.319121025968343,0.361710215685889,0.470944642787799,0
0.262829548679292,0.803075289120898,0.138936067232862,0.32781756692566,0.448837104253471,0.987460832344368,0.000628059962764382,0.568437812617049,0.874482762767002,0.274614018155262,0
0.323643564712256,0.785360896028578,0.97991961450316,0.859823052072898,0.914939929032698,0.908014413435012,0.234372854232788,0.7336657254491,0.922054611844942,0.323944006115198,0
0.378850380657241,0.475131084444001,0.505646237870678,0.484243059298024,0.45683438424021,0.840823618927971,0.866568622644991,0.735582739114761,0.900324551621452,0.991509875981137,0
0.548963739536703,0.464822135865688,0.927028439939022,0.62907271948643,0.215972615405917,0.0534795201383531,0.464346985798329,0.703159594908357,0.194426764501259,0.0515712464693934,0
0.00481094047427177,0.186923276400194,0.280592442722991,0.492449576733634,0.691995921777561,0.311731243506074,0.26403951854445,0.738379241432995,0.770987256430089,0.893512382404879,0
0.684123848332092,0.749549876200035,0.953174124239013,0.736900862306356,0.72973394789733,0.947236018721014,0.683907687431201,0.645894479937851,0.591921310639009,0.327893397770822,0
0.503679051995277,0.29069625842385,0.0395696212071925,0.456177880987525,0.106856232741848,0.0234997132793069,0.869711442384869,0.403482865542173,0.49367538955994,0.537458440288901,0
0.635577868903056,0.956667655846104,0.701344234170392,0.844275296665728,0.172496494837105,0.459777405951172,0.0299214071128517,0.19710710295476,0.855788874672726,0.10596710187383,0
0.936379665741697,0.229455736698583,0.798078207066283,0.888057318981737,0.646875739796087,0.66844435967505,0.682455604430288,0.88949514972046,0.518156373873353,0.805642175022513,0
0.0900512400548905,0.264012599363923,0.856998422183096,0.014410890173167,0.938699490157887,0.911827294854447,0.256356842117384,0.613270783564076,0.211076639126986,0.708971861051396,0
0.703361583640799,0.132116721011698,0.722602093359455,0.809497353155166,0.70480256807059,0.760713831055909,0.988621351309121,0.43175537372008,0.585463844006881,0.316577573539689,0
0.817286489065737,0.476936187362298,0.221578558674082,0.971084216376767,0.872410479467362,0.141066866926849,0.387760156998411,0.356901759281754,0.168025065446272,0.511719020782039,0
0.311106346081942,0.0132437783759087,0.866230895975605,0.0205179415643215,0.219430265715346,0.634576535085216,0.269698778400198,0.302052571438253,0.174103824654594,0.285415206104517,0
0.149416285799816,0.755123918410391,0.392321395454928,0.275062083499506,0.488872880348936,0.304004111560062,0.184947289293632,0.0482747699134052,0.882725568953902,0.456332573434338,0
0.0879585170187056,0.35175941651687,0.780076388269663,0.735983544262126,0.168245635693893,0.536995421396568,0.654339195461944,0.419647465692833,0.579209541436285,0.572114835260436,0
0.239222277421504,0.606265198206529,0.130346068879589,0.763065874343738,0.155988312093541,0.472522886935622,0.634429129306227,0.145584701094776,0.287760543636978,0.938254479784518,0
0.789309811079875,0.250456530135125,0.271024216897786,0.725709221558645,0.918371410341933,0.591944233747199,0.84575640805997,0.146919785067439,0.0446309715043753,0.951632297364995,0
0.254694368224591,0.158466677879915,0.713596961926669,0.860097650904208,0.850108648650348,0.944498623488471,0.717178265331313,0.0665596490725875,0.800885008648038,0.0318784820847213,0
0.467642171075568,0.348606225335971,0.534688449231908,0.280196538427845,0.403147876262665,0.848865837557241,0.604599669342861,0.526592791080475,0.133020629175007,0.769848398631439,0
0.781480400823057,0.978609709534794,0.41081251995638,0.22315102792345,0.103620452573523,0.217068866593763,0.30229266337119,0.621838753577322,0.397870552958921,0.772942163283005,0
0.826317430008203,0.0260050666984171,0.235320231411606,0.654128331691027,0.874106682604179,0.750901775434613,0.730344611220062,0.803094177274033,0.701192968990654,0.588500519050285,0
0.0363679856527597,0.229707738850266,0.85081763449125,0.823139030253515,0.865576435113326,0.960923838894814,0.736692043719813,0.132462343201041,0.462144103366882,0.350651261862367,0
0.899245495442301,0.76785744051449,0.328858330380172,0.157796531450003,0.744420765666291,0.903000957332551,0.930167312500998,0.467114431783557,0.405027725268155,0.6586841752287,0
0.252539243781939,0.803787408163771,0.511135420296341,0.453974689356983,0.803152996115386,0.734033020678908,0.64011542708613,0.116127888439223,0.783479424193501,0.696469563292339,0
0.748308941721916,0.454675188986585,0.557063537882641,0.821250777225941,0.873524664202705,0.141792588401586,0.209233875852078,0.436004859395325,0.925697608618066,0.465953694889322,0
0.023324990645051,0.0783154661767185,0.0146772449370474,0.561769767198712,0.0688636163249612,0.697711074491963,0.535920983878896,0.91180108115077,0.27394944569096,0.317489054985344,0
0.759064384968951,0.364094897173345,0.569944707211107,0.179770971415564,0.0103516688104719,0.720556052168831,0.488473100354895,0.603665625676513,0.545809858245775,0.111357406713068,0
0.620234528789297,0.136125526158139,0.395911975996569,0.528829665156081,0.363294551614672,0.50841924874112,0.806282335193828,0.68186430237256,0.47959074168466,0.390718749957159,0
0.0986425043083727,0.587029095273465,0.823007152881473,0.589914993615821,0.684589774580672,0.367110005812719,0.58410552656278,0.845676733646542,0.16997312149033,0.890240696957335,0
0.656626977957785,0.796642822911963,0.537789052352309,0.997405265690759,0.895220049889758,0.999177800025791,0.284402160905302,0.705427075037733,0.316176733700559,0.373570133466274,0
0.631981453392655,0.363659773487598,0.845602366840467,0.254784887656569,0.0526689023245126,0.20066286646761,0.602146787801757,0.681070966878906,0.87028003949672,0.648925543064252,0
0.894412175053731,0.347280380083248,0.95621655578725,0.619915202958509,0.762257991358638,0.632256176555529,0.896368364803493,0.692176742944866,0.778581081423908,0.487658294150606,0
0.831792360637337,0.37106471369043,0.833345884457231,0.471920222742483,0.0539441423024982,0.775655989535153,0.791166287148371,0.650921217631549,0.8502132948488,0.791057409951463,0
0.511888850713149,0.453171643428504,0.69140197779052,0.445173596963286,0.644738072063774,0.264352828264236,0.199435513466597,0.000413614325225353,0.573672939790413,0.529217438306659,0
0.522585770813748,0.853232071967795,0.450583121273667,0.434544828720391,0.811751411063597,0.928400557721034,0.782797488616779,0.918995632324368,0.564418677939102,0.248866614419967,0
0.758074848214164,0.0976901068352163,0.111625096993521,0.777683655032888,0.333649844396859,0.0910119782201946,0.303717294242233,0.672092151362449,0.83946662186645,0.130307855084538,0
0.542024292983115,0.0918075344525278,0.791481397813186,0.731851172167808,0.512981414329261,0.934866736177355,0.716958191944286,0.888154133222997,0.621656798990443,0.383448487846181,0
0.102940808748826,0.703354949597269,0.336242054123431,0.569924380630255,0.804405095754191,0.293823655694723,0.740409578196704,0.363656675908715,0.236141100758687,0.530189694138244,0
0.881599914515391,0.98113698232919,0.674825961701572,0.932300498709083,0.525163207668811,0.223030033987015,0.314955674344674,0.138843606226146,0.977273968048394,0.367028401000425,0
0.796720047481358,0.933437566971406,0.763045820407569,0.618450384121388,0.91257665748708,0.452830406138673,0.952990791294724,0.615583384409547,0.445990413660184,0.929998406907544,0
0.134449370903894,0.00691069127060473,0.705271496903151,0.0130918836221099,0.298150092363358,0.476423533400521,0.319550235988572,0.343936544610187,0.586255769943818,0.275845114141703,0
0.185297832358629,0.201471936190501,0.611001675482839,0.702016707044095,0.359601195435971,0.307416117051616,0.468813555780798,0.0811324508395046,0.315091414842755,0.297124241478741,0
0.778601135127246,0.434566656593233,0.439029318746179,0.722788284299895,0.205667899688706,0.690468507353216,0.442208751803264,0.536432903027162,0.704026268795133,0.0382844673004001,0
0.724524407181889,0.533409151481465,0.0737007588613778,0.465864025754854,0.940972705837339,0.126200889702886,0.896095087053254,0.57191268983297,0.79550973046571,0.291088704718277,0
0.345367739209905,0.635545744560659,0.353390970034525,0.310963185271248,0.0287230643443763,0.47170990309678,0.604124555364251,0.66745233326219,0.698080914095044,0.355076538631693,0
0.987174117006361,0.894253136124462,0.407004492590204,0.416543854400516,0.343204600038007,0.288649536203593,0.859703680267558,0.5490495453123,0.113478123676032,0.584912312915549,0
0.620577854337171,0.335110574495047,0.350801621796563,0.601404439425096,0.360200006281957,0.727142484392971,0.67681254260242,0.792457724921405,0.0203872218262404,0.558021120727062,0
0.237006873358041,0.692743804072961,0.413822832982987,0.128534848568961,0.0946069350466132,0.866063743131235,0.843368735397235,0.570061173057184,0.820924666477367,0.243859046837315,0
0.657080417266116,0.370089470408857,0.460687244078144,0.652813785709441,0.0403177805710584,0.495454479707405,0.130908445455134,0.121638763230294,0.0630732274148613,0.683508343528956,0
0.591558233369142,0.131295320577919,0.959747289773077,0.822880927240476,0.921295161824673,0.977379984455183,0.100875856122002,0.052828909130767,0.775740951066837,0.0888968335930258,0
0.532601831946522,0.514892835402861,0.419472431065515,0.61481769522652,0.946508593391627,0.463173355674371,0.375854543410242,0.504187043290585,0.623536487808451,0.269248494645581,0
0.520436472725123,0.202447779476643,0.60789346601814,0.271940318169072,0.518463735468686,0.442045776406303,0.741046332521364,0.459437787765637,0.502831333782524,0.061800139490515,0
