"1","2","3","4","5","6","7","8","9","10","class"
0.807971289381385,0.310187734430656,0.879293383797631,0.782177924877033,0.945079207420349,0.390078509459272,0.66650556307286,0.700585727812722,0.970742250559852,0.546954116318375,0
0.847576804459095,0.36799428705126,0.101179277757183,0.51319847558625,0.187110526254401,0.379299794789404,0.0776612446643412,0.842268904671073,0.711230254732072,0.584243164863437,0
0.430364523548633,0.490706149255857,0.347778294468299,0.980137150269002,0.668212059419602,0.114773366600275,0.7399932439439,0.65832645772025,0.199455606518313,0.928117483155802,0
0.317505507962778,0.478741891914979,0.10108482837677,0.945901659084484,0.810812375741079,0.27975808060728,0.902635781792924,0.06298797740601,0.97917367448099,0.407203401438892,0
0.322716251248494,0.228712784359232,0.228698367951438,0.905227184761316,0.204826606670395,0.852637874661013,0.142350370530039,0.0199465213809162,0.645500226411968,0.73789750575088,0
0.751211534487084,0.0779694993980229,0.140726158162579,0.592687979340553,0.203025683760643,0.408603644929826,0.327228002948686,0.131719094933942,0.834747383370996,0.718967501074076,0
0.990453788079321,0.0426390550564975,0.610316966660321,0.385550768580288,0.870595889398828,0.0599741991609335,0.757891603512689,0.0168509932700545,0.0835881335660815,0.961533112451434,0
0.313457983545959,0.493919582804665,0.55450487579219,0.990686939796433,0.144357222365215,0.789637219393626,0.598005486186594,0.821651513688266,0.279827846679837,0.416126832831651,0
0.893043201649562,0.718012211844325,0.202052833279595,0.844739261316136,0.136968046426773,0.375289832474664,0.410865530138835,0.504640749422833,0.312714058440179,0.722116086166352,0
0.821024288002029,0.351428656606004,0.460286781424657,0.331544751767069,0.418691693805158,0.148160822223872,0.254272747784853,0.24620775715448,0.199580948334187,0.111834314884618,0
0.46093324222602,0.995695888530463,0.976801650332287,0.673853195272386,0.431105927797034,0.748161530587822,0.920587211381644,0.321644756477326,0.236621468095109,0.696922856383026,0
0.192510056775063,0.319026452722028,0.870262938085943,0.181949272286147,0.66730379499495,0.0132083026692271,0.590304859215394,0.965882478514686,0.882222421467304,0.360630659386516,0
0.0749434889294207,0.729767742799595,0.189026632346213,0.55341493873857,0.832983108237386,0.510406646877527,0.792612613644451,0.0636975185479969,0.909416272770613,0.188903088215739,0
0.461067515192553,0.533968131290749,0.117699899012223,0.859673616010696,0.936566941440105,0.72089473111555,0.884014603681862,0.924098911928013,0.914394030813128,0.0943737423513085,0
0.956507524242625,0.355580577626824,0.808198792859912,0.768059777561575,0.0717408887576312,0.0860274410806596,0.044429759029299,0.714626744389534,0.446325804572552,0.0390480540227145,0
0.877348316600546,0.910399293759838,0.80724701541476,0.0481016975827515,0.994393945205957,0.0546366889029741,0.680469456128776,0.323854567483068,0.534394156420603,0.229133868822828,0
0.564229976385832,0.633978773839772,0.755321998381987,0.286655819742009,0.00874767429195344,0.546659357147291,0.172755324048921,0.21041323733516,0.690034376457334,0.96290586469695,0
0.212163866079505,0.844184921588749,0.478596674045548,0.490826770896092,0.704159628599882,0.80686011724174,0.107847969047725,0.721886516781524,0.300966629059985,0.0555000994354486,0
0.0278040654957294,0.494867037516087,0.503440826199949,0.580295662861317,0.755520370323211,0.79034815961495,0.216568229254335,0.326389237539843,0.541760245105252,0.506160674383864,0
0.143413110869005,0.315484834602103,0.142400846583769,0.513968573417515,0.0895994424354285,0.402217196999118,0.523443021113053,0.189500993816182,0.843830314232036,0.599555102409795,0
0.683338593924418,0.808426744304597,0.592667047632858,0.709880138747394,0.974015124607831,0.278411958366632,0.677139021223411,0.00938647775910795,0.93493262398988,0.0811713766306639,0
0.797590537695214,0.862514198059216,0.872433542041108,0.0259690936654806,0.37376520014368,0.550310851307586,0.498205210082233,0.767506839009002,0.693255058955401,0.835416074842215,0
0.556768764508888,0.0089457284193486,0.870909478049725,0.00757324742153287,0.396113559836522,0.401772528653964,0.425616256194189,0.76977365440689,0.615639882860705,0.26664364291355,0
0.524882702389732,0.963425158057362,0.462657753843814,0.454156167805195,0.0510642568115145,0.0265572643838823,0.309645235072821,0.0723650436848402,0.78778042877093,0.19353485153988,0
0.987968208498135,0.503713163780048,0.172842312138528,0.646019100910053,0.8198331464082,0.78125837049447,0.433454354759306,0.128338780952618,0.324240962741897,0.654183002421632,0
0.463827949715778,0.693906718399376,0.0745459438767284,0.0406142126303166,0.695584901608527,0.839090599678457,0.78335395292379,0.30167917534709,0.197708184132352,0.195827676681802,0
0.736144928727299,0.525760673684999,0.0599588113401085,0.706406679702923,0.0288032353855669,0.334305301075801,0.448250204790384,0.523947345325723,0.455160079523921,0.810967731522396,0
0.0642380502540618,0.716465422650799,0.351239841198549,0.872083780355752,0.422568491892889,0.917699332581833,0.352665905375034,0.600501461420208,0.345983552979305,0.516677924664691,0
0.146404291645624,0.0301462744828314,0.218652732670307,0.754195091081783,0.237421138677746,0.115225830115378,0.890477284090593,0.725964376470074,0.628645210526884,0.867166503565386,0
0.327786757145077,0.601642333436757,0.96446395246312,0.346263179788366,0.530661187600344,0.559915453661233,0.751504568150267,0.126582092372701,0.861204063752666,0.364117966266349,0
0.978338990127668,0.598503105575219,0.281003626296297,0.977884835330769,0.686282074311748,0.0558334195520729,0.8106467819307,0.0272326366975904,0.660273341694847,0.398232235573232,0
0.536670579575002,0.0738998115994036,0.230905345641077,0.0369599380064756,0.98695431323722,0.685234004864469,0.376697484403849,0.292922787135467,0.450079428497702,0.122575905639678,0
0.950930434279144,0.678779415786266,0.585556367877871,0.677401013439521,0.796282015927136,0.209107256494462,0.509667736245319,0.0393406271468848,0.991526376688853,0.184017608407885,0
0.415548896184191,0.889958726475015,0.626430039759725,0.572661165846512,0.348479110049084,0.641901237890124,0.0395099085289985,0.0653479648754001,0.0575282145291567,0.36209614877589,0
0.416207960806787,0.0089763542637229,0.541504939785227,0.655916057061404,0.774277286604047,0.185449894284829,0.353019579779357,0.333919922821224,0.845247865654528,0.0609668658580631,0
0.275152063928545,0.854913409799337,0.258549520978704,0.270914397242479,0.568283694563434,0.43256101035513,0.0246214792132378,0.86480967910029,0.380966750206426,0.43968126992695,0
0.227334698662162,0.683497894089669,0.120821067597717,0.758802664466202,0.809375071432441,0.667331623611972,0.0671206656843424,0.110231153201312,0.925918567692861,0.877427845494822,0
0.710409901570529,0.339521678397432,0.291626479709521,0.914707278367132,0.42525039287284,0.205989889800549,0.930732699809596,0.361287167761475,0.242498805513605,0.332463431404904,0
0.497034712694585,0.378437446895987,0.414319470291957,0.351765515981242,0.955740226432681,0.927817084593698,0.687248197617009,0.767492487793788,0.629245851188898,0.0925262097734958,0
0.799872532021254,0.6390066659078,0.165642812848091,0.139132178621367,0.0887984558939934,0.813330577453598,0.994906433857977,0.825253002345562,0.611483580432832,0.0831100221257657,0
0.423462067265064,0.0172176065389067,0.800338958622888,0.613196501508355,0.74817891838029,0.93067937833257,0.85295807919465,0.686412416631356,0.309256080770865,0.12073456752114,0
0.712768099969253,0.308334844186902,0.401829851791263,0.030258578248322,0.194994026329368,0.255049042403698,0.418812778079882,0.473993560997769,0.713113308418542,0.33921654173173,0
0.176315341377631,0.501799251884222,0.799023128813133,0.91898485342972,0.0247480834368616,0.795569779351354,0.438419514568523,0.0239045976195484,0.414256832329556,0.345824459800497,0
0.0139000869821757,0.439785837195814,0.489143423037603,0.789280388038605,0.974907056428492,0.818325947970152,0.0873187463730574,0.94071750389412,0.76460657059215,0.971899499883875,0
0.801363515434787,0.223338542506099,0.575637622503564,0.399282303871587,0.0535704416688532,0.0683809351176023,0.713401166256517,0.330942938569933,0.72300204820931,0.368328850716352,0
0.741952717769891,0.681336364010349,0.198111579520628,0.0275213639251888,0.216558561797719,0.250121864723042,0.309483050834388,0.635054026497528,0.715425512287766,0.701011867262423,0
0.460247447481379,0.112643856322393,0.0832341946661472,0.397534538293257,0.276336546987295,0.883048949530348,0.22185135120526,0.0544481193646789,0.351585120195523,0.65082094236277,0
0.0200299096759409,0.130234168609604,0.148240556940436,0.800593601772562,0.314549252623692,0.793604923412204,0.347119797253981,0.758909399388358,0.0550357617903501,0.397544665727764,0
0.854614554671571,0.889574350556359,0.97977379290387,0.781130227260292,0.665756269125268,0.280821759486571,0.920628271764144,0.221079894341528,0.932100906968117,0.597774502355605,0
0.0956551285926253,0.761877592653036,0.882279601180926,0.612465570680797,0.195814208360389,0.882755250204355,0.799694552319124,0.819466288434342,0.902258018963039,0.230816107708961,0
0.732891900697723,0.0345532898791134,0.0242972988635302,0.977912976406515,0.735854800092056,0.662056504515931,0.495469205081463,0.995880226138979,0.381717588286847,0.879359719576314,0
0.87076747440733,0.183141325833276,0.11164986435324,0.261539714876562,0.646276029525325,0.510497865499929,0.272661921801046,0.846770894248039,0.685861252713948,0.218088967492804,0
0.0904950890690088,0.130930260987952,0.400038324994966,0.187722075497732,0.0232486142776906,0.0089820739813149,0.344439387321472,0.731585732894018,0.279313821811229,0.85046395752579,0
0.922570751979947,0.955229011364281,0.36762470100075,0.841419355710968,0.978169211186469,0.487319805892184,0.357625500531867,0.541840172372758,0.485581181943417,0.832228001207113,0
0.291001769481227,0.38095882628113,0.176013172138482,0.533558482304215,0.923993569798768,0.0849823891185224,0.53409796860069,0.270407490199432,0.509207611903548,0.369466681499034,0
0.716395179508254,0.854286873014644,0.872650947421789,0.640057584736496,0.488474757643417,0.0718932405579835,0.990135369123891,0.957933799130842,0.295527080772445,0.285576574038714,0
0.330801571253687,0.134503453271464,0.15988091407977,0.815373845398426,0.0170705683995038,0.00299848988652229,0.905737862689421,0.739220842253417,0.155170910758898,0.365372580476105,0
0.740348838968202,0.0847834469750524,0.3921556212008,0.0596259620506316,0.166468044742942,0.0604142867960036,0.704049366293475,0.499687106581405,0.889837433584034,0.02565549290739,0
0.914549827342853,0.767777712084353,0.0799958466086537,0.0322318619582802,0.580268243793398,0.116629712283611,0.265750725753605,0.473311874782667,0.160900924354792,0.232057821005583,0
0.629181468393654,0.984753170749173,0.5297443093732,0.871372083900496,0.0845246792305261,0.330798195907846,0.12852045847103,0.121300175087526,0.318621397251263,0.881216558627784,0
0.893505133455619,0.848226151670329,0.103581270901486,0.71735309693031,0.143553863046691,0.321758485632017,0.586967871524394,0.34528952697292,0.480304192285985,0.145608979975805,0
0.932141978060827,0.586047925287858,0.925860352115706,0.821864442434162,0.586190185043961,0.152508599217981,0.636326774489135,0.386426789686084,0.374576103873551,0.132269624620676,0
0.172307432396337,0.184849770041183,0.459358751773834,0.2711592994757,0.675261180847883,0.388419756432995,0.03644332382828,0.331166673684493,0.93212893884629,0.417719195364043,0
0.620488933520392,0.136687906458974,0.755678786663339,0.510584202595055,0.303225473267958,0.925713108386844,0.708567289169878,0.892377871321514,0.584137450670823,0.563528881873935,0
0.317243689205498,0.0926312955562025,0.326456009177491,0.89135416350048,0.287218349752948,0.819074731087312,0.416821344289929,0.137933036778122,0.907433440675959,0.00787779130041599,0
0.414732826640829,0.132784707238898,0.133838025154546,0.902747304877266,0.432677158154547,0.122917701723054,0.704387575853616,0.744364069541916,0.6315840955358,0.669742751400918,0
0.488578946795315,0.493320497917011,0.863259518984705,0.983248964650556,0.135064183268696,0.332899022381753,0.357484901556745,0.645736038684845,0.386875901371241,0.773010509554297,0
0.636475091567263,0.94058230961673,0.23209289344959,0.101807202911004,0.88671239418909,0.0245884633623064,0.116599153028801,0.0778187450487167,0.827767072245479,0.445233527105302,0
0.927233807975426,0.616854547522962,0.397152661113068,0.551196888554841,0.178349626385048,0.990390803897753,0.384854820556939,0.832581385970116,0.021164134843275,0.654666992835701,0
0.418614418245852,0.0563765135593712,0.677681413944811,0.666341805830598,0.687914075097069,0.503897613380104,0.699748965911567,0.225163466995582,0.394103553844616,0.420202584937215,0
0.135152610950172,0.096707317745313,0.663521890994161,0.302700211526826,0.360541944857687,0.46978420112282,0.908842910313979,0.251094512408599,0.715171376243234,0.125349899288267,0
0.890513672726229,0.39550100453198,0.174581521423534,0.162216621218249,0.523176005575806,0.143411062657833,0.815006066579372,0.0947467961814255,0.350428754463792,0.859933980973437,0
0.132724541472271,0.135030199307948,0.163046699948609,0.444187651854008,0.97341211233288,0.375177508918568,0.419044403126463,0.451552366605029,0.336953628342599,0.782353817485273,0
0.922410363564268,0.779302769806236,0.864372994517908,0.369726192904636,0.567227614345029,0.654416949255392,0.235007726587355,0.0225793446879834,0.26394986291416,0.113182955421507,0
0.497138479491696,0.72421841439791,0.636858000885695,0.652171395719051,0.0100053439348936,0.069583639036864,0.836038876092061,0.239873321261257,0.204868590692058,0.878685318632051,0
0.693475303705782,0.432783778989688,0.034151767147705,0.443919111276045,0.392383477417752,0.584081003908068,0.598980685230345,0.125700926873833,0.365218127844855,0.0647987411357462,0
0.740632828790694,0.875075413612649,0.765790022211149,0.145684721414,0.830655180383474,0.700285678030923,0.847758878488094,0.0568411704152822,0.785783388884738,0.258337646489963,0
0.386545280693099,0.0342330875756219,0.375693248119205,0.69779022061266,0.0164151601493359,0.943360104225576,0.886560979299247,0.740211619762704,0.631702791433781,0.781802021432668,0
0.30263544828631,0.773799197049811,0.698848822619766,0.918039862066507,0.911452146945521,0.509076758986339,0.733370347181335,0.222064001951367,0.529897444415838,0.570330834947526,0
0.431676051579416,0.749536876101047,0.0106590113136917,0.683164345566183,0.174311996437609,0.930446286685765,0.00385467032901943,0.601594605250284,0.111192177515477,0.33293316187337,0
0.274046377744526,0.457831931766123,0.444790788693354,0.876164528541267,0.181632861262187,0.789048935752362,0.942533238325268,0.239380865590647,0.630265802610666,0.49898650823161,0
0.720688457135111,0.701497259084135,0.536167075624689,0.251875405741669,0.56142047024332,0.45095866243355,0.436783088371158,0.966814016457647,0.68442009948194,0.0357914906926453,0
0.0645866431295872,0.937842385610566,0.293621983146295,0.308112542843446,0.81110637473762,0.535647274926305,0.0353926965035498,0.0905028299894184,0.462979203322902,0.124282902572304,0
0.778865712461993,0.0844610389322042,0.267475210130215,0.17039249278605,0.998565088491887,0.485033356118947,0.961882553296164,0.0569429113529623,0.0546225481666625,0.281280377879739,0
0.167031822958961,0.218150615459308,0.10636399127543,0.00765894027426839,0.475520708365366,0.398874615551904,0.441895792260766,0.292104412568733,0.105087460717186,0.287401291774586,0
0.242228851420805,0.20436936756596,0.281336924992502,0.8611742220819,0.234910594532266,0.897915082518011,0.159163835691288,0.692890419624746,0.96232880349271,0.4609290715307,0
0.0522042606025934,0.53705949918367,0.307737719733268,0.683924325043336,0.125459073344246,0.148645646404475,0.187451946781948,0.45173430070281,0.145468136062846,0.699429604224861,0
0.929589180508628,0.206742413341999,0.624361884081736,0.329644245328382,0.737928511109203,0.318625367479399,0.406702264212072,0.0844572749920189,0.114093353971839,0.776397383306175,0
0.284184308955446,0.83702342165634,0.951141792012751,0.713633784325793,0.0820817248895764,0.600189470918849,0.604417476803064,0.0329499349463731,0.679567349841818,0.760065724141896,0
0.758287088479847,0.570883529260755,0.323472854215652,0.456320225959644,0.0380869896616787,0.712836641352624,0.203248287085444,0.339570807293057,0.881411297013983,0.182310563977808,0
0.582205791259184,0.443757984088734,0.508225198835135,0.927324218675494,0.693300214130431,0.417831498896703,0.622242838377133,0.676669880980626,0.376729428535327,0.0729499051813036,0
0.596192630473524,0.46479931846261,0.964952160048671,0.95675758854486,0.692958064842969,0.573566903127357,0.29220778751187,0.689124593511224,0.397077000699937,0.490433754632249,0
0.617778156418353,0.264862693613395,0.0862847031094134,0.744128674967214,0.223971606232226,0.629205226199701,0.918820895487443,0.293023775331676,0.474245108896866,0.999054057756439,0
0.921193482819945,0.73423359519802,0.421175789553672,0.0279785303864628,0.455006011528894,0.414966403041035,0.9669047112111,0.462496598251164,0.833231767406687,0.027322401991114,0
0.0543193728663027,0.255478899460286,0.0589334801770747,0.0368633589241654,0.956216803053394,0.56134779471904,0.0273771290667355,0.458328670822084,0.827512342948467,0.50491154496558,0
0.39985410659574,0.438070556847379,0.739734298083931,0.901057648705319,0.0705413140822202,0.574524513678625,0.168482616310939,0.595075031975284,0.610348185757175,0.585780766559765,0
0.283706011483446,0.202269404195249,0.385637514758855,0.934622375527397,0.128495594952255,0.977096900809556,0.434625114779919,0.747784268576652,0.297840282553807,0.6498416159302,0
0.636132173473015,0.860636502038687,0.722982640145347,0.455158138182014,0.255805249791592,0.394050259608775,0.17380932578817,0.612116649514064,0.833908233325928,0.0948658681008965,0
0.506561934947968,0.221029625739902,0.757360575953498,0.144954066956416,0.448247317923233,0.193884804844856,0.520876405993477,0.901593866758049,0.0797582457307726,0.894454187015072,0
0.207096348050982,0.0850877757184207,0.69522410701029,0.301603183383122,0.049318312201649,0.613010373432189,0.869418998481706,0.549033997114748,0.304782209452242,0.655344603117555,0
