"1","2","3","4","5","6","7","8","9","10","class"
0.521497546928003,0.824860319495201,0.563697455683723,0.0258022530470043,0.344304881524295,0.226700536208227,0.711659296182916,0.313804686069489,0.948368460871279,0.301794658182189,0
0.883036333369091,0.215004020137712,0.255585381062701,0.254918784368783,0.585084135644138,0.294309827266261,0.571708271512762,0.209363290807232,0.00493611884303391,0.185979856876656,0
0.414818501798436,0.960450388491154,0.914272432681173,0.621329975314438,0.551767999539152,0.388319782912731,0.487502394011244,0.149353774730116,0.487664977321401,0.110182793345302,0
0.935614842921495,0.715277001494542,0.198285036720335,0.558942494215444,0.106150754960254,0.173894160659984,0.791016220347956,0.436718344688416,0.149289934197441,0.304504975909367,0
0.764340908266604,0.97757056215778,0.134283730294555,0.852647701976821,0.405477297725156,0.440679687773809,0.803934278897941,0.604119449853897,0.731485983822495,0.532832961529493,0
0.254487200640142,0.0837496016174555,0.572441202355549,0.0560528044588864,0.992999344132841,0.150051724631339,0.530965727753937,0.943455167347565,0.105796806048602,0.544896211940795,0
0.193904696265236,0.964207109063864,0.455643325578421,0.673695705132559,0.227667609928176,0.322597591206431,0.559955141507089,0.0245431631337851,0.369400351773947,0.953960367012769,0
0.217196922050789,0.601896052714437,0.17147359251976,0.295366141246632,0.916800301056355,0.169974653283134,0.529375462327152,0.0311767333187163,0.0878552044741809,0.186833655228838,0
0.539437380619347,0.448493439471349,0.0755921485833824,0.938417705474421,0.177500931313261,0.917325834976509,0.395822633989155,0.909330097259954,0.504719501361251,0.228272974258289,0
0.297735885484144,0.559376045828685,0.189989003585652,0.137179986340925,0.619755000574514,0.539086141157895,0.0857593265827745,0.728371401317418,0.117287422530353,0.42732871719636,0
0.125994285102934,0.850335016846657,0.737174214795232,0.0578119356650859,0.722304821480066,0.939390753163025,0.514129265444353,0.176303522428498,0.729251251090318,0.929418593645096,0
0.745123318629339,0.728159830905497,0.891042785951868,0.860571797937155,0.674208624986932,0.295845084823668,0.33220866532065,0.636174874613062,0.886358269490302,0.56199303176254,0
0.768495988100767,0.856283157132566,0.19246758101508,0.998821874614805,0.432039119536057,0.28951825411059,0.498946924693882,0.00669816113077104,0.110883255489171,0.24781174142845,0
0.699548232601956,0.787015033420175,0.978380412561819,0.75240630353801,0.721859303768724,0.873137542046607,0.615745264338329,0.672389794606715,0.65707698604092,0.655624002218246,0
0.0235630359966308,0.485941499704495,0.147200194187462,0.412686239695176,0.220791137311608,0.232917590532452,0.399002742720768,0.804117518477142,0.758542203577235,0.278540979372337,0
0.996928996173665,0.0223131652455777,0.483370789326727,0.908023301512003,0.756876464001834,0.302979378262535,0.161310588009655,0.457260438939556,0.104025586973876,0.373854028293863,0
0.378422279609367,0.495264514582232,0.58585582789965,0.179009658284485,0.872704062843695,0.488484985660762,0.0530245779082179,0.259726553224027,0.152915942715481,0.871675865724683,0
0.745354413287714,0.291144868824631,0.893946709111333,0.448857900686562,0.515714643523097,0.574885701062158,0.848577946424484,0.896876416867599,0.513860910898075,0.17907535051927,0
0.831470246426761,0.575948517536744,0.193751806626096,0.633614372229204,0.953253142535686,0.718876948580146,0.71719406824559,0.582795919151977,0.334533313754946,0.796830607112497,0
0.586114793783054,0.146865766728297,0.385966447880492,0.55705730477348,0.311992685543373,0.888311187271029,0.767263052752241,0.936737177427858,0.207834744360298,0.939313031965867,0
0.376257210271433,0.796952335163951,0.00132983387447894,0.681727894116193,0.170848586596549,0.826358648017049,0.799330581445247,0.566639906726778,0.628181807696819,0.6864620950073,0
0.128130487632006,0.0828631552867591,0.0682700139004737,0.0537694385275245,0.696340116206557,0.603274768218398,0.569895084016025,0.54441305459477,0.221795081626624,0.763104437850416,0
0.270838358905166,0.253301790216938,0.249845385551453,0.107053255196661,0.132467475952581,0.906180299818516,0.470122086349875,0.0547557247336954,0.669160702032968,0.333807183196768,0
0.389993671327829,0.512810293817893,0.106491867220029,0.448216173797846,0.81328535778448,0.937002710765228,0.910326641518623,0.509502868633717,0.928721307776868,0.40298798144795,0
0.980283150449395,0.342248058645055,0.887548332801089,0.218801230192184,0.572626807028428,0.933037448907271,0.0234104103874415,0.652142344741151,0.523808500031009,0.481600631261244,0
0.502528093522415,0.524117927299812,0.501904845237732,0.893010439584032,0.00490305270068347,0.773254171945155,0.225149625213817,0.653523998567834,0.72270571324043,0.159166945144534,0
0.0518050035461783,0.419818501919508,0.898954475764185,0.775789157720283,0.888159704161808,0.475330309243873,0.564900969155133,0.584689310751855,0.366195316659287,0.0441630994901061,0
0.21381269255653,0.223248463124037,0.499789980240166,0.906623717397451,0.739153880858794,0.391282762167975,0.0381528795696795,0.496027242857963,0.0771729005500674,0.640608286019415,0
0.688066226197407,0.989773497916758,0.796993674710393,0.676434641471133,0.850302824052051,0.314852269599214,0.0999497033189982,0.990925811696798,0.166657310212031,0.0596797012258321,0
0.708799288608134,0.507319171912968,0.293280937476084,0.584222394740209,0.984967535128817,0.802596835419536,0.321497319964692,0.654408170143142,0.777363228611648,0.360158584779128,0
0.213766389759257,0.592640997376293,0.419773220084608,0.597531710751355,0.454640756594017,0.952921719755977,0.59253920125775,0.681644026888534,0.327661775052547,0.180973174516112,0
0.302777785807848,0.877877649385482,0.953717241762206,0.433300001779571,0.541817855788395,0.632625428726897,0.0881775254383683,0.34880160796456,0.0584209163207561,0.853150389855728,0
0.18356437725015,0.0654301771428436,0.753818356432021,0.779785865917802,0.921606414718553,0.857337178662419,0.527035143226385,0.259436901193112,0.588940375950187,0.257502471329644,0
0.246536072343588,0.579371103085577,0.298738151555881,0.67371357511729,0.845576081657782,0.59500001068227,0.46618638606742,0.51737845223397,0.67989097116515,0.796075019985437,0
0.475395560497418,0.0653775567188859,0.281926373485476,0.652924588415772,0.749800454592332,0.834998178062961,0.184198359958827,0.528663816628978,0.716792502673343,0.51575315836817,0
0.559901143889874,0.720791773172095,0.722953151911497,0.724739818833768,0.401392412837595,0.472039156127721,0.244989603757858,0.355700405314565,0.109307898208499,0.522940620779991,0
0.317744300933555,0.628651794046164,0.739555817795917,0.322371336864308,0.584302983479574,0.858602696564049,0.328409511595964,0.642872899305075,0.0615597791038454,0.0120812861714512,0
0.016126767732203,0.857642323244363,0.410714136669412,0.867191906319931,0.211101209977642,0.819466148735955,0.306945453863591,0.0393709875643253,0.94112405134365,0.444118509534746,0
0.337393573252484,0.495992499403656,0.361239093821496,0.384225536603481,0.597517854068428,0.350816034711897,0.0104434271343052,0.536635859170929,0.599628646858037,0.10888371989131,0
0.914831845322624,0.50687647704035,0.53617788455449,0.278067742241547,0.393539583077654,0.268442921806127,0.155416154535487,0.941934432601556,0.838705212809145,0.719574436778203,0
0.756350246490911,0.0769226155243814,0.0834301689174026,0.472184358630329,0.914748117793351,0.876055044587702,0.0359689884353429,0.545191269135103,0.260522270342335,0.176376898773015,0
0.378914691740647,0.364280925365165,0.327227218076587,0.656717852223665,0.370312615064904,0.806303395424038,0.903609928907827,0.48784960876219,0.436855440726504,0.555458903079852,0
0.473194856429473,0.760354038327932,0.884175271261483,0.67184787010774,0.544372283155099,0.596411428647116,0.150444715516642,0.298836685717106,0.90790816443041,0.770862191915512,0
0.481254476122558,0.177275189897045,0.22242592391558,0.670924873789772,0.537942949449643,0.872896205866709,0.717387828277424,0.201310365227982,0.471691180719063,0.260592134203762,0
0.366991524584591,0.0804583220742643,0.506090774899349,0.375102178193629,0.238044084981084,0.706278013298288,0.0621849230956286,0.453036720631644,0.849891737336293,0.0209715501405299,0
0.205587512813509,0.491736836265773,0.452271716669202,0.914511802606285,0.805447242921218,0.483328742673621,0.628424211405218,0.213352777296677,0.393312609521672,0.110708475811407,0
0.577050722436979,0.078369545051828,0.697448132559657,0.282045470317826,0.112702390179038,0.976217102957889,0.223794618854299,0.722686748020351,0.35954414634034,0.804790371796116,0
0.561949078692123,0.998425903730094,0.236288179876283,0.542834781343117,0.299940834986046,0.592138758394867,0.965592562453821,0.492634480819106,0.227097141323611,0.683989676414058,0
0.603952585253865,0.954929249826819,0.041491265874356,0.682036843616515,0.483077583136037,0.421423884108663,0.0693994832690805,0.058478971477598,0.945066761225462,0.139019593596458,0
0.32953813765198,0.88621305138804,0.217875829199329,0.315239804564044,0.353697014506906,0.489072665804997,0.893374333856627,0.29943510144949,0.133415987482294,0.849880869966,0
0.247880493523553,0.668117286637425,0.232442473759875,0.140180697897449,0.644367284607142,0.488284448627383,0.0984528572298586,0.849694516742602,0.523777282331139,0.715175611199811,0
0.0250438852235675,0.348705009091645,0.853299134876579,0.119705792283639,0.739755878923461,0.0849306774325669,0.240229909541085,0.484050610568374,0.305954232811928,0.0455262456089258,0
0.3604178391397,0.148004958871752,0.218474136898294,0.84333420637995,0.871318531921133,0.576448921579868,0.0148846632800996,0.93109925603494,0.529338382417336,0.317491037538275,0
0.405770570738241,0.750829347176477,0.231964592821896,0.872205950552598,0.583395359572023,0.604311652714387,0.583564510568976,0.70170807489194,0.475414434215054,0.693701166659594,0
0.935343716992065,0.496585552813485,0.375883400905877,0.417801472358406,0.608265970135108,0.538851223886013,0.541786540532485,0.505345566663891,0.280611963709816,0.215034768218175,0
0.240822884254158,0.0465205390937626,0.503130378434435,0.138553894823417,0.541562090395018,0.38345834123902,0.514162291539833,0.105891641229391,0.566271073184907,0.915760464966297,0
0.494663930963725,0.605969243915752,0.216612735763192,0.730324762873352,0.842685720417649,0.832462984602898,0.50571208819747,0.00390278548002243,0.805453817825764,0.792255992302671,0
0.700920851202682,0.0907924559433013,0.464210940524936,0.917329415911809,0.534619071753696,0.421923724934459,0.116517838323489,0.813696729252115,0.226123291766271,0.172302429331467,0
0.378016883740202,0.53166220523417,0.674922742880881,0.516209785593674,0.267544514965266,0.737845039926469,0.170588614651933,0.353530230466276,0.230382451089099,0.608472707215697,0
0.0133652053773403,0.999681696528569,0.678450050763786,0.529948760289699,0.280067166080698,0.542743897531182,0.887474667280912,0.349578515393659,0.889578757341951,0.199921886669472,0
0.0956910611130297,0.393614844884723,0.0667509662453085,0.562531931791455,0.0118774448055774,0.464170499239117,0.984886869089678,0.837166122626513,0.836920990608633,0.450920114992186,0
0.240220285952091,0.907988419989124,0.204013233073056,0.347202574834228,0.854205386480317,0.298072777455673,0.72414618358016,0.733272305224091,0.669663287000731,0.466019160114229,0
0.649240251397714,0.682302457047626,0.466447975719348,0.701195817440748,0.79251252557151,0.124631161801517,0.162420885171741,0.343587788520381,0.0994732233230025,0.335327256238088,0
0.398296025814489,0.852048059226945,0.854335739742965,0.493968219263479,0.209574159700423,0.374050200916827,0.30077487276867,0.0178515040315688,0.400405247462913,0.180173266911879,0
0.687392524210736,0.169702104991302,0.720836366526783,0.0337024356704205,0.244908389169723,0.681089294841513,0.45248153526336,0.123250806238502,0.0193041379097849,0.830743049504235,0
0.88059407309629,0.576863859314471,0.222236173693091,0.54638856370002,0.858552588149905,0.770248491549864,0.26156602636911,0.353084602858871,0.707165919011459,0.490960984490812,0
0.876733500976115,0.4208924616687,0.750683959573507,0.984856642084196,0.213957344181836,0.0647815822158009,0.212214418221265,0.833814223762602,0.0787542010657489,0.998371140565723,0
0.35721752140671,0.8769703397993,0.56822468037717,0.198689137585461,0.899982613977045,0.761549240211025,0.764684266876429,0.050817520590499,0.874493972631171,0.421539868693799,0
0.854916025884449,0.230303712887689,0.22709435550496,0.127892770571634,0.0854774017352611,0.801393739646301,0.660013529239222,0.256129341898486,0.567498695570976,0.670941093470901,0
0.301149546168745,0.0798565647564828,0.232739460188895,0.149745019851252,0.760784960351884,0.00122776185162365,0.21920073707588,0.173254397232085,0.986098837805912,0.30413405247964,0
0.558963345596567,0.145933110266924,0.906830729683861,0.722518040798604,0.964889549184591,0.221032776637003,0.0281518553383648,0.417011227691546,0.0848296282347292,0.446280108299106,0
0.22101328196004,0.426628006622195,0.4316766934935,0.905564962886274,0.262610619422048,0.973013347946107,0.332873903913423,0.736807445297018,0.0864856350235641,0.759106866084039,0
0.717272038804367,0.330507832579315,0.582135331118479,0.97769534541294,0.685700147878379,0.910144400550053,0.780251776333898,0.111978662898764,0.610150279710069,0.233004866633564,0
0.625937290489674,0.169828624231741,0.695456941844895,0.838875746354461,0.137743601109833,0.925182569306344,0.155287724221125,0.0671408446505666,0.00972086191177368,0.520329598803073,0
0.48300676420331,0.144231725018471,0.320662674494088,0.640188765712082,0.0189447242300957,0.806836636736989,0.379596836399287,0.841056985780597,0.561132094822824,0.864793389569968,0
0.958471613470465,0.498118263436481,0.277957982383668,0.296632883138955,0.317624475574121,0.794897098327056,0.586619077017531,0.110201765783131,0.401939493836835,0.143456023186445,0
0.791313943220302,0.657221995992586,0.0272575188428164,0.342236175201833,0.519719188567251,0.535423161461949,0.618005162803456,0.0506846692878753,0.947940222686157,0.48352929437533,0
0.65398646867834,0.519383191829547,0.846443015849218,0.829638706287369,0.0974713440518826,0.341628626687452,0.534089662833139,0.722085840301588,0.286128899315372,0.660707464674488,0
0.66374434530735,0.508727330481634,0.331072733504698,0.978884542360902,0.510066515766084,0.903589256340638,0.537162241060287,0.609177166130394,0.153272704454139,0.986662077717483,0
0.703856349457055,0.356351463124156,0.801376685500145,0.462516060564667,0.65475304517895,0.414945137454197,0.899961749790236,0.784738783258945,0.296040758024901,0.696194597519934,0
0.867873945040628,0.076667606132105,0.641403132351115,0.507207711692899,0.891223274869844,0.390554936369881,0.971707894466817,0.0845298322383314,0.447165868477896,0.270863420329988,0
0.0319421563763171,0.435150159755722,0.272006996208802,0.416854365030304,0.164333761902526,0.217070241458714,0.369289971422404,0.956774917664006,0.448684453265741,0.855962252477184,0
0.821430482203141,0.303826739545912,0.694618449779227,0.410239905118942,0.523265202529728,0.387296717381105,0.82477794168517,0.0754210040904582,0.642085854895413,0.722670471528545,0
0.690784761914983,0.542521636001766,0.570121551165357,0.574002054985613,0.670596959302202,0.662211062619463,0.299326931824908,0.324545144569129,0.513437202898785,0.270793560193852,0
0.248297816840932,0.330327251460403,0.527610457735136,0.865318145602942,0.946126715280116,0.187977535184473,0.828487019287422,0.633249039528891,0.0315607474185526,0.219859977951273,0
0.450363920070231,0.579568657325581,0.310824456857517,0.597595404367894,0.548143016872928,0.97744722594507,0.901698953006417,0.627670102519915,0.210813370067626,0.531674065627158,0
0.316141545539722,0.00133906491100788,0.315377878490835,0.330544894794002,0.896271574310958,0.435182902263477,0.680327077629045,0.236564862774685,0.683305310783908,0.270865450613201,0
0.481211098842323,0.354662225348875,0.68430561828427,0.521482835523784,0.593661183491349,0.307164306286722,0.254415283212438,0.379418403375894,0.569991327589378,0.695701254997402,0
0.273966865846887,0.46362283360213,0.149327819701284,0.804404082009569,0.890654698014259,0.29434539237991,0.068712177220732,0.681638368172571,0.498676757328212,0.853697957703844,0
0.277923123911023,0.323496241122484,0.453061820240691,0.807118479628116,0.130796009907499,0.0249067191034555,0.357114928541705,0.405174194136634,0.627248580567539,0.952598388306797,0
0.373599545331672,0.816489244112745,0.500949745532125,0.871879351790994,0.182490774895996,0.351241634460166,0.0462661115452647,0.673285056371242,0.448318477952853,0.0626619958784431,0
0.896018151193857,0.374869843013585,0.951771990163252,0.3116913754493,0.0433938468340784,0.263988894643262,0.813382567605004,0.8219547807239,0.433452601544559,0.351770261535421,0
0.78780909255147,0.352952077053487,0.0684757495764643,0.832084014778957,0.513575467979535,0.327610150212422,0.139396932208911,0.414811853319407,0.850969375111163,0.623886272311211,0
0.225873286835849,0.093502287985757,0.0966942145023495,0.167297507403418,0.957146638771519,0.670923246536404,0.627790133468807,0.980538096278906,0.0556457487400621,0.407242354238406,0
0.436782382428646,0.866419678088278,0.908656363608316,0.98898189724423,0.106379675213248,0.291269849753007,0.562760294415057,0.398292361525819,0.25690433033742,0.397391169099137,0
0.138518438208848,0.859748853370547,0.307645204244182,0.358557855943218,0.639221574179828,0.722815513145179,0.216209684731439,0.441442511975765,0.0625344696454704,0.040093463845551,0
0.450310196960345,0.684671368682757,0.387740958482027,0.342438153224066,0.810699400957674,0.013114562490955,0.728288980666548,0.890938959084451,0.755475817248225,0.697935871779919,0
0.150835783220828,0.13476699963212,0.722071591299027,0.264675183221698,0.485168565995991,0.336536992108449,0.284338510362431,0.968663120875135,0.706017948454246,0.342906620819122,0
0.404991508927196,0.687481129774824,0.122665393166244,0.941700305789709,0.600397232919931,0.232656202279031,0.0424559093080461,0.329799968749285,0.276794884586707,0.173311161575839,0
0.435863128397614,0.72136948001571,0.689458931563422,0.410469738068059,0.273948083166033,0.795803312910721,0.502985707949847,0.675983466673642,0.684830107958987,0.825133079662919,0
