"1","2","3","4","5","6","7","8","9","10","class"
0.726190654095262,0.384939140640199,0.570282606873661,0.968655955512077,0.996298372978345,0.146786775905639,0.873592838412151,0.0876038607675582,0.0226434555370361,0.645707603311166,0
0.567268304526806,0.803765259683132,0.312388712307438,0.0340026973281056,0.507127072429284,0.405873500043526,0.356475043110549,0.930317309685051,0.287919960683212,0.0176189299672842,0
0.884787047747523,0.389188546221703,0.480315104592592,0.439072638284415,0.892543906578794,0.00939158024266362,0.0168368553277105,0.607368167722598,0.887429173337296,0.379729566629976,0
0.488143472932279,0.660507789347321,0.113533679395914,0.950735996244475,0.833005342399701,0.73336478183046,0.106921624392271,0.291428815573454,0.426544190850109,0.947740499395877,0
0.172738855937496,0.9776675789617,0.178811280522496,0.871172689367086,0.344007260398939,0.550697974860668,0.574037953047082,0.755994434002787,0.628238494507968,0.679979888955131,0
0.684705435764045,0.583776478422806,0.111325342208147,0.206904913997278,0.578820616472512,0.829135157400742,0.0158528673928231,0.484705109149218,0.204218999482691,0.86794019350782,0
0.691700065042824,0.600347755942494,0.953586121555418,0.659108542604372,0.539625903358683,0.0550929184537381,0.0786449874285609,0.558912032051012,0.186392636504024,0.0907592384610325,0
0.126535103889182,0.223621678771451,0.500650620087981,0.0346948858350515,0.677043824223801,0.405893806135282,0.592318473383784,0.689779203850776,0.670303579652682,0.974492395529523,0
0.0348762567155063,0.339166347868741,0.507267619483173,0.0861432526726276,0.498949778266251,0.96639686007984,0.818592095980421,0.628080198075622,0.868080090498552,0.048378246370703,0
0.0566378717776388,0.808294100221246,0.397430966375396,0.846447647549212,0.517988261766732,0.118641552515328,0.989359460771084,0.532854132121429,0.0240149206947535,0.808897757669911,0
0.707825321562588,0.77817792375572,0.518535299692303,0.861364974174649,0.916946981102228,0.936297420877963,0.546782617690042,0.792942849686369,0.814972459105775,0.851759366458282,0
0.0910253990441561,0.0257755424827337,0.857803586637601,0.802687483141199,0.278814787976444,0.234234917908907,0.794320145389065,0.408469177084044,0.194734980119392,0.284596048062667,0
0.940376782091334,0.678849273826927,0.988598049385473,0.153389109079353,0.29420070676133,0.856279453029856,0.197642141953111,0.779079625383019,0.0585693663451821,0.416573313297704,0
0.839392921654508,0.815306591568515,0.0440260255709291,0.477183570852503,0.628735540900379,0.428779199253768,0.524508794769645,0.489296928048134,0.231533222133294,0.331026142928749,0
0.118243138073012,0.911429402651265,0.181771776871756,0.153548943856359,0.51608725823462,0.168563119368628,0.9770418680273,0.784649596083909,0.905470154481009,0.568788259522989,0
0.232155946549028,0.0853719988372177,0.582296712789685,0.508721535094082,0.539783513871953,0.283148870803416,0.19574525533244,0.0386927651707083,0.186437800060958,0.816877990029752,0
0.909780267393216,0.121640044031665,0.673357086023316,0.316378393210471,0.917920248582959,0.648343629203737,0.329321371391416,0.790199649287388,0.509838865604252,0.980930510209873,0
0.407843535300344,0.871706690639257,0.08120176801458,0.765801060013473,0.272391130914912,0.92055236059241,0.0579055109992623,0.321248114574701,0.345189652172849,0.346063723089173,0
0.687185933347791,0.890519769163802,0.00488938391208649,0.727018991950899,0.997229998698458,0.158797709038481,0.16493230802007,0.880572185851634,0.696700465166941,0.742323815822601,0
0.850385844707489,0.288385052932426,0.448623603209853,0.102932871785015,0.808005411643535,0.597273534629494,0.248571088304743,0.667610862990841,0.972325413720682,0.764408754417673,0
0.678293562028557,0.261224507819861,0.583280249731615,0.0638504105154425,0.715333863161504,0.420159808592871,0.060952149797231,0.146266876254231,0.954511302756146,0.873634543269873,0
0.162066930439323,0.680228763725609,0.0337395046371967,0.307008166797459,0.873633139533922,0.236918033566326,0.650099116377532,0.598123449133709,0.491252917097881,0.538174281828105,0
0.798673184588552,0.452825808897614,0.990767515264452,0.274839021032676,0.153381161624566,0.122757003642619,0.217947545461357,0.508854231564328,0.705103350104764,0.515870715724304,0
0.156317255459726,0.797421840718016,0.276571670081466,0.132346108090132,0.66317602340132,0.704384593758732,0.246234367368743,0.313807759899646,0.0141666368581355,0.64998605241999,0
0.982131364522502,0.163254941115156,0.760766683146358,0.620438779238611,0.957164002582431,0.0799402541015297,0.217159312218428,0.47254112875089,0.420923647237942,0.461758617544547,0
0.013799965614453,0.868988391477615,0.629015268525109,0.605996327707544,0.427807701518759,0.394702317193151,0.652736683376133,0.920863386476412,0.248228625627235,0.526585823856294,0
0.338332449784502,0.988012041896582,0.838497325778008,0.080806742887944,0.788901430787519,0.6873715268448,0.613098741043359,0.864465984981507,0.426680212840438,0.022470222087577,0
0.0895581683143973,0.526745862094685,0.865005049621686,0.910085458075628,0.907231075689197,0.564028066815808,0.550592365674675,0.0130327898077667,0.9245404091198,0.867642380297184,0
0.123900228412822,0.328857706859708,0.208822990301996,0.0802258632611483,0.965892829932272,0.632112088380381,0.82902635843493,0.799301330931485,0.673715218668804,0.356941585429013,0
0.131748366635293,0.63504936825484,0.665997883770615,0.404802700970322,0.201338973594829,0.304656057152897,0.595789933344349,0.585658667376265,0.782855214551091,0.460928459186107,0
0.10077554685995,0.658478362718597,0.967907189857215,0.550020909169689,0.45398745755665,0.445018095895648,0.379108794732019,0.291284056613222,0.896036276826635,0.743741366546601,0
0.42630852246657,0.752550862031057,0.0694912739563733,0.574244143906981,0.201630143914372,0.0191698134876788,0.825111835962161,0.153851920040324,0.0464716837741435,0.722894039936364,0
0.139264262281358,0.991877619177103,0.511766255367547,0.623308889102191,0.283523571910337,0.975972344400361,0.751304079778492,0.766311105806381,0.371204106137156,0.140790858305991,0
0.1999671314843,0.862623597728088,0.465709975454956,0.662091489648446,0.798044732538983,0.306031767977402,0.756692365044728,0.565742982784286,0.504337136866525,0.0517888136673719,0
0.176056266063824,0.144459821516648,0.921823401935399,0.431920951465145,0.830526666017249,0.193855082383379,0.602037066128105,0.956452998332679,0.0713153162505478,0.511259300867096,0
0.657229681266472,0.0876016444526613,0.353624591371045,0.409229180542752,0.182072894182056,0.443292643176392,0.812256094766781,0.533443928696215,0.090330290608108,0.527385879307985,0
0.0537085835821927,0.0223806702997535,0.0375300943851471,0.0256221055364236,0.174930060049519,0.901397700654343,0.827060254756361,0.253560870653018,0.479314099764451,0.943937352625653,0
0.447888441151008,0.664033471141011,0.534759228350595,0.229985810583457,0.964909254107624,0.959018418798223,0.0598181502427906,0.0644312468357384,0.820780355250463,0.105159963015467,0
0.820150969782844,0.429440063191578,0.131824887590483,0.82900648470968,0.755159678403288,0.576090354239568,0.825108908815309,0.480285574449226,0.863898965762928,0.351634534308687,0
0.680414713220671,0.745754337171093,0.131408489542082,5.52879646420479e-05,0.185499571030959,0.541865802137181,0.426727926358581,0.393430391093716,0.375102384481579,0.923063097987324,0
0.0893882904201746,0.590967987198383,0.313318260712549,0.620333178900182,0.790473736109212,0.933514669071883,0.801285146735609,0.597830298822373,0.0332879463676363,0.777014839462936,0
0.895407675765455,0.649402394425124,0.778964251978323,0.254381626844406,0.198341672075912,0.678061281563714,0.90835287515074,0.332855428103358,0.227694126078859,0.997869391925633,0
0.938958504702896,0.0763601758517325,0.991153021575883,0.238896098453552,0.572943623410538,0.447944283951074,0.750883588800207,0.915550629142672,0.217626897618175,0.0261159262154251,0
0.049613222014159,0.9421754963696,0.793414214858785,0.0771060085389763,0.622576749417931,0.401732458733022,0.392441833857447,0.395204640226439,0.624604898272082,0.437189826043323,0
0.298923257272691,0.0144482403993607,0.12017179094255,0.696216824930161,0.43705523526296,0.68265380221419,0.931511120637879,0.677588160848245,0.799977511400357,0.0324731844011694,0
0.445000027539209,0.778077516704798,0.628967162920162,0.958159150322899,0.976029271725565,0.201487396843731,0.0985233883839101,0.879504053853452,0.497620196547359,0.460739439819008,0
0.65205169795081,0.658472089329734,0.685939671471715,0.811893925745413,0.693154332926497,0.029411306604743,0.878028254723176,0.797807441093028,0.423008092446253,0.849559603724629,0
0.0450074193067849,0.808748912066221,0.892388637410477,0.474778821226209,0.973544553620741,0.896252385573462,0.0728372037410736,0.410599555354565,0.51807345286943,0.57177243148908,0
0.810961101436988,0.311018775915727,0.946273318724707,0.311071997741237,0.820614088093862,0.99757236847654,0.607458048732951,0.506217916030437,0.816437405068427,0.26176920090802,0
0.127638576086611,0.0373335443437099,0.332651286153123,0.541569858323783,0.258373556425795,0.662977444473654,0.892769450088963,0.363264124374837,0.0973174427635968,0.485082398867235,0
0.0934050970245153,0.386844604276121,0.978168619563803,0.211204317398369,0.610517494147643,0.263129249215126,0.627981920726597,0.286334683885798,0.346627093385905,0.937860030913725,0
0.402529442217201,0.15803403663449,0.474514095345512,0.96809773822315,0.486444760812446,0.625696325441822,0.39663446135819,0.332423063693568,0.361930917715654,0.0581360412761569,0
0.80520250252448,0.72259807609953,0.131111105903983,0.00495341303758323,0.32397118001245,0.378524532308802,0.0217115839477628,0.586617131717503,0.200735210441053,0.57649013097398,0
0.1283121292945,0.501057874644175,0.973278735298663,0.393490997841582,0.0798884276300669,0.913125688908622,0.43992624245584,0.527465885039419,0.764435881515965,0.338599137496203,0
0.241209150291979,0.480181542458013,0.97134156874381,0.73375403159298,0.822429781546816,0.549625127809122,0.896365886786953,0.216402617050335,0.496581839164719,0.714837240055203,0
0.852134555811062,0.839322173036635,0.202771248761564,0.0928813016507775,0.333363872254267,0.712899497710168,0.667867279378697,0.144007094437256,0.757383428979665,0.631145087769255,0
0.982422509696335,0.213804982602596,0.0305118991527706,0.744833558565006,0.749193934956565,0.410692439414561,0.349896535277367,0.916826711967587,0.770774158183485,0.756937337107956,0
0.935962449759245,0.899215235374868,0.927670428762212,0.633652690565214,0.420213371515274,0.46922490815632,0.841245436575264,0.43587354500778,0.215765673434362,0.58166303159669,0
0.662532701622695,0.550892541650683,0.809891656041145,0.0798783102072775,0.349496612558141,0.0142620706465095,0.0257062201853842,0.535452571231872,0.115381190087646,0.518068961100653,0
0.354930934030563,0.746771336998791,0.828637498663738,0.800435213139281,0.0804014962632209,0.148693270981312,0.905742142116651,0.850339998491108,0.0317737872246653,0.208784927381203,0
0.543652466731146,0.287970990408212,0.048176450887695,0.764779725810513,0.288068160181865,0.373169173719361,0.78605306125246,0.685578476637602,0.0427446961402893,0.106993673369288,0
0.145203129854053,0.865780161774997,0.830053005600348,0.997151493560523,0.24064345494844,0.806082025403157,0.327790255658329,0.968456319766119,0.475960915908217,0.466357541270554,0
0.124159591505304,0.591646110638976,0.984462330583483,0.501976739848033,0.958359472627938,0.437817282509059,0.800855284556746,0.0900811639148742,0.980022281873971,0.169869729317725,0
0.576102426974103,0.0598438864108175,0.642898726277053,0.821824345272034,0.342875400558114,0.893434330355376,0.254368082853034,0.361587117193267,0.120253392960876,0.218093456001952,0
0.0181864178739488,0.951158393407241,0.723719236784801,0.384600319201127,0.042822104645893,0.847582530695945,0.650342871900648,0.443122864235193,0.799315215088427,0.770397246116772,0
0.373474946711212,0.328780305106193,0.074006209615618,0.504588341340423,0.459615787258372,0.588607649784535,0.991056398255751,0.632507204078138,0.17140897270292,0.0681856088340282,0
0.202719701454043,0.995479004690424,0.968706640414894,0.493406309280545,0.201594756916165,0.107246516039595,0.0628341748379171,0.362673635361716,0.158129269257188,0.978009388083592,0
0.297833666438237,0.394647728186101,0.713385823648423,0.125260593835264,0.799779114313424,0.486663971329108,0.816704796161503,0.367152922321111,0.446520637720823,0.80457565956749,0
0.121102993143722,0.0601614182814956,0.738659453345463,0.439770301803946,0.879023761721328,0.783564920770004,0.617803262779489,0.746463503921404,0.996666773455217,0.399236787343398,0
0.51433299225755,0.373903842642903,0.941117736510932,0.137392875971273,0.256824417272583,0.363673396641389,0.622026256518438,0.684079989790916,0.440244157100096,0.292279727989808,0
0.223944045137614,0.483239565277472,0.782356333080679,0.397915350040421,0.541813492076471,0.917243545874953,0.0412836766336113,0.300982823828235,0.0834464356303215,0.166837304132059,0
0.340628782752901,0.268017024500296,0.365474183112383,0.0263600910548121,0.386482695816085,0.00614982238039374,0.203337317332625,0.281011595856398,0.181126255309209,0.982119792839512,0
0.193378530442715,0.513107020640746,0.444090997101739,0.824791414896026,0.972202074015513,0.0187813891097903,0.142343494575471,0.536192472558469,0.961850378662348,0.41913967160508,0
0.817796268034726,0.498434034409001,0.661388268694282,0.772567286156118,0.96237130706301,0.955595798790455,0.520744337467477,0.227469482459128,0.554294216446579,0.908727535279468,0
0.839542784029618,0.870645946124569,0.335696734953672,0.162494849879295,0.0585860291030258,0.499694678932428,0.857785015134141,0.586157258367166,0.291100339731202,0.988978176843375,0
0.230418661143631,0.854265767149627,0.676161455556285,0.808100762078539,0.373780076391995,0.627941704820842,0.215825888095424,0.933675070526078,0.637618019012734,0.000920247519388795,0
0.975267246831208,0.538741488009691,4.09670174121857e-05,0.622169050853699,0.956126255914569,0.766628169221804,0.997145188041031,0.0136524611152709,0.62072170781903,0.497620048001409,0
0.860299680382013,0.631577989785001,0.0482209527399391,0.836262171389535,0.699923045700416,0.733333138283342,0.417780487332493,0.447050166781992,0.300199089106172,0.25468379817903,0
0.56985843507573,0.665986790321767,0.0870181042701006,0.446753364056349,0.0313548929989338,0.480584250064567,0.501862671691924,0.510791551554576,0.917585572227836,0.858988269465044,0
0.134252613177523,0.513347016414627,0.48554750578478,0.929211124544963,0.327561515849084,0.716686486499384,0.584936529630795,0.721243430161849,0.318675146903843,0.120891785249114,0
0.0414255505893379,0.0489514083601534,0.710750251309946,0.619855700060725,0.960648760665208,0.418039966840297,0.115312092471868,0.879387862980366,0.141427715774626,0.258165904786438,0
0.75820043310523,0.814108686521649,0.894018774153665,0.122627403354272,0.905698905992694,0.409576191101223,0.440733259078115,0.954738478176296,0.423546820646152,0.589084234088659,0
0.0176323887426406,0.210449037142098,0.0490387661848217,0.957249862374738,0.10395517735742,0.497081694426015,0.719637385802343,0.537292407127097,0.00100188236683607,0.330637637292966,0
0.545310823014006,0.658247948158532,0.795883972430602,0.0645670364610851,0.899816371500492,0.76732045551762,0.591271315468475,0.324188801459968,0.792257328750566,0.0308076716028154,0
0.0670063777361065,0.325237022389099,0.625396444927901,0.602782764937729,0.659912346629426,0.615519918734208,0.626555390655994,0.0728143083397299,0.106585606699809,0.689214648213238,0
0.178940622834489,0.670986002776772,0.838770298314746,0.69923324836418,0.0216953628696501,0.94297040393576,0.996162891387939,0.41452353564091,0.565608935430646,0.338090190198272,0
0.232436600374058,0.040152209578082,0.391182476188987,0.680503337876871,0.121630097273737,0.676555506885052,0.712816974613816,0.846073968103155,0.102386128157377,0.517608972266316,0
0.400575326289982,0.194775977870449,0.329171442426741,0.282316635129973,0.892918315948918,0.525634522316977,0.378398521570489,0.159176639281213,0.468344572233036,0.776132837869227,0
0.954630103427917,0.563535302877426,0.537228243192658,0.439083470031619,0.684980756813102,0.966311817057431,0.0610202988609672,0.657757724169642,0.802032939391211,0.497100221458822,0
0.125967554269265,0.276163669768721,0.363485225476325,0.165716384071857,0.281969147501513,0.392563833622262,0.604891441995278,0.655569728231058,0.466920549515635,0.377047533867881,0
0.0744652282446623,0.701841635396704,0.83961606095545,0.981245074188337,0.0855397623963654,0.413568519055843,0.00700229732319713,0.963250944390893,0.278757136547938,0.827345053432509,0
0.680353660369292,0.4336426272057,0.120429711882025,0.593514319974929,0.456018022028729,0.205759503180161,0.157277287449688,0.101447446038947,0.207687434274703,0.589482067152858,0
0.230938103282824,0.147048796294257,0.850913172122091,0.898100955644622,0.0428936812095344,0.250935296993703,0.788029867457226,0.773845379706472,0.0578521059360355,0.552785853389651,0
0.956664100289345,0.271126070525497,0.0779704514425248,0.435825861059129,0.767378510441631,0.285162684740499,0.00605030218139291,0.213930186117068,0.762135529890656,0.579863011371344,0
0.483023188309744,0.559910404495895,0.183332424145192,0.214304209919646,0.0770484739914536,0.703463868005201,0.429009908111766,0.0783187698107213,0.305425256723538,0.500521417008713,0
0.208163476316258,0.957524317316711,0.338697176193818,0.237383469939232,0.948799594538286,0.228704659733921,0.209887880831957,0.975436083041131,0.656736676814035,0.228216154733673,0
0.108631448587403,0.937039898242801,0.34455947438255,0.859463596483693,0.450487905647606,0.785214301897213,0.365780380321667,0.43279292434454,0.106185945216566,0.020864435005933,0
0.132990220794454,0.23009667173028,0.358607575763017,0.571902995696291,0.64755376172252,0.263189299032092,0.752151752123609,0.111583640100434,0.162722780369222,0.984701415523887,0
0.401387389749289,0.0610747658647597,0.51662882999517,0.11948169907555,0.872630076250061,0.201218844158575,0.0741009148769081,0.521893080556765,0.736390010453761,0.977192093851045,0
0.779641711385921,0.595464259386063,0.91350829298608,0.630198643775657,0.3364998314064,0.824514135718346,0.172830715076998,0.636981453280896,0.683725202921778,0.329396523535252,0
