"1","2","3","4","5","6","7","8","9","10","class"
0.0440446741413325,0.828366500558332,0.15806450531818,0.374762679683045,0.534253185614944,0.75336802448146,0.833057538140565,0.876405416755006,0.633159978780895,0.204051615204662,0
0.566337004769593,0.770677854772657,0.443520897068083,0.109763504937291,0.973931295564398,0.128793951356784,0.887719862628728,0.951768565690145,0.192339790752158,0.549420384224504,0
0.172775308135897,0.594108521938324,0.844429704826325,0.373928584391251,0.867926339386031,0.573442193679512,0.403781800763682,0.67854521702975,0.472408444620669,0.608111334964633,0
0.514778454322368,0.400369218550622,0.180885818321258,0.47351131727919,0.972842630697414,0.754134864546359,0.828234923537821,0.630699890898541,0.289427576353773,0.390128764789551,0
0.751710516400635,0.180129530606791,0.409624330233783,0.975241906940937,0.583730808692053,0.308682914357632,0.556018080795184,0.811623491579667,0.278573354240507,0.41454627038911,0
0.232972177194897,0.911604678071716,0.979272410040721,0.109569148859009,0.583056718343869,0.148746010381728,0.626355028711259,0.531543127726763,0.389521244680509,0.260051204357296,0
0.527570610613376,0.660122221761567,0.545359453186393,0.619194034254178,0.161875737830997,0.591651182156056,0.704587057465687,0.0709903545212001,0.570815309882164,0.955290970392525,0
0.0161193297244608,0.964458551956341,0.0661078260745853,0.116934288293123,0.356162184849381,0.545564953936264,0.977325533749536,0.340208432404324,0.763395298039541,0.117581975180656,0
0.903105048695579,0.42267181025818,0.473341988399625,0.65655497671105,0.46528452844359,0.286303069908172,0.765789350261912,0.619775580940768,0.693412905326113,0.645453443750739,0
0.644776302389801,0.283311162842438,0.34492600010708,0.480251780478284,0.783359724096954,0.613045195583254,0.81537615484558,0.825544906547293,0.439949145773426,0.610534921754152,0
0.133972987998277,0.825210218317807,0.742812236305326,0.76890858146362,0.253133372869343,0.791216222336516,0.861604574834928,0.443964337930083,0.281379863386974,0.757369164377451,0
0.985040629515424,0.336937842424959,0.859455975703895,0.897261671256274,0.486743376590312,0.092814824078232,0.736234679818153,0.722844218136743,0.675824266159907,0.278889951528981,0
0.292282830458134,0.770102975424379,0.15597641072236,0.787354647647589,0.946014262503013,0.715035608038306,0.324040826642886,0.926830555545166,0.676948949228972,0.988827200373635,0
0.612564655486494,0.130719193490222,0.420279420679435,0.0175442113541067,0.893954099854454,0.433970595011488,0.105457787169144,0.985536193940789,0.720558451488614,0.607619879767299,0
0.65111143435277,0.100638201426394,0.289746332447976,0.487113286042586,0.378185523441061,0.465345285367221,0.608144043711945,0.416108341654763,0.296830783830956,0.203904886031523,0
0.74588672114443,0.218799004110125,0.821138149127364,0.3488196330145,0.558989671990275,0.829058795934543,0.00149257737211883,0.216363686369732,0.969787131529301,0.375949138309807,0
0.824666591347754,0.404996185045097,0.89756180299446,0.953045848757029,0.213570826454088,0.0507100499235094,0.868981611682102,0.882183387409896,0.87753417249769,0.93322205170989,0
0.275961492812727,0.857421754083716,0.458150131162256,0.38077922933735,0.00785335432738066,0.617575452430174,0.367777236737311,0.748061665100977,0.312591835856438,0.606406800914556,0
0.976509247906506,0.238605297636241,0.258053869474679,0.317119818879291,0.185188602888957,0.298407956492156,0.471113717881963,0.096507758833468,0.300927363336086,0.695074753370136,0
0.279625484082289,0.873628238834874,0.981060798745602,0.979856486665085,0.331067392369732,0.688646800350398,0.0397791154682636,0.727646843995899,0.31241281144321,0.00541856000199914,0
0.812794258100912,0.275520803051995,0.423064756207168,0.966471986146644,0.308193162083626,0.498699964024127,0.222296549240127,0.355339204892516,0.750336963450536,0.750587376765907,0
0.453692212468013,0.526109383674338,0.893435645382851,0.500501639209688,0.725990256527439,0.28974746633321,0.0495001731906086,0.0266372913029045,0.170148223405704,0.359730135183781,0
0.807031617573276,0.0549149023040326,0.211074687773362,0.16716983076185,0.760621467139572,0.778047848492861,0.924927325919271,0.0444996824953705,0.453685224987566,0.250420457916334,0
0.408011757768691,0.399219007464126,0.451551502104849,0.879416856914759,0.93244766141288,0.440761673497036,0.344165413174778,0.588717396371067,0.270713371690363,0.650081327185035,0
0.666674014626257,0.0167885386922635,0.189517345745116,0.651773029007018,0.39706268417649,0.489107656059787,0.510191278299317,0.847750169457868,0.799043236766011,0.914503910811618,0
0.0364958730060607,0.797687690705061,0.821000349475071,0.0919223644305021,0.855378471082076,0.745499656070024,0.806173825636506,0.178666403051466,0.167684271698818,0.566768904915079,0
0.584191982401535,0.160288619808853,0.813014598330483,0.384431816171855,0.906971206888556,0.701489781728014,0.665156709263101,0.0938101508654654,0.806055646855384,0.121115979738533,0
0.173223308753222,0.599939458072186,0.896822583395988,0.818927616113797,0.349365337751806,0.222320414613932,0.456353500951082,0.818368362262845,0.401521890191361,0.902705009328201,0
0.731271124910563,0.314213342266157,0.0405828768853098,0.768895422341302,0.648554248502478,0.54981770250015,0.995288857026026,0.507138343760744,0.720472607761621,0.535092384088784,0
0.874826059107669,0.366572253437406,0.404745128005743,0.142210226505995,0.310533687006682,0.799650841625407,0.63303635478951,0.530618906952441,0.113702957518399,0.62473178980872,0
0.441044176928699,0.62386383023113,0.674186506308615,0.766918570268899,0.267706667538732,0.559657236095518,0.441838215570897,0.805788645753637,0.901216968661174,0.222402804763988,0
0.440446092979982,0.726637715706602,0.958575898548588,0.270062053576112,0.41103566926904,0.163281613960862,0.626943580806255,0.461701413849369,0.943516491912305,0.170162030728534,0
0.989928528899327,0.374611873179674,0.379176857881248,0.707432752242312,0.389823866076767,0.27268361276947,0.735503151547164,0.0812977589666843,0.622832141118124,0.716666621854529,0
0.959725353053398,0.231976419336458,0.980412848060951,0.878363247029483,0.857916187262163,0.475468622287735,0.749615456210449,0.579425635747612,0.170838898513466,0.00905882427468896,0
0.752995577640831,0.0438688911963254,0.00154503365047276,0.787935009459034,0.997525733197108,0.253502363106236,0.643558305455372,0.550453690579161,0.302603365620598,0.884560799226165,0
0.774423144757748,0.0918379309587181,0.185180107597262,0.537322427378967,0.334071401041001,0.491247945465147,0.320244914386421,0.85072015109472,0.457750941626728,0.317301936680451,0
0.924788073403761,0.266209306195378,0.738118840614334,0.824647032655776,0.262523434590548,0.000476713525131345,0.407018182100728,0.0502219416666776,0.419524888042361,0.90594784845598,0
0.189826739486307,0.744083910016343,0.0492203256580979,0.231194044928998,0.796042828354985,0.0907177566550672,0.288644772022963,0.947851615492254,0.0725561233703047,0.122600090922788,0
0.793763852212578,0.382478313986212,0.463151828851551,0.216253450373188,0.867664556950331,0.771488970145583,0.375186790945008,0.401884474791586,0.313653896562755,0.822081342106685,0
0.857676772003807,0.157353066632505,0.735096008051187,0.99274400388822,0.488817634759471,0.636631732108071,0.613372729858384,0.13334973808378,0.0945995664224029,0.35466371383518,0
0.521277235588059,0.481536296196282,0.3879863624461,0.700353883206844,0.28640388394706,0.977942327968776,0.519749627681449,0.796942017506808,0.16192216030322,0.468866627197713,0
0.151195047656074,0.739641142776236,0.9809323286172,0.58531075832434,0.635833054082468,0.54162349854596,0.30771465995349,0.925550470128655,0.106649183901027,0.495355814462528,0
0.347686653258279,0.855570024112239,0.0972664172295481,0.628042770782486,0.0670420483220369,0.704640908399597,0.0666451570577919,0.652916768332943,0.703614727826789,0.697059758007526,0
0.207533393055201,0.147251107497141,0.614216901129112,0.498751058941707,0.0124650073703378,0.347603123169392,0.836596349254251,0.821408541640267,0.554334000684321,0.755724776070565,1
0.895345908822492,0.269650159869343,0.837245459202677,0.344537997385487,0.212005794513971,0.657907688990235,0.0549477529712021,0.431531723821536,0.832165990723297,0.333270328352228,0
0.686863752547652,0.197254627477378,0.593302296474576,0.493781973607838,0.508092230185866,0.829145955853164,0.0877326219342649,0.909194852458313,0.850401519564912,0.104613688541576,0
0.881336276885122,0.396497312467545,0.16145222610794,0.436677733669057,0.71224844106473,0.187252320814878,0.0400447777938098,0.451103929197416,0.303538611857221,0.0277251761872321,0
0.057938588084653,0.506894685095176,0.0747587506193668,0.342717643361539,0.689751987811178,0.549327953718603,0.760460432386026,0.938505829311907,0.65715285600163,0.0937851318158209,0
0.461178464066982,0.216905866651036,0.0148848975077271,0.493987465044484,0.0739264895673841,0.212762262672186,0.507395276799798,0.621049338718876,0.960975493071601,0.385024378541857,0
0.0189701593481004,0.826495215762407,0.237738505238667,0.523532779188827,0.0968719620723277,0.333912465488538,0.023010041564703,0.686462543206289,0.711996088037267,0.832232078770176,0
0.700056730071083,0.294627462513745,0.742970583494753,0.143618396949023,0.436997312586755,0.621165410149843,0.378071409417316,0.336489821085706,0.595149659318849,0.302090275101364,0
0.763830298092216,0.0395944544579834,0.827231766656041,0.34209990943782,0.776342245051637,0.670166524359956,0.389865037286654,0.452251298585907,0.203867767937481,0.327405310934409,0
0.464997105766088,0.403408963000402,0.177538914838806,0.608201988739893,0.500437961891294,0.224427517736331,0.179942455608398,0.38642438268289,0.338093867059797,0.50163778453134,0
0.0871830525033176,0.857870604684454,0.954700999194756,0.150785116478801,0.167977412231266,0.324939609505236,0.700752384960651,0.384206520393491,0.619224703405052,0.655160373076797,0
0.989040565538779,0.548453724848994,0.789862431818619,0.687830652808771,0.841083795297891,0.609241915168241,0.188223391305655,0.28541299700737,0.870290142251179,0.684411555994302,0
0.500163128133863,0.494086448801681,0.414502378087491,0.596343297511339,0.01482107443735,0.312818486709148,0.386723872972652,0.98888587183319,0.411575782112777,0.972063591936603,0
0.360258461324126,0.830888116171197,0.661859598942101,0.538413619389758,0.238763003610075,0.833879834506661,0.555915222503245,0.824927830602974,0.654920504661277,0.966730048879981,0
0.718935362061113,0.140594884974876,0.0343484624754637,0.599195531802252,0.851845524972305,0.413145300699398,0.713907080702484,0.193384994519874,0.3147914391011,0.903659467585385,0
0.671460798851773,0.0773083435971906,0.359882157761604,0.779659241670743,0.169285234063864,0.955219394294545,0.17746117641218,0.334143102634698,0.643891071435064,0.343429615255445,0
0.951930395560339,0.194326545111835,0.996055899187922,0.98919808678329,0.997211549431086,0.348218298284337,0.986858178861439,0.406484950566664,0.378140263957903,0.0442547667771578,0
0.164525350788608,0.734984250739217,0.975692815845832,0.325221979059279,0.755255141761154,0.269813167862594,0.983060651924461,0.00464200158603489,0.650565385818481,0.911783600691706,0
0.182165781501681,0.788476467132568,0.228715291479602,0.334500007564202,0.476885430980474,0.899355651345104,0.487889557378367,0.251810814021155,0.263486162526533,0.526038688374683,0
0.194255785643309,0.727865782862125,0.557288682786748,0.964506573509425,0.780718663474545,0.847582713468,0.997171266004443,0.349074215861037,0.147205824498087,0.811093587893993,0
0.178127439497691,0.85285900077476,0.175512194167823,0.427252672147006,0.780752057675272,0.41054738429375,0.405553098302335,0.151547126704827,0.727448181482032,0.164385493146256,0
0.664504709653556,0.148189996602014,0.326920774299651,0.914836806477979,0.489796201931313,0.882367919199169,0.638248046394438,0.319699628977105,0.307105919811875,0.636573225725442,0
0.084213989296928,0.964242542503235,0.10060925479047,0.798542078817263,0.10433649062179,0.96821312350221,0.117903659585863,0.993344500893727,0.876797867706046,0.579663285985589,0
0.210231094110385,0.896775917257466,0.252744721481577,0.586069314507768,0.107786263804883,0.751643263967708,0.0911256182007492,0.856212382670492,0.780836662976071,0.417574118822813,0
0.345899194711819,0.905215122969821,0.563429176108912,0.79488353501074,0.501118741929531,0.799476179294288,0.532525301212445,0.713473304640502,0.114140011137351,0.707556959008798,0
0.0630984231336043,0.927620981524351,0.382185152266175,0.31951793236658,0.582418434787542,0.569817734416574,0.145437848521397,0.063716601813212,0.11092031840235,0.951177352806553,0
0.78387224469129,0.0902161758389249,0.716066613327712,0.130401676986367,0.333725537406281,0.654070694930851,0.132327685132623,0.937215743586421,0.513605800224468,0.449074065312743,0
0.855376543125138,0.436497038636404,0.338797364849597,0.619459966430441,0.576322139706463,0.996661007637158,0.246135618072003,0.026333357905969,0.707383122295141,0.722754309652373,0
0.506524197291583,0.501594603061676,0.707091273739934,0.103891734732315,0.627137827686965,0.0389620254281908,0.379496256588027,0.884226174326614,0.450581120792776,0.674396809190512,0
0.793600572283752,0.155562334844996,0.0915424455888569,0.386813918594271,0.715044242562726,0.163589123170823,0.25692564365454,0.861793856136501,0.972955174045637,0.465282672550529,0
0.938081163524836,0.382908810813956,0.753146694740281,0.616306129377335,0.480434155324474,0.239857238018885,0.528460755711421,0.671656331047416,0.674078305950388,0.298153137555346,0
0.373966563260183,0.640200043097138,0.733904144493863,0.022788948379457,0.569129291223362,0.814080298412591,0.630031589185819,0.681504416046664,0.121642887359485,0.21359092486091,0
0.939404040575027,0.431349643971771,0.239804614568129,0.627159948460758,0.733748312806711,0.895262527279556,0.14030573843047,0.019566195551306,0.373106281505898,0.572731094202027,0
0.483373708557338,0.802037643501535,0.612024393398315,0.31026114220731,0.577475157100707,0.0028617752250284,0.424646466039121,0.692340113222599,0.687392723979428,0.229779169661924,0
0.877114254506025,0.158578566276937,0.702550290850922,0.224753580288962,0.00447997939772904,0.122399460989982,0.0435956190340221,0.367188571020961,0.387335795676336,0.361369900172576,0
0.608318093885854,0.115631688114672,0.145273385336623,0.139470245921984,0.352417175658047,0.37183261429891,0.884792748140171,0.514524430036545,0.817648064345121,0.748797629727051,0
0.926356576383114,0.182321762433276,0.64404082717374,0.279765498591587,0.228808889864013,0.581649599829689,0.465465959627181,0.154207731597126,0.774962295545265,0.685815105447546,0
0.437648178311065,0.711689866380766,0.376679616980255,0.40249391971156,0.956250371644273,0.607445277506486,0.103214715374634,0.695991742890328,0.925734002143145,0.558036164613441,0
0.946664609014988,0.0952879250980914,0.414708380121738,0.463957266882062,0.893940090201795,0.317634851904586,0.191228478215635,0.758374605095014,0.979175748536363,0.983488716185093,0
0.31452744794786,0.884678138124858,0.0764162733685225,0.47682275203988,0.670665200101212,0.151000819634646,0.667098123813048,0.460419681621715,0.0565996665973216,0.337266122689471,0
0.976888316683471,0.453915960388258,0.812711254227906,0.701613819459453,0.37387183541432,0.726046748459339,0.835955215385184,0.528240870684385,0.784895302960649,0.376325364457443,0
0.356538537889719,0.851420217659324,0.774157958338037,0.999118570704013,0.691903308266774,0.242335848975927,0.423788700951263,0.605073679704219,0.225155334919691,0.312440959969535,0
0.517281293170527,0.731118647614494,0.449177741771564,0.301015078788623,0.902013763319701,0.0944753319490701,0.602517397608608,0.677576677175239,0.697375147836283,0.114954043878242,0
0.782351171071455,0.289835901408897,0.930435234447941,0.166231913492084,0.526632028631866,0.730263428762555,0.774263000115752,0.781840973300859,0.319820369360968,0.945933866547421,0
0.0232676626881585,0.550067368114551,0.0153807669412345,0.501795274903998,0.489146402105689,0.126265858998522,0.160643223673105,0.940281593007967,0.563325743423775,0.549253167118877,0
0.570705714635551,0.690397722879425,0.626380763715133,0.22268617269583,0.883054370991886,0.601397441932932,0.85865496401675,0.280398410977796,0.625596655998379,0.577213576762006,0
0.170333939622901,0.774746423632587,0.752711552428082,0.708801445318386,0.624003606149927,0.675155590754002,0.928291658405215,0.899083015974611,0.193003184394911,0.763299415819347,0
0.178966784616932,0.939541377825662,0.971289199544117,0.716374962823465,0.663518236717209,0.538045512745157,0.713562903227285,0.770152039593086,0.841438519535586,0.0458154960069805,0
0.2846464562824,0.936585618675731,0.881130463676527,0.311399348080158,0.590002425713465,0.124955848790705,0.19993049534969,0.3638719629962,0.597209003055468,0.172893518581986,0
0.602856346958876,0.318533317106091,0.322642632760108,0.764814971713349,0.935319740092382,0.452917491551489,0.651553533505648,0.325817594537511,0.275139233563095,0.8699863308575,0
0.15861508413218,0.99267502152361,0.595640269108117,0.149839299498126,0.453913146397099,0.997755459742621,0.0298101343214512,0.377778250724077,0.407104195794091,0.863506693858653,0
0.933184880530462,0.13715509371832,0.853531232336536,0.888288364978507,0.00169234466738999,0.153134694555774,0.551552020711824,0.722668582107872,0.121618475066498,0.563813010696322,0
0.577952131163329,0.427966474089772,0.915076866745949,0.764005925739184,0.611929457867518,0.915245940210298,0.0421882572118193,0.467227259883657,0.384553370764479,0.406219318741933,0
0.201642660191283,0.897795367520303,0.552437384612858,0.242511991178617,0.908488007960841,0.607029642909765,0.0145674445666373,0.951287263305858,0.482131875352934,0.0241439309902489,0
0.853235832182691,0.463220301317051,0.397497854195535,0.0799494625534862,0.31244735326618,0.111332110827789,0.0182962887920439,0.1223978435155,0.710613258648664,0.894411593442783,0
0.415034332079813,0.461284205550328,0.0243171830661595,0.642321950057521,0.991377876605839,0.455847264733166,0.685639987466857,0.658942556940019,0.769477497320622,0.494994906242937,0
0.2459104071768,0.931583191794349,0.985475629102439,0.397701538866386,0.877409426029772,0.805967854801565,0.0129529025871307,0.931191095849499,0.114270683610812,0.821167268790305,0
