"1","2","3","4","5","6","7","8","9","10","class"
0.46039365651086,0.605627969373018,0.822889810195193,0.897949722828344,0.25635316898115,0.777058677747846,0.189730458892882,0.150527446996421,0.275605384260416,0.32986372616142,0
0.239346519811079,0.958355586277321,0.00267476751469076,0.489523068768904,0.285776671255007,0.97905387240462,0.907600273843855,0.984209122834727,0.580563355470076,0.388762802351266,0
0.84246202403456,0.168179949876455,0.67377829994075,0.0420483592897654,0.430870409589261,0.615979881258681,0.589512028498575,0.147011199500412,0.682374987984076,0.47096926625818,0
0.874866169347707,0.0124649204045842,0.0416550636291504,0.304076480912045,0.138083569239825,0.560936258174479,0.748946751933545,0.79709911881946,0.94367224466987,0.865970597136766,0
0.0966002408578992,0.579068712797002,0.806421932531521,0.737031537806615,0.223507012007758,0.645865875994787,0.969732479425147,0.582974564284086,0.0148014221340418,0.297358908224851,0
0.677883774230722,0.0435964110306361,0.677069916622713,0.249921221518889,0.894593631383032,0.39493995020166,0.512220984790474,0.509919356554747,0.205667927861214,0.835865598171949,0
0.215261226383969,0.951744467792074,0.019175365101546,0.845798705006018,0.918636015616357,0.9994377263356,0.118911982746795,0.516017511952668,0.425927752628922,0.898851625621319,0
0.0836428129114211,0.560531053459272,0.254722910234705,0.911979587515816,0.992483827518299,0.980809418251738,0.832202626857907,0.436351815238595,0.523908167378977,0.474694802425802,0
0.00703036493100226,0.535492167568933,0.756305607268587,0.47249738429673,0.94869517465122,0.682572421850637,0.815655305283144,0.87887714500539,0.571373197715729,0.329971680883318,0
0.535123017317802,0.500994928064397,0.330581953981891,0.0109239702578634,0.756792706437409,0.0479859653860331,0.738234921591356,0.323638167697936,0.459246857790276,0.768184108659625,0
0.0212172725368291,0.562541347123233,0.910728303482756,0.686190168838948,0.0738790470641106,0.228435873985291,0.753741257824004,0.423484311671928,0.298009465681389,0.2424425361678,0
0.0560037706115283,0.60573643741149,0.857793727889657,0.321701437467709,0.129329004557803,0.571740056853741,0.983243585797027,0.137235923903063,0.119500641711056,0.765893058152869,0
0.426586688496172,0.534963464830071,0.697652486618608,0.889807125320658,0.985592777375132,0.2822255929932,0.284466245211661,0.822348826332018,0.705984127242118,0.0828471714630723,0
0.198725407068804,0.969031080278815,0.180535127175972,0.199623367749155,0.406916704960167,0.0785554910544306,0.406045713927597,0.462890332564712,0.600589835317805,0.606647519394755,0
0.494527411879972,0.423896722728387,0.20470107300207,0.738716125721112,0.462914131814614,0.0550206094048917,0.246765017975122,0.593147654319182,0.448767434572801,0.846274499082938,0
0.827825493005104,0.241188645083653,0.508239071816206,0.591986603336409,0.786345518194139,0.645326548954472,0.882093661930412,0.606278583407402,0.943659861339256,0.0392584248911589,0
0.473767520221323,0.523482357204355,0.143432539422065,0.160622167168185,0.650191684020683,0.141877007903531,0.276176483370364,0.145663435338065,0.0839724601246417,0.416200542356819,0
0.436696005286649,0.526490427087992,0.0403041341342032,0.204276994569227,0.108636480057612,0.850505045847967,0.478647782932967,0.442870314698666,0.22655380377546,0.543844312196597,0
0.166231191694736,0.889472841811267,0.10395769868046,0.892742325784639,0.436928242212161,0.403253918047994,0.786478695226833,0.244991601444781,0.644611958181486,0.616706487955526,0
0.0921942236750387,0.772468252039152,0.860532471910119,0.585046867607161,0.968411747831851,0.109749178867787,0.899992023827508,0.413087511900812,0.577720500528812,0.812093226471916,0
0.976823196513578,0.748928134795278,0.639463903615251,0.289393432904035,0.477556375553831,0.00830703903920949,0.0322924195788801,0.352407671278343,0.0603304582182318,0.920937499497086,1
0.620948753785342,0.0746783113572747,0.128356251632795,0.248739760834724,0.698206848697737,0.554029978113249,0.845249559730291,0.157459652749822,0.875904428306967,0.000683342572301626,0
0.166688713943586,0.887384297093377,0.239675770746544,0.130912654800341,0.242450233316049,0.676140970084816,0.0967358064372092,0.0247666826471686,0.84357671905309,0.503154205158353,0
0.841023959917948,0.263480874476954,0.417113073403016,0.108616807032377,0.264948118245229,0.83705096039921,0.176636111922562,0.620620219269767,0.158055061241612,0.779596202773973,0
0.93734511521887,0.457514581847397,0.411828332580626,0.742383285192773,0.0795835927128792,0.665067324414849,0.525200965581462,0.684095286997035,0.424562096130103,0.986415708670393,0
0.841404808685184,0.000172248808667064,0.770646448247135,0.595604319358245,0.806288599502295,0.215281723532826,0.29046423570253,0.634543057065457,0.777471811044961,0.681693187914789,0
0.241965138607845,0.979506351117537,0.218050399329513,0.197764207143337,0.237812092993408,0.188967178575695,0.488701256457716,0.677005727542564,0.923686978407204,0.253600649535656,0
0.822297499880567,0.074121002676493,0.812846331391484,0.717670243000612,0.539184649242088,0.256184329278767,0.500536473700777,0.77863868442364,0.382464742753655,0.519352439325303,0
0.907798609342054,0.390222626499173,0.146196480374783,0.711659126449376,0.206881316611543,0.953537713270634,0.411959974560887,0.288190493825823,0.71085532521829,0.893802866339684,0
0.916477850174531,0.170263309840854,0.702545766020194,0.436303423717618,0.786993713350967,0.329775049816817,0.0595542674418539,0.0707113752141595,0.606249892618507,0.0751822793390602,0
0.841224773811176,0.0347483987405601,0.368735579773784,0.538726171012968,0.689833892742172,0.692475103540346,0.0358608283568174,0.170698667876422,0.213929618243128,0.315594705985859,0
0.739029080606997,0.0420448749791831,0.252911007031798,0.0190517299342901,0.803312663920224,0.414786982117221,0.111287567764521,0.244523760396987,0.0334196027833968,0.860621449071914,0
0.333438319373876,0.942183294695984,0.712679957039654,0.0417194713372737,0.358671607682481,0.991640378022566,0.115545717068017,0.778510034317151,0.983794378582388,0.0638805704656988,0
0.193560711547174,0.828943860221739,0.871109527070075,0.899828068912029,0.995569512713701,0.777621413115412,0.175448496825993,0.357600643998012,0.546297644963488,0.587468536105007,0
0.442931046709418,0.607919962611049,0.810444180853665,0.386532228905708,0.312185363844037,0.103184926090762,0.47287988034077,0.493572439998388,0.0349997484590858,0.64477969519794,0
0.577542755282484,0.20223616040913,0.362131545320153,0.0222844067029655,0.810970134101808,0.120883581228554,0.142790095182136,0.36060835281387,0.908919340232387,0.936643791384995,0
0.241029705245979,0.9406448139934,0.485806920798495,0.859905004035681,0.952974778367206,0.217448586365208,0.608217475470155,0.810601351084188,0.0192772981245071,0.114714736351743,0
0.188012461638357,0.930948246715633,0.431403960566968,0.833186672069132,0.759576163254678,0.262181623606011,0.106018837541342,0.429074652725831,0.775787027087063,0.782857525162399,0
0.552729986840859,0.511658424511552,0.0131333097815514,0.586160854203627,0.262157878372818,0.653445381904021,0.668965801596642,0.298913948005065,0.62201422220096,0.189161620102823,0
0.0704830249305815,0.768648406723514,0.786390632856637,0.524274461204186,0.306626220466569,0.342886628583074,0.381790634943172,0.638445587828755,0.419286273885518,0.720190461492166,0
0.250458894181997,0.88332722137541,0.460186737822369,0.623964360216632,0.481480401707813,0.813830710016191,0.833698423579335,0.791141790337861,0.632384275319055,0.498597251717001,0
0.348330587148666,0.907549607567489,0.02901152940467,0.675492167240009,0.343019755324349,0.202574498252943,0.740075587760657,0.511343881953508,0.957517623202875,0.476781946606934,0
0.653887305745482,0.198481223516012,0.303177214926109,0.14768402907066,0.113919575698674,0.65643998561427,0.0681788143701851,0.142400778131559,0.567046518204734,0.750731779960915,0
0.980715989600867,0.384588883724064,0.377085445448756,0.612818532623351,0.394760342780501,0.929729549214244,0.0954233056399971,0.652617432409897,0.771970669738948,0.600351311266422,0
0.0631997122099623,0.558183567811449,0.590842893114313,0.587686238577589,0.377704954706132,0.112139160512015,0.978207399602979,0.517280678497627,0.43820595019497,0.884062075754628,0
0.115996931806207,0.96634037557252,0.982581074116752,0.542811043327674,0.967163160676137,0.493155658477917,0.602411785628647,0.223360616480932,0.454232125310227,0.41559545067139,0
0.407378886826336,0.938939417013898,0.739838705630973,0.630250920308754,0.675232119392604,0.414515019627288,0.855603613192216,0.375646334374323,0.483969119144604,0.235561600886285,0
0.915728110587224,0.241480323020369,0.636223702225834,0.934796144952998,0.718746881233528,0.217388815479353,0.664393207523972,0.119097699178383,0.268273039255291,0.805824995273724,0
0.066048787144199,0.512043356970491,0.733214710839093,0.204218396684155,0.22250105580315,0.44980785716325,0.174877074547112,0.375176722183824,0.0119929134380072,0.703913633944467,0
0.822588464710861,0.227384736295789,0.0104796965606511,0.279853643849492,0.847767716273665,0.347314388724044,0.562312670284882,0.468095522373915,0.280575213721022,0.6326144982595,0
0.0684586047194898,0.766230745288686,0.492001141188666,0.568787406664342,0.28622468165122,0.0081074652262032,0.680652990937233,0.326022777240723,0.840475186239928,0.415078008547425,0
0.787869248608314,0.0730252585989811,0.852998450398445,0.438960521947592,0.425459515536204,0.633533295011148,0.433473643381149,0.763477060012519,0.0729213752783835,0.634294558083639,0
0.139125161322951,0.888098631761624,0.344434068771079,0.772320463322103,0.114420873578638,0.894447631668299,0.868885763688013,0.647179550491273,0.0887199691496789,0.582501191878691,0
0.117813862161711,0.704448500648141,0.722773154499009,0.743972155498341,0.444979998748749,0.258428415749222,0.051046111388132,0.548212012043223,0.981176420347765,0.974057257641107,0
0.299433431820944,0.983694034395739,0.25194206670858,0.30494898557663,0.741687091765925,0.788922917330638,0.655734241940081,0.609590148553252,0.173008967190981,0.667937907623127,0
0.800903395925649,0.120070549304457,0.7971647225786,0.447665969375521,0.460711004910991,0.935435833176598,0.841973466100171,0.396644382039085,0.895238807890564,0.523165628081188,0
0.455213546287268,0.568576115183532,0.102555568795651,0.634103848831728,0.612048146314919,0.239164669532329,0.855015615699813,0.835935272276402,0.937077677808702,0.198766076704487,0
0.398159412796982,0.835103748637293,0.4773064320907,0.45874866982922,0.161066155647859,0.0841098497621715,0.64434392680414,0.504254085943103,0.353817304363474,0.306049165781587,0
0.866558525796235,0.209574439512428,0.415937099605799,0.629974531941116,0.855109308380634,0.132100501796231,0.475622746860608,0.573436666745692,0.103334244573489,0.3180058428552,0
0.733636071435641,0.0140711918335619,0.186902131186798,0.102453287458047,0.570004689507186,0.362097673816606,0.12532831938006,0.758935316232964,0.228230037726462,0.338788944995031,0
0.119829165857285,0.852465843494406,0.245141899213195,0.416793426033109,0.623808154836297,0.480356022715569,0.90860689477995,0.247718716738746,0.447045827051625,0.0890189819037914,0
0.0499164101202041,0.685953838052228,0.55421236064285,0.26905350596644,0.873723404482007,0.932254868559539,0.350166471675038,0.881605736678466,0.661507040029392,0.752970362780616,0
0.728606040822342,0.069496301934123,0.0596679102163762,0.938615697668865,0.226040960289538,0.579291883390397,0.451263050315902,0.0269695583265275,0.408589010359719,0.0320677200797945,0
0.580223760567605,0.375926301814616,0.695385379018262,0.882472128840163,0.461082625668496,0.488660926697776,0.513886191416532,0.147941863397136,0.110683362931013,0.331192076206207,0
0.986319830873981,0.413711612811312,0.346956994384527,0.208968022838235,0.987515017855912,0.139313007704914,0.754923394881189,0.952567887259647,0.334718946367502,0.348595746327192,0
0.890528241368942,0.325589482092673,0.691877281526104,0.193777375388891,0.147863588761538,0.194929661694914,0.207127988571301,0.13791314791888,0.606900881743059,0.288033615797758,0
0.729577511559054,0.0501599715178367,0.931889894185588,0.213017522357404,0.980312308296561,0.00501981796696782,0.447897792328149,0.932231884682551,0.888682798715308,0.41257959115319,0
0.386628434062004,0.722939055180177,0.955208156257868,0.579267359338701,0.189201757311821,0.293109301477671,0.589291365817189,0.927630420541391,0.936503968667239,0.892031714553013,0
0.923584412278794,0.17531959520272,0.913637870689854,0.694869532249868,0.293273867573589,0.128450641175732,0.97078855196014,0.460946829523891,0.915452434914187,0.238905916223302,0
0.553127150749788,0.458975879009813,0.783588765421882,0.659081287449226,0.389242893317714,0.0639774037990719,0.536643549799919,0.850637590978295,0.838294339133427,0.205675184261054,0
0.0802662873174995,0.923282440984622,0.950289817526937,0.794734332012013,0.825966956559569,0.545304187107831,0.984409030992538,0.781488359440118,0.931911085499451,0.160056122113019,0
0.0618913543879986,0.538815269192138,0.141366125782952,0.835835490142927,0.120941452216357,0.152488333405927,0.346575602190569,0.80652245040983,0.51717225369066,0.759545396547765,0
0.620600435850397,0.158728725012559,0.133463725447655,0.960758713306859,0.168728022137657,0.130727393785492,0.770869506523013,0.117792729986832,0.208097584079951,0.166391086298972,0
0.160364319551364,0.953183078131958,0.869174361927435,0.508676701923832,0.219365159980953,0.966923174448311,0.36232411628589,0.755159140564501,0.754312939709052,0.378860998433083,0
0.12353488387689,0.637039216085185,0.686963316053152,0.87480229488574,0.752813930157572,0.238596882438287,0.029144324362278,0.169222642434761,0.357953226892278,0.0436149812303483,0
0.252303664025385,0.933884662520342,0.978777792304754,0.267085512401536,0.618819523602724,0.0934051100630313,0.680623691994697,0.754835939966142,0.762596066109836,0.691483637085184,0
0.22454724066332,0.967725005811057,0.722730073379353,0.785238924669102,0.920260761398822,0.173407968366519,0.631701064063236,0.346876048948616,0.187458069995046,0.479187109740451,0
0.520990816643462,0.254061344079673,0.00197522877715528,0.543029448483139,0.620936941355467,0.253854508744553,0.62112132832408,0.729292073054239,0.531644275644794,0.331628888845444,0
0.858957143891603,0.0844539737425979,0.0935652942862362,0.835084083257243,0.959550100145862,0.0347029624972492,0.861704140435904,0.117642534663901,0.459737134166062,0.0556369863916188,0
0.543908086969703,0.231669089087486,0.122794762253761,0.24508356442675,0.180096406023949,0.153402042109519,0.964508787263185,0.0705136046744883,0.60433320235461,0.702269283356145,0
0.662539016222581,0.0202900578165731,0.940662830136716,0.38774905516766,0.670090415049344,0.163502705516294,0.410450921393931,0.96872951160185,0.920847841072828,0.671478120610118,0
0.883289468220901,0.307913610942792,0.163514138897881,0.846363991964608,0.370012365747243,0.132999738911167,0.21559606702067,0.727383948629722,0.196391612989828,0.861923225456849,0
0.0812513261973858,0.600204716836339,0.485492842271924,0.69461715198122,0.481432659551501,0.63035037741065,0.177443926921114,0.0578171282541007,0.308208267902955,0.416341254720464,0
0.729307082776632,0.018864799212827,0.000589108327403665,0.51745282066986,0.860558203421533,0.0655696096364409,0.322801193920895,0.158093394711614,0.0702975648455322,0.365972547326237,0
0.184198018629104,0.984827986685559,0.70298272697255,0.132158567663282,0.561720016878098,0.127535880543292,0.138232024619356,0.131110572023317,0.45262967213057,0.515381458448246,0
0.0352599315810949,0.785758464597166,0.0854691620916128,0.0729597748722881,0.24083004030399,0.589327170047909,0.446900663198903,0.694740368053317,0.111605540383607,0.817398356972262,0
0.574378401758522,0.5421688313625,0.118227135622874,0.036059106932953,0.664400655310601,0.110465301433578,0.0918824947439134,0.465886817313731,0.735635068500414,0.0958278139587492,0
0.838539437124785,0.0927055559994883,0.0270950642880052,0.804632511688396,0.165684224106371,0.468143700389192,0.600484343711287,0.448847949504852,0.579740402521566,0.12497761589475,0
0.960861286708713,0.516220731966274,0.957806516671553,0.175624988973141,0.352779760956764,0.158364032162353,0.300808257889003,0.605990638257936,0.237277085892856,0.722100450424477,0
0.513908871682361,0.232717923587188,0.381341442000121,0.33777785114944,0.0377476434223354,0.409549254225567,0.688804392237216,0.873387059662491,0.387595676118508,0.8651922584977,0
0.0913182963505387,0.870819724778812,0.462584132095799,0.674417093629017,0.189809067640454,0.326017631217837,0.615671568783,0.54488065908663,0.733284195419401,0.140551327262074,0
0.00920983127709479,0.623582791009375,0.494800441432744,0.955442945938557,0.40399241540581,0.361527189612389,0.48381684301421,0.628919173730537,0.618092128541321,0.255745976930484,0
0.625719472998753,0.32428933866322,0.619557280093431,0.382194749312475,0.372259543510154,0.775072422111407,0.66544090770185,0.898266318487003,0.0888982894830406,0.239185530692339,0
0.635120691498742,0.076943275751546,0.624093980761245,0.838061566697434,0.517614262644202,0.237263119546697,0.461696379818022,0.510041765635833,0.0559613003861159,0.954837412107736,0
0.156718663172796,0.935315615031868,0.782495104707778,0.487927590729669,0.413457137532532,0.654847493395209,0.569085234077647,0.218873143196106,0.0813432044815272,0.339081715326756,0
0.560087329906877,0.336867985861069,0.645716687198728,0.177605818025768,0.864294750383124,0.571587290149182,0.948072295403108,0.753134512342513,0.45324713527225,0.0698243894148618,0
0.444177547109872,0.583568429583532,0.295385250123218,0.499033008003607,0.0746176745742559,0.957080907886848,0.609489290509373,0.5170059397351,0.347518952330574,0.485777195543051,0
0.918332313298155,0.508144200868076,0.617981675779447,0.291243049083278,0.545119953108951,0.225187852513045,0.305553425336257,0.204878083430231,0.231030599214137,0.426503066439182,0
0.122634092344716,0.903562165075892,0.295355879934505,0.636617350392044,0.0581270451657474,0.113324051257223,0.14965171017684,0.918752098688856,0.954351304331794,0.662408067146316,0
0.937107142075989,0.20181882408406,0.227794967126101,0.623788498574868,0.620850584236905,0.459141651168466,0.345610175747424,0.782505559967831,0.701103162486106,0.837176000000909,0
