"1","2","3","4","5","6","7","8","9","10","class"
0.0598218010179699,0.0621145950304344,0.115778972404078,0.205625821724534,0.022463361765258,0.7169308969751,0.708404391305521,0.0653030460234731,0.265119096031412,0.0138665451668203,0
0.429184523478616,0.564956018662825,0.821447648350429,0.55304696710892,0.648682582195569,0.962838770821691,0.821163655025885,0.413778353948146,0.500345867825672,0.76886583538726,0
0.340316076443717,0.227746384846419,0.002331497515738,0.235731701323763,0.12290896272622,0.82301940373145,0.740802859887481,0.0653194328770041,0.199763809330761,0.0619164919480681,0
0.351037513314746,0.395613757160772,0.288424276452698,0.0462831861460581,0.0718286944601685,0.787159563507885,0.0240792301483452,0.55168168945238,0.802578629693016,0.199265789473429,0
0.0225000278612599,0.0184725960802287,0.329147154560871,0.39048245828785,0.447960041665472,0.613833302166313,0.00618986901827157,0.205393263138831,0.824648963054642,0.463885634904727,0
0.225924016093835,0.501218501547817,0.158994320327882,0.0785473114964552,0.250911845326889,0.322282799519598,0.804810964735225,0.794439564459026,0.732063954696059,0.0269819651730359,0
0.823304885149747,0.45148866244033,0.560912474604696,0.603687795075029,0.621376328953356,0.319251911714673,0.808335337555036,0.366402532439679,0.465476949699223,0.748882500454783,0
0.433786182066146,0.540861556442827,0.223037728827074,0.184282043503318,0.485569777547102,0.482772796181962,0.0454352388624102,0.488764924462885,0.301496392348781,0.295950137777254,0
0.176678415574878,0.25576268633157,0.195269496490806,0.0408402579536662,0.169895883146487,0.149767469847575,0.467022141674533,0.0885999875608832,0.859767687274143,0.598347421269864,0
0.992535914066248,0.781924140541721,0.802738170354161,0.716679497754201,0.964957211149298,0.269111446570605,0.0966630727052689,0.843382106395438,0.317269732477143,0.90206535323523,0
0.781714033538476,0.742697444595397,0.841123080134392,0.906007348954678,0.8904031741824,0.965952012920752,0.629204655764624,0.814573655603454,0.82738797692582,0.525397402001545,0
0.807819166822359,0.772232702340838,0.945480936098471,0.82706598368613,0.818515114987642,0.838815079303458,0.764321204507723,0.998822880443186,0.173263497417793,0.341556643368676,0
0.396367586878873,0.508462246634439,0.285892411648668,0.563408627715148,0.268808388583921,0.109537275508046,0.802563881734386,0.632110080681741,0.425411341944709,0.930595750221983,0
0.828215505858231,0.580858091903105,0.736624299136642,0.545817996605113,0.875389733937196,0.167167905019596,0.360079139005393,0.527986060362309,0.540628141490743,0.838867106940597,0
0.942292359047383,0.953931717576832,0.792192648371309,0.875491105841845,0.829748289852589,0.578943722881377,0.504899716470391,0.801593709271401,0.643491303781047,0.764039254048839,0
0.843359814934898,0.771749252960086,0.771810054963455,0.940877136007417,0.606999487400055,0.49278475670144,0.878963787574321,0.015541223809123,0.764953784877434,0.974890568992123,0
0.550081136090308,0.469231154920533,0.263147497246228,0.495005898143537,0.386864863689244,0.398122556041926,0.911328986519948,0.144131970359012,0.654909876408055,0.919319109292701,0
0.165739407359995,0.131413548591733,0.0854844392073341,0.0220484700907022,0.140561901949812,0.107570955296978,0.296164666302502,0.945415044669062,0.71309504751116,0.198077598586679,0
0.864581642954051,0.848369497615844,0.816535240089148,0.83125785975717,0.797315004951507,0.0156098355073482,0.402186656370759,0.918332413537428,0.315795919625089,0.988980283262208,0
0.57387070475379,0.864207541490812,0.491494462217204,0.85409719696939,0.693083985314332,0.737075765850022,0.710810957476497,0.51183845452033,0.786707516526803,0.841219214955345,0
0.548768267408945,0.583700420562178,0.469602837811224,0.44171866392903,0.4718257054938,0.444598536239937,0.565775483613834,0.497443865519017,0.413246330572292,0.00939799775369465,0
0.244236857182067,0.130413440341037,0.252646981065068,0.178763337749988,0.268075671138335,0.337820559972897,0.637586127733812,0.19675864232704,0.493261019932106,0.605271104257554,0
0.678325378657132,0.676224999245256,0.816984515798092,0.709741008473933,0.909827180421352,0.480890640523285,0.0850094754714519,0.677320285700262,0.378223386825994,0.611222058767453,0
0.344782195809763,0.482334807049017,0.194933366756886,0.271909162198473,0.320854334078077,0.843470342224464,0.416931111365557,0.935362715506926,0.837213427992538,0.324486371362582,0
0.899164347739145,0.921342618550919,0.90807693908792,0.808988354782015,0.867894784059189,0.851694890763611,0.843576702289283,0.817173607181758,0.122214333852753,0.717742974404246,0
0.593862023437396,0.794363388046622,0.596649000793696,0.991539477009792,0.835704943421297,0.571955005638301,0.613251784583554,0.950034310808405,0.863371753599495,0.646527883363888,0
0.101979524581134,0.148751242600381,0.174693469526246,0.0953592449165881,0.165413211438432,0.479879712220281,0.0613185302354395,0.69986179494299,0.549277558457106,0.164557260228321,0
0.427259625369217,0.760019575460535,0.440543352616858,0.740794344806112,0.685105885580182,0.495865317061543,0.466918794438243,0.001589190447703,0.184233705513179,0.283869033446535,0
0.566649136302806,0.721171313922852,0.841674146005139,0.753700563880056,0.488719660864398,0.888869237154722,0.584851867053658,0.082246818812564,0.304100182373077,0.788639655802399,0
0.259502707165759,0.565827643312514,0.528950645841658,0.26276543135019,0.49829874287378,0.518578425049782,0.136561719700694,0.598670979496092,0.897956770146266,0.111959725618362,0
0.659359358284622,0.402926125977188,0.446275662664324,0.554992708791047,0.430708776000887,0.429456360638142,0.94333188328892,0.572772778104991,0.779441373189911,0.673814090900123,0
0.428116744675208,0.253863966340944,0.417388394639175,0.499833294913452,0.359852994726598,0.367344130761921,0.892781706061214,0.782709592487663,0.354004283202812,0.270786033710465,0
0.0807369973421097,0.0895902732633054,0.35403338077236,0.181826423622482,0.0665857215255499,0.0728831579908729,0.241765112383291,0.325322593096644,0.257913056295365,0.147441312903538,0
0.723340486182086,0.998511536573339,0.7103578263551,0.82558333052434,0.816329527734406,0.173901057336479,0.854988411068916,0.437876987969503,0.90971122845076,0.950958801433444,0
0.601677761314809,0.932737520286441,0.732154376800731,0.857562400252372,0.684386386255547,0.190761789446697,0.937479555839673,0.872801474295557,0.135027174139395,0.959338600747287,0
0.263933449238539,0.3717723686276,0.0990452284985222,0.393697070445865,0.334008272710256,0.72416230221279,0.460430578328669,0.797844712855294,0.00228739087469876,0.769154789624736,0
0.70398654635381,0.809191257018596,0.723747993195988,0.888519907092489,0.827101155881956,0.514674787176773,0.217574221547693,0.104430815204978,0.112931228475645,0.513848289148882,0
0.593904819837399,0.633727422833256,0.738924080634397,0.617299760430679,0.672727976894099,0.0078638216946274,0.108802260598168,0.554435474099591,0.76274433801882,0.558946889126673,0
0.263598392289877,0.532408300295472,0.340486551795155,0.388076909165829,0.373328928636014,0.210725685348734,0.33599331905134,0.828314987709746,0.147825159365311,0.0503098329063505,0
0.515232877439726,0.566621173950192,0.551273437170126,0.389888381217234,0.613937988204416,0.14520235452801,0.26387246302329,0.491302601760253,0.839991917600855,0.174693800043315,0
0.061008212809451,0.349468244294636,0.431191710740328,0.0603948926934973,0.0671589427469299,0.285598831251264,0.137786553241313,0.919150070287287,0.715204745996743,0.592486378271133,0
0.547069904731121,0.696087767986674,0.405037843742967,0.346669943321589,0.275032029693387,0.965018203947693,0.300672221696004,0.712801791029051,0.917560165980831,0.77097325050272,0
0.71350777676478,0.824447442066669,0.815184250378236,0.740909925109893,0.955643327550963,0.779618271160871,0.657916323980317,0.649381985189393,0.820786502445117,0.269869779469445,0
0.300905256532133,0.237895615166053,0.276934542926028,0.369843754684553,0.279738391982391,0.886360417120159,0.396686903899536,0.811603941954672,0.232519071549177,0.206629530759528,0
0.870026139569841,0.943237184705026,0.652917423399538,0.830482607784681,0.652115857714415,0.279230082640424,0.641943458700553,0.410342060262337,0.383879716973752,0.6512110021431,0
0.330836509180255,0.311889924695715,0.3071382680065,0.20819326169882,0.276470725232735,0.184383784187958,0.665376092074439,0.579175935825333,0.77275443659164,0.68345999950543,0
0.158804724700749,0.189200171148777,0.0661796464338899,0.210964667621255,0.212518458151817,0.989067210815847,0.258938716026023,0.807021003216505,0.894770381273702,0.0554248064290732,0
0.856292976246588,0.741617314860597,0.780921698674373,0.664852058304381,0.548432034154888,0.267589886672795,0.109328475547954,0.792496990179643,0.917442586040124,0.817550082458183,0
0.404872898253053,0.511997959030606,0.626658690713532,0.520774110825919,0.578333072361723,0.757007846608758,0.919397226301953,0.0978496677707881,0.996948569081724,0.623611631104723,0
0.272930364106502,0.223879315462802,0.208962088329066,0.267050156363379,0.266809955760185,0.433977199252695,0.979779443936422,0.693158014211804,0.781427409499884,0.62819248996675,0
0.809269272862002,0.75057534259744,0.753416692148894,0.621451564570889,0.912510953759775,0.703760614152998,0.136965370504186,0.117810789961368,0.701106790453196,0.682378849713132,0
0.21283386081513,0.268792065555323,0.216639566152636,0.192994528178498,0.140750785749033,0.300001112511382,0.498097806470469,0.432688564993441,0.0936272440012544,0.410151620162651,0
0.393899400338903,0.374862653516419,0.509670607761666,0.327810656080209,0.422491302957945,0.458646584535018,0.307457009330392,0.921150829643011,0.794136673444882,0.146091796923429,0
0.293418717216048,0.315063468893617,0.0350486331426539,0.252932989340276,0.256162863808032,0.993008026853204,0.798656912520528,0.452937948517501,0.711209615692496,0.382845669519156,0
0.154308273498714,0.177450087495148,0.0972818514853716,0.0933024471342563,0.109311743097752,0.560559818753973,0.123503874288872,0.146390788257122,0.511791232507676,0.523756400914863,0
0.818799874987453,0.717801673916169,0.765703221932519,0.867896564512979,0.691057609103154,0.259639939293265,0.771731868153438,0.931663502706215,0.974455857649446,0.786161805037409,0
0.586622246362828,0.608300368401967,0.632315139913932,0.494094013896212,0.60234313200824,0.258809950668365,0.0901057908777148,0.816471518715844,0.527724174316972,0.191754471277818,0
0.762450137111638,0.625801446086261,0.634616364647914,0.72314392943792,0.799377764860354,0.721568055916578,0.280751951038837,0.46225967630744,0.410848213359714,0.878183265449479,0
0.649258250197396,0.434236084488779,0.637629829179496,0.604292129901424,0.573916000294685,0.551257955143228,0.564819214632735,0.436553585110232,0.796661681495607,0.809296333231032,0
0.798422916551307,0.835534237835091,0.693929624371789,0.72228077809941,0.605124651844799,0.632470650132746,0.201159573160112,0.87180239893496,0.548993266187608,0.310000954894349,0
0.581606355434284,0.676058038157411,0.496733364761807,0.431998229056597,0.511193841429427,0.0518872945103794,0.74713696888648,0.65682435547933,0.444068168289959,0.0328154726885259,0
0.737358447370119,0.691740686267056,0.460535244091693,0.875420553920418,0.592325704980083,0.562718213303015,0.559291169978678,0.176620600977913,0.659794732229784,0.833437932655215,0
0.46032698799558,0.564388284667209,0.50054022459574,0.407709332819656,0.611569766612724,0.225707307225093,0.707166908076033,0.44065546640195,0.189051798777655,0.782278556376696,0
0.829659333333559,0.808968473714497,0.912585804626625,0.858440157424659,0.788834760124516,0.361037585884333,0.137508722255006,0.661152746994048,0.339835756924003,0.792707427404821,0
0.662187560826167,0.948712651256472,0.794479312908836,0.859383671831712,0.673640571163595,0.605496864300221,0.215325599303469,0.802633525570855,0.416737284744158,0.686324030160904,0
0.151639041607268,0.128250381412916,0.0740210126871243,0.128925153785385,0.100119687229861,0.61002407874912,0.510924153961241,0.363999465713277,0.772440054221079,0.0194742607418448,0
0.4613992447,0.198237411526218,0.191729229494557,0.164756397619843,0.223403037639335,0.325974841136485,0.974529026076198,0.677591853309423,0.722822294104844,0.0089723183773458,0
0.69680392324375,0.656789070716221,0.531368092656042,0.836708229548112,0.707882182179764,0.0171307150740176,0.863313416950405,0.882668451638892,0.356414523441344,0.904477978823707,0
0.711339582694694,0.640589064321667,0.78886873803027,0.407288741459511,0.660525854993984,0.153582567116246,0.379630158655345,0.183658850146458,0.490130410529673,0.383274435764179,0
0.515702917273715,0.576931922888663,0.852458878236357,0.750371326415613,0.470976658723597,0.134055193513632,0.642955290386453,0.818993376335129,0.705073356395587,0.263826979557052,0
0.589850659238175,0.753685517320409,0.817082479326054,0.735141025269404,0.844975220007822,0.184542371192947,0.159751255763695,0.370977033860981,0.329357286449522,0.963404552312568,0
0.73375906499112,0.579873912134022,0.735593072364293,0.560681530942954,0.727434792285226,0.317294123815373,0.152743766782805,0.866263741394505,0.141038533765823,0.703360574319959,0
0.56044004630968,0.737593700131774,0.714081453801133,0.734890386652946,0.80131437498983,0.221627165563405,0.630534009076655,0.19721065252088,0.631957995006815,0.923116065794602,0
0.53585189484274,0.757998293771781,0.628328650982212,0.85003079965068,0.590433402724564,0.117144148098305,0.939527037320659,0.804229077883065,0.809511592844501,0.156061333836988,0
0.461754300093651,0.12690551228486,0.117570978216827,0.351074473132938,0.410112063040212,0.562171296449378,0.887421645224094,0.0612390451133251,0.542664960725233,0.0449218556750566,0
0.85480804357212,0.673091410901397,0.689866345822811,0.737098657544702,0.760406042221002,0.0625433698296547,0.543047573650256,0.0961565568577498,0.702140911482275,0.989161987323314,0
0.737350916406326,0.781341512688622,0.732094289179705,0.738185075227544,0.735732962970808,0.400151841109619,0.207422141684219,0.808650424936786,0.879272447200492,0.900400407146662,0
0.78247351594707,0.762833008511644,0.808096686637867,0.944344272477366,0.868555905449856,0.966749244602397,0.246711169136688,0.956932075554505,0.79080253560096,0.645153515972197,0
0.771715677119046,0.84918010963425,0.682728399734944,0.902166344102472,0.917127380175144,0.150752049172297,0.85757266683504,0.303503389935941,0.376577346585691,0.750275474973023,0
0.282624916500691,0.306338334433734,0.622796214450244,0.292994181063771,0.361863028897904,0.814433351159096,0.755182975437492,0.665702098747715,0.715126692084596,0.97328911209479,0
0.720898180401884,0.701678814435378,0.780513189819641,0.712655205347575,0.691656585089862,0.370757488766685,0.600116622867063,0.760017593158409,0.591392958536744,0.325906434794888,0
0.168900580378249,0.264289923710749,0.0549841995816678,0.0403459451626986,0.0421193006914109,0.74084092117846,0.378846052102745,0.461081300163642,0.817487893626094,0.113769076997414,0
0.373700795062259,0.118382575311512,0.356008416530117,0.174783062174916,0.22358240859136,0.258465020684525,0.447627661051229,0.465989319374785,0.568936920724809,0.911792055238038,0
0.635585865661781,0.646109642331768,0.732465999741945,0.854388845512085,0.827355304448586,0.640003969427198,0.148176709655672,0.715083627030253,0.154725702712312,0.549770117271692,0
0.180595168865286,0.394781579459272,0.243090235998854,0.259203271195851,0.00751448834519833,0.243034240556881,0.197381675709039,0.27377272117883,0.00885643064975739,0.0939310295507312,0
0.574330011553131,0.398352571513038,0.639634906534106,0.398930036317091,0.483739512527827,0.604602054227144,0.0334229541476816,0.643200633814558,0.459372092504054,0.127168626291677,0
0.804148804758862,0.772986474468932,0.806330454898253,0.763873274061456,0.82124765396677,0.113839112455025,0.559984571766108,0.458653113106266,0.197247143136337,0.429114065831527,0
0.242967578495014,0.168240414974745,0.201727758088522,0.139977286049444,0.123073470033798,0.0715118206571788,0.120375431142747,0.472134886775166,0.0712463858071715,0.059647976886481,0
0.148134452837706,0.196364851266704,0.359164525508322,0.447313300930336,0.258185758228786,0.302610952872783,0.71097715687938,0.207757031545043,0.476747310254723,0.496385193662718,0
0.474719855345413,0.424246153315343,0.568578467247914,0.492641756291781,0.526848026131373,0.906072987709194,0.636850465554744,0.483370815403759,0.80429997574538,0.711560899624601,0
0.347628879593685,0.346534827724099,0.490252463845536,0.436510701430961,0.576444167876616,0.213556115282699,0.614584014983848,0.410147847840562,0.309488974977285,0.196316479006782,0
0.0426392634442076,0.387855778716598,0.390391769719124,0.242275653542392,0.097349831433408,0.780334839597344,0.45923902397044,0.267626511864364,0.190082705579698,0.542885600822046,0
0.986494449344091,0.950499756109342,0.815307945864648,0.923127814146131,0.814318800412118,0.343332850839943,0.690709843533114,0.36106717470102,0.95430000894703,0.727679666830227,0
0.216502250729874,0.49907824518634,0.602492583484203,0.606361611151323,0.217356933410093,0.917994895251468,0.789359788177535,0.713915816275403,0.630892022745684,0.174019566969946,0
0.819603878509626,0.860968581685051,0.974839904343709,0.865524044394121,0.670632016253099,0.836780769284815,0.920159370405599,0.146514298394322,0.158686055568978,0.349676040699705,0
0.322994452998508,0.503040249361657,0.559898931893986,0.525854202708229,0.57173239130294,0.0460880128666759,0.710369709413499,0.169863182352856,0.989695276832208,0.742606149986386,0
0.61253469679188,0.612776527608,0.516084326595254,0.419083297942579,0.339050525938906,0.439490988850594,0.707706052344292,0.885177721036598,0.352731304941699,0.401926609920338,0
0.183810139078367,0.38524069226142,0.263047916138265,0.376094504981861,0.280928773594834,0.0965010661166161,0.722586455289274,0.324974990682676,0.681423322763294,0.448730547213927,0
0.899693862111121,0.807066869004443,0.595113822424784,0.576125825190544,0.589235541048273,0.138028184184805,0.585141092306003,0.842686459887773,0.29474427155219,0.504399655153975,0
0.163683524283022,0.268638337572571,0.288007948754914,0.296081692784559,0.247644361147378,0.515881554223597,0.536207165103406,0.488807193934917,0.769917299039662,0.294758893549442,0
