"1","2","3","4","5","6","7","8","9","10","class"
0.501425232836045,0.853145587109029,0.732717132344842,0.549131745826453,0.620435300562531,0.671268875012174,0.66151791671291,0.946609605802223,0.0269084468018264,0.215384857263416,0
0.0874935961590149,0.410691000303347,0.11876605497608,0.114230585446581,0.236664198984392,0.0406522341072559,0.674822229659185,0.485732666216791,0.236076684901491,0.516263312892988,0
0.594988553126529,0.429609688787535,0.537996773837879,0.375076169889048,0.425425839433447,0.107995285186917,0.400484646204859,0.620134963886812,0.389041816815734,0.235592578072101,0
0.822277623885125,0.644667686464079,0.409459152250271,0.418437547587883,0.726806458329223,0.1416229554452,0.332015874795616,0.296870810212567,0.178976435447112,0.319809949025512,0
0.0588471437618137,0.102385596810468,0.040890355761163,0.178509283189103,0.0680653325339779,0.907783007482067,0.954268527217209,0.892660490237176,0.841419939883053,0.897509051952511,0
0.263486001439858,0.69680574965477,0.438802594282664,0.310093474968802,0.637562024279032,0.937886168481782,0.0895983595401049,0.0676915349904448,0.811517542926595,0.216272928984836,0
0.21028269453086,0.538314787450805,0.515889839739725,0.281822771555185,0.753365853025764,0.568739926908165,0.876388991717249,0.224109773756936,0.414001959608868,0.728219606913626,0
0.555511770329997,0.632120555715263,0.876106765000895,0.725424364218488,0.670196157641895,0.47795262769796,0.0753900031559169,0.379915266297758,0.495228614425287,0.0869862465187907,0
0.348780817623064,0.438599808470905,0.105024495071545,0.487705823177472,0.450594646601006,0.24917406658642,0.29569490859285,0.68611251655966,0.150185362435877,0.25978266983293,0
0.296918184850644,0.00839912741817533,0.0706596657857299,0.564979786731489,0.346022982778586,0.333101782482117,0.639014898333699,0.542101266793907,0.665315400110558,0.214978249045089,0
0.780958037778735,0.419307200402021,0.404378085475415,0.539432730220258,0.357764030929655,0.81471078353934,0.0151023231446743,0.49322474678047,0.0546221227850765,0.49676955700852,0
0.690351079754531,0.771693505837861,0.642876047138404,0.626317726842221,0.584806516767666,0.497731155483052,0.0591142224147916,0.652716532349586,0.617291314993054,0.783368624746799,0
0.283463035967946,0.0378935770105571,0.469602550208941,0.348741128484532,0.449060979484953,0.833898542448878,0.390179456211627,0.352270523319021,0.869365595281124,0.436898569110781,0
0.741234899069928,0.212638011763152,0.436046733531076,0.748063055613078,0.442318892642111,0.380202786531299,0.407547817798331,0.37181421648711,0.303312763571739,0.0924877498764545,0
0.586651303876564,0.605865706321597,0.954659523028508,0.872389353147894,0.462316107675433,0.0050162854604423,0.897362697171047,0.160411833086982,0.922225505346432,0.557460033334792,0
0.238382320765406,0.211517656623386,0.582371485597454,0.372122823604383,0.306243748487905,0.337796780979261,0.574915118515491,0.00326646422035992,0.564139688620344,0.137180255027488,0
0.78016694478523,0.397353738429025,0.689009725532308,0.852935302525014,0.994812805192918,0.378427658230066,0.761986930388957,0.961020143935457,0.293720318702981,0.732195798074827,0
0.188926859161817,0.0141609196481295,0.289422541494202,0.0657804045576602,0.202136247872654,0.900229023536667,0.336618177127093,0.211037745000795,0.0343586059752852,0.602185007417575,0
0.470306298550591,0.534739898430929,0.620688396986946,0.749665470903739,0.545058380069956,0.0597314084880054,0.359111196827143,0.903912852052599,0.392899483209476,0.593894636258483,0
0.842578087472823,0.812539107159711,0.810611586905457,0.772592195666581,0.733930661136657,0.12005248432979,0.917353442404419,0.949005635455251,0.838803149759769,0.891544149257243,0
0.773780506402254,0.613098509248346,0.737552055126056,0.669349585078657,0.843972128153779,0.3402640579734,0.693439506459981,0.402521267067641,0.0986216894816607,0.421190892346203,0
0.152740944642574,0.228940872941166,0.813158826902509,0.700053077423945,0.538784214295447,0.787258458090946,0.0783131432253867,0.971815068740398,0.205457999603823,0.531139406142756,1
0.674195679762214,0.722189606059715,0.88999308468774,0.878198809957132,0.669979566351324,0.657548183109611,0.73295152769424,0.821031863801181,0.88229884323664,0.328906735870987,0
0.0742192487603053,0.109455576996133,0.110930782714766,0.393546610705927,0.297149842256121,0.416665442287922,0.538111814530566,0.262767423177138,0.9107795516029,0.0425589475780725,0
0.125242616868205,0.451454643531516,0.0922441707383841,0.276624484106153,0.378217924571969,0.516270701540634,0.114671235205606,0.825802876148373,0.500472073443234,0.588026975747198,0
0.894044563949574,0.765536152720451,0.684903969017323,0.835360086630099,0.747989530181512,0.949533320497721,0.123548485105857,0.266127708600834,0.56868821522221,0.669644130859524,0
0.359805805161223,0.436904714537039,0.357200224847719,0.48242594162412,0.400199083146826,0.00195465097203851,0.571425260510296,0.285913582658395,0.741437665652484,0.66356109874323,0
0.650838032508176,0.620023241223022,0.607945262191724,0.894382379570045,0.635493652062397,0.6694370447658,0.345345955342054,0.0028418623842299,0.0816826326772571,0.304815469775349,0
0.236147858590819,0.00849888286758216,0.305154324770905,0.0692222889529541,0.229131073815562,0.796340229688212,0.399727801326662,0.261002804385498,0.53989508911036,0.705272699473426,0
0.180290314072091,0.251095587265585,0.0445245556510054,0.31060365831675,0.230621016217582,0.864692440954968,0.0771105627063662,0.919985190033913,0.860822735354304,0.981424340046942,0
0.670252335930243,0.926476791776717,0.920029242604971,0.424704849751666,0.689712305169553,0.522362686693668,0.0735464277677238,0.260822909185663,0.729237018385902,0.0925264544785023,0
0.0671027752105147,0.460624170955271,0.71472687763162,0.527155767427757,0.84231945569627,0.416045411722735,0.818585235392675,0.774683566065505,0.320902659092098,0.724811256863177,1
0.401675049883686,0.137389473387785,0.190989993260428,0.405831684542075,0.440656308486499,0.54505863902159,0.321122509194538,0.0871169585734606,0.728886469965801,0.33996029291302,0
0.483068930165563,0.485915039884113,0.873989732780214,0.976272243029624,0.81942399400901,0.364235594170168,0.324595967540517,0.516765483189374,0.103283744538203,0.0993011032696813,0
0.887259881516173,0.829114681657031,0.961107865377143,0.565976215994731,0.681726181187108,0.236780832521617,0.633911680197343,0.0697129422333091,0.681213035481051,0.863197427708656,0
0.742325272945221,0.581300374773331,0.347562879140023,0.793288189986255,0.873599825386889,0.467329456936568,0.0276487329974771,0.466030491981655,0.916835227515548,0.495919046690688,0
0.268623839730956,0.304556550608017,0.0337115650711581,0.250794896231033,0.113529478256404,0.53564080526121,0.12522983062081,0.309094429248944,0.267235803650692,0.91403111955151,0
0.434848798316065,0.645616777529102,0.498749169535469,0.485498596483096,0.428455650310498,0.393220557831228,0.312950973166153,0.287686463445425,0.498266111593693,0.83412210829556,0
0.852396898009256,0.63082938792482,0.550207509823516,0.536976070618257,0.592866298389807,0.866447014268488,0.706865113228559,0.494548923335969,0.835168631980196,0.767467111814767,0
0.59302820940502,0.288823222042993,0.399644401157275,0.648414909141138,0.451387986540794,0.746135153342038,0.384090649429709,0.756325692636892,0.725730867125094,0.8885520293843,0
0.620991432546638,0.380471175824292,0.33375841825828,0.47059266726952,0.850077000699006,0.303921103943139,0.252770179649815,0.342935793567449,0.217943698167801,0.716604507528245,0
0.818842381136771,0.584888308328483,0.66594928916283,0.669591657096706,0.593976966848597,0.110738488612697,0.486954933265224,0.655251024058089,0.0844053127802908,0.107302569318563,0
0.422623338876292,0.663091602502391,0.5483127029147,0.495549674378708,0.705433629453182,0.920170388184488,0.812360027106479,0.161510919220746,0.346740201348439,0.150329877156764,0
0.63059408297101,0.813287701619416,0.976807169187441,0.91821520150248,0.89955322173629,0.243240064708516,0.0801798906177282,0.0182819324545562,0.900417578406632,0.515856479294598,0
0.467009933697991,0.262155264400505,0.297410913323425,0.0327958997335285,0.629619655391574,0.824530065059662,0.52627663849853,0.0562145286239684,0.645492043346167,0.423621913651004,0
0.30580699619092,0.198216547097079,0.397866201429628,0.211731676883996,0.0523890498806722,0.697770985774696,0.434434923809022,0.168554267613217,0.775630922755226,0.27986747561954,0
0.6302040748097,0.304940536504611,0.692366570447385,0.350146896173432,0.430787990341708,0.468467178056017,0.918824673397467,0.145757897989824,0.0610003287438303,0.564382964512333,0
0.567605472148303,0.230184668242652,0.429908923496585,0.637347225510329,0.186660522652324,0.763021230697632,0.723727142671123,0.799629992572591,0.379703240469098,0.752415835624561,0
0.881904868056253,0.637930517908372,0.735214660296775,0.892814711807482,0.553285743338615,0.771885043475777,0.104651369387284,0.41141810384579,0.457028047647327,0.367736233165488,0
0.643580601783469,0.0477848548907787,0.229488476645201,0.205686694942415,0.903838915051892,0.0329437095206231,0.0306467988993973,0.0474380943924189,0.851937978062779,0.365607194136828,1
0.440386747280136,0.457861192086711,0.223353649983183,0.195995668331161,0.1175781376753,0.133204378420487,0.84643287374638,0.800143905449659,0.66387414583005,0.788432478671893,0
0.41775162711218,0.515248594949301,0.238531911002565,0.288857193470653,0.476735115218163,0.376203385181725,0.252180002396926,0.354848950868472,0.729103009449318,0.856936222175136,0
0.91492554726135,0.769562741051055,0.409153127573431,0.398457448259182,0.608110804810375,0.0735320507083088,0.922555395634845,0.584967643255368,0.101375858997926,0.916666161967441,0
0.117785497207381,0.295520027405489,0.280511905459873,0.0830532518688589,0.224258075222932,0.0922192581929266,0.387364531867206,0.961356224957854,0.944327910197899,0.252670358400792,0
0.446245581681654,0.207343935806304,0.502843623424321,0.349008784690127,0.167734121938795,0.847881108988076,0.614639216568321,0.206835548393428,0.93476349231787,0.987274605315179,0
0.105377409198787,0.385963776207529,0.426859472209122,0.159573375632055,0.177555759015959,0.869899259181693,0.737428233958781,0.382372515974566,0.822891762247309,0.466415891190991,0
0.806405091192573,0.733769355574623,0.783951231976971,0.920169415650889,0.547915050527081,0.169290409423411,0.629874755628407,0.493041507666931,0.507460690801963,0.0901005084160715,0
0.182574488641415,0.558861845731642,0.17666973226862,0.57578716410948,0.546469070233311,0.41784221213311,0.912631274899468,0.697287616785616,0.907599671045318,0.31059559318237,0
0.30843846661672,0.281352968654037,0.56667276083529,0.378165520651638,0.26958627455011,0.479623195715249,0.991511386120692,0.992792834062129,0.156973407138139,0.357220350764692,0
0.295046236433834,0.363464260247536,0.129634873871505,0.0311861177196726,0.262626418428682,0.90366709488444,0.0509354034438729,0.264832743210718,0.189244485925883,0.305311053059995,0
0.818045058234595,0.485314985000528,0.812965542053804,0.604968594316393,0.317129437685944,0.95404771855101,0.101711464114487,0.269124712096527,0.824820248177275,0.199230525875464,0
0.268174447481614,0.538834847464412,0.0142681999849156,0.483015836531017,0.410082724584453,0.817856514127925,0.354157277848572,0.60896848118864,0.933612429071218,0.302540950477123,0
0.324563466881588,0.745113852490857,0.464909476988018,0.911302642771974,0.353222642605752,0.568067227257416,0.409570421092212,0.382711505517364,0.339733184315264,0.03189004980959,0
0.804519872305822,0.710455841941293,0.705317704471387,0.382679938276857,0.697795672752522,0.262937670107931,0.3258911811281,0.963177143130451,0.0226997379213572,0.416332616005093,0
0.641979509822093,0.725699492839724,0.981313404970616,0.551625897662342,0.845823974375799,0.445206091273576,0.583927700063214,0.87636082014069,0.375389954540879,0.767026876099408,0
0.844618754215539,0.725910690998659,0.714643249029759,0.421972444627434,0.618712119897362,0.501874978654087,0.494770197663456,0.51636049314402,0.930496939457953,0.758939902298152,0
0.554214554109052,0.352904188244417,0.652914774828032,0.568192754878476,0.875598247331753,0.811737154144794,0.682543316623196,0.629388485569507,0.782169464277104,0.410195484990254,0
0.749895533696003,0.83898825407261,0.618884796447493,0.856676468566898,0.915797564463783,0.150770496809855,0.80234440532513,0.821066412841901,0.802747572306544,0.768130651209503,0
0.477806499707885,0.589261271299608,0.270067988543399,0.0872058563187719,0.370238585347496,0.904278099304065,0.713746035471559,0.81414912850596,0.0654318672604859,0.0296284621581435,0
0.410708692285791,0.387530496548861,0.594108615395613,0.401634226874355,0.470361126944702,0.416260652709752,0.951847107382491,0.875322934938595,0.269474615575746,0.910988597664982,0
0.351773179613054,0.11660628226772,0.2570245164074,0.0834884122628718,0.346500531084836,0.118272601393983,0.0906353567261249,0.870327391196042,0.155591341201216,0.668909983709455,0
0.352008014944009,0.134606829747278,0.409630565148778,0.0628851195297204,0.0725970567000099,0.36418845015578,0.307862873421982,0.53425884898752,0.922149368328974,0.752084789564833,0
0.370771469460055,0.299487342726998,0.319474482401274,0.28572031686157,0.26439632329382,0.586056843400002,0.695858064573258,0.771727450890467,0.268520669778809,0.633245854405686,0
0.241415061142948,0.28406901610354,0.671102319385204,0.285462223213445,0.364532068546303,0.226041265763342,0.209605920128524,0.669242227217183,0.328885504975915,0.338954424718395,0
0.860135970913246,0.685337951514497,0.835838488409296,0.360259178278223,0.309532028340176,0.949074428528547,0.34950765571557,0.787664565257728,0.0829737572930753,0.662760616047308,0
0.396269876929,0.554528869770002,0.850440590595827,0.702480133762583,0.431055619439576,0.909771539736539,0.781503695761785,0.968187142629176,0.0401178917381912,0.384853389346972,0
0.60420830731038,0.803091754375957,0.698782350206003,0.620470996095054,0.640237655471452,0.0832264928612858,0.563458435703069,0.630314326379448,0.454903673613444,0.242265720618889,0
0.0260239238932729,0.365217255951092,0.247316619545408,0.21546269825073,0.365887497624662,0.176173927262425,0.350231928750873,0.250560273882002,0.069828026695177,0.643005327321589,0
0.465925441328809,0.703796407931298,0.71384264492467,0.482723943240568,0.455062647900358,0.291476953309029,0.768781615654007,0.292240560986102,0.239548634272069,0.545764077687636,0
0.502657417493127,0.400203885978833,0.695432137446664,0.885159026243538,0.326996984127257,0.526886916253716,0.834458105033264,0.566201685229316,0.77395640546456,0.816120431991294,0
0.867065038705245,0.941398085520603,0.532518005511723,0.577787409272045,0.86633484627679,0.119151899591088,0.0831182848196477,0.0831628823652864,0.967419589171186,0.969137109583244,0
0.475121739752591,0.477555224712472,0.0605966990238056,0.390706549083814,0.447875751036033,0.904076174367219,0.321142630418763,0.0197786004282534,0.272907094797119,0.949777683475986,0
0.231941926228255,0.233094012095779,0.405735480230302,0.0847412600062787,0.105683509149402,0.882644343888387,0.916841491358355,0.148620197083801,0.894544532056898,0.774434921098873,0
0.264492038422171,0.599945282831602,0.521052211606596,0.194935565949511,0.273577333784476,0.933362323557958,0.899435500614345,0.465879747876897,0.0535995471291244,0.481211069272831,0
0.5275665531056,0.533019363030046,0.460704733616859,0.566242302899249,0.382627017268166,0.192978024017066,0.365915203932673,0.226861777016893,0.153476564213634,0.0903136325068772,0
0.292594911982771,0.0065497727668844,0.121097649401054,0.407438975062221,0.212752038012724,0.284934892784804,0.90551958582364,0.839144416851923,0.311326142400503,0.340104260481894,0
0.076045179739967,0.140106247331947,0.348955664955452,0.561960073206201,0.146591907171905,0.876367799472064,0.935216708341613,0.880651115905493,0.176996370311826,0.986982527188957,0
0.695878467770945,0.670165968250204,0.735225463678595,0.691105242203828,0.579765167687926,0.270800829632208,0.983279217267409,0.916517975041643,0.77165136532858,0.388508365722373,0
0.703379122569039,0.669056434689276,0.617254044257291,0.839655603645742,0.687934273294359,0.694391612429172,0.791791751747951,0.675380256026983,0.0138414751272649,0.532431232044473,0
0.465103928402066,0.808909695427585,0.736040667619184,0.848558066133037,0.450050970505085,0.59264133265242,0.532107159728184,0.812651888234541,0.718505918048322,0.537073605926707,0
0.536291691130027,0.994890266178176,0.549643242729828,0.993343112686649,0.596888251895085,0.410784261533991,0.778042968828231,0.459201988531277,0.0576380370184779,0.332174215465784,0
0.0213443701796234,0.362455948038492,0.188347253656667,0.184435749263223,0.29332341489708,0.658321366412565,0.50470488704741,0.165912653552368,0.775275884661824,0.969830789370462,0
0.648744205601141,0.0753556477647275,0.553670853445679,0.0447698350708932,0.423254068429396,0.382078584982082,0.600243909284472,0.341572516364977,0.785554331727326,0.678967021638528,0
0.474439397730306,0.312139495043922,0.203798316541687,0.174403640063852,0.657545986995939,0.507485474692658,0.78145224112086,0.650268857367337,0.900107910623774,0.0641736190300435,0
0.501898887465149,0.683317771503329,0.75368712012209,0.506776356971636,0.625051233322918,0.0978929973207414,0.481747806305066,0.111905445111915,0.198609603568912,0.399824301013723,0
0.0641814746190794,0.515393857286312,0.0423615976707079,0.233399679246359,0.0524974968917667,0.72219330095686,0.395514245610684,0.401403505820781,0.449859393760562,0.5953981843777,0
0.498388651673123,0.799099878343009,0.391865872365236,0.293467384760454,0.915675603892468,0.337454175809398,0.853995417710394,0.714214231353253,0.159917795332149,0.176495681051165,0
0.632658447561692,0.980929815713875,0.677621494496521,0.619134846683871,0.971154081720766,0.521841345820576,0.497629000106826,0.636181965470314,0.711206250591204,0.0856220822315663,0
0.898301592271402,0.495159407319501,0.61049202064313,0.382015266561881,0.458218491965905,0.946020580595359,0.118467066437006,0.360432795016095,0.875980552751571,0.704420418711379,0
0.395365892709792,0.391333742871787,0.151575070885103,0.685566870384384,0.272765619039815,0.872169700684026,0.365050228312612,0.846805450739339,0.651065039914101,0.152466270839795,0
