"1","2","3","4","5","6","7","8","9","10","class"
0.595136271957308,0.863666010773741,0.810041127293371,0.719747247486375,0.644935637647286,0.0935399166774005,0.624813547590747,0.0791350288782269,0.183353706495836,0.995759314391762,0
0.852125746363867,0.500341382388212,0.607541723060981,0.261807019469049,0.783187526066788,0.319859523326159,0.14491603965871,0.780092510394752,0.44033849099651,0.113406800897792,0
0.850460285209492,0.766701796675473,0.409913602284342,0.452630126911402,0.521789788442105,0.105991188203916,0.971356002846733,0.78534406167455,0.951729730935767,0.372803647769615,0
0.612086074659601,0.534722717478871,0.769679351942614,0.809523538919166,0.463993474142626,0.392475020606071,0.627666340209544,0.224958529230207,0.452261065598577,0.493157942313701,0
0.435277245547809,0.306545311896503,0.194267515929602,0.270559142285585,0.3881805193251,0.338011793326586,0.461425398942083,0.0234685409814119,0.839311297051609,0.0611616990063339,0
0.692479559001047,0.225127894038334,0.391164323051926,0.569588734435849,0.25554023944214,0.947342452825978,0.730681034969166,0.554933962645009,0.702679787529632,0.300504485610873,0
0.457507274167985,0.00599482023790479,0.375032057003677,0.543328351458162,0.497859518481791,0.350958375260234,0.175323934061453,0.414954962674528,0.350375800393522,0.736683362396434,0
0.765932715963572,0.547697605099529,0.861799710430205,0.551663785940036,0.980835554422811,0.241069255163893,0.187720727175474,0.353837410453707,0.91237082798034,0.465385595569387,0
0.678453230448626,0.541741143932566,0.483746410256997,0.406313588199019,0.490949723005667,0.184291249141097,0.643817053409293,0.741535764886066,0.65603680559434,0.329927547601983,0
0.856819066635426,0.892348355808482,0.40587075086534,0.437833054124843,0.79629728760859,0.494048476452008,0.0874701810535043,0.661013308214024,0.417928751790896,0.492924382910132,0
0.965485481962562,0.49031774151884,0.957950692962855,0.673286992600188,0.289333081085235,0.115234799217433,0.316907957196236,0.0280049203429371,0.927364253439009,0.0606818294618279,0
0.316502805566415,0.478953904937953,0.128661619732156,0.217596016824245,0.579512825468555,0.441370197338983,0.0384098473004997,0.400283511495218,0.903535591671243,0.127298594685271,0
0.889825006946921,0.224581823451445,0.0940320037771016,0.691634946735576,0.321097171166912,0.47989469813183,0.529069860232994,0.0238130488432944,0.565596044994891,0.196935244137421,1
0.817041492898855,0.443388893279899,0.295730707590561,0.832943033176288,0.468659196177591,0.0114905291702598,0.103696052683517,0.124655505176634,0.0864479651208967,0.31852236459963,0
0.749770391869545,0.438274633155763,0.850122413577139,0.579461466169357,0.887022173544765,0.777756198775023,0.525721192592755,0.471234801691025,0.959353904705495,0.0777462581172585,0
0.754554778782651,0.637719459199347,0.654178371769376,0.668360556906089,0.712624533359427,0.327984862960875,0.0984628172591329,0.686957471538335,0.369471915764734,0.342841253615916,0
0.548848003881611,0.606486772123538,0.650346880971454,0.667332469279319,0.887397683585994,0.350414590211585,0.89771531149745,0.492038120282814,0.15087852627039,0.729031906230375,0
0.668247185602877,0.7840132789772,0.983758367166854,0.919719784573093,0.997600997280981,0.584401744883507,0.41278516384773,0.0784769591409713,0.402792370179668,0.872164316941053,0
0.143876045400277,0.683425354526937,0.205650336136296,0.595663131493703,0.805681143311784,0.34717563749291,0.077955424785614,0.409568187082186,0.76204891060479,0.0303637096658349,0
0.292593126805779,0.192302532911208,0.691013597282954,0.692115689373575,0.859035641958285,0.0559608957264572,0.818452931707725,0.294987375615165,0.56560300453566,0.967526908731088,0
0.211789147397503,0.899080074422993,0.716212878774852,0.424552387340926,0.441483758197166,0.110411843052134,0.34469767822884,0.665332957869396,0.367085928563029,0.214760973816738,0
0.455144624893926,0.679190915719513,0.433583241294976,0.637279204692785,0.575029190354981,0.447240960085765,0.0854495083913207,0.8459955425933,0.480659276945516,0.117126524215564,0
0.7231162878111,0.480064194634557,0.468139898857474,0.587063727328926,0.785431423614174,0.676888047484681,0.277591769583523,0.42524586408399,0.779166477033868,0.261622421676293,0
0.687994453362282,0.85657132795332,0.982844732891489,0.91904334433144,0.763901218883507,0.479166643694043,0.589251696830615,0.664433168480173,0.231999665265903,0.552272314671427,0
0.435749132674746,0.969470817005262,0.769330669680051,0.56160755624827,0.508794632142037,0.691106046782807,0.844213816570118,0.667748759500682,0.711528143147007,0.87805234012194,0
0.334305945935193,0.418155149773229,0.536013751523569,0.490641305376776,0.102866870090365,0.473132267827168,0.72277253610082,0.272080965340137,0.887295223306865,0.143243403406814,0
0.552849980950728,0.682662366732955,0.520169453833625,0.0363106920324266,0.370051053448766,0.710985030280426,0.970027713803574,0.50250174314715,0.885657166130841,0.232006900943816,0
0.272930956424586,0.873308664578665,0.894737299846206,0.426296707576979,0.923120351773314,0.0515647970605642,0.10562908090651,0.757909504696727,0.665470849955454,0.864079415099695,0
0.580154131866805,0.523654570859671,0.390177513384633,0.435978314847127,0.276657411470637,0.685148011660203,0.366629762807861,0.305919904727489,0.380512025672942,0.535634597297758,0
0.491585861576907,0.27681276614815,0.949137035733834,0.576152850519028,0.44283415234359,0.0465043501462787,0.630614294670522,0.131237902678549,0.304569460684434,0.186446998035535,0
0.587415382331237,0.0551042288001626,0.2779053595718,0.095359868651256,0.438825822120532,0.233348392182961,0.668095610570163,0.80885858903639,0.42913747089915,0.687330657150596,0
0.537750390837621,0.432321625342686,0.702950378740486,0.0382709795374424,0.188206145646051,0.500214929925278,0.816670135362074,0.91003195871599,0.140794219914824,0.683440809836611,0
0.68895773622524,0.83937528224308,0.959391025842167,0.838495420395583,0.730941256239824,0.503652505576611,0.480846324702725,0.974173712776974,0.213005738100037,0.415210176724941,0
0.50899061257951,0.882311427034438,0.794740172568709,0.914436197141185,0.591074712574482,0.519960262347013,0.828368542017415,0.12808117014356,0.639405268011615,0.525980945210904,0
0.15792574201636,0.118617786864936,0.487954710132629,0.00707718499749899,0.531177379392087,0.217731531010941,0.328258369350806,0.498575799865648,0.952948975609615,0.255068637430668,0
0.595060008468572,0.42524240976898,0.7823084774171,0.497933053326793,0.464326493553352,0.42480238340795,0.680848667398095,0.816394440596923,0.24424855876714,0.845334330340847,0
0.214454422198795,0.361449047177657,0.135127816958353,0.157047205801867,0.248572352221608,0.853175400290638,0.0735068041831255,0.526125366101041,0.749796153046191,0.947186297504231,0
0.77993699758146,0.960938336977549,0.563174227812607,0.51078552404996,0.673461283870973,0.0615448202006519,0.317655531223863,0.114396160235628,0.0676980349235237,0.383761224569753,0
0.529689407249913,0.543536639421061,0.351995963389054,0.507577055834606,0.484754108816013,0.611255369381979,0.524986308300868,0.391075980383903,0.073453351855278,0.554890647064894,0
0.726527890237607,0.665560911806393,0.359268403290212,0.51726450698413,0.516186260338407,0.0920923817902803,0.454596303170547,0.926315174903721,0.546242135576904,0.381743186851963,0
0.309676416036673,0.400792969747446,0.557239569834433,0.430355406757444,0.184107386425138,0.760475406656042,0.991612039972097,0.392605923581868,0.820196247659624,0.982618694193661,0
0.599242311239988,0.758478335097153,0.616454839331098,0.766366718826722,0.830935317746829,0.218565464718267,0.648527359589934,0.870377785293385,0.0256697048898786,0.75757449422963,0
0.77326287879385,0.902051944253221,0.845737580731884,0.867907902633399,0.602693706015125,0.816944858059287,0.383831546176225,0.842679514549673,0.208962473785505,0.123845068272203,0
0.0015879951289855,0.297339550322853,0.0776700969104655,0.341367605235334,0.374246090135537,0.532431026222184,0.139225182123482,0.710145963355899,0.699314127210528,0.13338322751224,0
0.353177155052312,0.333802287916094,0.18217680320628,0.367990185247362,0.223862481112778,0.989806703757495,0.32456167624332,0.763794506900012,0.0780935636721551,0.342213338939473,0
0.451744018403348,0.0782423208500259,0.0835717995436862,0.412943347556982,0.267264306718949,0.0399858048185706,0.485310120973736,0.843755571637303,0.327098126290366,0.401845034677535,0
0.579879121338949,0.700836770085618,0.607171832234785,0.88649619477503,0.645759735031053,0.305692564928904,0.679538718424737,0.592206551227719,0.378633868182078,0.864089095266536,0
0.554684702205472,0.467408520851377,0.757437491135392,0.545237500953674,0.934460550272744,0.514590910868719,0.923700331710279,0.148278289707378,0.556178642204031,0.770599046256393,0
0.35756751162298,0.35174615003299,0.694942114900425,0.503046488518454,0.722933062544651,0.332875452702865,0.0906293189618737,0.929191253846511,0.912670392310247,0.192643380491063,0
0.783497681757342,0.372748365863319,0.697496229689568,0.752546065168828,0.742792622839659,0.478770958958194,0.466873257420957,0.802383388392627,0.142196085071191,0.881560207111761,0
0.625926805064082,0.452578169107437,0.824347682101652,0.901074483580887,0.505358677636832,0.582897911081091,0.380506348563358,0.684604041045532,0.00702033517882228,0.614590408047661,0
0.27070551016368,0.0253120039124042,0.156371591612697,0.488925965037197,0.0981538381893188,0.349714594660327,0.840612610336393,0.169319343520328,0.156540618743747,0.457799234893173,0
0.0427512227548286,0.431743551735394,0.466756401897594,0.220534363934398,0.196814725747891,0.345320517197251,0.134303173748776,0.312788546551019,0.297094297129661,0.414419396081939,0
0.177948855763581,0.0352231394419447,0.436047247640789,0.529247307247575,0.532939085335843,0.787085224641487,0.480936891399324,0.636215664912015,0.979295834666118,0.739823404233903,0
0.877822478112578,0.453907663465291,0.397849595073611,0.693925475172698,0.312120396540314,0.2598211474251,0.0711960855405778,0.432855636114255,0.0950140655040741,0.759920712560415,0
0.0121372350435704,0.0814733060393483,0.450670947295614,0.385692120613065,0.314504144096747,0.0455414070747793,0.390324944630265,0.590162051841617,0.685865085572004,0.431022988399491,0
0.244971870655939,0.172731590744294,0.0828560567358509,0.256052746864222,0.163033754118159,0.213197474135086,0.106169684557244,0.100561742438003,0.710726284887642,0.983027739915997,0
0.729943848657515,0.22843613431165,0.318215574209672,0.22296455786787,0.764314540331531,0.0269952057860792,0.4862401697319,0.948233161121607,0.146225592354313,0.988515574950725,0
0.576563326175883,0.587794091629982,0.382496968384832,0.363118230862543,0.659995616826415,0.69639394315891,0.818869845708832,0.958660855423659,0.42415866185911,0.750066159991547,0
0.417119933059439,0.330889391247183,0.0349071808159351,0.359678340842947,0.409008835442364,0.396720278542489,0.410851538646966,0.067298240493983,0.23645887314342,0.295270390808582,0
0.351855942388996,0.325020494151861,0.200807747676037,0.22975897456985,0.364027786974795,0.0118076438084245,0.399000897770748,0.923313755309209,0.553018753416836,0.687580605968833,0
0.284385158513486,0.157279972959403,0.308315271542408,0.0199046365778893,0.112027642136253,0.50241361069493,0.960491811390966,0.383999445941299,0.00673739868216217,0.410003732424229,0
0.249965042138845,0.325386086342484,0.478798460815102,0.23628602341488,0.175288648212701,0.440482988255098,0.487061738269404,0.501786428270862,0.0876121858600527,0.438460019417107,0
0.608104464592785,0.0457642913829536,0.600382210956886,0.646497928169835,0.288432205512095,0.263467863202095,0.586384846828878,0.563561375485733,0.788535920903087,0.569007412297651,0
0.391298364968598,0.179921080979891,0.265668602439575,0.406206937260926,0.111538722998276,0.72555618151091,0.213979077059776,0.230858793947846,0.85218385537155,0.426695111673325,0
0.638429573417641,0.692176929126494,0.706255084608681,0.934585886260029,0.828285959875677,0.571005197009072,0.708700672723353,0.365674842614681,0.212189212907106,0.704914852045476,0
0.673527753052861,0.638891688189283,0.260374649012461,0.969060699414089,0.250880555127934,0.966771990060806,0.445732908556238,0.803620704449713,0.3234594296664,0.490210579242557,0
0.512949617579579,0.277229834347963,0.320204730378464,0.169410151429474,0.103272986831143,0.615091301966459,0.889428579015657,0.337576626334339,0.801045819185674,0.935579409589991,0
0.132879070529901,0.0534264942156151,0.535733451469243,0.393021688584611,0.281628281226754,0.0752863541711122,0.930545373586938,0.174657317809761,0.509110425366089,0.709076791536063,0
0.934508234394994,0.649291149753612,0.893679897148721,0.591792522033676,0.399268546973355,0.239324289606884,0.344917442882434,0.0600254812743515,0.208716878667474,0.0572421099059284,0
0.836856740592048,0.94718363933824,0.847695313153788,0.791128572771326,0.694436289494857,0.900696692755446,0.942466530483216,0.642839343752712,0.00206878292374313,0.877025913447142,0
0.933257801233418,0.664321429828741,0.760387331010774,0.629236912865378,0.602894521911722,0.914984496310353,0.536996213486418,0.461711509851739,0.23522507189773,0.891890936065465,0
0.405348523918167,0.507520256136172,0.207389025543071,0.264180162059516,0.396334862277657,0.254488175036386,0.239849450998008,0.781138484366238,0.828945254907012,0.176939198281616,0
0.382531970190164,0.628298042844702,0.611613092273101,0.373223861645814,0.480536035053339,0.71383151342161,0.428819580003619,0.344880905933678,0.992137279594317,0.868430543923751,0
0.568937142096087,0.674168428757042,0.515223840143159,0.59816200379394,0.507410203519836,0.64788690302521,0.293842171318829,0.462916432647035,0.516436072299257,0.832146314904094,0
0.0816569901071489,0.366838427667972,0.183206850080751,0.13770605053287,0.271967989508994,0.477718346519396,0.640045788371935,0.966034959070385,0.816449990496039,0.866295228013769,0
0.453441559327021,0.833611741948128,0.961588090198673,0.876664422165044,0.560929255726002,0.865641746204346,0.854039554717019,0.288654102478176,0.483108193147928,0.163031104719266,0
0.868042454031017,0.846714062887523,0.374868584240973,0.64279134154534,0.463727690764423,0.595427378080785,0.866077612852678,0.28010550327599,0.852106833597645,0.622979385312647,0
0.54013582951203,0.433097168400139,0.813624597512931,0.813839575532824,0.747436283176392,0.611674788640812,0.792438826989383,0.945250493474305,0.598509891191497,0.723588781198487,0
0.665757694514468,0.917297850362957,0.945826157461852,0.801506252959371,0.947249890537933,0.308280901284888,0.677197792567313,0.630098324967548,0.121438406640664,0.571579274721444,0
0.544837707710452,0.878356811192818,0.886287416622974,0.34493797121942,0.831559539322741,0.675650421064347,0.235509240534157,0.787806942826137,0.791310332482681,0.368663599714637,0
0.902278664567415,0.237473515826091,0.616198856663145,0.46195377740683,0.922222408991866,0.67539423960261,0.0437843380495906,0.496124744648114,0.376677088905126,0.786788591649383,0
0.946113724849746,0.997318208159879,0.31066139796041,0.391363946224749,0.383103453195095,0.257276351796463,0.0749784586951137,0.189684862038121,0.923328673699871,0.434075445169583,0
0.201061823643558,0.226916363093443,0.42126488837814,0.14391181184398,0.220869880324975,0.284587490838021,0.0818270202726126,0.290024180430919,0.612544603645802,0.726998881669715,0
0.777640974149108,0.513776683947071,0.524189860327169,0.382968788500875,0.310819380683824,0.854766852688044,0.953625266440213,0.560230719624087,0.930558616528288,0.640902911312878,0
0.733791474406142,0.814243174818344,0.645482323003467,0.292697070282884,0.392493449378293,0.596080715535209,0.36460298509337,0.928930007386953,0.373535752063617,0.695553698576987,0
0.752366836504266,0.874210523475334,0.616170702015981,0.90942509197183,0.378671055774763,0.272885929327458,0.354206403717399,0.52504592994228,0.754059278871864,0.7840693120379,0
0.719079018803313,0.760594801511616,0.322906003100798,0.566815575119108,0.679083229741082,0.447811163729057,0.836965027498081,0.404353351332247,0.000409384025260806,0.521300249034539,0
0.284384158309177,0.222083815553971,0.355211314022168,0.221024641715363,0.00696082703750578,0.353527023456991,0.792454700917006,0.201506300130859,0.666012607049197,0.721513555850834,0
0.336095364491921,0.44182631695671,0.275098752078228,0.0444546803827398,0.247375779900327,0.664993308950216,0.0234947972930968,0.936965389177203,0.05512934201397,0.28752850019373,0
0.350988813268021,0.333051442278549,0.328541504783556,0.117651924861595,0.105227442357689,0.0188419974874705,0.560190040385351,0.397296549985185,0.714424957986921,0.919758066302165,0
0.358730083388928,0.438058189238515,0.720920402838569,0.662656472752988,0.762873944708146,0.697812624741346,0.114515031455085,0.846757211023942,0.824317273218185,0.49131293874234,0
0.415953362078592,0.0503636620907113,0.423437166721188,0.484851437377743,0.136531063945405,0.120372290723026,0.521973256487399,0.528428272111341,0.0405170475132763,0.382295141695067,0
0.956672826768365,0.620829038720299,0.81826205512071,0.629751227153093,0.66851030537039,0.0338499492499977,0.371392823057249,0.109600928612053,0.47885770117864,0.370507181622088,0
0.388519669808075,0.203581184185669,0.379308160610124,0.29144325802438,0.117186366827413,0.424402046017349,0.85327618313022,0.578812561230734,0.619620278477669,0.757849441375583,0
0.517947133053094,0.246837007355411,0.33099595710123,0.704919819740113,0.303991251620464,0.296058427542448,0.880805096821859,0.706174901220948,0.853727123234421,0.575737245380878,0
0.060289905872196,0.333216703496873,0.173716857330874,0.0591890211217105,0.387297588400543,0.947743448195979,0.610132140805945,0.330077261663973,0.682437271578237,0.290203800657764,0
0.327050961155351,0.565623212625645,0.558684923444688,0.434283563002571,0.116298382841889,0.317491534398869,0.132872280199081,0.79591406066902,0.355993729550391,0.975775345694274,0
0.623860852327198,0.974169305060059,0.780612050555646,0.543769697658718,0.871836198493838,0.620298602152616,0.41572742187418,0.746600667480379,0.750035060569644,0.281633473467082,0
0.814169306484889,0.891798991504125,0.862232671057154,0.308060018887185,0.273366621777415,0.578521635383368,0.691412404412404,0.687270134454593,0.53506167489104,0.540016470942646,0
