"1","2","3","4","5","6","7","8","9","10","class"
0.753229912989773,0.768313151090406,0.77490112547297,0.777732831849717,0.71909385278821,0.366946798982099,0.865218114806339,0.422592586372048,0.974752506706864,0.643266953993589,0
0.460311209694017,0.543291565066297,0.503937966868188,0.508393088565208,0.572886505655665,0.991765873972327,0.641885354649276,0.070942266844213,0.173870171187446,0.212874409742653,0
0.628427389936149,0.715780399505794,0.481627769903839,0.669724131970107,0.715626409487426,0.456006738124415,0.525817228015512,0.593531731981784,0.493379309307784,0.941479918314144,0
0.780749271431286,0.608536070510931,0.481069224959705,0.352862420950551,0.776080728305969,0.94399336585775,0.0503041730262339,0.955113913398236,0.471964865224436,0.907241859938949,0
0.364257795270532,0.320764712058008,0.385889437748119,0.175737464334816,0.208842467982322,0.232237925985828,0.0541233443655074,0.498640207340941,0.00480001838877797,0.741053906269372,0
0.625534460539464,0.550425718857441,0.293486187235918,0.311184690500144,0.496013307030313,0.527724853018299,0.933211899828166,0.833049847045913,0.886778777930886,0.422336150193587,0
0.242363712750375,0.174999451234564,0.0149397511489689,0.1735954652749,0.227977059341222,0.948484079912305,0.542558542219922,0.74930327758193,0.197120144031942,0.135869304882362,0
0.522857097908854,0.456843107938766,0.674617777811363,0.571886449819431,0.478857232723385,0.843381849117577,0.84682634472847,0.490813671611249,0.727324128616601,0.740796033991501,0
0.56240392525252,0.452989585338533,0.415453477706201,0.484448109281063,0.427573273268342,0.259331333683804,0.789561310783029,0.433638324728236,0.761657054768875,0.520229233894497,0
0.782505159322265,0.833640892819874,0.671599024552107,0.757916462465283,0.612474818490166,0.429453501245007,0.696517696604133,0.831950245890766,0.0255575503688306,0.622105899266899,0
0.89535859923251,0.564828061847016,0.701860546337441,0.777513004815206,0.762201172349975,0.553608734859154,0.590830944711342,0.308705379720777,0.290402865037322,0.580593878868967,0
0.203121642191801,0.199528390599508,0.13784820243679,0.036672453640867,0.139589438460954,0.0386470269877464,0.632744898553938,0.260517172981054,0.147449858020991,0.382220889441669,0
0.210713990248181,0.210323705051281,0.169650408723019,0.0111036014826968,0.162306623187475,0.936174286296591,0.962063495302573,0.249436376383528,0.782020557671785,0.564736944623291,0
0.459164633026999,0.425989200438187,0.500982315372769,0.427181680885982,0.365986386578623,0.899734020931646,0.470319208456203,0.15441477461718,0.463767066830769,0.113372889580205,0
0.987867666578293,0.590211085617542,0.721274571034312,0.708181770829484,0.755577941287682,0.0134549103677273,0.657495400169864,0.815236715599895,0.843796552624553,0.294828587444499,0
0.773538569350727,0.882127695283852,0.715998351452872,0.728746458228678,0.760741742907558,0.014125618385151,0.868057090323418,0.955479900352657,0.864422434475273,0.317037891596556,0
0.368739579871483,0.54636585370861,0.324977256619558,0.682117237715423,0.354950002257526,0.441034919815138,0.588708698982373,0.927047345088795,0.990868493216112,0.271613086340949,0
0.12212692542607,0.0957581029838883,0.123884650897328,0.120435345638078,0.114038628824335,0.388455913169309,0.625981611432508,0.135707890149206,0.899205497466028,0.0374114937148988,0
0.796670953156054,0.885543568871915,0.607305247090757,0.858176412126422,0.8476566488415,0.851807747734711,0.629605510970578,0.845953547395766,0.699180298717692,0.273861714173108,0
0.867558947878052,0.878185712600499,0.646718161293771,0.801608806034457,0.66189636949664,0.774048414081335,0.431320518488064,0.225468270713463,0.596744058188051,0.819030964979902,0
0.957358561187051,0.74119983444456,0.713662631707266,0.74828355566971,0.779641484581865,0.112399999750778,0.419601372210309,0.454603008925915,0.976171452784911,0.401946922531351,0
0.530386050033756,0.631354345491715,0.879645415487979,0.702972408139054,0.7810647056235,0.742153168655932,0.642604536609724,0.143224796745926,0.0467354524880648,0.877811401383951,0
0.234602960022166,0.102047864936292,0.349664036476985,0.244668108045682,0.429047567456588,0.276756828418002,0.00213862373493612,0.840941057773307,0.854571010684595,0.355424712179229,0
0.205739293489046,0.147501192939933,0.253901000094507,0.269812868603133,0.16232941094432,0.114601819543168,0.121939887525514,0.0467091803438962,0.267149199265987,0.825339795090258,0
0.184965359185636,0.62817429720331,0.341196459775977,0.217558208154142,0.467326696721837,0.493917640997097,0.537865918129683,0.326483049197122,0.0546409802045673,0.652361108688638,0
0.358217317929957,0.44194237007061,0.5944674875075,0.312066585791763,0.382017824889626,0.520256764488295,0.0804754660930485,0.695328920846805,0.00738832796923816,0.236490225419402,0
0.444783825768903,0.669697066197917,0.833579207409546,0.741913987473771,0.719317244345322,0.122649575583637,0.533844489837065,0.185776038328186,0.975636756513268,0.344482706394047,0
0.31742931556534,0.122177417267952,0.193780426718667,0.211814449298661,0.307688096826803,0.571078810375184,0.188084289198741,0.0447588399983943,0.966056662378833,0.849189447471872,0
0.374830635345541,0.493737348524667,0.639008320224471,0.299430512800626,0.281502476076782,0.280718772904947,0.726964651839808,0.242011181777343,0.415111204143614,0.534551098477095,0
0.169397875673603,0.435899220585078,0.27066547112735,0.314260750072822,0.0554959177905694,0.494959313655272,0.928711971500888,0.72660888498649,0.811529249651358,0.297798404935747,0
0.367925176519901,0.357372577661648,0.408841937251389,0.374929418960586,0.783030459370464,0.517352883471176,0.21517351618968,0.130109987454489,0.435297850752249,0.00864861719310284,0
0.806919876783993,0.864307554629352,0.793814854354504,0.760494497092068,0.829332480085269,0.228709190152586,0.783305229851976,0.84209325327538,0.481642661383376,0.821226333500817,0
0.255590909108892,0.155041171899065,0.133820822404139,0.00939649103414267,0.186691801857203,0.859481580089778,0.223015973810107,0.559783537639305,0.456156022613868,0.130665793083608,0
0.613327782540116,0.679118472800404,0.617277787864301,0.755760231022723,0.496561361710634,0.213880775729194,0.493766655214131,0.660083681112155,0.646197806112468,0.609978332417086,0
0.864571143272147,0.892929024803266,0.880204683744535,0.904261110528931,0.985136381330714,0.440798001596704,0.406708292895928,0.761739873792976,0.0268881022930145,0.362361234612763,0
0.279272740006447,0.282163195585366,0.137428826173767,0.317423670406453,0.104120013813488,0.120651094708592,0.239733636844903,0.339956804411486,0.599714625626802,0.115874020848423,0
0.539522293159925,0.882704667873867,0.555165273343772,0.763322435189597,0.857374862862937,0.452541932696477,0.200313996756449,0.542264475720003,0.0877758874557912,0.898865151684731,0
0.150174894232024,0.253665932646114,0.17537174584996,0.176191414642055,0.19384624474952,0.775182864861563,0.885332914302126,0.406956467311829,0.530550041468814,0.804561201715842,0
0.456822787876427,0.669941200840846,0.45272594230473,0.369374245253578,0.652583472127467,0.714532552286983,0.125209524994716,0.202531606191769,0.525174060603604,0.892946309410036,0
0.439308671595342,0.425019162449799,0.470111213334091,0.581611650716048,0.443589605925325,0.513707019621506,0.850134599022567,0.451473529683426,0.741124586435035,0.625450171530247,0
0.329808681230992,0.495756744273007,0.22766236568056,0.253645014325157,0.325033169936389,0.851122051244602,0.752636214951053,0.848292880691588,0.58749361988157,0.0843383017927408,0
0.851767872216739,0.900769107167702,0.772691603585333,0.942965970376879,0.773367088468932,0.80817451979965,0.107505731517449,0.0417949035763741,0.343198939226568,0.0859433216974139,0
0.0971558097340167,0.0510692240342498,0.223439770750701,0.0528009573914111,0.406737275004387,0.824796351604164,0.610864374786615,0.642904948676005,0.883201579330489,0.912747621536255,0
0.312024484945182,0.699202340591513,0.411103244515136,0.694697440516017,0.318989386195876,0.933592604240403,0.731314529897645,0.911198935005814,0.945860034553334,0.762820498086512,0
0.98516878252849,0.820268029812723,0.714156175497919,0.800218591466546,0.820456211920828,0.250735036563128,0.592411758843809,0.991431692382321,0.248366177780554,0.603026064578444,0
0.182403217579704,0.211254299171269,0.334204965822864,0.406570213070605,0.0746351504940539,0.375777384731919,0.563709491863847,0.0489213499240577,0.907035576878116,0.784202584065497,0
0.578099071622267,0.722578657235578,0.547822485752404,0.826377900843322,0.660228899371624,0.573991216951981,0.259279826423153,0.95513683068566,0.750688466476277,0.708136808825657,0
0.837263125054352,0.953672569795977,0.738709719168581,0.665034156540968,0.699695598032419,0.292264846386388,0.42173704598099,0.146015526494011,0.12627885513939,0.420180925168097,0
0.411279090612754,0.45969575204663,0.365480022487789,0.502143022718467,0.529037956197932,0.10899482271634,0.230176112148911,0.746095570735633,0.270570700988173,0.13659803243354,0
0.223757360099256,0.12582297006743,0.274002189931646,0.148543983033765,0.224077467788011,0.149987279437482,0.257447596639395,0.556452522519976,0.092281756689772,0.156545515637845,0
0.531430610083044,0.367537464313209,0.334550993554294,0.329706300571561,0.685293959788978,0.014066101051867,0.857888005906716,0.896256536943838,0.305098511744291,0.665777191752568,0
0.618833233369514,0.627155106049031,0.541018035029992,0.567847019061446,0.804536493960768,0.322444097837433,0.970844557508826,0.275096683064476,0.499375589657575,0.0160445678047836,0
0.892211342119239,0.773868111376651,0.800689609162323,0.794969183292612,0.896843137936853,0.432018592488021,0.421120862243697,0.993877368746325,0.825323381228372,0.290562722366303,0
0.0849114065924659,0.234126583640464,0.296766324788239,0.147404636181612,0.0293634207458235,0.0900501434225589,0.27792001562193,0.0855568223632872,0.614099851809442,0.761509771458805,0
0.299292904033139,0.445046947927773,0.0858244443181902,0.387168562977388,0.457894772942364,0.879226715769619,0.169671380659565,0.618710450362414,0.648116729687899,0.450404898030683,0
0.0887493283823133,0.144614872056525,0.284549211445265,0.261544569869526,0.263745972543024,0.657694919034839,0.452834106981754,0.999721941072494,0.643397783162072,0.517545417416841,0
0.176714341389015,0.347813525237143,0.422814888181165,0.421233888249844,0.443858457962051,0.50877272314392,0.637200257973745,0.436903827823699,0.098566215718165,0.966264557791874,0
0.95724322920125,0.82157273619445,0.669149541392643,0.939334918090701,0.586044445673656,0.211560903117061,0.177178989164531,0.0342586853075773,0.197670043911785,0.581553615396842,0
0.904650830945373,0.997508993731439,0.716376144172996,0.868726204790175,0.735041728086024,0.107218616642058,0.511951173190027,0.829440418863669,0.0455707053188235,0.369661066215485,0
0.715605559507292,0.488484118488897,0.404273191627208,0.738728082442749,0.704396453737188,0.754250211641192,0.631692597642541,0.254770454484969,0.250732298009098,0.953135721152648,0
0.473362863486633,0.500020278686658,0.568396442712285,0.587960670874454,0.467045385943726,0.548902523703873,0.810150631703436,0.974895175080746,0.104669326450676,0.526409700978547,0
0.982384587316588,0.826321967484523,0.952805727522727,0.834079700337257,0.767351952577941,0.615076383342966,0.268128670053557,0.31992925493978,0.913586198585108,0.138973867287859,0
0.00165923902131618,0.24760203765966,0.00572995411381125,0.267029916875809,0.0982515165839344,0.643279293784872,0.893858761526644,0.582110981224105,0.864639134379104,0.029647835996002,0
0.269994320364017,0.0334822983231395,0.0155240257149562,0.0806395353891887,0.154694197081029,0.450782215688378,0.0140083262231201,0.341248620534316,0.103339832741767,0.515981022967026,0
0.603739782401547,0.405443520967104,0.559222813933529,0.802052157399058,0.768589257249609,0.336793499533087,0.227384392404929,0.984362588264048,0.0529401625972241,0.558369422331452,0
0.813126549457666,0.846831608228385,0.693060034176335,0.751133267124649,0.885956818800885,0.525203444063663,0.977996026165783,0.554532858310267,0.751861570868641,0.564988137688488,0
0.221465581095591,0.307305676490441,0.34824979079403,0.129118909109011,0.405426869488135,0.212486987700686,0.505295744631439,0.910693373763934,0.718454356770962,0.578717689728364,0
0.1319651332682,0.0438055830308236,0.0994275222632103,0.191306584458612,0.107227044782322,0.224870303180069,0.0448791768867522,0.656507937703282,0.0492257482837886,0.911565132671967,0
0.931064606346563,0.855068125467189,0.792756571654789,0.957824752772599,0.866571602290869,0.281517420662567,0.483036496909335,0.690648090094328,0.184778585797176,0.236943651922047,0
0.598750010584667,0.541666432948504,0.614908677214384,0.326832179230917,0.285049592820462,0.464261927409098,0.459578381152824,0.209606586955488,0.67536461004056,0.779782202094793,0
0.151829119350761,0.353311374410987,0.158469212753698,0.0674200983047485,0.446714680708945,0.868866888340563,0.651272078044713,0.267032495466992,0.839567469200119,0.988947090692818,0
0.621922460000683,0.767540680835117,0.88339438662855,0.71606739977356,0.663023704257049,0.417584653943777,0.534996614092961,0.0898152110166848,0.654551392886788,0.182773188920692,0
0.766542947647534,0.723834983201697,0.96008570957426,0.771031996638328,0.739822554780543,0.204591017449275,0.955524214776233,0.167079069884494,0.356512128841132,0.381817842833698,0
0.266791774497274,0.457458308294509,0.23973487938391,0.278711119835265,0.411146314699482,0.392745405435562,0.544992535142228,0.982447915943339,0.330447529675439,0.55351554020308,0
0.303631148513779,0.347917874591425,0.324631958898529,0.126278142578527,0.363294436303154,0.614831840619445,0.551876635523513,0.200676264474168,0.424134723609313,0.025491978507489,0
0.438556906364392,0.202278868730646,0.123727000243962,0.193982875449583,0.0145631593535654,0.293861762387678,0.487308897078037,0.486136861378327,0.0802026235032827,0.214906679932028,0
0.909663806837983,0.955349145847559,0.718782345175743,0.912614707118832,0.622134808797017,0.5492533238139,0.41006014472805,0.247853881213814,0.953582658898085,0.5361106779892,0
0.467473520410992,0.415048972751573,0.288059158737678,0.263097542420588,0.513291092821583,0.223723564296961,0.413355168187991,0.71845392556861,0.148541352245957,0.00253500882536173,0
0.705922244476154,0.758281460081786,0.736606019999459,0.610721014279872,0.73348376102224,0.874673906248063,0.659622702049091,0.668272176291794,0.812949948944151,0.752591988071799,0
0.346637349837366,0.624220252935868,0.48711820926806,0.496923459738307,0.77688001605561,0.293867187807336,0.269749817904085,0.213908326579258,0.200251227244735,0.168275432428345,0
0.23064062774647,0.0714123590523377,0.151921453254297,0.150249864283018,0.246637393213809,0.249746714020148,0.0852875222917646,0.656242764322087,0.595347801456228,0.255164750386029,0
0.577615921152756,0.968616962898523,0.194777664262801,0.285537508316338,0.0231395643204451,0.650619889609516,0.884352416964248,0.896210318664089,0.109296292299405,0.698263359023258,1
0.514067968064174,0.238955725596473,0.494000910228118,0.239535899495706,0.222983742107078,0.0371950154658407,0.419296475127339,0.418186240363866,0.850716060493141,0.889147157547995,0
0.557497869377956,0.501322155351844,0.48700656680055,0.546518467200268,0.892491080073919,0.809639323502779,0.905155464541167,0.115052346140146,0.43368582194671,0.736585079692304,0
0.540496167921275,0.797271394899488,0.547327931481972,0.730120485612191,0.921604217855446,0.201988560380414,0.865954580251127,0.520324662327766,0.465884128352627,0.691628079628572,0
0.631912096803077,0.665619400831871,0.248829177468549,0.232873794059735,0.35076236645598,0.6731049742084,0.152905490715057,0.125926392618567,0.779443353414536,0.84589772648178,0
0.724988010806218,0.724574594752491,0.71230956659615,0.709983455245197,0.781190283323079,0.862877463689074,0.343355073360726,0.454170815180987,0.473192627774552,0.746873760363087,0
0.0348767460029572,0.20114746026611,0.129131393249985,0.0503359687776305,0.0983595470549539,0.388600329635665,0.178126425947994,0.853135509649292,0.640611761482432,0.900845587486401,0
0.615574214672856,0.39126719214581,0.149315984440595,0.348398517798632,0.414749719440564,0.889586902689189,0.328958460362628,0.729625602951273,0.531980613945052,0.191181231290102,0
0.625742838759441,0.436658571572788,0.454980082689878,0.219473295323085,0.412534999382682,0.805618450511247,0.0843938926700503,0.234993100166321,0.659011872950941,0.0428862243425101,0
0.414206418674439,0.306015720125288,0.274707948789001,0.200041368836537,0.378355149878189,0.943740120623261,0.734556795563549,0.520706918556243,0.424262133659795,0.891102821100503,0
0.373171921344753,0.263690118325036,0.378335521321837,0.322741071022488,0.0252727547800168,0.564854823052883,0.227519207866862,0.194706947077066,0.812722597736865,0.124291109386832,0
0.275783407675102,0.3580222411789,0.308976451703906,0.360233774264902,0.245954403546825,0.303121396107599,0.884441439528018,0.92546874540858,0.662104834569618,0.965854668756947,0
0.698586736333184,0.912636922967248,0.649616815718822,0.757958869547211,0.671526824066881,0.0736172343604267,0.189053354552016,0.706884610466659,0.642885497072712,0.933107561664656,0
0.0220687774982303,0.233365305385366,0.0150483948606998,0.286581169886515,0.424817489518225,0.383789968444034,0.455631222343072,0.567627627868205,0.252480273600668,0.997013298096135,0
0.887949357801583,0.762965945462696,0.642097018191125,0.884052908418234,0.621871546125039,0.469251752365381,0.586014712462202,0.549398144241422,0.357124440837651,0.448406042065471,0
0.885322600029223,0.950048485056497,0.901930766727403,0.870593397535756,0.859766196961328,0.450074954424053,0.233437515096739,0.754965829662979,0.479617323260754,0.419024671660736,0
0.578768152741343,0.482172156887222,0.411882410325389,0.602567718652729,0.586170462657325,0.725108949933201,0.639428039081395,0.992871064459905,0.971864226507023,0.531879467889667,0
0.409982839271799,0.0865971927288919,0.159152407902852,0.106207964715734,0.357326178533211,0.0395941061433405,0.0683406589087099,0.320466538425535,0.792988194851205,0.737114846939221,0
0.0898520903763361,0.20690946654398,0.266279900784977,0.228397421044484,0.368606646529771,0.862868124619126,0.653454307233915,0.495681229280308,0.805172404507175,0.420308461179957,0
