"1","2","3","4","5","6","7","8","9","10","class"
0.734307197956368,0.176846507191658,0.593441580366343,0.492200389914215,0.21617026861757,0.334987039910629,0.316922227386385,0.662200291408226,0.886573527473956,0.681578417541459,0
0.728375568691455,0.764175287446845,0.422939123396203,0.643080879264139,0.884072767561208,0.544467387255281,0.967651415150613,0.274646402336657,0.1565122671891,0.371847068890929,0
0.0109238657392561,0.129705072876438,0.281735143360123,0.429547049467266,0.494785039602965,0.272255372488871,0.511814552824944,0.307244114112109,0.769238072447479,0.410296886228025,0
0.852914199212193,0.829647320343833,0.299663032583892,0.891230645796284,0.49390314671332,0.315859957132488,0.725625857710838,0.508200092008337,0.00570941902697086,0.210473767481744,0
0.428204437104799,0.347311501357332,0.363878134479933,0.312327876781486,0.649612012510933,0.188297083834186,0.958395829424262,0.717645605560392,0.264634589897469,0.615635200636461,0
0.280572295474354,0.552956785282586,0.541302847003098,0.493767995217815,0.490375927166548,0.486288483953103,0.790084974141791,0.276730544632301,0.789933258201927,0.31999284774065,0
0.580831224065274,0.851273525656015,0.744191948777437,0.843975278284401,0.76393139931038,0.304966093972325,0.549029054353014,0.723397680325434,0.900958900107071,0.980609923135489,0
0.0437289295651019,0.406223187142797,0.234870851751976,0.240870936336834,0.507818137784023,0.686538394307718,0.699393629329279,0.832759638084099,0.750582579290494,0.767931920010597,0
0.0842184646723792,0.169400577646494,0.282701831046492,0.285899011340924,0.0755261833583936,0.1350891625043,0.989004608709365,0.867295468458906,0.0234022901859134,0.843153076479211,0
0.743957092113327,0.765691101169027,0.396221435495559,0.780530773020349,0.444312365118414,0.91130239632912,0.497513771755621,0.0669021930079907,0.284451201325282,0.615126190707088,0
0.66483216503635,0.651067074932158,0.0558483310081064,0.128637995449826,0.136391895243898,0.521062780637294,0.0797087987884879,0.586300425464287,0.211979372659698,0.693103910190985,0
0.525988124480378,0.886998133534007,0.610234704069421,0.677465456292778,0.669967449360248,0.287744714180008,0.967454518191516,0.886661011725664,0.861800230573863,0.887575578177348,0
0.593728293205984,0.343279675834253,0.658113466203585,0.571823917877674,0.686102927641943,0.0851170555688441,0.337204059353098,0.248594357864931,0.18713838304393,0.0607692184858024,0
0.796823275650758,0.948048403575085,0.471651376988832,0.760966746073496,0.810565687463526,0.538056974997744,0.115905369864777,0.23303273646161,0.244149610167369,0.246157245710492,0
0.859056962309405,0.956746150360629,0.693794857643172,0.37796908291392,0.873982244573161,0.431017466122285,0.303018544102088,0.46824830933474,0.493019074667245,0.810842769686133,0
0.355466122752056,0.695319369518198,0.447223390399013,0.307845348753966,0.219514234177303,0.641228130320087,0.630789855029434,0.232202149694785,0.795075336005539,0.376605031080544,0
0.197711487457901,0.486563140853122,0.262932841760106,0.47600267813541,0.340336133108847,0.521659792866558,0.758552536601201,0.0395738140214235,0.0414422487374395,0.818628644105047,0
0.412917412531376,0.90311949613709,0.295983776052948,0.908383526176214,0.759077476464212,0.303609941387549,0.318137699738145,0.0571441017091274,0.925084829796106,0.331067845690995,0
0.071890703169629,0.252216290216893,0.703397101256996,0.899718686006963,0.593930062372237,0.399349250132218,0.654127719812095,0.381967963185161,0.486234691692516,0.547044678358361,1
0.722218772163615,0.522746704053134,0.484294231049716,0.392274654703215,0.356449105311185,0.903029857669026,0.509466589661315,0.914373609237373,0.235531867248937,0.467667925870046,0
0.826650597368367,0.386341799319722,0.739245442743413,0.394127312127501,0.458945153061301,0.585760765476152,0.272946784738451,0.84603809309192,0.319099371088669,0.00440890155732632,0
0.176931865083799,0.186241655811667,0.2072476332983,0.565699188724067,0.399400308095198,0.551779128611088,0.695226076990366,0.865270531736314,0.230791795765981,0.910056054126471,0
0.146934572595358,0.11483030853793,0.173551897853613,0.394660517198592,0.321072359858453,0.894555754959583,0.872110652038828,0.328447751700878,0.0759128732606769,0.716938049299642,0
0.535210336968861,0.438753827610519,0.259749283870682,0.744743095241487,0.235997233375907,0.0616450875531882,0.956763087771833,0.565559078473598,0.293360286159441,0.223120509181172,0
0.30957213579677,0.417265926487744,0.184696780750528,0.492655515205115,0.606102854246274,0.391634057974443,0.744495357386768,0.906214129878208,0.500179505208507,0.600686837453395,0
0.896680944308173,0.984903338651638,0.771320046123583,0.635012907220516,0.74241408231901,0.399986868957058,0.226262349402532,0.923626997275278,0.799149210564792,0.369460132438689,0
0.906980705214664,0.995774349430576,0.859503525076434,0.957431541988626,0.756246693897992,0.584649229189381,0.580965220695361,0.48718859651126,0.822447731625289,0.826893780380487,0
0.781634792612866,0.895558203040529,0.897936414714623,0.52417948612012,0.515737156444881,0.0363546153530478,0.678870618343353,0.156041788402945,0.597148920176551,0.558819242985919,0
0.34866505641751,0.0562877183483914,0.380726998372003,0.32437994598113,0.38008811034169,0.666990388417616,0.382702720584348,0.244930430548266,0.0139086716808379,0.873801149893552,0
0.73382425888991,0.69926884070104,0.821594383022562,0.83217804710865,0.756966696546506,0.976570580853149,0.461708911694586,0.906949756667018,0.385048152878881,0.409302240004763,0
0.18257713464275,0.465793848890811,0.464919040609151,0.398444487828761,0.417890246231109,0.936668587848544,0.452592956833541,0.170793247641996,0.481319415383041,0.770555142546073,0
0.0668772630553693,0.158982887116261,0.553391267947387,0.080528389531374,0.518705783530045,0.0680201768409461,0.978398928418756,0.168215633602813,0.539073288673535,0.719226878834888,0
0.453543845796958,0.744547727284953,0.706543378299102,0.784206436015666,0.719726164359599,0.85417515062727,0.551570967771113,0.0484446603804827,0.154722343664616,0.942867537029088,0
0.674516946194787,0.571666620346438,0.636844695180003,0.477703656406235,0.531943350619264,0.368573505431414,0.039005438098684,0.944971079006791,0.0442771525122225,0.513426036806777,0
0.73880753971301,0.520870396439359,0.595593654938415,0.677299473466352,0.868467092519626,0.44215967063792,0.986472019925714,0.864653049968183,0.593469045124948,0.0752686313353479,0
0.879420327811502,0.621189845511224,0.838387477724347,0.626886618020013,0.555073813612573,0.415801884839311,0.00359275797381997,0.969799996120855,0.181357563706115,0.958348055835813,0
0.578620651720278,0.514803875267506,0.577935690378211,0.518798483029567,0.528155622360669,0.896639107726514,0.707855473272502,0.106156915659085,0.178692573215812,0.0227066047955304,0
0.525457504452113,0.39138447731277,0.87098579189498,0.953759838306159,0.473558947967831,0.233615173026919,0.883017276413739,0.267257410334423,0.449106286512688,0.978390694828704,0
0.409695993248746,0.365420365167782,0.13948174523674,0.418112783138826,0.5836168182116,0.751677291467786,0.715308096492663,0.860783162759617,0.0952647721860558,0.366205873433501,0
0.335487819742411,0.275955463061109,0.346329031279311,0.0756465042941272,0.255949564510956,0.577062029158697,0.0647386810742319,0.457769784377888,0.0307668966706842,0.187063076999038,0
0.401605467167683,0.222081265259534,0.602820974405855,0.514251766536385,0.24828338452708,0.77109184814617,0.876596677815542,0.319689722498879,0.462282618973404,0.297929972643033,0
0.753502408563998,0.80360567262331,0.942010438708495,0.98814545391649,0.601921195342019,0.173716938123107,0.659591961884871,0.876974860439077,0.565148536581546,0.505391662241891,0
0.382158965050429,0.402395142889768,0.644852776164189,0.837773090835288,0.286710105890781,0.220983444014564,0.903958902461454,0.0879150158725679,0.0525401828344911,0.267000781837851,0
0.0797226945869625,0.176934500224888,0.0288738873787224,0.568794834194705,0.894785136682913,0.607020580209792,0.802347218617797,0.156827946892008,0.678100572433323,0.651958349393681,1
0.682764460892603,0.927549860249087,0.68381088567283,0.945278757299483,0.679661028472893,0.981690272456035,0.803649883018807,0.103304451564327,0.891079053282738,0.653435550397262,0
0.284133807001635,0.183389414377045,0.0951446234271862,0.163458215005696,0.226505740959663,0.707442925311625,0.00556020857766271,0.0701915065292269,0.768293777480721,0.497218499425799,0
0.654050008963049,0.759545643548667,0.669194822706282,0.854933513917029,0.89908184774369,0.60641307127662,0.86567941843532,0.805639250669628,0.821943732211366,0.321935685584322,0
0.243226567048114,0.335236459988356,0.587365316203889,0.492858840597142,0.265081073706597,0.019862613407895,0.823963163886219,0.975227242801338,0.624021446565166,0.700344005599618,0
0.626142140296288,0.769850745937601,0.805917893433757,0.676866786365025,0.580375657823496,0.422788962023333,0.722137132426724,0.562712147133425,0.457609621109441,0.577053039800376,0
0.707463660309464,0.5728898034418,0.478387065821141,0.471951453714166,0.796684618064854,0.0615105454344302,0.402911920798942,0.656197883188725,0.753302289173007,0.100546229863539,0
0.708671771027148,0.75612500378862,0.756255984660238,0.654373296778649,0.663325938275084,0.0213099436368793,0.987153726164252,0.702453116653487,0.819247152190655,0.381365628680214,0
0.118446407745872,0.313035555610992,0.083242823654227,0.176869460545387,0.22270764565235,0.184173492249101,0.626319760922343,0.373913787538186,0.739629725692794,0.998706269077957,0
0.182355394202843,0.322542697791569,0.604603615819104,0.175622301629558,0.586434702686034,0.867027174914256,0.718915546080098,0.995490987086669,0.849573350744322,0.418653260916471,0
0.527514944053162,0.780852799091768,0.48664385916153,0.527022415573709,0.482282315354701,0.785199763253331,0.919022877700627,0.676905968459323,0.631036123493686,0.26905320957303,0
0.855883257770166,0.915103751533106,0.617120168401673,0.762113862929121,0.746363799783215,0.47905182512477,0.73457332723774,0.899398179259151,0.183135969797149,0.312020577955991,0
0.013239904306829,0.248258699197322,0.348101181443781,0.0359618649818003,0.154151414753869,0.0841183988377452,0.291434117592871,0.183694710489362,0.452991573838517,0.835523286368698,0
0.0768904065612703,0.299472926479764,0.369475259808824,0.258142769626714,0.161292196878605,0.456499782623723,0.885461300611496,0.320101083489135,0.228667970746756,0.815792885608971,0
0.573316129397973,0.7214282343884,0.339709477964882,0.502120481979009,0.499188493084162,0.558959835441783,0.686466790968552,0.644227429060265,0.523364971857518,0.901373851578683,0
0.113840417936444,0.0947901892941445,0.466758566908538,0.262905662879348,0.103988436516374,0.313915734179318,0.042774174362421,0.224676178768277,0.203039399348199,0.538219118025154,0
0.798732646885421,0.761550672345795,0.679661209127493,0.781841707691643,0.869051751873177,0.0393294442910701,0.381126194726676,0.904471331974491,0.625624776119366,0.680320959305391,0
0.288414382653311,0.433630956823006,0.13239413844049,0.702561931474134,0.685572109567933,0.0356004205532372,0.297544309170917,0.0100276505108923,0.342853640206158,0.0494190282188356,0
0.809011222035717,0.81416044909684,0.785766892772168,0.645413620492816,0.925668335869163,0.750426523154601,0.384804578498006,0.543455014005303,0.846564724110067,0.544307369505987,0
0.232323219944909,0.799647885960713,0.872188238044456,0.304162661056593,0.682420802396908,0.293965662596747,0.110431366832927,0.312365112127736,0.769141416531056,0.190530168125406,0
0.476680346320476,0.425331623306125,0.176463157947734,0.706416946012527,0.648718869437836,0.490931552369148,0.179929315578192,0.158791354158893,0.607752531534061,0.983585086418316,0
0.112805555391312,0.337876790782995,0.208959359541163,0.436946744985133,0.025199596503377,0.469195922138169,0.635162909282371,0.590690856100991,0.36144879180938,0.790149770211428,0
0.472387320101727,0.447716723962221,0.420595292943064,0.591892572409939,0.961634786929004,0.894651440670714,0.660193646326661,0.998581358930096,0.453084782231599,0.720686111599207,0
0.342803015490621,0.386508349092677,0.569554699616879,0.452349476469308,0.316928768947721,0.137995080091059,0.176311665214598,0.0651985546573997,0.299738368950784,0.898043295135722,0
0.278798750386853,0.569607863704208,0.234236348352954,0.31829245482916,0.0906839891454205,0.271478726761416,0.132464194437489,0.876164188608527,0.719715580809861,0.485632736934349,0
0.660004385904409,0.927894014052674,0.777683807566762,0.916907751678489,0.595185634266213,0.778053136309609,0.352338725002483,0.174486490432173,0.0486771215219051,0.747467111330479,0
0.640452913450263,0.400709946473781,0.683923873901367,0.514836752933543,0.392240928912722,0.561363653745502,0.296455573756248,0.448057210305706,0.230477758916095,0.0564031975809485,0
0.575346849704161,0.795661982836202,0.424464684499428,0.92399593657814,0.48867718240805,0.867275672033429,0.644541688961908,0.515045997453853,0.714845970273018,0.111485403729603,0
0.328900545392558,0.223794985017925,0.23233006096473,0.294257679973636,0.145351144562289,0.201527804601938,0.00798567640595138,0.750006835907698,0.66411418071948,0.0427553500048816,0
0.36604233422149,0.232158880936913,0.401506610265374,0.292910212364793,0.232257569809072,0.825059271650389,0.375527754426003,0.852833112236112,0.681158224819228,0.825525885913521,0
0.540548541977536,0.649997618818749,0.43108930982938,0.0834879451761022,0.237452797163557,0.912912031868473,0.360877621686086,0.544239720795304,0.2019387264736,0.543813797645271,0
0.680758238659799,0.486764303981513,0.648809991764277,0.662144643166289,0.943441180374846,0.776742959627882,0.898640328785405,0.970678711077198,0.85471750004217,0.606349537847564,0
0.845499173505232,0.611156865721568,0.724106752779335,0.626208178931847,0.525181383825839,0.360365504398942,0.20566606358625,0.0756657801102847,0.271749028936028,0.993228605482727,0
0.0182308207275346,0.586882878897525,0.441476699886099,0.301051866497099,0.250961738765053,0.611974336206913,0.490267370594665,0.891692328732461,0.393550644163042,0.52658204943873,0
0.0696383989613503,0.242344397627935,0.352959289612994,0.108577591484413,0.229226741739921,0.107412858167663,0.135542941046879,0.810222043422982,0.472873514518142,0.804827968589962,0
0.740992141886801,0.544075001003593,0.389051076944917,0.590198280902952,0.38082617719993,0.531877472065389,0.0923161767423153,0.359976057661697,0.225969514343888,0.271098915953189,0
0.266379890714772,0.119715536177624,0.367212954879645,0.142352526597399,0.356981018401403,0.0529361609369516,0.512109369272366,0.852864507352933,0.752469532657415,0.884356298483908,0
0.177383863060735,0.219225220679305,0.531004058488645,0.309683445544913,0.31274441621732,0.664647533558309,0.126494629075751,0.35851811664179,0.314533708849922,0.575587740400806,0
0.683598042465746,0.287289639702067,0.45517311966978,0.360403890255839,0.281574233435094,0.624729965813458,0.551664884667844,0.90777979651466,0.463549834443256,0.162327661644667,0
0.944906405062601,0.648423526969552,0.521598235817254,0.841539072912932,0.725482680341229,0.0459001583512872,0.69690956082195,0.640393450390548,0.173794706584886,0.0435863602906466,0
0.252470914867613,0.0702739955286495,0.63174695396889,0.639047213832289,0.116209030092601,0.648787841200829,0.500867676688358,0.800384162692353,0.667088947026059,0.507122485199943,0
0.0754550843155011,0.471115600474365,0.131938982209191,0.339183145082183,0.0782226115375757,0.438518350245431,0.508598546963185,0.415253167273477,0.798335680970922,0.0672929915599525,0
0.374284763820469,0.161842062138021,0.262133485171944,0.284159235889092,0.0835395692847669,0.926606415305287,0.425272492691875,0.603997018188238,0.0935809768270701,0.775312198558822,0
0.150721843029931,0.153204564886168,0.0699492039669305,0.282016962042823,0.227049120132253,0.516209440305829,0.734000720316544,0.185640231706202,0.0927016995847225,0.0338403049390763,0
0.113742693094537,0.753233840921894,0.604981214972213,0.385785607621074,0.92560508241877,0.039745349669829,0.357318233465776,0.248601146275178,0.310854156967252,0.481025415938348,1
0.651442822910845,0.617341135189123,0.715037151063979,0.644139449153282,0.535256379722059,0.191455136053264,0.213096916675568,0.237558440305293,0.39649072336033,0.316137661691755,0
0.909953182330355,0.778669272782281,0.264291472034529,0.0647122210357338,0.219667721772566,0.865832932759076,0.0393694080412388,0.672595297219232,0.721396449487656,0.953334857244045,1
0.868268001247197,0.597581587404013,0.940763731928542,0.664379039727151,0.889141214121133,0.716256205458194,0.496327370870858,0.14684477285482,0.192805694183335,0.104105076054111,0
0.656085596962273,0.545132714478299,0.511969276844896,0.0876829486419446,0.143644720333349,0.0258738736156374,0.0195751311257482,0.160384628456086,0.00843839487060905,0.888648421037942,0
0.705104215794057,0.646088872849755,0.687939808263257,0.321490998241305,0.46802277231589,0.511537382146344,0.651740214088932,0.0974335863720626,0.661903097527102,0.394819657551125,0
0.586568539729342,0.380304196150973,0.410686548333615,0.569654614664614,0.639335680054501,0.0673678466118872,0.319015510613099,0.820147212361917,0.983618940226734,0.0973313301801682,0
0.435999413305148,0.939896474058554,0.547778705352172,0.469889129219577,0.471256637034938,0.761205441784114,0.339662183541805,0.187258690595627,0.00088951806537807,0.448255731491372,0
0.361388672995847,0.172074277098756,0.391353081509471,0.270747754725162,0.208973660456948,0.634507451672107,0.238125540781766,0.30705454107374,0.144647172186524,0.154785270569846,0
0.395602302486077,0.308717365335673,0.821083364865184,0.234932272174954,0.705452706807479,0.971036492148414,0.792058881605044,0.59230055147782,0.784887657733634,0.323363175382838,0
0.578318559174426,0.0227354148357176,0.17192112257313,0.505255342725758,0.0223485754088499,0.0742901903577149,0.0173578010872006,0.247273517539725,0.379612969234586,0.147013698704541,0
0.690421950577199,0.76187433456555,0.920011045845598,0.431157198410854,0.790061573636159,0.00946698035113513,0.411522241309285,0.163044550456107,0.573278390569612,0.24990027025342,0
0.00417133583687246,0.20133535633795,0.469236821634695,0.185259513324127,0.161835012491792,0.929605238605291,0.0385024666320533,0.75063819042407,0.971728386823088,0.342116069747135,0
