"1","2","3","4","5","6","7","8","9","10","class"
0.236220412505791,0.169832374691032,0.354408093788661,0.466111206985079,0.445170939527452,0.201844959519804,0.126170009607449,0.128607645863667,0.848063651705161,0.176352304639295,0
0.336234684608784,0.261643703245092,0.310455865925923,0.252903147967905,0.250206670859456,0.741710603004321,0.284863926935941,0.659509373130277,0.704167215153575,0.906029141508043,0
0.85491379384622,0.927893595834821,0.875419845146686,0.874185682650656,0.956248774526268,0.400398144498467,0.327330491738394,0.246189428493381,0.706533636897802,0.787682711146772,0
0.800187673369423,0.825836529882345,0.779311599161662,0.77882261372041,0.801415550556593,0.197324385866523,0.817525119055063,0.914212684845552,0.744967440608889,0.377015072153881,0
0.715910119272396,0.82974192052111,0.804897910114378,0.761475414427556,0.613382898772694,0.439350597560406,0.479033968877047,0.186907385708764,0.1604202860035,0.940389774506912,0
0.673341763347387,0.923674607539084,0.622887142387219,0.851300601204392,0.8747125032451,0.293822843348607,0.162203487707302,0.0165061561856419,0.784759257221594,0.864032913697883,0
0.141280769715086,0.181233223086223,0.0950845838069916,0.12934870842509,0.178367360689864,0.665082129882649,0.47955606598407,0.635723244631663,0.721163741778582,0.250145033700392,0
0.78581999571519,0.882714184619114,0.804628890434466,0.797337293243036,0.871837213726342,0.468965745065361,0.562197576509789,0.509735816856846,0.599430503789335,0.110247525386512,0
0.0987164229519665,0.327230503925681,0.0587370682662353,0.160320981290564,0.238577949085459,0.933799582300708,0.835008284309879,0.0500313946977258,0.657305623404682,0.488490857649595,0
0.40362031124616,0.360555673029553,0.438034411480464,0.167139782371745,0.222873303929344,0.468833070946857,0.301747500197962,0.543002118123695,0.840542986989021,0.947469570906833,0
0.25888614301011,0.353301751919091,0.292035111512989,0.191060953900218,0.0909638068526983,0.665386225562543,0.756977289449424,0.583956295857206,0.435015541035682,0.00744755449704826,0
0.973724859621469,0.746590520745143,0.890037854491081,0.772967999033164,0.772706028772332,0.430137898772955,0.815486795501783,0.217300915159285,0.845340921077877,0.255717120831832,0
0.700626237801835,0.510443406855129,0.565444535837881,0.688433323706314,0.543275719143823,0.804664966883138,0.767456710804254,0.346815893426538,0.904566974844784,0.713757107965648,0
0.358754378017876,0.218907811205927,0.182822319661826,0.382081245504506,0.354351239946391,0.070122902514413,0.190877255517989,0.491105909226462,0.531595378182828,0.265256256330758,0
0.797279887934402,0.911928746412322,0.810754838322103,0.993643231474981,0.77219756558463,0.180021571228281,0.920390235958621,0.577794729033485,0.606210713973269,0.764050624798983,0
0.676625718043186,0.673256221455056,0.854657878659666,0.701042350054719,0.747909809486941,0.463001490337774,0.681623617187142,0.703523425385356,0.790293011348695,0.0453856715466827,0
0.514589206136018,0.798763126882724,0.742946111142077,0.790405482562818,0.536739059889317,0.0947980782948434,0.679422587621957,0.529636502731591,0.335019166348502,0.944674206199124,0
0.053693773897551,0.0834959584685974,0.0886500533111393,0.197535972185433,0.140482289954647,0.779194127069786,0.148237151559442,0.955143648898229,0.0804921926464885,0.00248653930611908,0
0.31543093544282,0.494858133894578,0.407268125903979,0.238183167809621,0.504171100628749,0.23852050350979,0.212443652795628,0.174628086388111,0.787730716401711,0.559611363802105,0
0.787219172156043,0.908291970426124,0.819581377204135,0.710680533899739,0.759755716478732,0.277427272638306,0.505008213222027,0.662042698822916,0.393401389708742,0.508193115470931,0
0.535770316568203,0.412125104190782,0.422091197200119,0.253345434180461,0.273065750331618,0.942090857308358,0.697403458412737,0.017177399713546,0.855484581785277,0.681862203171477,0
0.223998137034848,0.273409076121636,0.170770620424114,0.261395510395989,0.0669382791318931,0.887156912125647,0.213791544083506,0.51305661117658,0.726769923465326,0.63478183071129,0
0.507824951437861,0.371147100081295,0.539157030649483,0.463158576336503,0.571487491292879,0.919167332118377,0.945957473479211,0.25083280634135,0.456434368388727,0.830537612782791,0
0.573849586601928,0.549445877115708,0.46657064690087,0.340138074068725,0.398769420397654,0.680045885965228,0.7123776122462,0.0417636597994715,0.802478185854852,0.478251005290076,0
0.120043822965585,0.124313504825532,0.20936262343619,0.232189410523325,0.230031566231698,0.90715196239762,0.846042826306075,0.355028462596238,0.490700704511255,0.296992409275845,0
0.0627262572362088,0.242913262692746,0.218635103527922,0.237790064960718,0.229572674464434,0.953297120518982,0.587917457334697,0.632559148129076,0.633037174819037,0.389556982554495,0
0.50714340284653,0.387319551056251,0.526743917730823,0.445232581964508,0.654702978300676,0.159654223360121,0.093015315476805,0.0251289212610573,0.0163827389478683,0.589503682916984,0
0.100982672644407,0.0620873999279924,0.245884303355124,0.132603254811466,0.17647298803227,0.557189378887415,0.618147055385634,0.416466620750725,0.706047906074673,0.865792894503102,0
0.799650398616306,0.831103656449914,0.794963337453082,0.702100258403458,0.824728431520425,0.283911939710379,0.496787171578035,0.34230221924372,0.134588856250048,0.468017292674631,0
0.590784093615599,0.670250535633694,0.533681946531311,0.608339148402866,0.352232757957559,0.794488669140264,0.922678203321993,0.903445921838284,0.0500285923480988,0.526037540286779,0
0.166051732791588,0.118635976217687,0.178645322015509,0.118504481963813,0.043442488161847,0.483646516920999,0.546873263316229,0.13834961084649,0.923776207258925,0.245320433517918,0
0.184759191935416,0.225959663530812,0.216572020235099,0.447991819643136,0.395252264802158,0.135147600434721,0.312017816118896,0.618018896086141,0.649572242051363,0.426662233425304,0
0.158201954049431,0.201842905475385,0.311066199568845,0.432107433244586,0.294998432364501,0.176896595861763,0.743828550213948,0.960398151306435,0.279855394270271,0.867229956202209,0
0.683432855353691,0.587236450287141,0.690592278700136,0.625106366243865,0.550098891478498,0.626504944171757,0.510526763973758,0.915916902013123,0.982931495876983,0.946190079208463,0
0.0521625280432403,0.238001913254708,0.101611814533919,0.244571365236491,0.102692956612259,0.793775520753115,0.29840899608098,0.923156690085307,0.406962324865162,0.99189150496386,0
0.683367668457795,0.619199274067767,0.591659790228587,0.408643343546428,0.495408520300873,0.235614520264789,0.404960794141516,0.996758155524731,0.601450069574639,0.179715014994144,0
0.368854412780702,0.514950814325921,0.313309194683842,0.511923080916517,0.54144917647969,0.562380358343944,0.551321362378076,0.823231579503044,0.497784639941528,0.0730994364712387,0
0.0162360638744198,0.255973917088937,0.201311490197107,0.0687148266304285,0.283733025857899,0.145889678038657,0.846477086190134,0.299502450739965,0.0427741450257599,0.778316175797954,0
0.372298307849094,0.398872692367435,0.597021372373775,0.461435689499974,0.341408602058142,0.749207083135843,0.841050269780681,0.75119147519581,0.653152144281194,0.685100290458649,0
0.623912241989281,0.756166024277825,0.64051111742733,0.82111867583869,0.665020188859757,0.506751133361831,0.201561690075323,0.686421776423231,0.443323478801176,0.982504905899987,0
0.755177675281651,0.753698808680288,0.991258847918361,0.768134672594257,0.766917511347681,0.399129482917488,0.564249561866745,0.591271329205483,0.0701587412040681,0.904556229477748,0
0.469981264077593,0.289088894551527,0.507710344715975,0.41870283676032,0.363112302258145,0.685751754092053,0.306491656461731,0.732754792319611,0.379701911704615,0.734242136124521,0
0.177662054703012,0.418161859993264,0.194239143317565,0.437368461221829,0.246712868807092,0.151647793594748,0.267249248223379,0.929846785962582,0.802644107723609,0.137256238376722,0
0.843518624214455,0.720027069981769,0.968936227375921,0.761085926216748,0.951762587810773,0.0393860577605665,0.511963864089921,0.604507410200313,0.590731213567778,0.299622459337115,0
0.901860988024995,0.975822983979247,0.835901555161364,0.975895293107442,0.822023363239132,0.0426968969404697,0.514409958850592,0.0160647854208946,0.799297912046313,0.669436368625611,0
0.653358958545607,0.628300094007514,0.648347305937204,0.811249150180724,0.837702758180443,0.438832251355052,0.688150097383186,0.243665956892073,0.642356936587021,0.0191622879356146,0
0.104854394900054,0.0898352862607688,0.220863791526854,0.208808297749981,0.100189509073645,0.0991804711520672,0.526392141357064,0.54026715294458,0.667221294250339,0.484146030852571,0
0.256982546916883,0.197640709382109,0.132562221817113,0.186378003106453,0.269452426587045,0.116117725148797,0.956933729117736,0.476131431525573,0.259266945533454,0.444755811709911,0
0.530915092798695,0.555679548731074,0.48898539886754,0.546807345773466,0.704013892051205,0.797690407373011,0.131367833120748,0.50747350580059,0.184035435086116,0.633930844254792,0
0.808555574047472,0.915895443703793,0.79875784349544,0.776452054513711,0.777949354793504,0.646854838356376,0.75937590515241,0.032478388864547,0.62299799406901,0.0794004660565406,0
0.635918672196567,0.624088046839461,0.563473078422248,0.556927807861939,0.693848131690174,0.910035328939557,0.704486632952467,0.439206794602796,0.446052861399949,0.121857297839597,0
0.135104123500735,0.167108493649866,0.298416009321902,0.292431864510849,0.180496181210969,0.741124565945938,0.246064803795889,0.0349288112483919,0.177431186428294,0.774693337036297,0
0.497547678843141,0.388163660838269,0.337711695644818,0.372571831730939,0.404324429520406,0.130016726907343,0.853927253279835,0.793921164004132,0.398970942478627,0.625107351690531,0
0.140774745029677,0.146080579397548,0.026218944717478,0.13353181218477,0.148843709883746,0.579240452731028,0.929617291549221,0.105469802860171,0.940507678780705,0.605343513889238,0
0.617332917093858,0.857956216588989,0.877659355153143,0.911936304071918,0.793734511998296,0.457071105483919,0.861636675195768,0.555621802341193,0.397221744526178,0.196861602365971,0
0.0451436696881428,0.126755448025651,0.0978086493862793,0.269000706516672,0.232861737811472,0.679989426396787,0.327625516569242,0.53449468058534,0.128483346430585,0.3892894287128,0
0.102038922345825,0.191393150937743,0.0160890777736902,0.212000227771699,0.244992320277356,0.589808592805639,0.247814262285829,0.63344064168632,0.586917811073363,0.617877043550834,0
0.984462768721674,0.80792109458521,0.802344791335985,0.755729403615091,0.781908639104106,0.129247183445841,0.576181299984455,0.637425811262801,0.182028331561014,0.665738845476881,0
0.890357212831453,0.885658190119639,0.854885051120445,0.911028711410239,0.925042554261163,0.279170441674069,0.918437332147732,0.836178065277636,0.556885699508712,0.2770901536569,0
0.222231749563105,0.159168431082461,0.0990717664918862,0.292786027978547,0.166185396339931,0.463490314316005,0.330649456242099,0.663451983826235,0.640439439797774,0.784629148431122,0
0.954209360212088,0.921012185064144,0.830431372438557,0.884305313851684,0.963661288097501,0.379456456983462,0.907936919247732,0.648631838615984,0.806772092822939,0.803089961409569,0
0.78221881618537,0.912841615606472,0.760114669991378,0.849512742088269,0.793602683631889,0.191443904303014,0.459986014757305,0.5053527248092,0.497717601479962,0.184045884758234,0
0.146467540070042,0.115731123079732,0.309923890287802,0.0448158866796643,0.138099798841029,0.729208033299074,0.588215597439557,0.990282620303333,0.178223615279421,0.67588598956354,0
0.33929224885162,0.405261283627804,0.232044505617302,0.281590388026834,0.229084997782391,0.512486336985603,0.301384378224611,0.367684755474329,0.25190469250083,0.531747603788972,0
0.209556110309809,0.198096379856952,0.266059902446717,0.379489688288979,0.31888527822271,0.319530228152871,0.426882300758734,0.498832115670666,0.0156479168217629,0.861648974241689,0
0.272121609536465,0.348459300245158,0.339527424300555,0.333227792455815,0.135224201031961,0.776340423850343,0.536390400724486,0.920140956295654,0.856788277160376,0.531395847676322,0
0.106183510411531,0.23780960823223,0.232022405902296,0.247669508405775,0.125170101658255,0.0497309449128807,0.773550060810521,0.704057679977268,0.666908313287422,0.966117718024179,0
0.119842540912703,0.232614654736314,0.174553944014385,0.0780005542367697,0.111136453491542,0.03942268807441,0.8489899802953,0.246047868859023,0.453578722430393,0.792769030667841,0
0.259162973287702,0.392724610245973,0.155245721034706,0.386869081625342,0.416093581169657,0.279583482537419,0.00215974356979132,0.816730572609231,0.703898053383455,0.30147796520032,0
0.232029046371486,0.343375091251824,0.512154675010871,0.319022599336784,0.393637428725325,0.406197362113744,0.133001574315131,0.796031201258302,0.825037352740765,0.646671418566257,0
0.944055868171155,0.837906830191612,0.781482422327623,0.758546434963122,0.966325521251187,0.560071850428358,0.595114925643429,0.972406490705907,0.192859239410609,0.993924985639751,0
0.800241711928975,0.862710900238249,0.878176839782205,0.72420103559643,0.670618327326514,0.408081117318943,0.440391217824072,0.791557991644368,0.97472837427631,0.598558238940313,0
0.597212210567295,0.499790793636069,0.581377535226196,0.551606604425423,0.461779687159508,0.131237006047741,0.891167821362615,0.992154511157423,0.951023795176297,0.936899456661195,0
0.79586638833154,0.696976346033532,0.649929383138567,0.669408281696215,0.569878296239953,0.872306146426126,0.14977910881862,0.0674066115170717,0.735647491645068,0.885459789540619,0
0.750844442199916,0.764635736073554,0.523060947231203,0.62470565180555,0.632460997764766,0.183720531407744,0.569115273654461,0.541364732431248,0.284681910183281,0.453023284906521,0
0.899611303778365,0.841887177249882,0.856536188665777,0.898160822943319,0.910567548382096,0.900647370610386,0.739306672476232,0.794099932769313,0.0282371663488448,0.933063617907465,0
0.108607457299158,0.0584787741789594,0.0414497054763138,0.0779754424389452,0.168990699669346,0.600986004341394,0.205064398236573,0.20765441423282,0.247054482344538,0.483563273213804,0
0.466454276983812,0.66755496658897,0.510054814588465,0.501655876164977,0.725905306139123,0.44845828646794,0.753206311957911,0.0429126434028149,0.984279539901763,0.407009049784392,0
0.844820353239775,0.827465736802295,0.970209663763642,0.883981529435515,0.944233846409619,0.451608295552433,0.69569067331031,0.0892850027885288,0.336230447283015,0.408142162719741,0
0.891189969509374,0.88329041439686,0.906718716715462,0.945675308842491,0.874833211830724,0.17906466498971,0.824595857877284,0.731457363581285,0.425399921834469,0.575413886457682,0
0.445294219341129,0.393503148316406,0.406380756849423,0.442849717672914,0.472386467488483,0.75363647332415,0.441735252039507,0.857121424982324,0.813298889202997,0.475691765779629,0
0.677655923212972,0.598266162067,0.442303649563435,0.634591122117639,0.49131617807243,0.832191198598593,0.260583256836981,0.627662715734914,0.291808246634901,0.113424573093653,0
0.48091588406004,0.571451900285855,0.441746719712391,0.515989278835431,0.595766966146603,0.105160539504141,0.457254161825404,0.520093391183764,0.256996251642704,0.868439737474546,0
0.334411191385332,0.274963429071661,0.162566846470535,0.23085719442647,0.373215151979867,0.954191133612767,0.54473161813803,0.788306614151224,0.440205394756049,0.506706536747515,0
0.15823668329902,0.15984091096241,0.151129808238521,0.171762332467176,0.12676351932548,0.752171342726797,0.413171788677573,0.100276862736791,0.537151807919145,0.25714335613884,0
0.256175327702891,0.40859316357784,0.288909297640901,0.196805960829835,0.373665456452407,0.0798401059582829,0.582005787175149,0.298128889640793,0.739946460584179,0.911071631126106,0
0.0632951451297849,0.163168293367699,0.119382209280506,0.0210893081199378,0.0595179738692939,0.602806543931365,0.583353085909039,0.790363237494603,0.623292788397521,0.377140792319551,0
0.489532509792224,0.492886485075206,0.440280325236358,0.649758579155803,0.676084495172929,0.346956176916137,0.347807958023623,0.456190655240789,0.884562592953444,0.824691775953397,0
0.237550428041071,0.273356575476006,0.15093300701268,0.352165070473775,0.275251884635724,0.276539992541075,0.571628612233326,0.947779920417815,0.387806441169232,0.616382210981101,0
0.727767543528043,0.618150699656177,0.727617244830448,0.801977330367919,0.557063903902564,0.355576968053356,0.772260983474553,0.93318359926343,0.696894903667271,0.889284257078543,0
0.59495609985292,0.716671935394406,0.654161377377808,0.536937783263624,0.598851488333195,0.238824818981811,0.262357514817268,0.916219039121643,0.33221717691049,0.711961546214297,0
0.615536611576937,0.791707350192219,0.764045578280743,0.655623411512841,0.569997912253067,0.226230000844225,0.17296287138015,0.527313239406794,0.882673545274884,0.503122910158709,0
0.934685277922824,0.942755450277589,0.905570414381474,0.988336426995508,0.850591735333018,0.000123701756820083,0.239341934677213,0.268049407284707,0.730222911108285,0.951165694277734,0
0.863377865662426,0.934892972402461,0.921003013556823,0.840376678007189,0.928635080034658,0.939656752161682,0.146791727980599,0.438915184466168,0.558194207493216,0.135542929405347,0
0.495384372537956,0.433871402616799,0.361881705695763,0.467023819929734,0.524282606719807,0.703771694563329,0.106000179424882,0.106561433756724,0.763748573372141,0.00513822468928993,0
0.354976140385959,0.381181429923046,0.565383312769234,0.485176135539543,0.582360584812704,0.171723474981263,0.197846637340263,0.197647921042517,0.184664071071893,0.180115639930591,0
0.680926499702409,0.650625729909725,0.569966308026947,0.495151146198809,0.746920411676168,0.448236000258476,0.718645955901593,0.286751354113221,0.683501231716946,0.521184581099078,0
0.647544802931417,0.543724547682982,0.526124153246172,0.438866648499761,0.703244574850146,0.285227752989158,0.347190957050771,0.0265458710491657,0.719513496151194,0.583863293519244,0
0.793398765474558,0.769292134869099,0.986814219275117,0.777125134646893,0.974894387282431,0.911449385341257,0.184180846204981,0.605345111107454,0.406219416297972,0.959262967342511,0
0.153709165741503,0.136978749172017,0.240537211800367,0.380950177457556,0.137096353415214,0.569460823433474,0.8132084896788,0.0582661130465567,0.561946317786351,0.601062357192859,0
