"1","2","3","4","5","6","7","8","9","10","class"
0.356307158409618,0.430368138905615,0.313370868433267,0.251031693303958,0.504941625213251,0.451511032413691,0.426317672710866,0.994462720584124,0.874521007528529,0.718506734585389,0
0.791486063140817,0.790491649209801,0.835706877390761,0.823677075072937,0.776887555045262,0.634450817946345,0.196519200224429,0.166162477806211,0.777715512784198,0.534988718340173,0
0.413919763380289,0.512421720638126,0.669417771835998,0.453182720937207,0.402328039320186,0.991855149855837,0.876359459944069,0.000689393607899547,0.138329739915207,0.840605471516028,0
0.233307950452622,0.351829303951189,0.371618749900162,0.390189983252436,0.295842386648804,0.655272503849119,0.652890003053471,0.292508847778663,0.725089584942907,0.727766648633406,0
0.706478265278786,0.828235353106447,0.921921351537667,0.89200169314649,0.871630623760261,0.940250559244305,0.686862655449659,0.51072708866559,0.139032525243238,0.32032554759644,0
0.718690537775867,0.512571092528291,0.666930171486456,0.598665316041093,0.642005653225817,0.225988761521876,0.920202915556729,0.399715582141653,0.0121024660766125,0.858473678585142,0
0.0338608428753912,0.00100142697691916,0.182621411878616,0.244614673074335,0.0156708337552845,0.107671151170507,0.578405549749732,0.330977727193385,0.711669423617423,0.243933295365423,0
0.439356793477759,0.494575304886047,0.477215834817197,0.249277722439636,0.334697093288321,0.165405286941677,0.49962410912849,0.637335780542344,0.497416575439274,0.525558589724824,0
0.11716134501677,0.158972688348219,0.172673256923258,0.347822178265825,0.163730498984642,0.0597927530761808,0.900222070282325,0.899723120732233,0.693771469406784,0.797341318801045,0
0.230447130257636,0.0864180778777227,0.0748768830380402,0.0242091498718597,0.0627255809927359,0.898516579996794,0.432057861704379,0.747471877839416,0.0845391107723117,0.707007282646373,0
0.842739130757749,0.755140405856073,0.575034402379766,0.788909014509991,0.612108868356794,0.978517282987013,0.466157383751124,0.204814922763035,0.865530334878713,0.794203962897882,0
0.346667724065017,0.364644908441883,0.33352114947373,0.307397351199575,0.391498158045672,0.147757960483432,0.912082611117512,0.402533931424841,0.451202951138839,0.803980633849278,0
0.792431305245683,0.51918157237526,0.614923543254472,0.661964183761925,0.637304311984777,0.838798404671252,0.385507648345083,0.159775798441842,0.0940893990918994,0.634272592607886,0
0.510676990165375,0.270813476047385,0.281207219202351,0.386325644321274,0.49007908632597,0.22958141611889,0.571446605492383,0.171945636393502,0.545084201265126,0.642658265540376,0
0.0701804184988141,0.117086087475717,0.126840663896501,0.171418289013207,0.199071489010751,0.0108768071513623,0.410710595082492,0.337722508702427,0.244571395218372,0.51723080361262,0
0.310736080222763,0.0772684519542381,0.192747288109269,0.197187498270068,0.124893233943265,0.508838095702231,0.875559277599677,0.12802663538605,0.504855334525928,0.622703475644812,0
0.256804732714593,0.331363410705701,0.249837339832447,0.557980870534852,0.270060358967259,0.68170612398535,0.00587616791017354,0.462055328534916,0.565701536368579,0.812631093198434,0
0.217363768459763,0.305608666832373,0.238739968633745,0.312434763668943,0.0422340893606655,0.111530381953344,0.679300973657519,0.35121828597039,0.0774154411628842,0.959373399848118,0
0.468773889882118,0.638930469466373,0.547968099001795,0.760694031708688,0.462094617461786,0.765563163207844,0.483844608301297,0.240869357483461,0.101565675809979,0.906642742222175,0
0.646350233721826,0.688063967079856,0.947359665983357,0.95644828946339,0.809865288185328,0.891019927803427,0.91157162305899,0.357800456229597,0.676265056943521,0.701161931967363,0
0.297119843039662,0.307529026543722,0.239039606808685,0.32727559943404,0.116200894219801,0.50617536646314,0.439517291495577,0.874376028077677,0.777179402299225,0.786109761567786,0
0.579745372672565,0.319762233059388,0.358499662933219,0.493954212416615,0.464980803879909,0.790026023751125,0.877480291528627,0.541667280020192,0.682922443607822,0.49411466694437,0
0.42013667428866,0.52501075848788,0.52425984126851,0.623266826196015,0.38868301358372,0.824376214761287,0.3029033546336,0.73542108037509,0.713170673465356,0.683794205076993,0
0.869989514674805,0.969263259848952,0.868335319239181,0.941414651548676,0.898221947919112,0.642778879031539,0.16432715440169,0.717469282215461,0.586665091803297,0.681884493678808,0
0.755277154877782,0.805615388409793,0.826041899081878,0.895637445573695,0.946365846502408,0.783970010234043,0.379590583965182,0.335156203480437,0.015703306067735,0.355241297278553,0
0.226250898989383,0.0916393115534447,0.239230982842855,0.00427867772523315,0.250147006125189,0.251575751462951,0.23180028074421,0.338423333363608,0.609101463109255,0.0794494815636426,0
0.646513313720748,0.684202670961618,0.761615665959194,0.759753889778256,0.864735004943609,0.6745550413616,0.615020811324939,0.984150595730171,0.577163925161585,0.157025796128437,0
0.55173103015041,0.385888178221788,0.402312250438053,0.486263763238024,0.378965657693427,0.584512262139469,0.116403059102595,0.25727038923651,0.761273017385975,0.481424294644967,0
0.555960853883624,0.76491825338956,0.829370109656081,0.577435192668065,0.723742616347782,0.714014722499996,0.733574785059318,0.281485183397308,0.43665697099641,0.645296816481277,0
0.473599152908567,0.786408024648577,0.60709738668846,0.79138280336652,0.622045204334427,0.445441670715809,0.96160373208113,0.499305184232071,0.13174514635466,0.420292953494936,0
0.677125798461959,0.712949699847028,0.859235377198085,0.680037979988381,0.658464181801304,0.709474009694532,0.66142569296062,0.381847007200122,0.642265496542677,0.737456099595875,0
0.339726771497913,0.170472790762689,0.148418600415625,0.0426938987976871,0.151742965324409,0.569257003488019,0.722728716209531,0.934407345019281,0.238233354873955,0.330991658149287,0
0.296479058121517,0.131368368612044,0.241500076705217,0.128531505457126,0.196314805370569,0.610611015465111,0.910632643382996,0.427254274720326,0.375759474700317,0.132881689351052,0
0.166503203810565,0.391748625456076,0.197789587025344,0.452338440524228,0.304727867620997,0.628487889422104,0.490718932356685,0.946990884374827,0.909419205505401,0.843367012217641,0
0.383343594561145,0.452115009154007,0.583994287748635,0.523556318700686,0.661318214675039,0.382817725185305,0.348751435987651,0.131152983754873,0.647508193971589,0.527389814611524,0
0.812980249400716,0.883072495050728,0.709942075437401,0.80740248773247,0.868696000835858,0.774956470588222,0.897193868178874,0.852589292917401,0.986823244718835,0.606141491793096,0
0.193025028945133,0.102542989628576,0.219413985822909,0.0426929039282724,0.19871084181238,0.86653830553405,0.689208437688649,0.844651621067896,0.23372837761417,0.604597616940737,0
0.852999019207433,0.827560951051675,0.763211844169069,0.799428532327525,0.908923322805297,0.0126536176539958,0.752060685772449,0.567895854590461,0.755509041482583,0.103139336919412,0
0.6230824443046,0.588971603196114,0.654721281025559,0.769638767465949,0.709354579215869,0.983867759816349,0.229118534130976,0.432533448794857,0.533949624514207,0.94190108589828,0
0.150662913393509,0.133667329400219,0.113502808560245,0.114455203851126,0.212537209610175,0.242121250601485,0.0263425512239337,0.446334350388497,0.67995109478943,0.876784839201719,0
0.620208576505072,0.746612737934105,0.859409369041212,0.650604266987182,0.758019620300271,0.966134962392971,0.271270877681673,0.631328252376989,0.808227266417816,0.270247855456546,0
0.179700449534133,0.156781332078856,0.196012443532888,0.13563179434333,0.206038955450617,0.860543351853266,0.697775935288519,0.26300056418404,0.625108563806862,0.860232119914144,0
0.0755355873946101,0.158430900418013,0.14998123870641,0.187869071230665,0.0788649118009955,0.18657489051111,0.240769248921424,0.337609630543739,0.396408464061096,0.255661948118359,0
0.103057665533945,0.231747411371116,0.0196700570095331,0.0789492960662581,0.0666795489720069,0.602752948645502,0.676095255883411,0.988971932325512,0.971027915598825,0.153941440396011,0
0.068498323359713,0.218387083467655,0.0954502234630287,0.132301986024901,0.205371389435045,0.624005845282227,0.4118538396433,0.288769533624873,0.165657052537426,0.655337718781084,0
0.827661120573524,0.784126195328776,0.984808715365361,0.714525880044326,0.899216279444285,0.345454125432298,0.566097527975217,0.589309782953933,0.578371514100581,0.896348785376176,0
0.204744660697132,0.252067507240921,0.113337645373493,0.00137978176847099,0.00741406448855995,0.479664875427261,0.808782500447705,0.124419114086777,0.725316280964762,0.52766784816049,0
0.800211407878064,0.932383165294304,0.962153452606965,0.914033683225978,0.685175355183333,0.00235753390006721,0.406010926235467,0.144027364440262,0.484471515519544,0.62044000485912,0
0.11413812721651,0.409049637635984,0.134612403367087,0.423960433042236,0.266227274134196,0.205784691730514,0.0523197527509183,0.539405945455655,0.343937479192391,0.089609305607155,0
0.106462819734588,0.163384393323213,0.544175887713209,0.729829634074122,0.901719732442871,0.425519244978204,0.997609398793429,0.312204102054238,0.793058305280283,0.344668996054679,1
0.817552791740745,0.926406359430403,0.797969522550702,0.881195488935336,0.85876489251852,0.450279704062268,0.77163285179995,0.962550269206986,0.726882795337588,0.797060648212209,0
0.852274650923908,0.824137560588308,0.61226137924511,0.574955538876541,0.700015598170552,0.0234002014622092,0.584308702033013,0.0912805162370205,0.532551138661802,0.257176355691627,0
0.215364647993632,0.0854476483203471,0.186512548913062,0.19169403750319,0.18917157283891,0.937042446807027,0.0828445872757584,0.666748404270038,0.652542987605557,0.835762299830094,0
0.261126756040659,0.196906219804008,0.35142029787004,0.27357057604529,0.511486117293499,0.633582599228248,0.150985701940954,0.483691217144951,0.989694979740307,0.315674965269864,0
0.0806775009796024,0.378048430546373,0.343700716580451,0.383786949384957,0.152042917009443,0.453090924303979,0.640915278112516,0.961177914403379,0.786312747513875,0.29884020681493,0
0.455578052577097,0.327388891117647,0.350190625836141,0.32176501200255,0.428462819102686,0.111339051276445,0.837892934214324,0.67665585456416,0.56824472732842,0.101834032218903,0
0.52828901635427,0.344301764158718,0.448868256698735,0.597602701908909,0.379193555302918,0.924770680256188,0.554342352552339,0.911120132543147,0.991786416387185,0.279486653162166,0
0.199183368671406,0.0539906722389162,0.129955484835338,0.176242783533875,0.0760497001335956,0.829025801736861,0.439133074134588,0.950690088095143,0.0821503200568259,0.72281208797358,0
0.806075772261247,0.783715337418765,0.876917453621328,0.869906417279691,0.802791313584894,0.224566048709676,0.185903797857463,0.52245574304834,0.650416844291613,0.917783747427166,0
0.437095932520367,0.432697168237437,0.610796332569327,0.631182178264297,0.508605377911497,0.13758870633319,0.457719096448272,0.902759407414123,0.955071818316355,0.816258662613109,0
0.599128500291146,0.930215094237588,0.607818984426558,0.766769169623964,0.699282416652888,0.454350048443303,0.145249554654583,0.0928981641773134,0.44018855271861,0.591150736901909,0
0.474680395278335,0.539459370327275,0.731188520363998,0.50445703893071,0.720780652870052,0.90388009394519,0.83718992723152,0.121603839099407,0.870576184475794,0.243704000022262,0
0.238619216671959,0.386325942671672,0.317975571987405,0.294774988469854,0.315090250160173,0.12017638515681,0.324251777725294,0.356537769315764,0.16114111803472,0.451457976130769,0
0.632545484758448,0.558842462145444,0.642181889865547,0.38843064962076,0.485259851013217,0.131237686611712,0.84041938977316,0.837988588260487,0.854986970312893,0.918424314120784,0
0.425367336022668,0.35315272864867,0.340604350891523,0.549059532609396,0.398645148921758,0.0822593981865793,0.755655655171722,0.123249254189432,0.608713603112847,0.972521752817556,0
0.658779267797247,0.564714739273768,0.767243015670218,0.495915178356227,0.805192219660152,0.307833766099066,0.799029734916985,0.652858151355758,0.516075092367828,0.616588558768854,0
0.328195253415033,0.480030694816634,0.458236666581035,0.243867595942318,0.166659778695926,0.553174493368715,0.557469769846648,0.823838769458234,0.313668076880276,0.677886463003233,0
0.333753727159277,0.325973111609183,0.138118696836662,0.298675864163786,0.336198921687715,0.0655175652354956,0.54374823323451,0.204073759261519,0.286540339933708,0.845281964633614,0
0.731809578423575,0.734535357181355,0.776668233101256,0.869282361455448,0.952177406301349,0.586313135223463,0.704732223413885,0.824263985967264,0.812234099023044,0.145757876103744,0
0.279373815122247,0.135068703465536,0.255418645095546,0.148616188698169,0.41491693886295,0.642725148703903,0.836641199653968,0.908904919866472,0.219372039427981,0.196255050599575,0
0.526465992392972,0.461042927192524,0.459915613712743,0.519120784556493,0.519525092313066,0.902227812912315,0.0388729842379689,0.510255670174956,0.27687131613493,0.619551352225244,0
0.224005944757443,0.0565948282740079,0.238202934155148,0.138809227827657,0.240470528731309,0.184192552464083,0.637955869315192,0.8633153073024,0.145064094802365,0.102738337824121,0
0.570015200559422,0.715478428651951,0.575342343398929,0.663174508527853,0.464689441895299,0.348058721981943,0.350442357361317,0.960126408841461,0.987765938742086,0.0713891524355859,0
0.11073038669182,0.393873480727244,0.240477355271298,0.448194676572643,0.45965656744726,0.295843508793041,0.339894194388762,0.611025553895161,0.916898232651874,0.839221863308921,0
0.929405014701188,0.953293326646089,0.864926265094429,0.906048790712655,0.725551857185736,0.650645633693784,0.474536082241684,0.524474880425259,0.902340701315552,0.834563329117373,0
0.931690041006077,0.933839480841998,0.857700504909735,0.823314421093091,0.833407250777818,0.993755918228999,0.116791206644848,0.358714804984629,0.650726065272465,0.456464857328683,0
0.602127219360881,0.779712993120775,0.580622988515534,0.825574797787704,0.81289553056322,0.0177467393223196,0.474092507734895,0.967658921610564,0.496904544066638,0.619949234183878,0
0.156228221291304,0.251092477972433,0.166246554708667,0.242542038109433,0.259447039841022,0.107146548805758,0.951187644852325,0.817517401184887,0.218070159200579,0.311820600414649,0
0.318266890609264,0.273021752816439,0.0130425311177969,0.225543137225509,0.307226057323813,0.788962538354099,0.947089266031981,0.858764537144452,0.890713441884145,0.0172165632247925,0
0.275346859599836,0.31666139579406,0.489321040248219,0.378471990428772,0.359900986141618,0.911457510199398,0.885341093642637,0.818409973289818,0.393126956885681,0.304328249767423,0
0.732191956919618,0.849794814727269,0.859545777313411,0.728030185320415,0.620091923859902,0.983251091558486,0.435790295014158,0.678477354813367,0.135758891468868,0.243751893751323,0
0.431221937196795,0.145534988216218,0.152955923337676,0.356389542425331,0.448069876312278,0.950280356919393,0.237060010898858,0.582683834480122,0.804572240682319,0.894971647299826,0
0.189616316637024,0.148679138548672,0.270523734308034,0.3577554105822,0.264878837659583,0.618986723246053,0.0125999508891255,0.353610368911177,0.261798728024587,0.393323506694287,0
0.597267012169864,0.60708169375034,0.371476413744316,0.324849371931888,0.571392878269125,0.383541125338525,0.96278515807353,0.823533579008654,0.379930997733027,0.572889362694696,0
0.661790991830081,0.953258348242566,0.703044653051719,0.842651146136038,0.678277027365007,0.703174559865147,0.682758748298511,0.126580974785611,0.47351808520034,0.721820705104619,0
0.0872100223503076,0.199293992577586,0.178148323587142,0.165961544936989,0.0763279207204469,0.818139125127345,0.677224554121494,0.56397585500963,0.134898502146825,0.732503896811977,0
0.627718725877628,0.759235879550502,0.779004980066791,0.770051124207303,0.87706245434694,0.424932393943891,0.658358253538609,0.953852499369532,0.37460084958002,0.669158270349726,0
0.956985320383031,0.822496153924707,0.636569746976253,0.809037545775902,0.912722652288433,0.00944187818095088,0.587199185974896,0.920007376931608,0.701536102220416,0.297419047914445,0
0.238909167707153,0.187288141025417,0.219181847813167,0.232149156615324,0.197820478244126,0.6089678844437,0.94854663615115,0.111640121554956,0.613444385118783,0.804456634679809,0
0.548351760601532,0.699702158668451,0.76597739096852,0.66926819893606,0.742940138830245,0.61196107021533,0.32418042444624,0.40893298946321,0.044268911704421,0.630396907217801,0
0.297893278770149,0.397734110396355,0.240843558026478,0.0832740667853504,0.131533195232973,0.0295311405789107,0.0611299225129187,0.412088136188686,0.0367898063268512,0.639091332443058,0
0.636718582186569,0.722133011296671,0.565465503772348,0.597835304204561,0.843483046022896,0.966625632019714,0.704964339500293,0.47595938318409,0.423218666110188,0.501919519156218,0
0.5867682929039,0.720957460322417,0.681472751672193,0.746353163071908,0.486430442884378,0.195486711803824,0.460996194509789,0.0192302011419088,0.566087512532249,0.929762887069955,0
0.171673555609863,0.15266514106039,0.189668586056586,0.159326828156412,0.0471284173252061,0.664402751019225,0.788771110819653,0.842957100598142,0.616269314428791,0.0685158199630678,0
0.197586799796671,0.13766161217764,0.0994282711572945,0.11154051277712,0.171859344316274,0.0135643100365996,0.0992497915867716,0.103759213350713,0.538633287418634,0.368992057396099,0
0.211152281998191,0.166411198345944,0.0837920448747463,0.060536529970821,0.173149318092037,0.380500033730641,0.237493051448837,0.13999222451821,0.638837784761563,0.0152810453437269,0
0.441350880880095,0.401929460492358,0.635042559908517,0.736048884478957,0.533277505050972,0.711705609690398,0.800445032771677,0.531530656618997,0.0891316293273121,0.768399987835437,0
0.555473277084995,0.739700896916352,0.586352428570017,0.82945200639246,0.645949089661241,0.358256173552945,0.994746609590948,0.000463779550045729,0.0958983385935426,0.698994977865368,0
0.4457392966602,0.490907992442697,0.53420416229479,0.708750657361373,0.455980420829728,0.0585688124410808,0.873440484283492,0.248173198895529,0.276827863417566,0.408316261833534,0
0.840432449592464,0.966007679872308,0.88012994623594,0.962802582720295,0.971131776490062,0.466720941942185,0.527841484872624,0.618764699436724,0.260181642370299,0.463578407187015,0
