"1","2","3","4","5","6","7","8","9","10","class"
0.718194033706095,0.894874572684057,0.808338048972655,0.952995025529526,0.509996575932018,0.624269124353305,0.0761368726380169,0.68808955559507,0.0351922353729606,0.261775356251746,0
0.299909580506175,0.457825112242065,0.152762466559,0.0340197885410162,0.245465546555561,0.236569626023993,0.841346267843619,0.877577384700999,0.258374463068321,0.660508188186213,0
0.390347738138353,0.00692855681949295,0.136034194442909,0.391044726712443,0.163999339201115,0.550228809472173,0.149970893515274,0.055940201273188,0.0971940525341779,0.953086859779432,0
0.533674950779229,0.413361740195123,0.301176788973133,0.383486275195377,0.451068065716396,0.972721792990342,0.904130651382729,0.850046023726463,0.355061201844364,0.854920650832355,0
0.813624005432054,0.814912520457245,0.693576431489922,0.711343590964004,0.430451982489042,0.268172397976741,0.219883300131187,0.730312244500965,0.0154812126420438,0.752273196587339,0
0.591112665366381,0.679149492410943,0.975795743754134,0.954007699852809,0.244284995598719,0.374909662874416,0.521130266366526,0.581771261524409,0.315867538796738,0.353124763350934,1
0.964695852628443,0.718451914479211,0.791638136234647,0.831147045098059,0.828299668222945,0.359137765830383,0.0617249575443566,0.93994289659895,0.96824517683126,0.343866243725643,0
0.158251327439258,0.0369485617614351,0.0949645380976843,0.0882478676737752,0.0860148646435933,0.922546379733831,0.127238349989057,0.947899408638477,0.674772353842854,0.945735676214099,0
0.803335257280059,0.854865530642495,0.761393372866884,0.761451439891942,0.742565110734757,0.998193862149492,0.0889653754420578,0.649913238594308,0.460451086983085,0.116783566074446,0
0.426489527276088,0.859584133571549,0.551346281060018,0.748940102947806,0.550234518881794,0.0340290849562734,0.449522118084133,0.950035934569314,0.196673372760415,0.318948704050854,0
0.254179930285551,0.245550015216228,0.152284461796051,0.0983736098858062,0.307764523709891,0.136570225236937,0.321819848846644,0.489029461750761,0.789265382569283,0.0394079852849245,0
0.356440266575944,0.371098119140486,0.184572449965123,0.303186514016497,0.0238110826961463,0.488189894007519,0.341452393913642,0.613237201236188,0.819463006453589,0.595272986451164,0
0.300984719804302,0.415452914558724,0.732599216258153,0.634576648177952,0.597544816371426,0.124517001211643,0.768505145097151,0.176415344700217,0.786257019499317,0.391393475933,0
0.685468260382977,0.778661089290981,0.709343160123075,0.922453377128579,0.867906415677117,0.437986551318318,0.921377937542275,0.6737631179858,0.384101054398343,0.554220617283136,0
0.676967317704111,0.0837353593669832,0.855946125695482,0.312963036820292,0.347275565378368,0.81475766049698,0.759333380265161,0.167214368004352,0.444050552556291,0.113146857591346,1
0.504191598558449,0.549221494286321,0.564008508458966,0.779831401080941,0.478038874502061,0.431474771583453,0.446477483259514,0.491119826445356,0.375450576422736,0.721138978609815,0
0.179520332049206,0.12869440401243,0.0710210599149577,0.278902524750866,0.282792936913017,0.808883632067591,0.720292024081573,0.961772546637803,0.0140707972459495,0.761887237196788,0
0.963072266329522,0.748308803289034,0.904775682107266,0.754500880109728,0.978757113594608,0.239594707731158,0.0321317659690976,0.318099891301244,0.241282803704962,0.611275755334646,0
0.778799271790078,0.691970337987365,0.609839794318005,0.825278382273111,0.745758779926039,0.258555363165215,0.538279276806861,0.151064127217978,0.548176005482674,0.93108978192322,0
0.775962197850365,0.678603459759872,0.781477935626148,0.852081064026337,0.711738653388876,0.444756528595462,0.0331141103524715,0.221915686503053,0.96343052922748,0.924691505730152,0
0.304334589608945,0.522476299912669,0.327960565105081,0.575207403111271,0.720552127174102,0.951448635431007,0.0850083390250802,0.346808494767174,0.251181865809485,0.775304644368589,0
0.807112979414989,0.459269478899636,0.34219460320787,0.468641006988916,0.379582074643415,0.484335875837132,0.63842655858025,0.601812284206972,0.271297558909282,0.727858969941735,0
0.724404548675427,0.719337261171313,0.995039785621502,0.912709184247814,0.712522595837805,0.380862343590707,0.997679385356605,0.284088267479092,0.775093429489061,0.747708909912035,0
0.472625424412079,0.862495465499139,0.41770570458076,0.617240974787134,0.578718657309725,0.307867277180776,0.0216796989552677,0.138492688303813,0.195786305237561,0.611439814558253,0
0.687699381836504,0.856906368368771,0.869910663401335,0.877218486371264,0.787313564071804,0.55236057122238,0.433132132515311,0.402629500254989,0.954896776238456,0.639750802423805,0
0.262447640108876,0.0356088476633886,0.335829032752081,0.277097188860644,0.115285312963533,0.0778936066199094,0.307031593285501,0.879028676077724,0.619884965708479,0.15494427178055,0
0.293938244202593,0.0619607443780172,0.050826313304482,0.0389517691695132,0.196362736717565,0.369617077056319,0.0900156905408949,0.0968398852273822,0.58146702661179,0.389834908535704,0
0.918341915074922,0.832978876801347,0.664090045291558,0.740782751361467,0.790885697432864,0.570373291149735,0.276625554542989,0.500157124130055,0.0782282627187669,0.090645800344646,0
0.437146301177517,0.267095103258267,0.139630794588104,0.10753426947929,0.239856119826809,0.75971870473586,0.250205184798688,0.783923360286281,0.615248286165297,0.435762517852709,0
0.519977359499596,0.453154235014762,0.2600505525304,0.0742197587737813,0.164989028275758,0.342951521743089,0.0930799269117415,0.223401467548683,0.406887996010482,0.287701625842601,0
0.610489698612364,0.435257828769507,0.606482419084758,0.356134072317043,0.43916278886958,0.915661689825356,0.367426945827901,0.211956503102556,0.965364189585671,0.731066065607592,0
0.0996061911580619,0.382814026291925,0.423124098570249,0.426350724235573,0.40477736888174,0.434789396822453,0.152430687798187,0.239378316793591,0.157788082724437,0.460537497187033,0
0.494866487190593,0.47276215200536,0.710079080248624,0.379247638258059,0.380363964203838,0.477347149746493,0.347813142929226,0.927279259543866,0.992987162899226,0.258002100745216,0
0.603725887384312,0.804188775873091,0.894401913793036,0.581577123637637,0.755765026933514,0.795858613681048,0.856529553886503,0.993552361382172,0.556204326683655,0.640246896073222,0
0.343641922914702,0.644549337550858,0.578481060393667,0.45825802525403,0.468436584900413,0.638710265047848,0.576390023576096,0.47148488345556,0.618158364901319,0.74799813143909,0
0.416621216972591,0.304671273998567,0.393557268253993,0.62478598236083,0.593724381506443,0.99334349273704,0.593735806411132,0.200467509683222,0.0358330921735615,0.695844085887074,0
0.26423710793145,0.206798923714086,0.12312170901224,0.0958060597991571,0.11769995836895,0.944777489174157,0.654337636195123,0.640723862685263,0.583396585192531,0.969057420501485,0
0.882673129097978,0.95252674699293,0.878231610410241,0.800128417561506,0.964313272741297,0.901515271747485,0.924863320076838,0.856798408785835,0.654308030381799,0.836584853706881,0
0.0320361026268918,0.39088345279037,0.298997055965802,0.438928687193152,0.119030117092608,0.805097487056628,0.347848167875782,0.0445092401932925,0.0383418784476817,0.395342008210719,0
0.652968529040227,0.646895551752579,0.984820547881047,0.936811194157414,0.859479774939595,0.741503761382774,0.0191453853622079,0.258115862496197,0.717920436291024,0.665943089872599,0
0.291814131060615,0.348029820972122,0.342271927228663,0.119403059731703,0.261867422442883,0.144083243329078,0.295409963233396,0.059571658493951,0.660308658611029,0.0542197772301733,0
0.752142051679618,0.958861144904862,0.906443556493591,0.947968658583821,0.818516387125803,0.498946222243831,0.330315212253481,0.914297793759033,0.952106728451326,0.0344060380011797,0
0.378499697988899,0.478923597584851,0.4551337500758,0.260906036030874,0.31859726272733,0.697678827680647,0.693954753689468,0.701146411243826,0.997934953775257,0.148591539356858,0
0.651588421043754,0.64381946552468,0.929945086353295,0.853558211817336,0.983072902138904,0.310731464764103,0.0722747833933681,0.127013531280681,0.101059439824894,0.169090102892369,0
0.106964049211517,0.365848767406121,0.167672106366232,0.306246440674737,0.233929125196487,0.746715545421466,0.256170149659738,0.0598806641064584,0.986200826242566,0.678301189094782,0
0.722899673383334,0.748834885781631,0.704196296179434,0.657368088090559,0.83432701309782,0.527450063731521,0.744289942085743,0.0647333194501698,0.56454944354482,0.843864974798635,0
0.235995111177349,0.0298708103497047,0.228970412206929,0.0417044318820816,0.179057105619414,0.87648207321763,0.137762814527377,0.692789173219353,0.499521610094234,0.599917861167341,0
0.354753033824498,0.314392552335863,0.275345860100933,0.332914512450295,0.353308001407445,0.243545189499855,0.950434257509187,0.499373690690845,0.470941941486672,0.387075680075213,0
0.458373963858373,0.395595046966523,0.0564904389707371,0.223440924999025,0.489790573421307,0.615500230807811,0.256422837497666,0.150814657099545,0.491205312078819,0.143085516989231,0
0.469581078511127,0.0174375517354347,0.215598846543627,0.00634461198574862,0.28791807972258,0.0681059292983264,0.1321700157132,0.60699946177192,0.739518330432475,0.121685024816543,0
0.364297323373612,0.245102969842264,0.0346763729618396,0.0148662024014629,0.361831991251092,0.759117324370891,0.65056109149009,0.680884583853185,0.676198820583522,0.426962829427794,0
0.667448551161215,0.684195288456976,0.561089883558452,0.410820372402668,0.506263862363994,0.720720725599676,0.497784660663456,0.371109696803614,0.440498639130965,0.85362452478148,0
0.353725659782253,0.437769330163859,0.157856130741537,0.301786641300283,0.172779125646316,0.785457878140733,0.110560260247439,0.992641159566119,0.309098568512127,0.984569362830371,0
0.834107608994679,0.577467987682833,0.922650212500012,0.992939894606406,0.542407789209765,0.805512801744044,0.281628395896405,0.0301031987182796,0.620661952299997,0.153013718081638,0
0.182139207300637,0.118313927287562,0.20938182590655,0.272389119583555,0.149163966348255,0.450212053023279,0.937084426172078,0.267027240479365,0.0927989690098912,0.536002474138513,0
0.657579844049178,0.295849378278479,0.508852177387569,0.261935567961773,0.430170804157271,0.641998673789203,0.663488891907036,0.516860750271007,0.844059118302539,0.297642501071095,0
0.728735378264915,0.731081635098532,0.496566470496077,0.606935966933239,0.559581259277836,0.651030147681013,0.77405576268211,0.820155561203137,0.805082263424993,0.102906127460301,0
0.710948411153653,0.75930023155543,0.876233783306065,0.856535607184051,0.786874250852619,0.100389379542321,0.666825881460682,0.0612781490199268,0.391991753596812,0.011481239227578,0
0.513030705447961,0.537690105254017,0.712533322958322,0.618999923316343,0.771163612708915,0.930961357429624,0.341552862664685,0.731307417619973,0.992843999061733,0.944281805306673,0
0.102495114850905,0.186729473272059,0.168653247767012,0.105826949357544,0.300987629241869,0.0907357626128942,0.0895812073722482,0.688562874915078,0.297421319643036,0.962867201305926,0
0.112855283254758,0.0714287775848061,0.192242083931342,0.340243453780189,0.311781978590414,0.771659669000655,0.0917805451899767,0.823157414328307,0.575286540202796,0.762526310514659,0
0.621414078252832,0.640301119691506,0.673422222641623,0.692857650237833,0.304901975354156,0.609723298810422,0.0207035359926522,0.0808477401733398,0.284064749022946,0.0566012586932629,0
0.504087173426105,0.62723507750784,0.633113271691883,0.846446521582454,0.702583781525213,0.47105885646306,0.0141013816464692,0.480264037381858,0.162015746114776,0.654281527269632,0
0.618973413407919,0.59436503408947,0.926581914046919,0.560691215433017,0.589381159478985,0.324512902647257,0.437462239293382,0.213123017922044,0.229555795434862,0.243457654956728,0
0.408753737978078,0.272636573783681,0.356952522816323,0.0376533451243304,0.239528345272411,0.254627629416063,0.141270314576104,0.0651496469508857,0.646101404447109,0.453254552325234,0
0.329962472142652,0.307121441707364,0.302362943131709,0.375605867060367,0.313260105221532,0.494092063512653,0.438173590926453,0.232019511982799,0.291401405353099,0.723421843955293,0
0.611517816121038,0.414357519176695,0.723411613526754,0.535521727191052,0.525995606947551,0.0147187483962625,0.0245859483256936,0.939062858233228,0.89264205051586,0.565806049853563,0
0.232728032792383,0.427506023656484,0.190488644504268,0.509963050122047,0.168808733684104,0.670420470414683,0.842180242063478,0.746542564360425,0.464966325554997,0.709351404104382,0
0.136033182016388,0.450317394152284,0.375771142144874,0.0363596464602277,0.167266602570377,0.993549603503197,0.588363519869745,0.965134567813948,0.602216995088384,0.90464263712056,0
0.419177394369291,0.423476249365835,0.3559907582863,0.685720566540095,0.355967779782088,0.966612998163328,0.320292290765792,0.831808610353619,0.801206988748163,0.657060084631667,0
0.818648711491609,0.798808111703722,0.789601158853853,0.744622204810614,0.741266335165827,0.177577727474272,0.555956167634577,0.0414313697256148,0.37040271773003,0.95173743320629,0
0.738355707850028,0.836113601435907,0.840692069367575,0.79583346513724,0.907927019100497,0.735923185944557,0.163266668329015,0.322963134385645,0.511742829810828,0.260049293981865,0
0.728357370968442,0.72256000166703,0.719237738653272,0.898019135413226,0.82802233795831,0.457671353826299,0.493976807454601,0.802837191848084,0.7426020745188,0.135858190245926,0
0.821656226515863,0.61690144427726,0.903024413496372,0.715620128288656,0.634115292119095,0.751394145889208,0.580225639976561,0.175368092255667,0.239431367022917,0.281408867100254,0
0.239931418736419,0.366054011407029,0.533636998886988,0.525439862343902,0.461733512305701,0.909237768966705,0.238920115865767,0.484925957396626,0.811046537943184,0.327809468377382,0
0.675477840609965,0.847583842870081,0.628369066006271,0.923013213308295,0.950949611520045,0.885800573974848,0.704416030552238,0.505652515683323,0.687054459936917,0.630116855027154,0
0.950350087731332,0.795695261834562,0.844542604839057,0.918329137105867,0.855280064449832,0.737974413670599,0.236469708848745,0.255236338591203,0.160802096826956,0.0118651133961976,0
0.150160804179218,0.160742677112878,0.234304287056276,0.29749396856362,0.46694301163312,0.826682454906404,0.0489643956534564,0.817263049073517,0.691582894418389,0.755375280743465,0
0.747852261644835,0.963618679569289,0.926105212493055,0.751501537302695,0.69366215900383,0.836842421907932,0.794119114754722,0.2134726094082,0.538649753434584,0.277981465915218,0
0.108630406204611,0.571570485364646,0.131440938683227,0.412418170133606,0.724310735473409,0.414233809569851,0.274142027832568,0.696739628212526,0.928870256291702,0.632074980065227,1
0.489594029200729,0.463556694276631,0.496572554360144,0.383629980571568,0.338953569376376,0.798460365040228,0.770871743792668,0.274481429019943,0.869462871691212,0.418142677051947,0
0.728140334769944,0.979922241834132,0.905785494003631,0.702033575891564,0.709596833738545,0.427797557786107,0.298210681648925,0.464626535074785,0.663127784151584,0.461248676292598,0
0.758288762270054,0.448502206751611,0.377958691943809,0.634540404136106,0.826229684116971,0.0710499391425401,0.781793285626918,0.817225087434053,0.4466737001203,0.275445191655308,0
0.725632877791091,0.403165604518331,0.537547484640451,0.531680507188616,0.316883709315234,0.42529695131816,0.57220580149442,0.721347022335976,0.968603098532185,0.366804006043822,0
0.793785655125417,0.843642661384121,0.622827937310375,0.890076592417434,0.981593000755645,0.268339267000556,0.616450578905642,0.413216943386942,0.346792621538043,0.898686557076871,0
0.21836228031374,0.177118022168288,0.072956196540501,0.153234040034586,0.0604171321449103,0.243371444288641,0.698403348447755,0.198190338676795,0.806708415737376,0.439232370117679,0
0.368841551312664,0.633817608729377,0.39358448263309,0.620712268686201,0.290899093511468,0.708938144613057,0.164951393613592,0.795538864564151,0.790570185752586,0.0734412828460336,0
0.120089564809436,0.251967789336038,0.0611920730325626,0.243830682945461,0.0999380777694983,0.361675866181031,0.608804870396852,0.394546163035557,0.870353040518239,0.00590330781415105,0
0.75807619437594,0.917769894362707,0.775306139679719,0.976645109375007,0.978655620453879,0.00864008092321455,0.383609837619588,0.555691151181236,0.312464570393786,0.359487768029794,0
0.132986843307875,0.204271348371333,0.272261360761966,0.375417788903485,0.0934641662510577,0.290846926858649,0.930057471385226,0.040605247952044,0.908772940514609,0.59392046998255,0
0.0536505910682026,0.333283938304521,0.314511621128535,0.24598559811851,0.312246023321757,0.043754416750744,0.905368740670383,0.743006184697151,0.235173435183242,0.816872101277113,0
0.533773314100248,0.632996913729701,0.51947070406836,0.447366653922549,0.513739842043817,0.284620049642399,0.927471300587058,0.19262627651915,0.629117879318073,0.268830915214494,0
0.331559730206803,0.643211735092476,0.560109842476621,0.305970830479637,0.671718845022097,0.496597117045894,0.531742809806019,0.294442980317399,0.554229771485552,0.473850771784782,0
0.898284832681832,0.695078565344913,0.921757876167982,0.905006773268827,0.782837742041214,0.0871342930477113,0.127552640857175,0.253595197107643,0.824501469731331,0.671788310166448,0
0.270492814151151,0.313437931571901,0.193937342135096,0.372359168282757,0.244565330312355,0.223357797134668,0.316665004007518,0.773491702973843,0.54839833942242,0.541168434545398,0
0.667224322877242,0.870115141815855,0.587031373041798,0.496213272292167,0.869165007563774,0.0641892601270229,0.911613394971937,0.209301031427458,0.970094888005406,0.957075030310079,0
0.859300007112324,0.780902162659913,0.777889143675566,0.835375723661855,0.993950597709045,0.368165359832346,0.614889186574146,0.557964997366071,0.901884701335803,0.149248003028333,0
0.750473387441295,0.907902380952053,0.691511744114407,0.912631562915747,0.972613608746347,0.148785815108567,0.570907318266109,0.479039720492437,0.270732809789479,0.78794161346741,0
0.843193050216977,0.87473625898757,0.866101724566193,0.840556497819116,0.854232009321405,0.649519393686205,0.544048951240256,0.18019221490249,0.397460791748017,0.0870017376728356,0
0.514235868513095,0.371238293628185,0.471158499819506,0.677135314028873,0.602534910383238,0.143381321802735,0.557124957209453,0.615908093284816,0.296658096602187,0.597424465930089,0
