"1","2","3","4","5","6","7","8","9","10","class"
0.762458005119115,0.87841495975852,0.791420923415571,0.778536726781167,0.872950723366812,0.253498232923448,0.868388717994094,0.4614618497435,0.561422597616911,0.499953309074044,0
0.882751098425314,0.871487601469923,0.822611428631749,0.934680111541878,0.838528389571514,0.975228113587946,0.735723842633888,0.298557350877672,0.47093925694935,0.359955415828153,0
0.153264955025539,0.147712848794088,0.0733743343885988,0.115089756118879,0.185855382737145,0.586970815667883,0.772353191161528,0.140101787401363,0.728865289827809,0.861206330126151,0
0.555955464900006,0.436726413246058,0.423607887726836,0.487911583680194,0.450323726724274,0.625233072321862,0.610194189473987,0.389589937636629,0.257367875892669,0.737610483309254,0
0.794702591332793,0.726952996080182,0.773359326938167,0.851062429943308,0.793486750340462,0.786886801477522,0.659041655948386,0.240705857053399,0.787233795505017,0.153871428687125,0
0.323506663510576,0.31671682467917,0.235629416736308,0.26297926920699,0.228813667683396,0.551535045262426,0.10977586498484,0.306473959702998,0.703621908789501,0.37392181600444,0
0.502370109969377,0.501544935803488,0.511947237966955,0.404489600748941,0.396761227469519,0.495423254789785,0.310548853129148,0.372160657774657,0.529613121179864,0.769104977604002,0
0.254765069423337,0.338311336154677,0.319882917607389,0.277918902493734,0.308138960472774,0.80708938348107,0.217521726619452,0.513734538340941,0.518469974398613,0.585241177119315,0
0.266190901390091,0.230136930238642,0.281331710815616,0.221151982204244,0.243439968320541,0.867355518043041,0.10627672681585,0.881578326690942,0.00994548783637583,0.411763634067029,0
0.649831942644902,0.609138784524519,0.568393752139062,0.569145734460838,0.550266050784383,0.771836762549356,0.42515802429989,0.0835461798124015,0.243282580282539,0.27703441050835,0
0.886645664190874,0.909258642489091,0.936097756350413,0.911002323905006,0.990981168845668,0.55246342997998,0.161186701152474,0.110869081225246,0.651753070531413,0.3538466792088,0
0.593598309775814,0.558132203302719,0.558317579550669,0.547613072047383,0.529671593894809,0.318211831850931,0.707423730753362,0.60473367292434,0.582007333636284,0.614615016616881,0
0.657253045671061,0.702116683795489,0.610201428195089,0.646004415364005,0.683610720705427,0.446036791894585,0.337243585148826,0.452891882741824,0.179832013789564,0.596166138537228,0
0.246718720298819,0.318670121733658,0.313054710524715,0.207614204318076,0.28187389561981,0.66181689617224,0.956570910522714,0.851934466511011,0.525445899693295,0.719530018279329,0
0.0308176347389817,0.0862961603354662,0.0669240852080285,0.0665262877240777,0.0925446349989623,0.647806520573795,0.914008641848341,0.148321262095124,0.488240231527016,0.123945680679753,0
0.032097096497193,0.13926811667718,0.0800412612692453,0.0518919953801669,0.0203263419913128,0.455921890446916,0.708333822665736,0.335008851950988,0.33448160206899,0.785954762250185,0
0.0614291215421632,0.167948444833048,0.144447860087268,0.100624624229595,0.174238011143357,0.501515713520348,0.297342626843601,0.704143550014123,0.942273790948093,0.876091502141207,0
0.362379960755724,0.34340884601241,0.344745461508445,0.269663621941302,0.292838993379846,0.672536924947053,0.566105653531849,0.743298013694584,0.853851221036166,0.577262361301109,0
0.326229235390574,0.304084850045294,0.279723369879276,0.285802850542217,0.360499537894875,0.279184822924435,0.411730616353452,0.148048823466524,0.966438521863893,0.0273903915658593,0
0.905393345210142,0.947955855893157,0.831560257265158,0.964842859170772,0.968092273651157,0.126372350612655,0.878183739958331,0.589830155251548,0.0212861788459122,0.45243897032924,0
0.114071976945736,0.215498965847306,0.12588454519771,0.170297449214384,0.131915195187554,0.689129952806979,0.942118849838153,0.818908492801711,0.977944624610245,0.399442598689348,0
0.994791426593624,0.952055400589667,0.959885643513594,0.977554232329875,0.920401700707153,0.126305466517806,0.406417403835803,0.212583120912313,0.355584075441584,0.435035441769287,0
0.157554029665142,0.270552929903939,0.238298798108473,0.138660182280466,0.178151595560834,0.229844958987087,0.498515247367322,0.961124728200957,0.340699997497723,0.749222461599857,0
0.243492018444929,0.273883721788973,0.334171346545592,0.354790255906898,0.26194891903447,0.194824108155444,0.868900689994916,0.518363759620115,0.918856414267793,0.323982997098938,0
0.0252983580216765,0.063206057648547,0.0723949125261977,0.0618185524336994,0.0305138818800449,0.191448115510866,0.462535856990144,0.262914685532451,0.583828042726964,0.223583083134145,0
0.70324919190025,0.69750467359554,0.687305064057,0.609667272877414,0.606990255718119,0.593362428480759,0.0495804406236857,0.202445955714211,0.882905242731795,0.687840517610312,0
0.278046678136662,0.369732584510371,0.2892811123956,0.392349411441758,0.350216023694351,0.445322278421372,0.609929194208235,0.783296100096777,0.114966497290879,0.06369897746481,0
0.294225960426033,0.177025752657931,0.286840837797802,0.215099452158343,0.216470759327896,0.77134122280404,0.571196667384356,0.946602669544518,0.199411145178601,0.371009590802714,0
0.0811657970447093,0.0668474163549021,0.0377470581637695,0.0656925260841847,0.0555120923323557,0.0568794186692685,0.777404092717916,0.0493320301175117,0.572432327782735,0.762085626833141,0
0.423687708857469,0.342980422729906,0.427551800827868,0.360960041107051,0.433756637070514,0.922113854670897,0.577054408378899,0.77721966104582,0.914477766258642,0.312969411490485,0
0.251075434366241,0.317768646735698,0.284350659161806,0.282289797600359,0.355222360309213,0.79131705313921,0.664061930729076,0.77093976829201,0.62644913373515,0.0688663083128631,0
0.402503254007921,0.41884483192889,0.423161622759514,0.432918841322139,0.358589994276967,0.953839987050742,0.160066173411906,0.345086043467745,0.325152096105739,0.294723683735356,0
0.00720684920698407,0.131693262474425,0.0823599398422986,0.0216487144540995,0.056489608350955,0.997250828659162,0.35890379268676,0.202950480394065,0.920053565409034,0.740079998038709,0
0.969469091147184,0.922508176626079,0.889272334462218,0.923871107743774,0.915433265143074,0.236555952113122,0.38076302758418,0.0130765510257334,0.651388569967821,0.8365202404093,0
0.101029498661309,0.0674454445369542,0.068100247002393,0.0973848251827061,0.044211528313905,0.560120342066512,0.136344170430675,0.188085144385695,0.707895093364641,0.267907412955537,0
0.0412414215835743,0.071984813649673,0.0360274802190252,0.0800508063179441,0.0894993817857467,0.996883420040831,0.840671032899991,0.819148574024439,0.466919610509649,0.553319044411182,0
0.284816923061386,0.333191707718931,0.314034673105925,0.355391977821104,0.406815783284605,0.954717275686562,0.857977003557608,0.744550447445363,0.800034529995173,0.37768201273866,0
0.944398333975021,0.964732548984606,0.908410459060129,0.963807760075107,0.895340486945398,0.721464566886425,0.04704291629605,0.745031712111086,0.967263492988423,0.709534561494365,0
0.356491399886832,0.466110165093094,0.361528168410808,0.404037800716609,0.367418271805346,0.635541248833761,0.928421596763656,0.761283814674243,0.668525342829525,0.00269404030404985,0
0.900610472331382,0.910286318514869,0.849776464659721,0.781593692054786,0.786251116504148,0.422544720582664,0.70269514946267,0.468907927395776,0.726949467556551,0.948247455991805,0
0.0421772680077702,0.129018230525777,0.0329191072452813,0.102285334499553,0.00586521329544484,0.387926131719723,0.185524250846356,0.430654584430158,0.145119701512158,0.359748863615096,0
0.491106165067013,0.378008632074948,0.460352661589533,0.384407769758813,0.425149124915339,0.102220821892843,0.349710623733699,0.503391800448298,0.359964597970247,0.904441195074469,0
0.877349591784552,0.950177235347405,0.902061164018884,0.957568932526931,0.955917441384122,0.205507368780673,0.487782410811633,0.0517816653009504,0.880402295384556,0.75374814402312,0
0.348706933867745,0.396056601236854,0.329270740708616,0.352573738971911,0.377949981799629,0.956391570158303,0.389307049335912,0.28943524020724,0.895785911707208,0.982209061970934,0
0.605001045187004,0.583368907093816,0.646486866393313,0.55857817260772,0.561621791164391,0.504553502891213,0.0990869016386569,0.883449676446617,0.0851939558051527,0.0820383948739618,0
0.354580435571261,0.397601767513901,0.468446680210996,0.437654330461752,0.427156150467228,0.231724449200556,0.390220955247059,0.286723455879837,0.366371798329055,0.0365784091409296,0
0.460136176917329,0.342332749531046,0.348835794175044,0.356835954966024,0.464917375040054,0.332474383758381,0.0113776226062328,0.844125385861844,0.0286074939649552,0.981022328836843,0
0.197414460953418,0.269927535950113,0.122388476282824,0.215546289400849,0.1787096705704,0.912730519426987,0.593827724456787,0.826212959131226,0.863876671763137,0.648603654233739,0
0.894483494870178,0.825468311316334,0.806866030935012,0.818593313718215,0.833171075784229,0.967496218858287,0.509709229925647,0.66078881197609,0.0928692873567343,0.973770442418754,0
0.198331299357861,0.124936074351147,0.246422770009376,0.163380236285552,0.195034947361052,0.255571243586019,0.412745652487502,0.127274511847645,0.487669046735391,0.492816667305306,0
0.324145997231826,0.465985322734341,0.413832510849461,0.460359905092046,0.348543639099225,0.677651458187029,0.693950185552239,0.225056888768449,0.283859334187582,0.300233534304425,0
0.616654341971315,0.554347648695111,0.649046580288466,0.706608008385636,0.687049229115341,0.00570865347981453,0.741109709721059,0.308802844025195,0.823012957116589,0.852934118360281,0
0.452731146480888,0.41053320687972,0.4917306665387,0.419871675276756,0.479901748351194,0.852182048140094,0.75336082582362,0.840654999250546,0.115404271986336,0.501232802635059,0
0.0274045520201325,0.0534575473404489,0.0261068849915639,0.0383300111505203,0.0803755019072443,0.059448461746797,0.54248379659839,0.542671640403569,0.0460775042884052,0.0645429291762412,0
0.208154714789614,0.203235292233527,0.153303591649979,0.18157695088163,0.219661551402509,0.376796826953068,0.431195409502834,0.072100858669728,0.503585394704714,0.64783183275722,0
0.932623467566445,0.820711759969126,0.85089367098175,0.80251567037357,0.855468700821046,0.163829461438581,0.0145639372058213,0.650004064897075,0.441389707382768,0.848785694222897,0
0.743219046167284,0.746058311372809,0.645754512297548,0.636331430592947,0.685857910717465,0.90116743161343,0.399024036014453,0.20587838999927,0.0732156548183411,0.0519904741086066,0
0.380061171059683,0.321004745357484,0.353434535553865,0.269474812459014,0.25149369664304,0.286656202049926,0.773232515901327,0.924491166137159,0.935037769610062,0.780176206491888,0
0.216664786401764,0.279035524290428,0.230975350198522,0.234182471205667,0.311673973662034,0.26458463515155,0.845540524693206,0.584678184706718,0.0691387625411153,0.328839856432751,0
0.125151672582235,0.268251970142871,0.281441291396692,0.24564909484107,0.28800815935256,0.782473602332175,0.741249957820401,0.204647816484794,0.464540231972933,0.789109703153372,0
0.759995648728684,0.705291174612939,0.816960729765706,0.728138679132797,0.680574042416178,0.517301071668044,0.782818716252223,0.560823646374047,0.441495121922344,0.896679017459974,0
0.497625779789314,0.586049374630861,0.459177780286595,0.559716594971065,0.531444524211809,0.467208934249356,0.0999519980978221,0.608299061888829,0.376743492204696,0.330989816458896,0
0.521667184310406,0.500923076260835,0.561277236020938,0.509951733114943,0.617856241520494,0.898065586341545,0.502564598573372,0.864857568172738,0.734704517992213,0.543068160535768,0
0.182831862604152,0.227211547723599,0.342788704003487,0.275502478514519,0.299885095854476,0.417803288670257,0.0216242896858603,0.22334212413989,0.424816233338788,0.825217393459752,0
0.865440886978805,0.833148253711872,0.743370146697946,0.886429472257197,0.870406757031195,0.902604905655608,0.581864924635738,0.590295924805105,0.0322686731815338,0.386181612266228,0
0.589730617006309,0.619083459323272,0.62976532033179,0.507750591075979,0.581276226547081,0.840281797107309,0.344423938076943,0.729656576411799,0.571248856838793,0.242155047599226,0
0.644831410228834,0.564982456594333,0.551552959194407,0.626487234553322,0.615636874851212,0.911083983955905,0.809202458010986,0.275637717684731,0.383389801252633,0.154291246784851,0
0.980660746874753,0.93165553099364,0.967590208825935,0.870837499107514,0.943812727192231,0.67928683036007,0.214943996397778,0.410312542691827,0.997684853384271,0.506387544330209,0
0.456270180439949,0.473504723473452,0.415729658774287,0.397647941108607,0.440516058967821,0.8125219065696,0.618957788217813,0.519537262385711,0.760113753145561,0.969693638850003,0
0.406408265591692,0.275571615669597,0.258224960926455,0.31719007670451,0.353369593999907,0.315972431795672,0.642090602312237,0.785776875214651,0.700227951165289,0.506989996181801,0
0.93760128707625,0.931274446597323,0.863441289259121,0.823846601359546,0.894583323515952,0.152608838863671,0.319174760486931,0.471051945118234,0.982312238309532,0.414735895814374,0
0.398858045457955,0.360123529400863,0.392246120654233,0.430810821995325,0.385607884159777,0.84549790318124,0.933927105972543,0.148731300141662,0.747210235102102,0.41177099593915,0
0.719440079803951,0.612709293313138,0.703463843441941,0.711401740430482,0.705551530733891,0.599836379056796,0.101626375224441,0.724862300092354,0.0825223678257316,0.446442010113969,0
0.100755772190634,0.126529660601169,0.0995911065001972,0.131019450116251,0.0638695632443763,0.540025929221883,0.251796057447791,0.334131887182593,0.51632808172144,0.0707005588337779,0
0.439923294591159,0.459842606176436,0.447749128518254,0.389845075073093,0.356795267084986,0.499346406431869,0.24103893013671,0.34784640185535,0.890148652950302,0.594175398582593,0
0.187230749633163,0.310914767861832,0.311019832105376,0.172435535155237,0.308557832669467,0.130708280950785,0.79428564873524,0.908535648835823,0.332552142208442,0.657089190091938,0
0.236178675970063,0.256613762228936,0.327622188080475,0.20415370023232,0.269339783335105,0.249846429796889,0.469261599937454,0.81426791800186,0.61395971570164,0.237887734081596,0
0.289542839414068,0.400214024528209,0.340533151184581,0.364798923410568,0.264195815858059,0.256080903112888,0.767573466990143,0.361781385494396,0.113144051516429,0.263783700764179,0
0.689694796077535,0.640006756929308,0.590289114026353,0.714594244674593,0.70269320303537,0.487153681926429,0.211758604506031,0.881107254885137,0.872763585299253,0.812295585172251,0
0.830416601016,0.7049890201943,0.852378205041029,0.703600801541936,0.707807583522238,0.0811771019361913,0.574390917550772,0.273660817416385,0.229708263184875,0.952410059049726,0
0.782389949100092,0.909064695632085,0.779316612117924,0.776029424926266,0.761714503956027,0.109752576798201,0.257143487455323,0.973123585106805,0.64105875021778,0.00869474653154612,0
0.98564303692067,0.938921043290943,0.850169517269172,0.907091174161248,0.957310716172308,0.390119490446523,0.029300571186468,0.950704286340624,0.350610427092761,0.595055942656472,0
0.931763205068931,0.863782731513307,0.964508119070157,0.854800219703838,0.859444992538914,0.109789076494053,0.456732742022723,0.283805650193244,0.538642757106572,0.294258169597015,0
0.90848161909245,0.878171615051758,0.825693842544965,0.869546597717796,0.808941294287238,0.341526737902313,0.377968192566186,0.187954403925687,0.4142406496685,0.805746294092387,0
0.5542160109872,0.614318043764308,0.67015204924047,0.580021310956962,0.598605010765791,0.620058724889532,0.390345860505477,0.992506301030517,0.835061595309526,0.326447467552498,0
0.725504062164109,0.734575034293346,0.694323316144757,0.691244448303245,0.778665971759241,0.686091613955796,0.699274689424783,0.974635150283575,0.936550654005259,0.427666894858703,0
0.198666425650194,0.239023065353557,0.222678486981243,0.217195002575964,0.11532385972254,0.240652909735218,0.708570595132187,0.258277584332973,0.652396002551541,0.846904568839818,0
0.339613898668718,0.445962850318663,0.448643179001939,0.38492581284279,0.324555113441777,0.802346488693729,0.848534260410815,0.436157887335867,0.624481745297089,0.298683707369491,0
0.898216000135988,0.896061831040122,0.893222972071357,0.892825364085846,0.896881301810406,0.286844428628683,0.0880512921139598,0.990448718424886,0.351465228945017,0.882465646369383,0
0.717649640310928,0.66197675248161,0.680639693130273,0.684939326785132,0.740198080100678,0.428533536847681,0.622008592123166,0.0706947802100331,0.481256240280345,0.586300550494343,0
0.475765341328457,0.41092764835991,0.525145216131583,0.435852217799053,0.417950699908659,0.888810556614771,0.0160048888064921,0.774124476127326,0.650789849925786,0.996106396894902,0
0.871569417001866,0.991104636555538,0.98496299305344,0.95435501060579,0.901858587022498,0.752630838658661,0.962490586098284,0.108634097035974,0.458120446885005,0.144028417766094,0
0.102923326913267,0.074053101817891,0.128627315946296,0.128171548503265,0.153032373521477,0.381519947433844,0.607811398804188,0.740463308058679,0.867042332654819,0.0411236379295588,0
0.0674436592508108,0.0853823227205314,0.116522097900696,0.112384010590892,0.092133316497691,0.236005359562114,0.602165921125561,0.171779550611973,0.202562135644257,0.409606974571943,0
0.375835389260575,0.510121699406952,0.422719547880068,0.429816619614512,0.348648243797198,0.4434092505835,0.0823147897608578,0.602219359250739,0.420483765890822,0.932581997243688,0
0.974133928671945,0.920942218804266,0.925640133770648,0.963647269755602,0.960628949883394,0.191238755593076,0.74724594457075,0.918397881556302,0.0389128522947431,0.78507669060491,0
0.0681163149572909,0.139987730949745,0.165062804869376,0.0741310834854841,0.00277139743864536,0.454022969119251,0.332878567744046,0.667525442549959,0.158184335334226,0.75682872440666,0
0.502823243344668,0.555368496486079,0.549021577355918,0.582100950868428,0.615398186950106,0.840837483759969,0.293579109711573,0.074062438448891,0.840752498246729,0.499304370256141,0
0.314230787216127,0.334868490539491,0.396919810031354,0.432005559615791,0.460696530495584,0.208729174919426,0.34372440027073,0.897174632176757,0.110126547748223,0.161706474842504,0
0.668943338409252,0.673112106062751,0.715564752743766,0.676159411080368,0.758875448951777,0.289920188253745,0.265419008443132,0.953294066013768,0.512701970059425,0.114690563408658,0
