"1","2","3","4","5","6","7","8","9","10","class"
0.405192450513132,0.0921508239000104,0.224380467776209,0.230952701531351,0.186392863774672,0.662033042870462,0.703740999801084,0.511277983430773,0.244942632270977,0.790882738307118,0
0.7370247351937,0.708859278587624,0.715666697826236,0.471616711933166,0.612536713480949,0.593629485927522,0.0106478969100863,0.306465446949005,0.238186506787315,0.164516800316051,0
0.910925543041341,0.375565146053303,0.363413747808244,0.605289311412442,0.422295672996622,0.813485203078017,0.284265833441168,0.794981139479205,0.0708867877256125,0.234708853531629,0
0.411141713965358,0.0330278190421872,0.419895521086548,0.13656284686618,0.341371297259093,0.503209603251889,0.307218790519983,0.860152552602813,0.480394033249468,0.174833805300295,0
0.771217210778967,0.383029447550699,0.710043160424754,0.664629844624922,0.74268185899891,0.625962175661698,0.904126331442967,0.00539906532503664,0.879667158937082,0.900427929591388,0
0.744901879968471,0.685905686775222,0.767138190674596,0.729659393192502,0.586219973851345,0.905446213670075,0.299884700682014,0.0378037230111659,0.749244939070195,0.340690881712362,0
0.605991074815392,0.823279401520267,0.579526922665536,0.896129389759153,0.94919596100226,0.847790230065584,0.618212921312079,0.852427558973432,0.916996288811788,0.439659701194614,0
0.230341856214474,0.670629491576576,0.80657512664767,0.673990780322743,0.216165885375743,0.490976485656574,0.0374737246893346,0.17932772426866,0.160347849596292,0.514803007245064,0
0.814439365168381,0.463662304203119,0.744044239570294,0.996164939508867,0.45108311285628,0.271037669386715,0.570852674776688,0.835069359047338,0.30338794272393,0.977546922396868,0
0.186622493155347,0.139295176909165,0.0492003817423014,0.054249333489174,0.21244794174619,0.896819759858772,0.876148008974269,0.60374596924521,0.960242046974599,0.250334843061864,0
0.411215866915882,0.471625110600144,0.366481468779966,0.632275451207533,0.277539497474208,0.473317764233798,0.550168629037216,0.577637506416067,0.441789980977774,0.888137975009158,0
0.289734924677759,0.0924112282227725,0.14308603736572,0.30530608817935,0.466914593242109,0.144018079154193,0.191228402778506,0.813381405314431,0.484583816956729,0.230733824428171,0
0.364989106132276,0.584402531335503,0.318448917873763,0.19050280065015,0.542600410147011,0.2294991905801,0.943984925979748,0.33761166757904,0.461826926097274,0.343732411507517,0
0.672353267128812,0.0369266523568891,0.573238174243341,0.696339846041542,0.307575656351121,0.978001474170014,0.317726449808106,0.0848938431590796,0.0998320789076388,0.103527404600754,0
0.436291858462663,0.132872247444419,0.437658909565071,0.332238808597764,0.166111812450271,0.602540731197223,0.719608060084283,0.427791454130784,0.919929062016308,0.384022492915392,0
0.729869445910328,0.952925691892044,0.837632641187054,0.719926842188346,0.552222729456844,0.337949237320572,0.696941506350413,0.417694782605395,0.367511293850839,0.327561200829223,0
0.859705404439475,0.991339988601021,0.709079774805624,0.876857786600385,0.744458517785836,0.670731655554846,0.360453209606931,0.492962022311985,0.675362091977149,0.775465720100328,0
0.80419199632036,0.370470100369141,0.990653036844125,0.449719949397165,0.648441206156625,0.425291686318815,0.220384635264054,0.668495393591002,0.722316417377442,0.708393987733871,0
0.405982716358965,0.572707540370617,0.431980412081303,0.416828969006706,0.485062816191558,0.639126742491499,0.505791621515527,0.0309260396752506,0.792796509573236,0.158269476843998,0
0.1382921863531,0.43733267241742,0.681740486048791,0.603829352333606,0.270298874944821,0.130290975561365,0.0585273236501962,0.241542090894654,0.73495012614876,0.500537834595889,0
0.418225223822519,0.878642743540928,0.930416591092944,0.475954955944791,0.913719947418198,0.0824020495638251,0.393239999189973,0.686861857539043,0.494247620692477,0.627260606968775,0
0.909461678701406,0.908009743665741,0.380422811372089,0.73914639602839,0.680493083488918,0.134693252621219,0.734783280640841,0.0588353318162262,0.703886701492593,0.378562616882846,0
0.0332653890436981,0.323749983974686,0.0355472304042429,0.175918624179158,0.382847991736606,0.857046507997438,0.161366081796587,0.376448189374059,0.218612959841266,0.121176164364442,0
0.962276581224264,0.610493031990761,0.412839494602359,0.938464858876821,0.922065686298441,0.631875050952658,0.267032149946317,0.0540552677121013,0.283783350372687,0.377629416529089,0
0.588076632618066,0.699565061034635,0.930472955977451,0.598179958345555,0.787224112847913,0.202533572446555,0.803609357913956,0.183135949075222,0.526924531674013,0.753147869370878,0
0.423050750413095,0.291171567169949,0.249133429819485,0.306625383478822,0.0994665703037754,0.469494811026379,0.202800401486456,0.876475820085034,0.406657107872888,0.862009497126564,0
0.293363130179886,0.00601871169912629,0.395630439305259,0.310140338446246,0.475837355216918,0.170474375598133,0.444717505015433,0.58161490643397,0.850357447750866,0.90482159005478,0
0.947626708264765,0.771071327266377,0.700649939879659,0.874913492152561,0.450997281145304,0.120603221701458,0.26130552846007,0.925473569193855,0.742094607558101,0.114003432681784,0
0.264940344030038,0.216711382614449,0.607521077385172,0.403133817948401,0.464532846352085,0.105775811243802,0.432633584598079,0.750101658049971,0.304337452165782,0.720834134612232,0
0.599956876109564,0.896444523259904,0.640606650193199,0.660500480834371,0.987963707053708,0.923173429211602,0.147444819798693,0.627564474707469,0.886795501690358,0.674685284961015,0
0.736549251202494,0.67568910913635,0.443464932844974,0.901162428632379,0.945719621385681,0.732272176537663,0.176269797608256,0.744167339988053,0.741676886565983,0.932907376205549,0
0.00672357376762667,0.155641161931911,0.556811082842131,0.45420262333008,0.471278028051392,0.250945681938902,0.422612932976335,0.575356462039053,0.787444568937644,0.371253322577104,0
0.897619692715444,0.662139638977684,0.578926295931265,0.686440516687836,0.968726058168802,0.857517109951004,0.63436794327572,0.0464615016244352,0.193508463911712,0.193770342273638,0
0.628695980402734,0.791265217518364,0.917920655834279,0.820734458697587,0.769381631686655,0.395270802080631,0.20279320073314,0.927183974767104,0.972226950805634,0.396652445662767,0
0.770076319628488,0.648035609999392,0.542311717542354,0.848119245163538,0.366836992258532,0.0820891070179641,0.502609464805573,0.501157737104222,0.584666528040543,0.232574580237269,0
0.680430578028667,0.931139785877196,0.799181185209774,0.560629040077794,0.622870104773436,0.518730448326096,0.478029964491725,0.924445051932707,0.903458301210776,0.273052289150655,0
0.0389356388185173,0.265686885007098,0.347026750743762,0.298426590524986,0.185013533474877,0.686039367225021,0.00107899028807878,0.994463188573718,0.0336989054922014,0.896236626431346,0
0.320646875058604,0.123753498893254,0.0417472929147072,0.21038951228126,0.360246993052377,0.880961741320789,0.404826582642272,0.309888958698139,0.196885565528646,0.144724293146282,0
0.0296632076482754,0.0659765320328995,0.355439747867873,0.220669805471273,0.237803823176445,0.762565370183438,0.459383048349991,0.679579921299592,0.450491338036954,0.332312148995697,0
0.521930812383467,0.977709871516097,0.577551830029907,0.582205602837913,0.843537602201244,0.778208668809384,0.0951990820467472,0.224312123842537,0.110137969488278,0.417027129791677,0
0.495558104258031,0.658474763784558,0.887108293218538,0.293837288762908,0.263589543659706,0.67563765309751,0.543381759664044,0.73906498006545,0.52825670177117,0.305713847978041,0
0.664946706155012,0.748445344076632,0.650966745433351,0.916558811021293,0.641178543904843,0.569370191777125,0.0955540246795863,0.0864277861546725,0.20359519449994,0.146070977672935,0
0.877815782984439,0.675596661267988,0.999097118756547,0.613130886285379,0.622782110654702,0.774554795119911,0.597668771399185,0.0701263102237135,0.875065345084295,0.545984397642314,0
0.22737219934552,0.240122577942163,0.262377635997185,0.180965720871347,0.331037981453282,0.114180363249034,0.814736785134301,0.741172752808779,0.668561532860622,0.79620348312892,0
0.448717077253014,0.192060782137513,0.3104708413627,0.255956639019772,0.0727663374077529,0.498623049119487,0.695651605026796,0.449362968327478,0.785076046129689,0.325479543069378,0
0.314735630169162,0.852514465193264,0.734681250984431,0.706244238635525,0.799387940701214,0.673455932177603,0.0856815897859633,0.653895867289975,0.657009004382417,0.927752007031813,0
0.769543244885141,0.606380767248431,0.735246955156978,0.937065216262639,0.766949382765777,0.887943250359967,0.100446086842567,0.861440474865958,0.198165408335626,0.62466879771091,0
0.937740510873287,0.905445397098246,0.669445264452999,0.880921792498766,0.920603075551661,0.972171789733693,0.371999195078388,0.831714515108615,0.533946750452742,0.951113706920296,0
0.449821892774757,0.369237956601754,0.648741427355539,0.510999187735934,0.482129433688615,0.0707725780084729,0.0122855186928064,0.139997846214101,0.96900710137561,0.629782057832927,0
0.426981497137039,0.0205733479636488,0.148478708865796,0.162087618806935,0.305249767924985,0.539588481420651,0.932562832022086,0.120991234434769,0.3677201657556,0.503963228780776,0
0.808608555484097,0.367214119606651,0.801501659702044,0.57372682449175,0.213450607401319,0.970180128933862,0.921807304723188,0.771212279098108,0.609964003553614,0.968617360573262,0
0.333758292136295,0.610562221801793,0.186229326586751,0.571199571497994,0.270795329519687,0.311048031318933,0.542309381533414,0.662784923100844,0.145563134690747,0.0382676492445171,0
0.407147734072804,0.197506560248509,0.162652071868628,0.355250012217835,0.320524054381624,0.15049914829433,0.35165361315012,0.761657198891044,0.0959937062580138,0.973801146727055,0
0.953241540861852,0.634653860686743,0.671003324131039,0.802387972041871,0.681358890102734,0.659890724578872,0.0880581010133028,0.0718469708226621,0.999735087621957,0.249044046970084,0
0.550089874770492,0.439969242084771,0.626089048804715,0.191830463241786,0.381443464430049,0.273498091381043,0.853093448793516,0.0282084541395307,0.4293962798547,0.754304239992052,0
0.728042093105614,0.572548911673948,0.567327708238736,0.876233654562384,0.850916460156441,0.643206875538453,0.721065030898899,0.909129762789235,0.305560356704518,0.676568506285548,0
0.582830658938363,0.669328709176276,0.764050423337612,0.666985088120121,0.794661680012848,0.921586838085204,0.483547971118242,0.170318636111915,0.851479581557214,0.512054023798555,0
0.781897241674596,0.689011682340689,0.612653597761295,0.852414388630423,0.749611185793742,0.660992655903101,0.889230232220143,0.0787890199571848,0.172111275605857,0.19141609291546,0
0.179642192250863,0.715461362139741,0.648430588648561,0.0697750330566894,0.164906848817319,0.767423096345738,0.745381501270458,0.358362118946388,0.610594081692398,0.357663280097768,0
0.628315086412849,0.619812736402475,0.73261457283108,0.727349323535059,0.850496264556958,0.733281227294356,0.249186572385952,0.807724085636437,0.150186857674271,0.596031109336764,0
0.507111731259152,0.600753161254339,0.537766313651577,0.71096760899201,0.864080447657034,0.468708101427183,0.237007569056004,0.329176861792803,0.428324098698795,0.426394838606939,0
0.633425189686799,0.754909515335504,0.990239620280685,0.765226015316695,0.751694692163426,0.0681781636085361,0.579012967646122,0.544543996453285,0.767055506352335,0.572538446169347,0
0.367937557068886,0.288659910250222,0.521563315654453,0.670057045639958,0.12712548872903,0.0833089984953403,0.817500913981348,0.851545232580975,0.414264055900276,0.71161482273601,0
0.541770619971538,0.724806744578504,0.758035263548652,0.994712882259768,0.997982990129502,0.254016147693619,0.946045515593141,0.772765503497794,0.350929465377703,0.285366197815165,0
0.464153903445508,0.629973683750443,0.179977729144786,0.50118436651146,0.392130999815557,0.00042045651935041,0.467523464234546,0.316897663287818,0.479899678379297,0.413594824029133,0
0.835260169213056,0.775918000811478,0.575046487035113,0.539547784640104,0.690546489369241,0.020766451722011,0.656942130764946,0.547678906703368,0.909583062399179,0.145073688356206,0
0.670830987930112,0.759140562539687,0.771311124014901,0.939980118700815,0.972243112418754,0.706341141602024,0.406434111995623,0.191399940988049,0.0316378467250615,0.122665809933096,0
0.338816896315641,0.16990537256673,0.783984566692519,0.473596032252163,0.769594259423506,0.168760995846242,0.290803269017488,0.206119066337124,0.799054268980399,0.540457418886945,0
0.0555379560142755,0.151818973170966,0.0776223994001746,0.290862927179784,0.392293583004922,0.348636926850304,0.21354204043746,0.49602445634082,0.297799476189539,0.523441285360605,0
0.496317254303372,0.516865751898452,0.526168682424864,0.293849551784666,0.678864745333791,0.292153863701969,0.189654844114557,0.695564963854849,0.204058401752263,0.234567354666069,0
0.662705423887353,0.808772987551521,0.726542378803249,0.843407029353781,0.74217937332415,0.32094699377194,0.356374597642571,0.668477317783982,0.64612472592853,0.996443525189534,0
0.603960617788788,0.780934958644398,0.849034958208282,0.872487193183089,0.886202749008988,0.981488618301228,0.506541399285197,0.0427047768607736,0.881896997103468,0.150854608276859,0
0.0539730812421069,0.602619746169075,0.59519690390043,0.655588479661103,0.56939945152374,0.290180911775678,0.409148369217291,0.147427347255871,0.0760636834893376,0.684148540254682,0
0.939196967310691,0.759168663664418,0.744680622750707,0.674042505812971,0.762090736524295,0.733470746316016,0.0644328319467604,0.622732510790229,0.410913710016757,0.901741665555164,0
0.30934806961217,0.461138872964587,0.446958794649038,0.383189822485996,0.491205136246514,0.154507283354178,0.414493237389252,0.76346638915129,0.0257098476868123,0.94537037005648,0
0.471208687312901,0.656763911253074,0.36972585823969,0.505309796362417,0.159105537214782,0.436731771333143,0.0601454004645348,0.720374439144507,0.26669401419349,0.339579986874014,0
0.062528460172005,0.356399667184055,0.58064732816834,0.575976905860566,0.126864513422549,0.107373662991449,0.3881155194249,0.559563134331256,0.374154987744987,0.728038451401517,0
0.36114746999084,0.464711160376295,0.0573321567257633,0.438019773944607,0.133264492476592,0.508179959608242,0.797977859154344,0.677729015471414,0.399605264421552,0.198087242431939,0
0.844219454860548,0.669008849514043,0.908689766798541,0.711656451168284,0.701907511944138,0.672841119812801,0.0191583186388016,0.811077057151124,0.0786123236175627,0.422954993089661,0
0.516360645682085,0.722353602366336,0.719578378964006,0.892781925720419,0.570409765594569,0.349614999722689,0.475516946520656,0.786522888578475,0.604702235199511,0.939097139751539,0
0.471520853763446,0.470050361784641,0.533838076967746,0.231644009326119,0.0349179588626139,0.0687380149029195,0.33947613183409,0.892427982995287,0.0120903505012393,0.668010579422116,0
0.652235139427241,0.886127439291147,0.464009225982521,0.591623314773873,0.603464241677453,0.19970749411732,0.914601144846529,0.59053591452539,0.404306854819879,0.652023945236579,0
0.0855277687732596,0.0639341649402398,0.243797584386729,0.185585622176668,0.0272139270324726,0.75066304509528,0.440444854320958,0.308936131652445,0.452376892091706,0.402018240187317,0
0.759031424768316,0.582899909049552,0.662682058910257,0.63753830748084,0.67107965396971,0.844090431230143,0.795561402803287,0.306995377643034,0.890267753042281,0.889470247086138,0
0.399788510144502,0.535500166006759,0.375320589707047,0.519413984806091,0.0844311320696026,0.524160389089957,0.369974326109514,0.468728579347953,0.333410854684189,0.859505273168907,0
0.110380569007248,0.199271516175941,0.326076825149357,0.423531846376136,0.271047941641882,0.498070513829589,0.595436842180789,0.976165413856506,0.984045905526727,0.220570587087423,0
0.660552803546749,0.293538360203942,0.602767293628445,0.345033421764011,0.137122960260278,0.0765981243457645,0.394023187924176,0.844982902286574,0.773945231223479,0.191270565148443,0
0.484921997893672,0.787543533898261,0.80080573291711,0.41382655064885,0.770192711834679,0.365589795168489,0.953047447139397,0.330700210062787,0.785347256343812,0.0524845970794559,0
0.719120577957388,0.755426416541357,0.848999789757934,0.730080571015831,0.719888282332476,0.0501749687828124,0.0273719220422208,0.42306813178584,0.741424832493067,0.387758317170665,0
0.637275438684132,0.743886616058601,0.79384786560412,0.924154512037919,0.894768269760138,0.67710611061193,0.112836407730356,0.8709581727162,0.0891431686468422,0.550778502132744,0
0.209755653605796,0.510611270121532,0.1980613062419,0.0301522397291847,0.274468835742678,0.889956847997382,0.317035897867754,0.300775679526851,0.746247033821419,0.0468751799780875,0
0.913956887893099,0.693898197493702,0.95434724073559,0.545338395382022,0.509009562704084,0.0130199701525271,0.613413168583065,0.686379432212561,0.155920401215553,0.546480384189636,0
0.543386248766445,0.67806934642233,0.986631264761649,0.513969655528478,0.387009817625396,0.701362697407603,0.120442335493863,0.205315421335399,0.449854980921373,0.970094311982393,0
0.484305177702359,0.616399683711189,0.419724385899422,0.351801867353451,0.578970058271149,0.876146517926827,0.330216680653393,0.770435012876987,0.261860662605613,0.0599910658784211,0
0.710415424348786,0.715983233367791,0.594178308069008,0.777567574348627,0.592693499741238,0.328140389174223,0.325421582907438,0.930784767726436,0.228955643251538,0.795136044966057,0
0.410577913355897,0.397868780028308,0.741013665445149,0.67729640489025,0.887805361743434,0.0876014272216707,0.285581211093813,0.108799966983497,0.231626951135695,0.304283090401441,0
0.408514119940158,0.108122402049322,0.274979525993299,0.434143328122515,0.536000295899063,0.454254736192524,0.280945324804634,0.0462372445035726,0.27727418509312,0.735416102223098,0
0.359531989548821,0.406347537445766,0.412117829821445,0.512011373266345,0.492594411908672,0.676766491029412,0.908385905670002,0.309696514625102,0.963535006158054,0.946757480036467,0
0.524634265174111,0.704825345789129,0.489307554935059,0.436830879392149,0.430076366663864,0.984588038176298,0.174091656925157,0.317869231104851,0.302869068691507,0.157877162797377,0
0.467402090452937,0.225543423685525,0.296123925811751,0.286839719820395,0.206317972583254,0.587741330033168,0.0699828418437392,0.966634137555957,0.882371191168204,0.303296123165637,0
