"1","2","3","4","5","6","7","8","9","10","class"
0.567855377527885,0.396130275549367,0.600479585202411,0.468344431133009,0.783517520134337,0.038454954745248,0.801382345613092,0.467137665022165,0.767118105432019,0.24051696411334,0
0.596862064379454,0.227126758777536,0.640295415948518,0.0072841847308911,0.667457050312311,0.531697729136795,0.429852184141055,0.0365388568025082,0.525572723010555,0.159280153922737,0
0.84960019175224,0.932494912830368,0.780101901864633,0.776430767998472,0.759121499051526,0.390087624778971,0.0237311210948974,0.770408993121237,0.35147151327692,0.974433805095032,0
0.976439138568938,0.661332791537233,0.682458938744944,0.747442531660199,0.910537163300905,0.82895703217946,0.415227695833892,0.33787689730525,0.889354618033394,0.494664843194187,0
0.382961972830631,0.18097143163681,0.0605248532796279,0.287486242914945,0.473896574013866,0.306739436462522,0.594477189704776,0.956029857043177,0.227189820725471,0.863986286567524,0
0.762482386052609,0.889251142997295,0.814388298508245,0.852950005569961,0.934817015162669,0.278130311751738,0.809800925198942,0.45727416779846,0.197011960204691,0.344810965238139,0
0.791855568997562,0.897629467071965,0.602545951725915,0.582642024150118,0.635906694689766,0.382421026472002,0.144211881561205,0.370521311881021,0.179152988130227,0.160393120953813,0
0.151917168890964,0.168169836763293,0.333395444804523,0.511397869713977,0.524376444396563,0.709809528896585,0.886073159053922,0.998118744697422,0.0424231726210564,0.770284098340198,0
0.536181647629105,0.49604786198698,0.626788911370747,0.99456644701194,0.764489862232283,0.612400441197678,0.547548599541187,0.0706734512932599,0.269914171658456,0.384806402260438,0
0.688614548785705,0.990417405457981,0.685587370164134,0.946722865847964,0.797764918126818,0.745814925059676,0.137350313831121,0.345218823989853,0.191316008102149,0.486301204189658,0
0.235311284352094,0.213580032747239,0.434331943769008,0.476253678623587,0.0437677348293364,0.176872811978683,0.0797922550700605,0.147842224920169,0.0297621842473745,0.987251727376133,0
0.671817945536226,0.419564445449412,0.522212553983647,0.66259662167998,0.018291770844534,0.0041849403642118,0.138988269027323,0.826313480967656,0.624219360761344,0.783808271866292,0
0.271374278354086,0.680889907388762,0.796834432112798,0.796043895745836,0.320511857485026,0.390385115286335,0.751856412505731,0.389368340140209,0.226925699040294,0.232594760833308,0
0.0781866627250798,0.603469189783745,0.108935686327983,0.041742702948302,0.0893997163816355,0.648347384063527,0.139025115175173,0.439148393459618,0.189579285681248,0.998449719510972,0
0.501813071314245,0.366371634416282,0.53360347263515,0.634728716453537,0.67585118021816,0.778430750360712,0.303963772719726,0.968616043683141,0.141915322979912,0.445905725704506,0
0.805521067191381,0.98132116348017,0.931509825319052,0.559051487860736,0.440568551087286,0.517724133096635,0.0893362862989306,0.730559088056907,0.442816711496562,0.826834024162963,0
0.490429228404537,0.289130094926804,0.269369652960449,0.60327171604149,0.15906597697176,0.559398978948593,0.976182927610353,0.958098159637302,0.778876268072054,0.732625021599233,0
0.681495505568851,0.42013838031292,0.49237831188133,0.866355980609357,0.506326205963641,0.152067121816799,0.911538628628477,0.950778679689392,0.874552533496171,0.324605242814869,0
0.923085226515308,0.743032003382966,0.740838627048954,0.470972771494463,0.469791840714589,0.39573268708773,0.603063854388893,0.51878809183836,0.696768427500501,0.21311018941924,0
0.331414243648294,0.373091104650125,0.317474223016575,0.0155245059977286,0.353593555202521,0.0226164585910738,0.94588614651002,0.0935842844191939,0.277692996896803,0.16007050476037,0
0.226377325113863,0.148185738986358,0.384200540489517,0.154426215179265,0.218737677105702,0.174199209082872,0.0374529322143644,0.430368340341374,0.591545787407085,0.925041804322973,0
0.862273690564278,0.665906521768402,0.510650728835724,0.775729299591575,0.298569879912306,0.854337887372822,0.432056655408815,0.425073262536898,0.0707970394287258,0.0641400273889303,0
0.557438362156972,0.727607260458171,0.751461963867769,0.7887948830612,0.650429930537939,0.164371208287776,0.246495030587539,0.196387262549251,0.820665157632902,0.162319294642657,0
0.558290623107366,0.55032130787177,0.151493305256031,0.306704071296472,0.0104866616369225,0.753549789777026,0.655976561829448,0.715308108367026,0.00819024420343339,0.155873517505825,0
0.242430114729144,0.783401557044871,0.294883624179289,0.297287065259367,0.887199403826892,0.447251140605658,0.306690138764679,0.242144098971039,0.0494952346198261,0.949142870493233,0
0.794432497350499,0.491812563501298,0.8963810170535,0.8626007148996,0.951428554719314,0.817521344637498,0.422350673004985,0.217993850586936,0.724865026306361,0.830589753109962,0
0.110546637357026,0.391608723107725,0.301581131965667,0.00879310788586735,0.374718429920822,0.754646694054827,0.803504649316892,0.34981106640771,0.603078656597063,0.104803516063839,0
0.571388148724288,0.41003003099896,0.430991753606964,0.619407104647998,0.895358222646918,0.179614402819425,0.541086355922744,0.26407090225257,0.797750140773132,0.911968598375097,0
0.386873278540745,0.0296453170154244,0.105780073751137,0.203363573225401,0.0165260472556576,0.789457052480429,0.179041444789618,0.700538214528933,0.807554689934477,0.281719380524009,0
0.416413417441118,0.630250484988932,0.70255189436404,0.245148925145716,0.776803970909305,0.616050579119474,0.0327667412348092,0.289217024575919,0.820916317403316,0.0456361961551011,0
0.642360562233254,0.544276276728138,0.282004350153729,0.170183705529198,0.435510005379096,0.0988665907643735,0.355162748368457,0.667654844699427,0.0925223033409566,0.721319051459432,0
0.662663397008088,0.508069661284238,0.760476633083448,0.653572243102174,0.984329717673548,0.078391796676442,0.149711624952033,0.229720000643283,0.214205780997872,0.537311760475859,0
0.397829315213114,0.594888374315016,0.500041074213944,0.405745143382996,0.549572343014367,0.87448760936968,0.839827458607033,0.301355264382437,0.586797940311953,0.977856868878007,0
0.733255774882249,0.967074929344654,0.856966380833648,0.779623689400125,0.740084698381927,0.180342617444694,0.158327171811834,0.434853994520381,0.567683141911402,0.209472201066092,0
0.292482050342113,0.543425986580551,0.28111424824819,0.944450781083107,0.893754610785097,0.730244031408802,0.465734710218385,0.939353006426245,0.38924726145342,0.300161798484623,0
0.455330283148214,0.528830853989348,0.215899843489751,0.496813432546332,0.462658450240269,0.631779285613447,0.466497414046898,0.429857797222212,0.324837493477389,0.180243878858164,0
0.574506640382856,0.155941041039489,0.414205899713002,0.265821843624115,0.247157863415591,0.327736753271893,0.0782094211317599,0.0414289415348321,0.0529745093081146,0.490401616552845,0
0.223018531300686,0.211343660182133,0.254439890188072,0.0103097614408471,0.460761614102498,0.3312577388715,0.066735563101247,0.0619894268456846,0.687233799835667,0.49928284692578,0
0.756954641538113,0.804435670447722,0.877870964358002,0.764959837010875,0.856314244127274,0.303782862378284,0.418769826181233,0.326730002416298,0.374836108647287,0.951975237810984,0
0.0682121889459901,0.297154097712599,0.320917157751787,0.19181952743018,0.326647374720033,0.421920781722292,0.805843525566161,0.721580247627571,0.363887849031016,0.801255809841678,0
0.821199550694786,0.735525280401111,0.883227667936124,0.710604861294851,0.982836389216594,0.264575255103409,0.89756745332852,0.535938081564382,0.515130129642785,0.975494819227606,0
0.497384743532166,0.673932721139863,0.719217977952212,0.314986108802259,0.449075776617974,0.314376750728115,0.279739906312898,0.386099197668955,0.00482379738241434,0.554122747387737,0
0.293656962300465,0.596696348930523,0.676570313866064,0.684489047763869,0.706778804725036,0.0163936726748943,0.723580371355638,0.478963035857305,0.87720413133502,0.35076585249044,0
0.747572492160276,0.755850874639675,0.702381176782399,0.660849815934524,0.870540957021527,0.589178698137403,0.648087827721611,0.599105542292818,0.169824786717072,0.319633222185075,0
0.769067172195204,0.387828781793639,0.845289276077971,0.336995490058139,0.762003523166664,0.359550120308995,0.69154749577865,0.249867532169446,0.338770255213603,0.923100268002599,0
0.952775738220196,0.91775973656401,0.495927509651985,0.504600355681498,0.50416878349334,0.438287511002272,0.545655004214495,0.728337600361556,0.727330965688452,0.13114054990001,0
0.211084765545651,0.78945972757265,0.386640743115544,0.445801042542607,0.515189095152542,0.482432407326996,0.442454951815307,0.483007614035159,0.051093281712383,0.669061485677958,0
0.599127556536905,0.0362591738114134,0.398898500804603,0.53481741853347,0.339749488970544,0.297011134680361,0.089094094466418,0.201819822192192,0.32414332870394,0.245808696839958,0
0.18072166852653,0.452387579251081,0.616139073623344,0.5044846823439,0.75061992299743,0.291125697782263,0.0190800004638731,0.12196671590209,0.67920546233654,0.987925277790055,1
0.8154057841748,0.569627373479307,0.708705773344263,0.479959092102945,0.604290487710387,0.398399280384183,0.724279405083507,0.055538602406159,0.557218743953854,0.293580552563071,0
0.754321334986016,0.654205653918907,0.750446615004912,0.747260284638032,0.988968645194545,0.870235850801691,0.834267290774733,0.110924579203129,0.0680081758182496,9.91341657936573e-05,0
0.382881565003749,0.0424357526262291,0.497399326493032,0.242674628281314,0.728840259209648,0.725401150295511,0.549788757227361,0.746466233627871,0.831379503011703,0.520878723356873,0
0.221608314463496,0.198524795463495,0.340223441584781,0.102015862788074,0.0927696885289624,0.460501291323453,0.681855671107769,0.966609396506101,0.188752769725397,0.594081565039232,0
0.570850637508556,0.557860495056957,0.733156733214855,0.697884867433459,0.443180934293196,0.962775234598666,0.901161098852754,0.0770377258304507,0.239570690784603,0.55575212650001,0
0.330463154590875,0.393054252931103,0.305415326980874,0.200002895979583,0.341659245921299,0.479664518963546,0.758511184714735,0.434225488686934,0.563057096907869,0.374858165858313,0
0.354232337774709,0.528333227541298,0.325216860527173,0.451661643464118,0.512248357560951,0.0303825719747692,0.896494091488421,0.8366225278005,0.43026589974761,0.330398320918903,0
0.484170992398448,0.146762465263903,0.19570230564829,0.310690611932986,0.435201223104447,0.983929357025772,0.0756841327529401,0.901404073694721,0.0217611356638372,0.672473156126216,0
0.797104897682741,0.631009404331259,0.725380265754461,0.532920686726272,0.547599959335942,0.241366125177592,0.304960712091997,0.979252319550142,0.354066950036213,0.640374557347968,0
0.192502976826206,0.209759730604663,0.120953450540081,0.405016477612033,0.422880360106006,0.277512991335243,0.948580321623012,0.3069983930327,0.77501003164798,0.514074741164222,0
0.728456167341024,0.34933531460613,0.254245999239944,0.878549584672227,0.777392056228593,0.135700113838539,0.0250198931898922,0.745002936804667,0.927038163412362,0.229484293842688,0
0.435703652800992,0.738712355922908,0.959687577734701,0.913363179936074,0.317599504392594,0.112361559411511,0.0630453429184854,0.330451559042558,0.651246566325426,0.0665776093956083,0
0.656055589113012,0.755550316038542,0.902877171999495,0.871250688113179,0.591313689323794,0.535051725571975,0.702165792230517,0.776082681957632,0.329458558466285,0.461814937647432,0
0.360424008092657,0.818544342251122,0.745536940991879,0.840656606462225,0.975030638386309,0.134651742409915,0.795479079475626,0.262477220036089,0.36591079691425,0.509841261897236,0
0.77928749838965,0.930634499179386,0.826058987138048,0.71486559444489,0.72777483894648,0.862703926628456,0.340432146564126,0.105866582831368,0.296993609284982,0.853978601284325,0
0.615845849319734,0.522590957025997,0.376390292457864,0.646750689157099,0.479457390107028,0.803182888776064,0.465866873739287,0.153862635837868,0.91590397246182,0.463723950088024,0
0.294211031586397,0.706399802701082,0.535713002276607,0.766732081129681,0.463377762978431,0.550915581639856,0.543997450266033,0.429934586398304,0.534248108277097,0.243676893180236,0
0.65792212648876,0.11751168515794,0.255575731498376,0.19461193397902,0.413702012050524,0.735803904710338,0.898872355464846,0.0281455174554139,0.781924486160278,0.150732241338119,0
0.269486439084169,0.26101052109329,0.242457020994741,0.111448208166007,0.18616304765027,0.535084828268737,0.436040358385071,0.643759129801765,0.959893540712073,0.957187425810844,0
0.490950653329492,0.375152579741552,0.446120443753898,0.480979255400598,0.67159170168452,0.257860767189413,0.477232009870932,0.179371571866795,0.841880053747445,0.553652456728742,0
0.60860211279327,0.351263664005697,0.52186370750349,0.783126325049624,0.332815366725437,0.594715881394222,0.268491754075512,0.544205666752532,0.760092748329043,0.09491295972839,0
0.712580617304891,0.413695035004988,0.804780690776184,0.625113787282258,0.689949585158378,0.320266342023388,0.637064730748534,0.715408622054383,0.913257446372882,0.801994099048898,0
0.294595551766828,0.889759272070229,0.824797123906389,0.817852306506317,0.664413157907873,0.505695362575352,0.869184532901272,0.758058399893343,0.443352218018845,0.787328962469473,0
0.546482792041823,0.251737481489219,0.417903757172264,0.413652193553373,0.216769694671221,0.881374860648066,0.764068983262405,0.593498416477814,0.862260146532208,0.131042972207069,0
0.99413450871883,0.675199334612302,0.861669792631269,0.949600818379223,0.832076583150029,0.349073475459591,0.392009783769026,0.657717876834795,0.411542629124597,0.221655755536631,0
0.470902321728319,0.714375793010741,0.582893871194869,0.4775755368568,0.991080363569409,0.875828108284622,0.483373585157096,0.919230603380129,0.227400200208649,0.608649072237313,0
0.644808303238824,0.853605002332479,0.526747635731008,0.497659776185174,0.352016661940143,0.421614941209555,0.570028321817517,0.674947689985856,0.446776840137318,0.195924393599853,0
0.108178714523092,0.429387400159612,0.197612706338987,0.181241459911689,0.509277550503612,0.567428923677653,0.930977121926844,0.913425922393799,0.672313956543803,0.120692566968501,0
0.629796595185064,0.609793511693459,0.636705504777096,0.857797754799295,0.573322617218178,0.338699079817161,0.156893954612315,0.506708874367177,0.347883558832109,0.50105086597614,0
0.679634838077426,0.831084488870203,0.739575837847963,0.667763558502868,0.832756056634337,0.519090273883194,0.00529348198324442,0.274686390068382,0.534668898675591,0.303269960917532,0
0.303582595527079,0.841268119690567,0.866852135141008,0.704923554696422,0.744906269345246,0.689564105356112,0.447836888954043,0.544410388218239,0.341057362966239,0.743762739002705,0
0.809056827412918,0.843658124009147,0.918238171616569,0.715621364856139,0.708825727838092,0.860491128405556,0.291164686903358,0.503490282222629,0.167791921878234,0.397671842481941,0
0.0157946279231459,0.357804897572566,0.230765067039803,0.211138709986303,0.32964751470061,0.277269124053419,0.185914099682122,0.511184664675966,0.690362998750061,0.0563930647913367,0
0.806600528440624,0.222125220131129,0.748617004596442,0.59086436547786,0.758818098304421,0.632673101034015,0.527929734904319,0.0877737645059824,0.0620981485117227,0.54637790704146,0
0.459946579267643,0.494529269506224,0.478431360090524,0.674947653804812,0.409733355206996,0.786990892840549,0.147194877965376,0.704698757035658,0.0857569258660078,0.431205192347988,0
0.665338014313765,0.712660594849102,0.608143239828013,0.600171935713291,0.941225128778256,0.548970775445923,0.896998008945957,0.908442424843088,0.870551759144291,0.627859594067559,0
0.440039865878876,0.456150973813608,0.469831989218015,0.147685498354957,0.445573057015892,0.798928109463304,0.8125099982135,0.208355016075075,0.962176023749635,0.465592134743929,0
0.551317764654383,0.584504478824139,0.964057300026715,0.537579552310705,0.654165638844669,0.989712437149137,0.0200478741899133,0.487531825667247,0.717370368307456,0.477180675603449,0
0.831687086715177,0.996910586060025,0.900594208542164,0.850643608653918,0.707663783282321,0.892604146152735,0.856477985857055,0.145057950401679,0.930795164545998,0.964300993131474,0
0.419850306092948,0.363075569329597,0.459838099891506,0.350710097379051,0.431079820834473,0.581735977670178,0.318724412703887,0.988081394694746,0.542209312319756,0.702182856155559,0
0.236395176326949,0.186580702264328,0.105592259759083,0.162858056434803,0.220250205884129,0.385989329777658,0.00449767685495317,0.033063730224967,0.375054105883464,0.891627132659778,0
0.378990585934371,0.277961883109063,0.0469025001339615,0.142069094728678,0.313855620514601,0.850511352531612,0.909174382453784,0.835557745536789,0.0506862397305667,0.0713113665115088,0
0.0646595403394662,0.042564989446383,0.27073343313979,0.0256953113532625,0.0897536208298058,0.141481833998114,0.490126576507464,0.103278942173347,0.866183804115281,0.423178526340052,0
0.93937306660004,0.949284863300063,0.698949946119636,0.859048948713206,0.869555985742249,0.673951021861285,0.265120774507523,0.977137726498768,0.497880267444998,0.144871424185112,0
0.598892096475325,0.485192016155738,0.667203924926091,0.631626808109693,0.523814825133886,0.771545217838138,0.129428328247741,0.759195959428325,0.524215630721301,0.926314837997779,0
0.867280504010245,0.347433995275944,0.590251870245114,0.816494344879687,0.334092307914793,0.974894982762635,0.195997326867655,0.474316030042246,0.116404755273834,0.79031376214698,0
0.773478219696786,0.648693204121199,0.626811639482155,0.244462517427281,0.616047614017967,0.61947777797468,0.41567195346579,0.446604923345149,0.732192809693515,0.141377413878217,0
0.705702626814693,0.508303595607914,0.830328096705675,0.720333405087143,0.563274848559313,0.332173253176734,0.111561455065385,0.962171920575202,0.0351897589862347,0.595107086701319,0
0.504869269993994,0.412498913686443,0.647417422597203,0.202772755608335,0.228480627871864,0.073561484226957,0.605653837090358,0.267430641455576,0.657638892298564,0.00740083283744752,0
0.637646595363691,0.602274432529136,0.888455341079459,0.801645205312595,0.557662199633941,0.925997869810089,0.565089622978121,0.679877654649317,0.102316724834964,0.379131178138778,0
0.415189910781477,0.945859519916773,0.435263685813081,0.979683467523009,0.888794053123426,0.864347223192453,0.519820616813377,0.439322349615395,0.738540435442701,0.907477775588632,0
