"1","2","3","4","5","6","7","8","9","10","class"
0.204806735236198,0.140516490410082,0.256548703587614,0.141477561453357,0.105975475916639,0.283970895688981,0.550651015015319,0.495073365746066,0.828617267310619,0.473173150327057,0
0.51821665209718,0.600680876988918,0.448680094210431,0.197204789612442,0.416635867208242,0.543835244141519,0.899085673736408,0.41870122239925,0.727097454946488,0.767742373747751,0
0.259690114656091,0.262572373262048,0.142577341276407,0.689845179720223,0.604430420444906,0.784046494634822,0.696836167480797,0.253769260365516,0.717026777099818,0.997440286679193,0
0.490195085527375,0.57635462237522,0.684013315010816,0.648642979795113,0.779155770549551,0.195098005002365,0.610005639726296,0.478515315335244,0.881602828158066,0.344193742377684,0
0.61234401043281,0.61602738668751,0.994059305489808,0.664409805718809,0.745493644280545,0.0771682937629521,0.690877269487828,0.540850442834198,0.551334653748199,0.0426843666937202,0
0.83751765667228,0.86963153083995,0.861158951851074,0.417680932121817,0.584177831785753,0.109941215952858,0.136050619883463,0.777527030091733,0.537388400640339,0.216149570420384,0
0.447222167253867,0.326983693374693,0.319282551564649,0.333721252309158,0.419031086599082,0.0339661324396729,0.961222876794636,0.638142659561709,0.424914235714823,0.519052812829614,0
0.603778860066086,0.831099623581395,0.717925009084865,0.7603934914805,0.673840784933418,0.26031481497921,0.515488402917981,0.434214643202722,0.27613185858354,0.456162391463295,0
0.64319525265526,0.682186225099303,0.384559948404133,0.215314254175313,0.132732659057342,0.758848713710904,0.631268625846133,0.203539500245824,0.0463485079817474,0.400964006083086,0
0.647801486881822,0.953365061737783,0.870655544967297,0.858671541493386,0.867131932676863,0.955487554660067,0.681486835703254,0.144671693909913,0.0790041771251708,0.982770294882357,0
0.711386390030384,0.602645359002054,0.768945145653561,0.454221714055166,0.57512700301595,0.0800690990872681,0.188302957685664,0.929949377663434,0.989649245748296,0.105586339253932,0
0.414256519240607,0.648125104618352,0.533901447327342,0.766624410987925,0.751715363500267,0.282624084036797,0.287865771213546,0.891112081939355,0.650468422099948,0.961244031786919,0
0.558611756607331,0.63651000586953,0.771691348800622,0.477702871846035,0.462405553377792,0.0757703816052526,0.0812353745568544,0.68641208531335,0.54878576262854,0.930993231246248,0
0.671364105073735,0.62547301244922,0.405997179914266,0.857051424914971,0.577457621693611,0.975212800316513,0.654521856456995,0.0859219892881811,0.0229898821562529,0.122512569418177,0
0.40256483492665,0.36898028287515,0.0542302217260003,0.323263632282987,0.38573149388358,0.462256736820564,0.859674850013107,0.0343811665661633,0.204614736605436,0.239709298592061,0
0.963279785112012,0.775294713006821,0.393911072649062,0.512428680939134,0.46231703019375,0.102126355282962,0.580146271269768,0.285236936062574,0.965461368206888,0.845608344767243,0
0.473028187036887,0.496617843114585,0.243673258529976,0.661760381374881,0.344159224514663,0.51165450271219,0.673750572837889,0.23270615725778,0.935172671219334,0.223751855548471,0
0.450031627435237,0.632573776878417,0.585133390733972,0.488834953401238,0.266903968760744,0.0504008836578578,0.0140161933377385,0.231429659994319,0.186212865635753,0.0157810556702316,0
0.148180357530713,0.256079076495767,0.148752782222629,0.141671222448349,0.159348122432828,0.757116396445781,0.278624015627429,0.963872445048764,0.438523596385494,0.637158875819296,0
0.674359294818714,0.909558329731226,0.843048498034477,0.800936032785103,0.890076279873028,0.760358982719481,0.519032276701182,0.45292644482106,0.899407273158431,0.512881624978036,0
0.91538438154757,0.750069220155478,0.926198778628372,0.566297379117459,0.472541980323382,0.572519307490438,0.671262538526207,0.373620813013986,0.766651111654937,0.167910308809951,0
0.632479183737561,0.294306992992759,0.208624445402809,0.66986564862309,0.244869074619748,0.771827162709087,0.0811983274761587,0.967407951364294,0.316595774143934,0.538696435512975,0
0.89251444501318,0.898037366120517,0.555098583183065,0.379795569122583,0.897253408596292,0.941768638323992,0.647084091324359,0.726621365174651,0.0590340159833431,0.821028412785381,0
0.994288064144365,0.876472908052709,0.639970643147267,0.844398331906088,0.673083331233915,0.694351414218545,0.987986035412177,0.752330913441256,0.360088347923011,0.158582041738555,0
0.709537901807576,0.69500592439808,0.765008879048191,0.759292022739165,0.644162277648225,0.873168156016618,0.259247241308913,0.618182502919808,0.979536455823109,0.365037837764248,0
0.471761877811514,0.0647895313217305,0.302000951441005,0.109335029136855,0.465614739386365,0.34215923002921,0.0469047552905977,0.032344409963116,0.0558222481049597,0.694719416089356,0
0.634620043360442,0.872930683861673,0.989337015655637,0.895869309580326,0.696541195262969,0.406396073987707,0.239806754980236,0.384918952826411,0.88126893946901,0.0569659769535065,0
0.253125967428088,0.0027514350442216,0.0888219021499157,0.166930992488097,0.0273058418652043,0.952168843941763,0.246494455263019,0.847285437397659,0.153560318751261,0.500263206660748,0
0.656040546979569,0.849522062056884,0.701918825904466,0.818437380349822,0.715368235542625,0.672184847295284,0.952088817721233,0.277885750168934,0.972807937301695,0.956749415025115,0
0.695160178686585,0.664678460743651,0.825101801216975,0.670614107638132,0.944935767534841,0.0853824079968035,0.708612480899319,0.260599223198369,0.494972428772599,0.55487551400438,0
0.37263866574876,0.318990233294666,0.326187227148563,0.251044818038121,0.270925132505596,0.194226113148034,0.411010773153976,0.182028005830944,0.829947269521654,0.665806157747284,0
0.40239348410815,0.409615504187066,0.0229158693886362,0.0289023563619703,0.330204975852836,0.274164998438209,0.75507727265358,0.18219265085645,0.0281212558038533,0.246078827651218,0
0.702307039703056,0.5320621780999,0.710510553691164,0.69248958332669,0.933087744410895,0.544791901716962,0.0555300288833678,0.600027993321419,0.827479336876422,0.941079997690395,0
0.0528776252176613,0.0616876652929932,0.0216679703444242,0.151930351508781,0.215392425190657,0.547774982172996,0.617003372637555,0.0360643202438951,0.997510578716174,0.244969219202176,0
0.210942186115682,0.282845615391433,0.0913422291338444,0.349123605674505,0.212861621493101,0.342951007653028,0.915556390304118,0.713469795882702,0.553825609385967,0.813077834900469,0
0.189436942798086,0.365845402805135,0.508141609465238,0.627381150028668,0.168540930172428,0.19487202167511,0.811044581700116,0.554997308412567,0.752667471999303,0.745169341797009,0
0.0951797424066812,0.53533017265629,0.176904894469306,0.276394504183158,0.458134453608654,0.0691438226494938,0.17395683308132,0.398664284963161,0.147991072619334,0.568446908146143,0
0.506899543358479,0.415046456423122,0.18478237851169,0.2017331929693,0.114848258673772,0.143699703505263,0.805773111991584,0.0800051803234965,0.129009600961581,0.119466502219439,0
0.416435386597365,0.384903304441273,0.449219194820896,0.192419381347299,0.0825881297528744,0.39414503541775,0.887834432767704,0.0322381579317153,0.126932083396241,0.862696899101138,0
0.169654211531114,0.179195207265671,0.138607055587973,0.284181714392547,0.279692530249525,0.201252761064097,0.0660680534783751,0.873884692322463,0.892270065611228,0.602150853956118,0
0.348977723529562,0.217804824590683,0.404911804860458,0.201422577318735,0.119202734708786,0.706620173761621,0.692836945177987,0.860636059194803,0.470511374995112,0.862439406802878,0
0.226169915258698,0.729253105290141,0.410136592322215,0.502360516959242,0.583534963130951,0.731851829215884,0.584432637086138,0.349316880572587,0.544149538734928,0.487508208490908,0
0.51195627489537,0.604275724696368,0.217049921502173,0.256099214312434,0.536478031816334,0.403220757143572,0.00217798887751997,0.255968123674393,0.96542298514396,0.366548981051892,0
0.893795660461206,0.641775465325173,0.340440018013585,0.69998852522159,0.418592100006808,0.101197786163539,0.551388086983934,0.642122987424955,0.657351733883843,0.691427642479539,0
0.534359359964356,0.477833336603269,0.653117837437242,0.7924555562336,0.647864080621302,0.628454425372183,0.872869170503691,0.222978197736666,0.407006089342758,0.222327681956813,0
0.163765211550519,0.360067759153899,0.512298653230071,0.471821849199943,0.704797555203084,0.0976056554354727,0.47728238068521,0.508339218562469,0.669479592004791,0.73628934356384,0
0.788686975301057,0.583818159912527,0.503216428462043,0.472541336981207,0.92201583134383,0.741124840686098,0.399413846433163,0.370047506177798,0.0739670528564602,0.719589895335957,0
0.917147832567245,0.806808333176002,0.65476733422149,0.798590090516675,0.552554315173905,0.684275843435898,0.396583760855719,0.693510595476255,0.00127270887605846,0.169871323509142,0
0.54693479503803,0.990874606449343,0.970535578787327,0.888129327696003,0.829126039168239,0.756195304449648,0.693851916352287,0.589681561337784,0.666873605223373,0.308698877692223,0
0.302200010836963,0.286164941617753,0.195129071659129,0.162073688882031,0.0648643549811095,0.923844280187041,0.0128259810153395,0.815459012985229,0.315772417234257,0.751282334560528,0
0.352056524250656,0.42674300128594,0.337371008489281,0.403498789761216,0.437824985925108,0.572733176406473,0.481971184024587,0.1972801447846,0.276103750104085,0.728489219909534,0
0.656275464759488,0.683715052926168,0.315966109582223,0.263999438581616,0.184311912167445,0.360639525810257,0.401818325510249,0.705763896461576,0.754416289739311,0.607841808348894,0
0.746320756337047,0.838495995857008,0.935220308186673,0.677360455048271,0.624258422453515,0.572339991107583,0.0140910064801574,0.346117516513914,0.0250027696602046,0.523741879267618,0
0.516005542517174,0.512177012139559,0.660651154602505,0.315314685223345,0.887398152405676,0.166947386693209,0.157297365833074,0.122942942660302,0.165173112181947,0.672349036904052,0
0.62160535464026,0.500770706012473,0.985975488140434,0.59395925100781,0.950929076366499,0.173786896280944,0.635508319595829,0.159404209582135,0.279838348040357,0.940300344489515,0
0.894780430243351,0.424551759777125,0.720963628858328,0.671758205169812,0.53450609901594,0.54956620791927,0.678952484857291,0.957444283878431,0.395296772243455,0.900025630369782,0
0.431831012914702,0.529770601197518,0.496284734775871,0.125863549025916,0.567681238815002,0.0466390545479953,0.258363014319912,0.322416014270857,0.106864428846166,0.719795365817845,0
0.611403740765434,0.833883560092002,0.567431908764504,0.461714517433103,0.526457998744492,0.890293368138373,0.946685750503093,0.86681259307079,0.290797875495628,0.450380073161796,0
0.357558384737745,0.0719799723673612,0.430719954708591,0.338491366549954,0.430308491891995,0.202255805023015,0.984528171829879,0.534742755116895,0.544909935910255,0.567957811057568,0
0.404785566098336,0.657862834467553,0.644551393014006,0.50539400315471,0.425964975788631,0.429882281925529,0.397931839805096,0.410945914220065,0.844496246660128,0.292816946981475,0
0.801769090620801,0.623071547374129,0.939446799185127,0.883751352811232,0.812713722133078,0.344704760238528,0.105425879359245,0.894605939975008,0.3165203621611,0.497120621614158,0
0.402989494874608,0.465480193159916,0.552994775188528,0.261378621189855,0.56133134784475,0.129714807495475,0.579211208270863,0.710814912803471,0.714305669767782,0.406449878355488,0
0.297816190603375,0.0176582687150687,0.25514695007056,0.129272217622399,0.292214752034098,0.120358487823978,0.598244668683037,0.593110612593591,0.299719108967111,0.414691294077784,0
0.372311531678773,0.362856207682472,0.31015433187224,0.482826759902202,0.44608040783694,0.378485309425741,0.844664065167308,0.12794029363431,0.197267520707101,0.287699257023633,0
0.66173748668842,0.624704237784818,0.195558243625797,0.274181943852268,0.178432315802015,0.447834235383198,0.328626822913066,0.841391705907881,0.643826230196282,0.594438656233251,0
0.765884648660198,0.413484533277806,0.766934107477777,0.518925495751202,0.335638331415132,0.647603010758758,0.671114820288494,0.390165399992839,0.24245355813764,0.469190587755293,0
0.445213565128297,0.266636256626993,0.416855080027133,0.877507022599131,0.825395034728199,0.792154193622991,0.223680234747007,0.525120977777988,0.268537458730862,0.768570849904791,0
0.543141606930457,0.619591779909656,0.590658646294847,0.879727036290243,0.942480849808082,0.545361769618466,0.240618380485103,0.264409959781915,0.497307315468788,0.612693458795547,0
0.468108415657468,0.645222954038344,0.235007840445079,0.447936039867811,0.218981675935537,0.764239458600059,0.594162547262385,0.407554083270952,0.295859530335292,0.938474871916696,0
0.139446546829119,0.485524209161475,0.330879256058764,0.401056023407448,0.191971104432456,0.111095405416563,0.804333184612915,0.14743971824646,0.944407685426995,0.372774444520473,0
0.37904233083874,0.258996014596894,0.56994095684588,0.381199834287167,0.0392970125768334,0.17234319797717,0.554404239170253,0.89930573431775,0.455984236672521,0.124975342070684,0
0.410331480400823,0.268740592878964,0.594968005935568,0.19933449771693,0.497203051890153,0.557461672462523,0.230618690373376,0.825343812815845,0.791858353884891,0.763604745967314,0
0.868164154855907,0.575272715363838,0.679472610562853,0.505322820646875,0.907252538577654,0.897981900954619,0.0816047363914549,0.265394160058349,0.215611403575167,0.848920334829018,0
0.59308292416716,0.909728511478473,0.594803253557812,0.749869594303053,0.585453634986281,0.906805323436856,0.476248506456614,0.350168039090931,0.157846830552444,0.91385025321506,0
0.794000398667902,0.84391482668668,0.656653114112467,0.681443759982288,0.699154850744456,0.422531959367916,0.356942332349718,0.707460935227573,0.087734000524506,0.222736886702478,0
0.542593244062737,0.452032302543521,0.163495497975964,0.236846698196605,0.138177306998987,0.861545259598643,0.887379361083731,0.989028993062675,0.380101023009047,0.421802033670247,0
0.634833063425682,0.620911291326582,0.616170495346934,0.532644838022813,0.342646281823143,0.574661499354988,0.749142072396353,0.750109076267108,0.150310263503343,0.459199402481318,0
0.35766601893371,0.847410232820269,0.549912126130052,0.76982204498481,0.772446509002708,0.481544239912182,0.803162486990914,0.326303093926981,0.727016325574368,0.489963263040408,0
0.469526719195768,0.453710653987154,0.546647274757177,0.80720752822645,0.360077773560211,0.909866861533374,0.0802146159112453,0.432860381435603,0.708658336428925,0.0906682801432908,0
0.33656514648404,0.502089120094944,0.340708141101245,0.396083267462254,0.70901049816655,0.308433392317966,0.942608867306262,0.112660825485364,0.83810056000948,0.434256191365421,0
0.729698591933586,0.690650801577605,0.850954400335439,0.762571695688181,0.650988464311697,0.17975737946108,0.324439068324864,0.449250451289117,0.091987551888451,0.0769456995185465,0
0.85777814235175,0.657465249055065,0.454847018450126,0.309400943313539,0.46376766272597,0.564037097617984,0.428153405897319,0.800702223787084,0.930275565711781,0.390110026113689,0
0.231266566611081,0.431770200500637,0.537476975313574,0.411365251440555,0.0865835926271975,0.344728813739493,0.223832929274067,0.912340265000239,0.709814974106848,0.36953394068405,0
0.173225142267905,0.058204949729424,0.194950315945037,0.0454213120675646,0.143293612842076,0.0359773223754019,0.35586923500523,0.118899923516437,0.570747663499787,0.670519083971158,0
0.681597558697499,0.913696106074378,0.704198434429429,0.912444652894512,0.654241104294173,0.722869579680264,0.752732954919338,0.21926348679699,0.722347042988986,0.634318136610091,0
0.496638148027938,0.872426391436253,0.898362041475717,0.70357780639641,0.793805688466411,0.73915243614465,0.276652189902961,0.261322983074933,0.207987568108365,0.809156157076359,0
0.0207164046701044,0.27347362726666,0.422336664728448,0.12901013498567,0.479139355385676,0.0347268285695463,0.372945225797594,0.773030861048028,0.307522457558662,0.116888483753428,0
0.439428743188828,0.207021528635174,0.389539576008357,0.421244377855212,0.271287262836285,0.636130596278235,0.503964707488194,0.669707587687299,0.483018339844421,0.6563132093288,0
0.335150026419759,0.547147558482736,0.388765645275824,0.255996354949288,0.672842446681298,0.801726744044572,0.596099549671635,0.381165056489408,0.0740197761915624,0.111710413591936,0
0.667341072252579,0.700137517069187,0.641425910925958,0.758747400917765,0.682472211027239,0.728504637721926,0.988917500013486,0.0385750967543572,0.558647642144933,0.0323763559572399,0
0.849763271762058,0.794010327370837,0.656627874089405,0.770427371589467,0.925472421741113,0.694788825698197,0.419041979592294,0.952635060530156,0.00434641470201313,0.80010952684097,0
0.509778819518909,0.630803748647589,0.532826417465601,0.736172140151448,0.851932227025554,0.221119461813942,0.317726261448115,0.654814946232364,0.750246485928074,0.271369874943048,0
0.00259998925533145,0.296684262267686,0.395995383550227,0.126824871021882,0.0862239293916151,0.39972597383894,0.798665136098862,0.473117163870484,0.520745331188664,0.272261061007157,0
0.962962204203568,0.84871555248592,0.588465789202321,0.857517476015538,0.462933650191408,0.0937657163012773,0.854039728175849,0.906040655914694,0.367112602107227,0.945222775451839,0
0.609386204595119,0.374271349116042,0.260167167856172,0.118281814405695,0.669656469433755,0.0496942077297717,0.825937424786389,0.754985058680177,0.60376497451216,0.293817138765007,0
0.266917560627684,0.368985377564095,0.398547734818421,0.27199853672646,0.287906802707352,0.578386922134086,0.824998608324677,0.445708854589611,0.635907977819443,0.119837827282026,0
0.598519068733789,0.0970601171959192,0.603060391198471,0.345048645563796,0.594405742330477,0.0298204782884568,0.0235686670057476,0.731212287209928,0.327442451380193,0.668220565188676,0
0.603710528463125,0.750187848694623,0.564332864247262,0.856609049485996,0.490800467086956,0.379656557459384,0.210501323454082,0.0306958295404911,0.591625921893865,0.427198779303581,0
0.647887154562771,0.6984209774822,0.397499555443227,0.436271656666696,0.584645380105078,0.0334394965320826,0.123988731298596,0.46243751514703,0.229100811062381,0.182003805879503,0
0.991837820899021,0.615002907294501,0.798607694703154,0.646632220164314,0.475309887118358,0.93910838640295,0.987151067703962,0.376563776982948,0.234640908194706,0.925332557177171,0
