"1","2","3","4","5","6","7","8","9","10","class"
0.889790737070143,0.740420945221558,0.636461885413155,0.410740454448387,0.0160545152612031,0.658822639845312,0.683567591011524,0.0661541107110679,0.542810346698388,0.465403295587748,0
0.90342409661971,0.956619780464098,0.730932582635432,0.442572923609987,0.979188231285661,0.321719385450706,0.834877900779247,0.383512688800693,0.680670983158052,0.402498826151714,1
0.809372638352215,0.879299211315811,0.886580905877054,0.162300001364201,0.28454783000052,0.669321338413283,0.523007394745946,0.378352857660502,0.349972687894478,0.998847069451585,0
0.2039543048013,0.744469757424667,0.879085374763235,0.321109981276095,0.137694897828624,0.210145723773167,0.0920180468820035,0.998445311794057,0.863356670830399,0.689534739358351,0
0.848480557760737,0.136354258393362,0.807847120799124,0.0263972608372569,0.235948228742927,0.722657985053957,0.111647768877447,0.98360680625774,0.0917954393662512,0.901164609473199,0
0.98188285715878,0.476193330716342,0.812462365021929,0.15341311879456,0.0322156779002398,0.386277551297098,0.912852483335882,0.151152271544561,0.644403408514336,0.388183209579438,0
0.223998686298728,0.408145145978779,0.407215039944276,0.406509664608166,0.985601140186191,0.522119470173493,0.209990002214909,0.321113760815933,0.823997840285301,0.53122003772296,0
-0.00725402356119309,0.300977353673927,0.375252182362601,0.827186724636704,0.662869037361816,0.225825040601194,0.04507503262721,0.601939871907234,0.243842117488384,0.107754398602992,0
-0.000546364835609436,0.475256042423125,0.301176502136514,0.593783575575799,0.857867208775133,0.363373139873147,0.166022379184142,0.965432316530496,0.181198325008154,0.668825943022966,0
0.963416671706337,0.462164741086106,0.309174827067181,0.929222787031904,0.911201669136062,0.500058954115957,0.968037966405973,0.191358156036586,0.691233002347872,0.948968076845631,0
0.671661906177178,0.8927261098288,0.238399344263598,0.959068407071754,0.081580669619143,0.640619041863829,0.470183970173821,0.231223980896175,0.243546865414828,0.495433687232435,0
0.560415049283397,0.975649914818174,0.306361967232078,0.395432088524103,0.198945080162957,0.863378202309832,0.0365513428114355,0.89042295073159,0.448608530685306,0.903176377760246,0
0.73313958523795,0.276609942317009,0.428236494073644,0.845024410868064,0.180311505449936,0.204685481963679,0.25872660591267,0.0773403758648783,0.583120054099709,0.973133821040392,0
0.961582360882847,0.492602405647041,0.46110612526536,0.880465023918077,0.246736095985398,0.188552636420354,0.345910215983167,0.540831535123289,0.406084820628166,0.177446886897087,0
0.642057748977095,0.919842607108876,0.811989312293008,0.235476971138269,0.549270101590082,0.51357793295756,0.284661890938878,0.947363456944004,0.721475193509832,0.276169881690294,0
0.7840790245682,0.165027475217357,0.73058131407015,0.118087335722521,0.922201015986502,0.146024450426921,0.131561176851392,0.859356654807925,0.258323315996677,0.834938932908699,0
0.350067053921521,0.0813277803827077,0.983428695937619,0.296537764603272,0.119429033482447,0.468048272188753,0.485863094916567,0.370037347543985,0.822938184719533,0.854558159364387,0
0.579632664099336,0.935344159370288,0.0593578198458999,0.884695391170681,0.0692882668226957,0.877087864326313,0.108168557286263,0.267169807571918,0.686058787861839,0.409358777338639,0
0.890971674816683,0.239567704033107,0.980508647393435,0.60911663225852,0.127556598978117,0.204629204934463,0.859864018391818,0.11511529632844,0.674052839633077,0.164497304009274,0
0.967529367661388,0.609540642679445,0.791895135771483,0.611177394399419,0.65996011858806,0.0444161677733064,0.661449348786846,0.0530592303257436,0.609212510753423,0.155886243330315,0
0.307234785053879,0.320023108273745,0.970549252582714,0.630684178788215,0.138540438609198,0.380844306200743,0.761912578484043,0.86509501747787,0.845773911569268,0.964819869957864,0
0.364184573757971,-0.0285713389883313,0.924815852893516,0.525382373249158,0.501720662461594,0.343380668200552,0.670532539254054,0.435571974143386,0.623543880414218,0.567572213942185,0
0.701891286028963,0.905051312172222,0.315951570635661,0.179386808769777,0.224335648585111,0.525340812513605,0.712693626759574,0.715427514631301,0.962452433304861,0.363830626010895,0
0.809986362621763,0.827742730186688,0.936832641018555,0.731309954077005,0.28057178365998,0.108265937771648,0.899083785247058,0.953290740260854,0.528942948207259,0.813207762315869,0
0.0889716502279043,0.637558385264128,0.17884003277868,0.0692246041726321,0.878862696932629,0.831778025953099,0.548537097871304,0.70365876541473,0.475425367476419,0.626308458857238,0
0.708403992000967,0.279882202157751,0.669706664048135,0.113516084617004,0.412918944843113,0.279995009070262,0.326049304334447,0.64016560302116,0.528720353031531,0.260105726309121,0
0.608061162289232,0.856552811339498,0.605563405435532,0.419925470370799,0.239305079448968,0.71450750133954,0.0787645287346095,0.407103462843224,0.718263603746891,0.836277329130098,0
0.47250635898672,0.296454338124022,0.675841762917116,0.0797062560450286,0.82545969937928,0.253774834563956,0.480742996092886,0.0717152464203537,0.0149077062960714,0.114765242673457,0
0.0326210772618651,0.469335515284911,0.565901382127777,0.557524053845555,0.84653511736542,0.434468416497111,0.0520550336223096,0.99651670944877,0.47470898530446,0.9226819423493,0
0.152225264115259,0.687761300243437,0.893131854943931,0.509935738518834,0.262536013731733,0.624397370498627,0.926485232776031,0.223010460147634,0.786733953049406,0.0483490547630936,0
0.693843752101255,0.909911415860658,0.346400924725458,0.641192749375477,0.632453601341695,0.463632141938433,0.846174456644803,0.406476696720347,0.849691525567323,0.235989943845198,0
0.818724059034139,0.268859463976696,0.482076177373528,0.486429220996797,0.0252134348265827,0.701711174799129,0.0930329356342554,0.596302428049967,0.671155094867572,0.815204657847062,0
0.273776832735166,0.292002305621281,0.399562863865867,0.47397150658071,0.403927839593962,0.21407539001666,0.497760237194598,0.942034528125077,0.328519266331568,0.0897464794106781,0
0.279730912065133,0.710803051944822,0.682636748300865,0.17608331865631,0.364605935057625,0.817300824448466,0.426868616836146,0.146691295551136,0.278316352050751,0.451135698705912,0
0.349537039641291,0.282182748429477,0.51211167126894,0.0784871766809374,0.24252858851105,0.259752571815625,0.0518051432445645,0.816081430530176,0.672340373275802,0.841006472241133,0
0.631175189046189,0.184288789751008,0.704683952964842,0.768428276758641,0.575573483482003,0.50773019483313,0.623970990302041,0.0240994018968195,0.757231377530843,0.0542124141938984,0
0.643939276458696,0.35912989731878,0.965717288432643,0.19724057870917,0.42201574309729,0.0736709723714739,0.571469268761575,0.313427266199142,0.559212418505922,0.275176916504279,0
0.930930628759687,0.342766153423816,0.703366199508309,0.246040465543047,0.392113212030381,0.432588173775002,0.473235932178795,0.924596266821027,0.606272506294772,0.777059084735811,0
0.784619912970811,0.846188764786348,0.262738711899146,0.0383818058762699,0.852979060262442,0.535984242102131,0.334158316953108,0.444888840895146,0.0395187034737319,0.674300836166367,0
0.272370631340891,0.65474014240317,0.944038563640788,0.995370692107826,0.298516121692955,0.369806909468025,0.741932153934613,0.74639440421015,0.718364754458889,0.541987163946033,0
0.589764450676739,0.867305470863357,0.891972796758637,0.00596613413654268,0.787601081421599,0.837281621294096,0.487483609467745,0.905182553688064,0.698084427043796,0.135926835937425,0
0.654984778957441,0.26781887607649,0.159856345504522,0.46191324153915,0.174734559142962,0.513300392543897,0.747873023618013,0.701467572245747,0.790809749159962,0.0608908224385232,0
0.306381424190477,0.384174279170111,0.679677847074345,0.0279041400644928,0.763061245204881,0.773814666550606,0.129428882384673,0.418100832030177,0.541051435982808,0.912134476471692,0
0.199736756971106,0.292077280813828,0.696194131858647,0.795567407738417,0.700888441642746,0.116576158208773,0.22513393452391,0.759199403459206,0.187239607097581,0.597970811417326,0
0.567085953429341,0.161675107898191,0.614312188932672,0.146679221186787,0.935413735918701,0.934350844705477,0.674330533016473,0.39366293954663,0.429806031286716,0.588777583092451,0
0.0884591168724,0.525648438371718,0.414864747785032,0.278632739325985,0.774757142644376,0.930303106317297,0.666431977646425,0.756286386866122,0.257682484108955,0.0748063009232283,0
0.206532099284232,0.704841705271974,0.824887678958476,0.292937380727381,0.782928375294432,0.56786491908133,0.378679562127218,0.397661955095828,0.337638008408248,0.459972125478089,0
0.425477049313486,0.964664795901626,0.0863470984622836,0.121292531723157,0.949124949984252,0.766510980203748,0.56262892158702,0.632665621582419,0.682198618538678,0.98228108137846,0
-0.025071551411336,0.46402015563331,0.442335862200707,0.457033379934728,0.671202071942389,0.200975538231432,0.542931833770126,0.887991119641811,0.247718072030693,0.428537605796009,0
0.947685707360506,0.464159593684599,0.0394566541071981,0.511149909347296,0.274486528709531,0.811278745299205,0.113561815349385,0.850170609308407,0.450535906944424,0.749737376580015,0
0.34925391850993,0.943176396423951,0.313450111541897,0.922677153721452,0.126832752488554,0.983766684075817,0.197711644694209,0.994523512199521,0.983647184213623,0.234444477595389,0
0.450229675276205,0.0552226328290999,0.808908040169626,0.464973369380459,0.670779003528878,0.449326692614704,0.771844767732546,0.214277559658512,0.573182342574,0.00383202894590795,0
0.845226451521739,0.641458567930385,0.681473046541214,0.529644631315023,0.61623368319124,0.907612460898235,0.505730108357966,0.158127065282315,0.895957783330232,0.253003321122378,0
0.00225992128252983,0.498653910122812,0.520681433146819,0.749822955112904,0.143319139257073,0.63032583007589,0.721522990847006,0.7042746625375,0.0741303826216608,0.70770604419522,0
0.307715070424199,-0.00123270480644189,0.0483099604025483,0.199219532078132,0.697489362908527,0.0793862086720765,0.193897281074896,0.424648419721052,0.16154694207944,0.112630943302065,0
0.45486344191401,0.53821673997057,0.651371129788458,0.0324332308955491,0.0992284412495792,0.0597697540652007,0.82467848341912,0.957528945524246,0.623747574165463,0.489671457093209,1
0.463546339578364,0.989723732774232,0.154823228949681,0.572204486699775,0.0986307358834893,0.935883245896548,0.304986442439258,0.132513146381825,0.310999591834843,0.706380372401327,0
0.928192440695377,0.225282946952724,0.217872184235603,0.104332624701783,0.337176337372512,0.72347340779379,0.957373898243532,0.603527225321159,0.113724163966253,0.29902949440293,0
0.235731234511572,0.91329406401775,0.379502684576437,0.968254493549466,0.92343673389405,0.376368649071082,0.348099483177066,0.983376731164753,0.918845159932971,0.148559860885143,0
0.845845053057576,0.139993776328502,0.0736873061396182,0.643174367723987,0.425207308959216,0.718201055191457,0.787534755421802,0.760634016012773,0.206016097217798,0.458131784806028,0
0.847456159768626,0.4799414195586,0.330736396834254,0.545323327183723,0.077911818632856,0.867033809656277,0.958154961932451,0.512434653239325,0.0138963758945465,0.625128007726744,0
0.120199318084201,0.863021194109168,0.484109787736088,0.743073157034814,0.778582762228325,0.521871330682188,0.798833583248779,0.95714691025205,0.81149748666212,0.0956062793266028,0
0.711960814427584,0.831328133586794,0.570548271527514,0.693881054641679,0.61536458064802,0.0915312387514859,0.530684572877362,0.158317613648251,0.337925415253267,0.18143692961894,0
0.540995828108862,0.121895310236141,0.681065926561132,0.158407005947083,0.434067629044876,0.818056717747822,0.933887413004413,0.234528270782903,0.00668608164414763,0.846699141198769,0
0.95090826193512,0.59503567361611,0.655284127919003,0.78161614597775,0.253011815482751,0.879371202783659,0.297172501683235,0.298680335050449,0.986158119514585,0.0396406163927168,0
0.888260046718642,0.272129875840619,0.0699403062462807,0.331205339636654,0.570226584794,0.403994258027524,0.547184500610456,0.251837248913944,0.124770018970594,0.930860070278868,0
0.160492510767654,0.357814667746425,0.985294219106436,0.355152830947191,0.668155333260074,0.874711036449298,0.959025710821152,0.511692341184244,0.461160231614485,0.0397051838226616,0
0.119474789509081,0.85280470392773,0.838760374579579,0.67637898423709,0.497719269245863,0.615713188191876,0.232566131278872,0.0527566575910896,0.416617866139859,0.551526507362723,0
0.218079674290493,0.91242690384388,0.774604244157672,0.972156236646697,0.776659841416404,0.0579651559237391,0.0567909083329141,0.747130287578329,0.216407442465425,0.214220878202468,0
0.124598626745865,0.714583061169833,0.075209547765553,0.156393268145621,0.287484183441848,0.19503015675582,0.226313951658085,0.539840398589149,0.874116234015673,0.274018833879381,0
0.221493574092165,0.600286422064528,0.507631775923073,0.816225719638169,0.443600507685915,0.217698304681107,0.149568403838202,0.800370707409456,0.0698557842988521,0.619219777174294,0
0.889000778967297,0.759005661215054,0.445078347111121,0.684749664040282,0.243300415342674,0.896322249434888,0.334605633746833,0.112684236606583,0.899292607791722,0.509981019422412,0
0.54241655417718,0.156691874843091,0.0482364208437502,0.16338201193139,0.381136387586594,0.298068798379973,0.647827180800959,0.406327784759924,0.0823869183659554,0.744819545419887,0
0.840905408655535,0.155782391569157,0.829957489855587,0.651451315032318,0.408465192886069,0.791798395803198,0.987828949932009,0.630057450616732,0.172293914947659,0.707162556704134,0
0.227772403508425,0.663961669430137,0.228695663390681,0.15443337126635,0.349865291267633,0.858375207986683,0.578455444425344,0.734201658517122,0.0938375887926668,0.651816321769729,0
0.922377995555635,0.270608952658032,0.194144573295489,0.867357526440173,0.185943208867684,0.918592549394816,0.489769615000114,0.232817922951654,0.0379160991869867,0.21605913573876,0
0.0920694333035499,0.333477501058951,0.431607154663652,0.18512655235827,0.180500317364931,0.215907385572791,0.397628807462752,0.654209004947916,0.0186846791766584,0.7127018654719,0
0.742299430072308,0.1317133102566,0.501578463707119,0.555624949745834,0.843817869666964,0.394166245125234,0.0423379668500274,0.969596070004627,0.165466597303748,0.638745669974014,0
0.142852048156783,0.465741504216567,0.519534481689334,0.432723282603547,0.889077165629715,0.870456166798249,0.0454407569486648,0.156156901735812,0.572668482549489,0.92427066504024,0
0.88723709894505,0.212604095758186,0.534625881817192,0.889541688840836,0.991227565100417,0.733032089425251,0.215990279568359,0.15955001115799,0.836242069024593,0.973512513795868,0
0.372636560350657,0.839310363400728,0.718018289888278,0.144645818276331,0.133359007770196,0.42377375299111,0.632615394890308,0.0896511354949325,0.37358986097388,0.304533997783437,0
0.287020723335445,0.136360815260559,0.763535703299567,0.0199865768663585,0.768956493819132,0.964446580503136,0.321568508865312,0.478240023134276,0.236661342671141,0.869807199109346,0
0.335392568884248,-0.00228930027645813,0.993570388527587,0.0890361603815109,0.87398995552212,0.939260944491252,0.91000196384266,0.559652365045622,0.417764283949509,0.119280459592119,0
0.895724612209062,0.234093046743342,0.234435240039602,0.814286885084584,0.446428353665397,0.165166619000956,0.00361777120269835,0.656964281341061,0.448826291365549,0.418950153980404,0
0.149936286499724,0.581633683061227,0.667467441176996,0.276231462601572,0.856977739371359,0.40462351613678,0.179832256631926,0.917959799990058,0.0791643776465207,0.0375581169500947,0
-0.0164942597100763,0.413016917841475,0.307839366141707,0.540614804485813,0.87075576861389,0.484201120212674,0.771337725222111,0.647481260821223,0.955436574527994,0.631347131216899,0
0.987540080269259,0.580874248490317,0.291689509060234,0.718032551230863,0.687208569142967,0.84169629891403,0.345807144651189,0.968726844992489,0.962543429108337,0.556556375697255,0
0.665655006887391,0.70955947204493,0.70906064636074,0.619913204340264,0.677237821975723,0.236885538091883,0.0624693692661822,0.184170382330194,0.862780022667721,0.056032593594864,0
0.278135637752712,0.743822801159695,0.476271086838096,0.643854605499655,0.00747225806117058,0.162553840316832,0.528257092693821,0.459912205347791,0.228387715993449,0.263587763998657,0
0.763138586189598,0.296943839872256,0.736958776600659,0.665887208422646,0.52513883728534,0.901603426085785,0.859320611692965,0.974987795343623,0.82919308799319,0.251905947225168,0
0.26214336078681,0.0118957061286445,0.342327735386789,0.0864005091134459,0.390908820321783,0.727751510683447,0.971409478923306,0.0496975732967257,0.167869198368862,0.811675901990384,0
0.707953894045204,0.390977630158886,0.391755246324465,0.934876063140109,0.814428405836225,0.0504792251158506,0.945227799238637,0.840467302361503,0.797701796982437,0.825666047632694,0
0.723009644015098,0.92007829340099,0.115562942111865,0.46822817181237,0.0473841133061796,0.582703915191814,0.919412258081138,0.560908268438652,0.470020957291126,0.933856958057731,0
0.228733934694901,0.243317301617935,0.668108824174851,0.873721088748425,0.1861164229922,0.402661754284054,0.921990104950964,0.949856175109744,0.120152935851365,0.261496125953272,0
0.119654311332852,0.336644483264536,0.545135132735595,0.65018156170845,0.0671852044761181,0.844012165442109,0.602915821829811,0.638315761461854,0.878876045811921,0.732355567626655,0
0.956606107763946,0.503371806349605,0.309700746787712,0.877373049035668,0.0114153714384884,0.555040113860741,0.0301677924580872,0.00119616161100566,0.253362918272614,0.165184068726376,0
0.696957422234306,0.954876323617086,0.109688845928758,0.54087428515777,0.840034968685359,0.0937151436228305,0.0295618555974215,0.450113950297236,0.165621742838994,0.40107040386647,0
0.927092920988798,0.657684393925592,0.716843528673053,0.304659373126924,0.563185376580805,0.408042595954612,0.337976568611339,0.440461008111015,0.338705036090687,0.925632577389479,0
0.361366696696174,-0.0322703104570548,0.272790995659307,0.741528135957196,0.305400059791282,0.440219789510593,0.962675989139825,0.238798461621627,0.989476084243506,0.780704822391272,0
0.228281900286674,0.132090336177498,0.0588196334429085,0.837335254298523,0.306025716243312,0.716904250439256,0.127161524957046,0.62330226204358,0.252311320276931,0.798787712585181,0
