"1","2","3","4","5","6","7","8","9","10","class"
0.325325983576477,0.112285030307248,0.343201250769198,0.92655044212006,0.177882700227201,0.861346794757992,0.509855319745839,0.630424395436421,0.0953421480953693,0.680685861734673,0
0.859397559426725,0.484432057710364,0.899784839479253,0.264035938307643,0.360770117258653,0.762725574430078,0.0178607443813235,0.904305121861398,0.532888661604375,0.177128679817542,0
0.385433692019433,0.863224653992802,0.281443926272914,0.765016542747617,0.730457515455782,0.15032637049444,0.42183775221929,0.334514702437446,0.452592409681529,0.123232185142115,0
0.991620771586895,0.472847344586626,0.704477383056656,0.0622962680645287,0.600161798996851,0.924376002047211,0.529648518189788,0.0620891239959747,0.606382561847568,0.772782997693866,0
0.65204859306824,0.912711454143551,0.314953139983118,0.83367091557011,0.163106354419142,0.766140360152349,0.310777398524806,0.0671630993019789,0.649990420322865,0.00541653344407678,0
0.926603596168927,0.238295454592908,0.485447434475645,0.0292248777113855,0.246381002943963,0.180780607275665,0.750863469205797,0.707111696479842,0.372295422945172,0.785741082159802,0
0.637571326373302,0.0161041051348346,0.641392476623878,0.735138881485909,0.580958318663761,0.036516347900033,0.603933659847826,0.239444796461612,0.403507929993793,0.533813057467341,0
0.439439673442394,0.830498837400228,0.861989413620904,0.0498355068266392,0.826101793674752,0.998107560211793,0.678106117295101,0.520236936397851,0.354479116154835,0.65076186414808,0
0.233279232673956,0.915563017020539,0.777877652551979,0.26385602587834,0.822534708539024,0.104317089542747,0.363435769919306,0.379732417408377,0.0118431330192834,0.256332158111036,0
0.496078679462409,0.994763779637985,0.931246789870784,0.661782935960218,0.4137219612021,0.307603716384619,0.986534500494599,0.673686490859836,0.883599087130278,0.666565215680748,0
0.312507733236998,0.923772169509903,0.36212451942265,0.798303486779332,0.0186095007229596,0.782295854296535,0.210019533522427,0.755165151553228,0.436038685496897,0.944602991687134,0
0.962344112529056,0.597929370274641,0.968981198035181,0.304790421156213,0.265898804413155,0.985719221876934,0.280580188380554,0.552058232715353,0.169423839775845,0.825577326817438,0
0.827657815534621,0.615349491359666,0.0964587379712611,0.308160078944638,0.0178920417092741,0.0111533396411687,0.95200404827483,0.349101355765015,0.196116177598014,0.330624422756955,0
0.838416091685302,0.829141420982779,0.0585904933977872,0.78502574050799,0.303466787561774,0.294286792865023,0.00584955606609583,0.562730059027672,0.273866954958066,0.444688159972429,0
0.252079019090161,0.84640806959942,0.228323820047081,0.0918339772615582,0.549710709135979,0.766002412652597,0.392360669095069,0.764529274078086,0.760729908943176,0.95602108608,0
0.737752403961319,0.0343425555457202,0.93568632309325,0.706546124070883,0.211424686247483,0.228248532162979,0.0886896783486009,0.803042358253151,0.89676409563981,0.677940518362448,0
0.937992636270731,0.727429683706983,0.43619308504276,0.632211154093966,0.0892688469029963,0.986258739139885,0.908736859215423,0.18471245164983,0.116629208438098,0.904326491989195,0
0.204953463282436,0.310723211616278,0.353406702633947,0.066069376654923,0.918406991753727,0.181419603526592,0.265640669269487,0.981916959397495,0.779414736665785,0.182934524025768,0
0.93997709471178,0.613652969653154,0.671667165355757,0.573041377356276,0.120141940424219,0.834065380506217,0.148690481903031,0.937269154470414,0.270296093309298,0.72124304715544,0
-0.0182596441588765,0.441622275604895,0.808866760693491,0.0130028908606619,0.918753089150414,0.642052114009857,0.607456185156479,0.162783747073263,0.292620034189895,0.840943259885535,0
0.454646318215896,-0.0419795823148386,0.61025010747835,0.528119882568717,0.307793284533545,0.790324945002794,0.822375837247819,0.0658399669919163,0.926381576340646,0.102098929695785,0
0.454193570651114,0.898291462101042,0.689888233551756,0.89243798982352,0.162306077778339,0.572179425973445,0.895374059909955,0.329764768946916,0.737812750739977,0.472551028477028,0
0.287411113626356,-0.0157368602769362,0.117753569036722,0.392207998083904,0.60852468945086,0.212405393831432,0.496023760642856,0.149495153455064,0.683021306060255,0.385125367203727,0
0.290943407686427,0.942156713455915,0.271656530443579,0.456841092323884,0.854893869720399,0.890270152594894,0.207207396393642,0.744419015944004,0.0782530470751226,0.794518866809085,0
-0.0306187138690901,0.419452354619534,0.304556539515033,0.925955160753801,0.677442886168137,0.510214372770861,0.421737955184653,0.538510688114911,0.370615727966651,0.233808084623888,0
0.0180089280474931,0.40111542516388,0.175016122404486,0.412627744255587,0.869834040291607,0.606334417592734,0.282577346544713,0.398292348952964,0.494720819173381,0.704591980436817,0
0.504737172042951,0.919384028296918,0.68440075754188,0.0606495661195368,0.0468774153850973,0.746126462239772,0.850030672037974,0.931900340830907,0.713588326703757,0.917221501702443,0
0.28670690541744,0.950304280532436,0.0916709380690008,0.550304228905588,0.0952562745660543,0.316905213985592,0.221703527960926,0.889321454102173,0.670377298258245,0.766037296503782,0
0.782716896152124,0.823274783557281,0.122191113419831,0.696028342004865,0.497084731934592,0.790248787263408,0.667413932969794,0.358489139238372,0.333107741549611,0.489138757111505,0
0.844780312152579,0.706636499846354,0.758906573755667,0.0908364711795002,0.854084607912228,0.0281020747497678,0.252177007263526,0.416425226954743,0.923126242356375,0.583701060852036,0
0.419240361166357,0.960072226045666,0.146681075450033,0.540685061365366,0.873797351494431,0.366077921586111,0.533546731574461,0.975275153061375,0.0241319655906409,0.0871879041660577,0
0.898910447508524,0.215941432358184,0.409031313145533,0.558060880983248,0.50717528630048,0.345684043364599,0.354065971449018,0.812307552434504,0.372530773980543,0.859117777319625,0
0.932187425115714,0.335880530931785,0.16937741683796,0.0257819953840226,0.959411221323535,0.895604002522305,0.976735608885065,0.784803082933649,0.416654695523903,0.239625196205452,0
0.0524796008384025,0.229583000917457,0.736273710848764,0.456549552734941,0.0271881890948862,0.180555426282808,0.0899309520609677,0.430536789586768,0.380579337244853,0.724894201150164,0
0.0831430316902697,0.451083195395768,0.0665649014990777,0.112000267487019,0.47942145774141,0.76160230464302,0.137319433037192,0.320484442170709,0.040008639683947,0.826329526957124,0
0.712532393401489,0.102308834902942,0.204781893640757,0.570253709563985,0.389690442709252,0.981183719588444,0.118021606234834,0.705162805039436,0.373192203463987,0.482664477312937,0
0.145539506804198,0.210497649619356,0.43448001681827,0.287195922806859,0.922197612235323,0.786898036487401,0.868282504146919,0.0457513583824039,0.359960298752412,0.505671422695741,0
0.108583020046353,0.613502403954044,0.337392737390473,0.764621673151851,0.198021376505494,0.485960945952684,0.34409046266228,0.0964052905328572,0.158509024884552,0.194141961634159,0
0.950174752595054,0.574624257841001,0.408050762023777,0.466578702442348,0.211581557290629,0.977351741865277,0.975471826503053,0.213315432192758,0.0255762326996773,0.320283778943121,0
0.150175379356369,0.226942891953513,0.745883697411045,0.030826797708869,0.580718290060759,0.634869889356196,0.610212715342641,0.173259060597047,0.945237008156255,0.707602747017518,0
0.82316364813596,0.22266705846414,0.0587474359199405,0.857493277871981,0.493369061499834,0.259916340000927,0.109160573687404,0.535232050810009,0.95594653300941,0.64758524321951,0
0.850439293310046,0.1464936027769,0.116774505935609,0.791042438475415,0.455843225587159,0.363096344750375,0.273991425754502,0.680868725525215,0.0929123717360198,0.92862712754868,0
0.0969153451733291,0.439290642272681,0.779910850804299,0.330819099675864,0.0596526337321848,0.168856229633093,0.719958060886711,0.419435926014557,0.951256719185039,0.349456126568839,0
0.948439075394935,0.337373976368131,0.251113078789786,0.788218971109018,0.956043233163655,0.313268189085647,0.510369307594374,0.602523875888437,0.857452262658626,0.871840878156945,0
0.361279317828873,0.944600527098532,0.5259604153689,0.299487008247524,0.787167064845562,0.975862491875887,0.437212248099968,0.734317636815831,0.463745007989928,0.923698504921049,0
0.976832266220639,0.460221276407889,0.423856818350032,0.457825505873188,0.669017588254064,0.705313965445384,0.352549940813333,0.073529266519472,0.192025964614004,0.791012523462996,0
0.594272964556175,-0.00253723277498896,0.73119704099372,0.716978640761226,0.910417784005404,0.664921358926222,0.765653211856261,0.611361456802115,0.437166410731152,0.63361985119991,0
0.127138372510672,0.430939790559933,0.594266262138262,0.578839750029147,0.0156301453243941,0.331844987580553,0.664321453310549,0.501980294473469,0.527172355912626,0.134701250586659,0
0.254685175480816,0.945062678351815,0.131715654861182,0.348318974720314,0.969559345627204,0.589470372768119,0.962888041278347,0.533371754223481,0.253576584625989,0.772699328837916,0
0.331993178405137,0.0179183872198693,0.582517971284688,0.59479144657962,0.387299409834668,0.286303809843957,0.171758024487644,0.607848974643275,0.702609573490918,0.12414745404385,0
0.938202107281812,0.230768699595327,0.839603188680485,0.280680801719427,0.255635193083435,0.506953381001949,0.131350799463689,0.75303410179913,0.443302144994959,0.594505133572966,0
0.879903081247285,0.226790094060757,0.745704059954733,0.302607710007578,0.518207964953035,0.669201425742358,0.792156831128523,0.664504359709099,0.885719920042902,0.0437137996777892,0
0.852556878700852,0.168301858473569,0.513069402193651,0.0822842484340072,0.80445946357213,0.318744916701689,0.495238194009289,0.391864198260009,0.871173440944403,0.866101809544489,0
0.92651262995787,0.255261461716145,0.379354628734291,0.635959729086608,0.871849674265832,0.521194564178586,0.334648058516905,0.64391407626681,0.985212235944346,0.226717495825142,0
0.0584045774303377,0.317918088054284,0.605540039483458,0.121834800578654,0.680437723640352,0.757286949083209,0.609371641185135,0.367272962583229,0.445308710681275,0.871819177642465,0
0.390830881893635,0.946066228440031,0.681300272000954,0.50243828794919,0.0899768602102995,0.975477937143296,0.289957339642569,0.989745630184188,0.500485999742523,0.859432038851082,0
0.0290309821180585,0.23427015142154,0.545263828476891,0.240046160062775,0.353060808265582,0.0222412128932774,0.927664183313027,0.732982571702451,0.759934416506439,0.534567320486531,0
0.156416923971847,0.68854025285691,0.578967022476718,0.027637847000733,0.692776769632474,0.975415703840554,0.591057427227497,0.836085459217429,0.766116993501782,0.454303110716864,0
0.769308961032565,0.855210184760897,0.875184707343578,0.828138061333448,0.491911400575191,0.447709781816229,0.154353184625506,0.400779948337004,0.450330345192924,0.418992742197588,0
0.259408901234089,0.907904767938901,0.930779387243092,0.86671574995853,0.172649270389229,0.161868155468255,0.961995290825143,0.782195608597249,0.275159146869555,0.222623512148857,0
0.295474688570192,0.035571851395211,0.992339052958414,0.433990427991375,0.186386083019897,0.639830102678388,0.407910835696384,0.088840942364186,0.268093799473718,0.965118918335065,0
0.267024715663865,0.161776955705136,0.128732851240784,0.709252069471404,0.245377720799297,0.748247286072001,0.184799649519846,0.554292053217068,0.858550471952185,0.720538743538782,0
0.0430538153741509,0.612843164009973,0.249737015459687,0.0980863340664655,0.949629847425967,0.506349846487865,0.526338057592511,0.944109278963879,0.699557273183018,0.0599753109272569,0
0.80473416515872,0.853605529582198,0.618953295750543,0.865373919019476,0.408033587271348,0.29538520029746,0.241598284803331,0.585908049950376,0.473771788645536,0.529990306356922,0
0.728135102661327,0.84825776098296,0.447803529212251,0.132832390954718,0.71598519012332,0.465147322509438,0.0480088973417878,0.289591741282493,0.943558196770027,0.339031889569014,0
0.66833242016148,0.016494918068017,0.796372489072382,0.452688839519396,0.718292237259448,0.122835489921272,0.962258657207713,0.698348781792447,0.156960777472705,0.47622448252514,0
0.458381091244519,0.107478451682255,0.854837270686403,0.0463920540641993,0.178306895075366,0.710921543417498,0.0799726063851267,0.15450925170444,0.952024824451655,0.417960332706571,0
0.406636477874902,0.610048524608525,0.370676834136248,0.831059713149443,0.498532968107611,0.28988194745034,0.112830008845776,0.715055967448279,0.669233851134777,0.997515954077244,1
0.699280626140535,0.949657008750364,0.387363116256893,0.328226472716779,0.990264291642234,0.401951788691804,0.506314155878499,0.103293627500534,0.907635781215504,0.206467263633385,0
0.589576645754278,0.909873222000897,0.761549797840416,0.558562301564962,0.906904582865536,0.949310169089586,0.622469263616949,0.143042841227725,0.0111833089031279,0.539882225450128,0
0.603790457209559,0.96007250019175,0.383749200031161,0.351065778871998,0.166931281797588,0.0890090630855411,0.508124724263325,0.775983229512349,0.719079012982547,0.812946246704087,0
0.418003951589186,0.992928676931534,0.885521233547479,0.443966703955084,0.170901125995442,0.380417877342552,0.945699019124731,0.480763355735689,0.311302397632971,0.427160880994052,0
0.332215084226444,0.0138003545612821,0.429977499414235,0.317763376049697,0.803608972579241,0.444011274492368,0.547725117998198,0.153119388269261,0.183799182763323,0.186928140930831,0
0.121616585645825,0.737562949070707,0.602305973647162,0.540860627079383,0.572071618633345,0.696407112525776,0.0211067995987833,0.684768688166514,0.577698847511783,0.946401382563636,0
-0.0114083614095407,0.425828849935088,0.696557064540684,0.146609782706946,0.856738152448088,0.136615223018453,0.763437386136502,0.0557344395201653,0.777056665159762,0.696689445758238,0
0.414577336516231,0.15973884286359,0.476183461491019,0.969751764787361,0.596736692357808,0.824715703027323,0.0273149572312832,0.440432471688837,0.0681516560725868,0.160036557354033,0
0.645392837235704,0.89229305787012,0.295533023308963,0.786180292023346,0.0956630876753479,0.156139654107392,0.588699578074738,0.856547908158973,0.688408677699044,0.714000785490498,0
0.587231192103376,0.977263129004585,0.686216412810609,0.949538465123624,0.855341974413022,0.290991426678374,0.965321210678667,0.625512943137437,0.500023476080969,0.330042732646689,0
0.370917786378413,0.809798881411552,0.912085363874212,0.386534672928974,0.318761390866712,0.901579085737467,0.960955527378246,0.508765377337113,0.376110633136705,0.421130507485941,0
0.235722305020317,0.68974660243839,0.403228351380676,0.257140015251935,0.287982503417879,0.599864315707237,0.430521285859868,0.989477815805003,0.74917322373949,0.727846784517169,0
0.928187948626405,0.647639131149835,0.693838885286823,0.902166490675882,0.3149063505698,0.165004820562899,0.0812576950993389,0.507492187200114,0.674098437419161,0.428170023020357,0
0.652046735398471,0.0775794624350965,0.77170104207471,0.838703764369711,0.734732578042895,0.362175510497764,0.828938614344224,0.103108834009618,0.827625651611015,0.418022987199947,0
0.785741481697187,0.276729612378404,0.962515129009262,0.321605936391279,0.433351153274998,0.289504021406174,0.166089094011113,0.419947784161195,0.393909949343652,0.72096273326315,0
0.421231400909089,0.985716332313615,0.98725306452252,0.882244929438457,0.589360334677622,0.908120441483334,0.745857449946925,0.906830146210268,0.923337821383029,0.622100619366392,0
0.224376977403793,0.930413656445532,0.0750994607806206,0.649413189850748,0.166069627739489,0.765631662681699,0.926196619402617,0.956246971851215,0.617973624495789,0.797588840592653,0
0.0293355926166073,0.704753385666021,0.352153156185523,0.771188162034377,0.868760362267494,0.293035180773586,0.817451553884894,0.527088155038655,0.838440765626729,0.0767364681232721,0
0.866367882816121,0.1976072199177,0.259783460525796,0.383324248949066,0.530750089325011,0.497011048486456,0.756132212234661,0.982196907512844,0.355981062166393,0.626635610824451,0
0.860584258800372,0.2971604866907,0.680953529197723,0.502356139011681,0.22673342237249,0.755909859901294,0.943516177125275,0.0271708650980145,0.446273068431765,0.00415802071802318,0
0.583741916899685,-0.0105452243752978,0.988268824294209,0.302484726300463,0.166739880340174,0.338625043863431,0.844229030888528,0.498458991292864,0.836024292977527,0.878956673201174,0
0.923129239119589,0.261049112072214,0.480610177153721,0.345015239203349,0.273594515165314,0.819417126942426,0.435927640646696,0.940801115473732,0.954494522884488,0.313499656505883,0
0.79972394792504,0.861003458380202,0.699964430416003,0.744186618598178,0.624108927790076,0.523426193511114,0.659103645477444,0.61513979290612,0.476189664332196,0.694863710552454,0
0.696181124056038,0.0387089020777408,0.817537972703576,0.989708284148946,0.517214632593095,0.490077994065359,0.457202585646883,0.198257240466774,0.0335932944435626,0.14548357273452,0
0.232324807652944,0.00859371348264021,0.858318628044799,0.255854200571775,0.477276178309694,0.198925507022068,0.459488665219396,0.00983231863938272,0.371478986926377,0.939448902616277,0
0.385774850184991,-0.0296740478643377,0.0612456151284277,0.78748326911591,0.573689798125997,0.568906459026039,0.436164628015831,0.883353214943781,0.862680479651317,0.678569966927171,0
0.438095488696479,0.974894196646992,0.450761350104585,0.131379969418049,0.995714565273374,0.500484951538965,0.689088345272467,0.356452504172921,0.470016846433282,0.758690317859873,0
0.22782854642719,0.838332475628704,0.893755675293505,0.742748877964914,0.184855172876269,0.606919649289921,0.53724026447162,0.662688687210903,0.209761466830969,0.838410406140611,0
0.616799188136643,-0.0128430917310824,0.729381692130119,0.101154263829812,0.556816874071956,0.391355610219762,0.380409194622189,0.974635395919904,0.127363961422816,0.364143674727529,0
0.000737447757273912,0.520554217509925,0.434627123642713,0.745291311992332,0.532527992036194,0.646210124948993,0.5059735449031,0.0692811065819114,0.280353487702087,0.468079682206735,0
0.602281569270417,0.16665795724839,0.445255261845887,0.647579428972676,0.823522355873138,0.72713343705982,0.302104811184108,0.148090389091522,0.558502695756033,0.189977406989783,0
-0.040440247483911,0.585489038033773,0.590472219279036,0.0254000602290034,0.183177463710308,0.153421156574041,0.0638678139075637,0.967702687717974,0.43212226126343,0.638102416181937,0
