"1","2","3","4","5","6","7","8","9","10","class"
0.181409742683172,0.394852614728734,0.380167556228116,0.529624037444592,0.883105078479275,0.852395954309031,0.117780900560319,0.34964024182409,0.626843689009547,0.0482556892093271,0
0.777594758701668,0.0615050498462489,0.527581163682044,0.109887207159773,0.239290787372738,0.688374302117154,0.948772249743342,0.645029496634379,0.337000852683559,0.476693305186927,0
0.639349489752595,-0.0157309839277642,0.980485362000763,0.443456170149148,0.524122404865921,0.1405644279439,0.279400609433651,0.511453113984317,0.557195167290047,0.660239600110799,0
0.847952241790452,0.841683761501419,0.174225247232243,0.434236826840788,0.225457272492349,0.324444628320634,0.113154645310715,0.907522935420275,0.614682984538376,0.348927449900657,0
0.700904445257038,0.177232485730201,0.618475589435548,0.359766226960346,0.339450759580359,0.381711630150676,0.558079694397748,0.916447075782344,0.474189965287223,0.203652085037902,0
0.091920190025121,0.249622739851475,0.39050844241865,0.55024194647558,0.0803708743769675,0.397802654420957,0.529381532687694,0.862587165553123,0.963339344598353,0.59331728075631,0
0.91384302941151,0.725593501934782,0.956441550049931,0.430707465857267,0.594144350383431,0.866695176344365,0.171700426144525,0.626485854620114,0.225320980651304,0.388249079929665,0
0.602186799282208,0.0564589721616358,0.658485776977614,0.490871388697997,0.422828203300014,0.209720462793484,0.0193491138052195,0.150054026395082,0.109881095588207,0.321675630519167,0
0.915922051062807,0.445618873927742,0.587888982379809,0.839029740775004,0.693118890281767,0.435957233421504,0.0481098692398518,0.112888562260196,0.418665520846844,0.702620822470635,0
0.747839306699181,0.0288603087868056,0.677961739012972,0.571270228596404,0.289601370459422,0.527937306556851,0.909976873314008,0.57669915817678,0.324439869727939,0.337968834675848,0
0.301922519225627,0.858790701255202,0.194803651655093,0.739432743052021,0.984150625299662,0.742237364407629,0.857837330549955,0.372377681313083,0.661778637673706,0.747064251685515,0
0.770575309172273,0.707203873666003,0.924311377806589,0.034850935684517,0.461290622130036,0.915993966395035,0.254811117891222,0.407837061444297,0.474502446362749,0.819582035532221,0
0.0606075525283813,0.306197123136371,0.858810522127897,0.534586330177262,0.699399168603122,0.954064066056162,0.137464490020648,0.701639300677925,0.267429804662243,0.0242721496615559,0
0.627776036202535,0.975360454123574,0.681369984289631,0.312633923487738,0.244298553327098,0.812603419879451,0.193024130538106,0.538340744562447,0.667382602347061,0.255560356192291,0
0.00265243486501276,0.493276201188564,0.996569686103612,0.567532119806856,0.828435664065182,0.95329018170014,0.0871509523130953,0.125369621207938,0.690480657620355,0.925887052901089,0
-0.0237978767421827,0.390092497371779,0.884502070490271,0.84467602847144,0.410665836883709,0.895529771223664,0.39357272698544,0.5529503186699,0.303918663645163,0.13042602664791,0
0.489223850890994,0.0840944133233279,0.228060267399997,0.581611216068268,0.945617566816509,0.588445601286367,0.171314764767885,0.610083550913259,0.0425177211873233,0.213485737098381,0
0.211580811766908,0.753210493829101,0.240545533131808,0.603777361568063,0.682625798042864,0.701221972238272,0.547970918240026,0.0405723310541362,0.44366614241153,0.245054022176191,0
0.0364817071197422,0.241219368600246,0.400346461916342,0.948811913607642,0.917628656839952,0.380651743849739,0.987564889481291,0.660177256213501,0.899971229722723,0.809661385603249,0
0.109251610236242,0.247127704787999,0.376952044898644,0.376608599210158,0.0737711631227285,0.994080152595416,0.482857123017311,0.195215388899669,0.902567707700655,0.218559756409377,0
0.735403018537909,0.195969722932205,0.294777026167139,0.661890239687636,0.50474790786393,0.0324212324339896,0.504335572244599,0.213968941010535,0.43865635432303,0.286293210228905,0
0.862264900089325,0.810984932256013,0.27038983698003,0.786598806735128,0.232684592949226,0.44458440458402,0.591872583143413,0.400213922606781,0.69357320247218,0.383490131935105,0
0.905334093840793,0.482882684795186,0.364447883330286,0.261378328548744,0.513658287003636,0.0561819444410503,0.649206924485043,0.106005821377039,0.297011658083647,0.867138397414237,0
0.151611340489743,0.851355646374768,0.4594559983816,0.639015601715073,0.436067122966051,0.518439445877448,0.95195944677107,0.633349208161235,0.255976944696158,0.975752502446994,0
0.572239097966868,0.00243097265841646,0.305562290130183,0.459346416173503,0.212745547061786,0.9290769638028,0.0728242769837379,0.334721981082112,0.75150700006634,0.374034001259133,0
0.193362831603736,0.673333261627704,0.239641832653433,0.0981460383627564,0.303195287007838,0.298012245679274,0.671005547279492,0.0721505144611001,0.911440170602873,0.429595838766545,0
0.570189838530496,0.01889484282583,0.47048670030199,0.347201444674283,0.624179305043072,0.297822342952713,0.534846659516916,0.827182425418869,0.325551523128524,0.610016181832179,0
0.1554324477911,0.738106441684067,0.953193494817242,0.594279996585101,0.241572448518127,0.671205057529733,0.603076919680461,0.270281468052417,0.389617868466303,0.635778702097014,0
0.363633050166489,0.983240542551699,0.432651709998026,0.0826052909251302,0.793127599870786,0.608674324350432,0.204699113965034,0.744530491763726,0.917366427136585,0.443245569476858,0
0.816527672577649,0.231730354018509,0.312362474156544,0.430320293642581,0.952916421694681,0.0703008659183979,0.408030668506399,0.984269249020144,0.29690010799095,0.209401346044615,0
0.95045226248811,0.26500164735822,0.715169847710058,0.603951172204688,0.588535595918074,0.838761034654453,0.381809189682826,0.555004038615152,0.33469683653675,0.0144305953290313,0
0.0222529306136368,0.674136231987843,0.568688389612362,0.905124120647088,0.335728636244312,0.963208446046337,0.640174204483628,0.975339972181246,0.77066186722368,0.993444084422663,0
0.113804519015041,0.125791889898532,0.0454665056895465,0.249772280920297,0.117170554818586,0.593904863344505,0.905204162932932,0.393501758109778,0.205127390800044,0.77937205741182,0
0.80320023978129,0.70537409116514,0.486625286983326,0.690385544905439,0.0663627956528217,0.229302339954302,0.875344928354025,0.391510531073436,0.815248360391706,0.927389210788533,0
0.814972618361935,0.149113825522363,0.840031244559214,0.84780637617223,0.555809035431594,0.307066106237471,0.41382279060781,0.168355297762901,0.26308065908961,0.224712402792647,0
0.0111456727011594,0.290797608096612,0.730728011811152,0.536921202437952,0.354815710801631,0.445506612770259,0.779013828607276,0.853952070465311,0.162492458010092,0.574242287548259,0
0.631796251224322,0.941364169100085,0.238152969628572,0.146188203711063,0.46913532493636,0.323642149101943,0.622560135787353,0.518464718479663,0.678751848172396,0.495602052193135,0
0.660459478107484,-0.0116303385344546,0.363210528623313,0.212399445474148,0.46421096031554,0.372244652826339,0.668399209389463,0.999024855904281,0.288973715854809,0.961138102691621,0
0.182627990143374,0.882434426108375,0.283197855111212,0.0882606816012412,0.812620420008898,0.13207583874464,0.0351694687269628,0.422743998933583,0.221940833376721,0.82567598647438,0
0.292198466602713,0.904987561749294,0.788372482405975,0.136797288199887,0.130706878611818,0.2544578127563,0.245881882496178,0.48944037524052,0.0960157641675323,0.235844888957217,0
0.691793162608519,0.121989737963304,0.0574994646012783,0.131545021897182,0.43826654064469,0.542357156751677,0.768780011450872,0.428983563557267,0.753053135471418,0.380014507099986,0
-0.0422697886287867,0.515843069733154,0.424356183269992,0.11829417059198,0.249166456749663,0.522800891660154,0.282886579399928,0.479060521349311,0.30033040093258,0.0821600612252951,0
0.738179491750091,0.897616075940386,0.312855745432898,0.374666122021154,0.236135381041095,0.265695969806984,0.882176888175309,0.370210074586794,0.997450633905828,0.497288880404085,0
0.163414918119088,0.266814190195873,0.811101481085643,0.0644551620353013,0.72037586173974,0.455182128120214,0.462449680548161,0.606118254829198,0.472433259477839,0.070128662744537,0
0.875186243560165,0.7656494458206,0.542440622812137,0.8282844084315,0.433385057607666,0.921460785903037,0.861379247857258,0.595284006325528,0.122368719428778,0.000173648353666067,0
0.221000146586448,0.165717819007114,0.336540100164711,0.121134063694626,0.313987819245085,0.771278533153236,0.533015524735674,0.667010212084278,0.397535701980814,0.309836843283847,0
0.700741198487494,0.0255151316393081,0.268752094125375,0.747861640993506,0.797753309831023,0.389969659503549,0.633230276405811,0.709993532393128,0.682105966145173,0.653363303514197,0
0.933923133648932,0.400008148746565,0.716539076762274,0.51123033487238,0.687107702717185,0.80236032535322,0.30390780675225,0.279792569344863,0.708287271205336,0.190435334341601,0
0.308802992803976,0.262075931765139,0.931037366157398,0.250450626481324,0.897822735598311,0.921805032528937,0.468693911796436,0.284395999507979,0.148107872344553,0.402074759127572,0
0.781117794802412,0.902538781985641,0.545736447442323,0.868853971362114,0.850086434744298,0.802514221519232,0.219693652819842,0.902676120400429,0.517874066717923,0.379343414213508,0
0.812676470959559,0.678741232026368,0.0097158788703382,0.536515064770356,0.952422306640074,0.863699136767536,0.891906735254452,0.679563270648941,0.604126372374594,0.456056952942163,0
0.164382026530802,0.870487438747659,0.845593255013227,0.736933267209679,0.378532935399562,0.812410766258836,0.789962940616533,0.55672732135281,0.894094777526334,0.264006416779011,0
0.77228142390959,0.356292505050078,0.500662315869704,0.150304681621492,0.425521443132311,0.564304450992495,0.127621352206916,0.095391436945647,0.533762476174161,0.723237483063713,0
-0.0145920067976373,0.337210386944477,0.0731852792669088,0.296794797293842,0.467883872799575,0.826549153076485,0.155712153296918,0.906840445706621,0.292540563037619,0.728062618291005,0
0.0037759848744815,0.639243045888669,0.850108027458191,0.963704035850242,0.510693681193516,0.930780692957342,0.0142481713555753,0.591841106303036,0.265214161481708,0.318211968289688,0
0.831112273735926,0.453626994742081,0.666498848469928,0.181693762773648,0.485323834232986,0.857634654734284,0.60185132548213,0.796826899750158,0.490704021649435,0.872956858016551,0
0.695920509519055,0.779703200794756,0.246700733201578,0.488149092998356,0.0636798818595707,0.221105852164328,0.836280845571309,0.417763227131218,0.628658222733065,0.668939706869423,0
0.831824462345559,0.167009255731525,0.450564532075077,0.425011646235362,0.116353511577472,0.133884162409231,0.421588429016992,0.0872181833256036,0.891724674962461,0.135213795816526,0
0.897880855947733,0.468352930387482,0.126689037308097,0.63142160512507,0.257791323121637,0.763520526466891,0.567767192143947,0.294936823891476,0.139001112431288,0.468801071168855,0
0.190834609791636,0.490378195885569,0.805102343438193,0.207892152713612,0.713665317045525,0.367995077976957,0.559308309806511,0.0359437277074903,0.0756148379296064,0.617359850788489,0
0.173003300014166,0.901927347836697,0.359089116798714,0.334617456886917,0.0643497067503631,0.619987136917189,0.464229249861091,0.850442245136946,0.0833980645984411,0.865379181690514,0
0.427545453654602,0.958072840934619,0.548659946536645,0.940212597604841,0.58323884755373,0.888752606231719,0.49825364490971,0.69934109877795,0.106929253553972,0.581433648942038,0
0.279804963262497,0.932073694065409,0.0178092538844794,0.794469019630924,0.836897964589298,0.0749132742639631,0.219780497718602,0.984540456207469,0.72475236444734,0.453693436458707,0
0.782588615315035,0.142530050361529,0.989884227979928,0.959241817006841,0.687572488328442,0.970966842025518,0.491830320563167,0.780440481379628,0.400626678252593,0.836638687411323,0
0.914206885855776,0.288453261451651,0.317774933530018,0.866802830947563,0.476755373179913,0.874179023085162,0.369059813208878,0.760015805484727,0.0657655929680914,0.072539898334071,0
0.902984069376669,0.776518343948154,0.608980569057167,0.888483120827004,0.824911508476362,0.784869068069384,0.711291606305167,0.140300109283999,0.444061994552612,0.132039157440886,0
0.205902520562436,0.0164793890173026,0.632232184521854,0.399502733023837,0.629150356398895,0.202813889598474,0.551324530038983,0.770402876660228,0.726637303596362,0.743243566714227,0
0.844126807758585,0.70279693021439,0.531686830800027,0.290054556913674,0.684866502415389,0.729503113776445,0.271989512722939,0.799374116118997,0.376093091908842,0.742477596271783,0
0.180308825506766,0.871239716828555,0.0456343833357096,0.365572433453053,0.381987258326262,0.218471430242062,0.363486336311325,0.862142783124,0.671049251453951,0.76022901176475,0
0.959677848153717,0.449750876831389,0.364318703999743,0.129158463561907,0.255464049056172,0.537159889005125,0.215964932460338,0.51174174901098,0.83126838481985,0.628241296391934,0
0.538304771282173,-0.0299882628971122,0.0114004032220691,0.232623513787985,0.844916747650132,0.992825902765617,0.992746341042221,0.171918525826186,0.819750105030835,0.0314266674686223,0
0.577422710258279,-0.0268186244722728,0.151721525238827,0.212438296992332,0.355813422007486,0.0471851939801127,0.158233126392588,0.16792130866088,0.592689491808414,0.809198467526585,0
0.400936729788953,0.983639760194288,0.622880553593859,0.937260504812002,0.164612732362002,0.772541391430423,0.73518909374252,0.0977981293108314,0.874048023950309,0.476656504906714,0
0.2039699642919,0.705701289931312,0.435652841581032,0.756640602136031,0.691642542835325,0.67341241473332,0.87021668581292,0.338039816124365,0.934557081665844,0.760981214698404,0
0.750773544656113,0.813917096005753,0.935464815469459,0.799702514894307,0.0972720377612859,0.922582886414602,0.100825647125021,0.676761235576123,0.204951502149925,0.863671123748645,0
0.544520357390866,0.846229737391695,0.78425390413031,0.246843755245209,0.946264372440055,0.747914297739044,0.25177004490979,0.796461372170597,0.221780801657587,0.584047690033913,0
-0.0448440067199865,0.514902512312663,0.0567475336138159,0.311691002454609,0.276725000934675,0.785336179658771,0.620661467546597,0.787450389238074,0.712531932396814,0.455231878440827,0
0.215275530004874,0.166497834958136,0.914601606549695,0.629447868093848,0.0309156135190278,0.596714711282402,0.64136354252696,0.956890687579289,0.96930611692369,0.40594037133269,0
0.412149362269278,0.954491352791615,0.501334179891273,0.189478842541575,0.53365463623777,0.692562333540991,0.777058218372986,0.248827030416578,0.231002007611096,0.754723279504105,0
0.632030201205249,0.957069587142771,0.883156965253875,0.262704092776403,0.264093511039391,0.538466387428343,0.66520317690447,0.227544362423941,0.831662490731105,0.0856646331958473,0
0.0405837771393284,0.710122227478146,0.379484138218686,0.435388019075617,0.0749182587023824,0.649199003819376,0.380921090021729,0.8177139100153,0.410014143679291,0.282768128439784,0
0.0527622853405774,0.539045680547133,0.394709398271516,0.886040712241083,0.806637883652002,0.484135934850201,0.330597832566127,0.774669123580679,0.0170418657362461,0.660352267557755,0
0.643732068627599,0.955574283662433,0.255668015917763,0.0788051257841289,0.408903524279594,0.745663494570181,0.50749184913002,0.934646076522768,0.156687065260485,0.86975280707702,0
0.422875745924206,0.968120050110373,0.756773573579267,0.885600839043036,0.56223826459609,0.0304505815729499,0.139627179363742,0.563601133180782,0.281416168669239,0.660469963448122,0
0.972095862806263,0.552153523900148,0.46921832463704,0.397004367550835,0.565017672255635,0.677583255339414,0.212426111334935,0.476490709464997,0.623333405936137,0.512748081237078,0
0.511664247373119,0.109079401008785,0.702701974194497,0.985148619161919,0.325176708400249,0.314718263689429,0.81797120696865,0.724785168422386,0.664286150131375,0.919644447043538,0
0.597355149220675,0.783721302170306,0.10880222870037,0.843961040256545,0.141235972754657,0.0308732313569635,0.504049211042002,0.140031574526802,0.611290852772072,0.901272224029526,0
0.161306539084762,0.254698199918494,0.271707513835281,0.949372305767611,0.233512928243726,0.501789557281882,0.696517313597724,0.0139941887464374,0.770516984630376,0.413393934024498,0
0.108852693112567,0.516935370629653,0.345416522584856,0.833589531248435,0.831347733037546,0.62538669584319,0.583510078722611,0.553573542740196,0.232498881872743,0.902146179229021,0
0.3584556998685,0.801403803285211,0.0381126343272626,0.30345917167142,0.00640517007559538,0.841149880317971,0.133857699809596,0.605561267351732,0.397536920849234,0.389204754494131,0
0.0428047985162692,0.761118610584022,0.218642111402005,0.795342574827373,0.938573726220056,0.956886354135349,0.204659566516057,0.242442540591583,0.51859316136688,0.728854553075507,0
0.566644420847297,0.806649588514119,0.26871767337434,0.225475062150508,0.643822550075129,0.188202913617715,0.461796093499288,0.462946912506595,0.0889989472925663,0.869941222248599,0
0.902637710197939,0.20446274927072,0.0872528590261936,0.944743641419336,0.553876949707046,0.869549416936934,0.828192277578637,0.163219389040023,0.134984608273953,0.134474338730797,0
0.569396996870637,0.868685248307884,0.852263483917341,0.441217389656231,0.0292098955251276,0.109061141265556,0.435273427981883,0.617899730801582,0.93515961128287,0.203769476618618,0
0.0715106842108071,0.49040217208676,0.591565199196339,0.139094744343311,0.884973292704672,0.0439084507524967,0.84542172588408,0.496073669986799,0.147054058499634,0.367218380328268,0
0.867278379155323,0.278768186690286,0.583922570804134,0.961877499241382,0.589867504080757,0.600895904470235,0.635444650892168,0.690930230543017,0.578174411552027,0.378564239246771,0
0.312590305675265,-0.00520717831115325,0.131538096116856,0.506502938456833,0.66577008087188,0.873183580813929,0.950649476144463,0.248547072056681,0.671536873327568,0.402889863820747,0
0.902563024254786,0.235907207813299,0.964791914448142,0.0922729729209095,0.862444879952818,0.642251406097785,0.132373263826594,0.409494042163715,0.289944365154952,0.560764042194933,0
0.347888508578762,0.218391786329448,0.013167193857953,0.479894320247695,0.25703427544795,0.47519270866178,0.921050813514739,0.326783980708569,0.03472172585316,0.260034824721515,0
0.218443852150813,0.133540277602151,0.0242836065590382,0.151448397664353,0.435138279106468,0.247413380770013,0.235042613232508,0.892165113473311,0.474312456557527,0.705326145747676,0
