"1","2","3","4","5","6","7","8","9","10","class"
0.245942931389436,0.30465570720844,0.0121107150334865,0.661865057889372,0.252839433960617,0.604607904329896,0.43697260832414,0.795348160434514,0.973891036584973,0.237186481477693,0
0.865340739954263,0.270452333847061,0.839820691384375,0.34730377048254,0.171790344873443,0.11784225073643,0.0981256447266787,0.329164582071826,0.646489835809916,0.902505040401593,0
0.94151302636601,0.605951764620841,0.748539057327434,0.135980447987095,0.775990133406594,0.785711772041395,0.646594843827188,0.640127987368032,0.193122275639325,0.751907029887661,0
-0.0083576736593356,0.406271177052435,0.0842490738723427,0.759023120161146,0.924259959487244,0.710192954866216,0.271756476256996,0.26932063838467,0.122479535173625,0.228557474911213,0
0.901340305572376,0.273874490056187,0.831501602195203,0.603140129940584,0.884219199884683,0.919374146033078,0.744541543535888,0.645225940505043,0.85051270830445,0.572601608932018,0
0.980012903243679,0.429459960081499,0.403486447874457,0.227632557973266,0.204713508253917,0.0398245025426149,0.089407613966614,0.736098213586956,0.613772077253088,0.586423521395773,0
0.17910410114564,0.721942477859557,0.487374083604664,0.735423659207299,0.723247243557125,0.740659847622737,0.205522562842816,0.930026718182489,0.293499837396666,0.320437890011817,0
0.279255779227242,0.224889818346128,0.139784716069698,0.351624829927459,0.220188658684492,0.113217117730528,0.813092376105487,0.907296492252499,0.677559346426278,0.876939999638125,0
0.84481742350427,0.141032200781027,0.994543530512601,0.541432572063059,0.892243619076908,0.410059642978013,0.0668354136869311,0.216728851897642,0.566535948310047,0.339495663298294,0
0.422601748384222,0.970419086457086,0.562253724085167,0.455451338551939,0.0249886156525463,0.821406900184229,0.751829114742577,0.854383594589308,0.00869363849051297,0.97169614979066,0
0.766546438448131,0.265767735196277,0.669653007062152,0.681061113253236,0.692848020698875,0.458012741757557,0.113616857212037,0.046890358440578,0.328683239175007,0.535982997855172,0
0.848011271674351,0.850501828754521,0.244445196352899,0.706343387253582,0.911499086301774,0.583973156753927,0.404198112664744,0.0217455769889057,0.77636684733443,0.499722785316408,0
0.0823310065952755,0.823452055423278,0.237021472072229,0.991223906865343,0.291364200180396,0.537999108666554,0.519176435889676,0.121635789051652,0.769701332086697,0.265990982530639,0
0.205481569282711,0.254044603556395,0.492331884568557,0.792776399059221,0.940066997427493,0.541467881761491,0.236109509831294,0.61166287236847,0.318217551801354,0.693633889313787,0
0.515936203300953,0.0644876733422279,0.972826614743099,0.0803980389609933,0.620036702603102,0.520530712790787,0.456611870089546,0.368342779343948,0.917637154925615,0.617817244958133,0
0.416158092673868,0.103444782318547,0.224262778647244,0.642240059562027,0.910409862641245,0.886594751384109,0.742882437538356,0.899248238187283,0.0271087726578116,0.539144540205598,0
0.170753797749057,0.830040343338624,0.363612481858581,0.0498428321443498,0.292616507969797,0.793761688750237,0.755659561371431,0.630675699561834,0.837941549485549,0.505283713340759,0
0.987448495812714,0.447098878910765,0.845382972154766,0.959205136401579,0.245242988457903,0.546372863464057,0.101707041962072,0.769438891904429,0.902615849161521,0.0313184279948473,0
0.624770246764845,0.00775056363401216,0.639656300190836,0.357132748933509,0.539699466899037,0.139741060324013,0.927651398349553,0.0471888547763228,0.850727575132623,0.813444342464209,0
0.95270338338965,0.38571900527862,0.834969802526757,0.0570525494404137,0.957809990970418,0.864411084912717,0.0484650637954473,0.278882674407214,0.613451656186953,0.0120840226300061,0
0.812234425451607,0.334578937618062,0.689111612970009,0.855322874384001,0.388918720651418,0.78517157654278,0.177080332301557,0.867202419787645,0.583641308825463,0.230424997629598,0
0.971869458764643,0.513410400477649,0.901366424048319,0.989878951804712,0.863057764945552,0.75145085901022,0.445920526515692,0.62824469152838,0.661487033125013,0.821996093494818,0
-0.00872866653707594,0.341594816751574,0.0705296499654651,0.485982849961147,0.0698172266129404,0.0990774824749678,0.500857278238982,0.935523005900905,0.970384042477235,0.30414861231111,0
0.40299209416844,0.119886621367186,0.108579302905127,0.117798743303865,0.653038411634043,0.517358753364533,0.852290717652068,0.911895806435496,0.565136992139742,0.411689771339297,0
0.693681717384607,0.160000315867364,0.769140160409734,0.320123951416463,0.224284376716241,0.717211523558944,0.814326485386118,0.519443473080173,0.43733345833607,0.934324179543182,0
0.260903494537669,0.926966847497415,0.466676687123254,0.441167719429359,0.483500005677342,0.205121411010623,0.0747046798933297,0.903107508551329,0.128325632540509,0.111696813255548,0
0.924580993740358,0.702735796150311,0.304868197301403,0.332252779277042,0.219249807298183,0.120733090676367,0.448218067642301,0.406365247443318,0.859562114812434,0.334906624164432,0
0.222250780751141,0.0531772760075943,0.452325156191364,0.283219665987417,0.112449008505791,0.146483773598447,0.0384204236324877,0.672263850457966,0.381841671187431,0.754098547855392,0
0.442803571990554,-0.00628217560393329,0.113437805790454,0.842908899998292,0.196855454938486,0.351956034079194,0.341906828107312,0.641068822471425,0.825964983785525,0.498888606205583,0
0.40142507548444,0.0418886495754123,0.092821893049404,0.824777564965189,0.807153576985002,0.36443135375157,0.955341339111328,0.950592098524794,0.418071277439594,0.426321962848306,0
0.234964011099004,0.921037064186903,0.865786554059014,0.0772502070758492,0.59223531675525,0.852829285431653,0.538438001880422,0.64292384381406,0.555768971098587,0.538544826908037,0
0.390020142480815,-0.0212255968909095,0.669588176067919,0.034021430881694,0.67778321611695,0.2675176106859,0.66150848986581,0.867345025064424,0.0314409960992634,0.0893780754413456,0
0.182293937774375,0.143103030975908,0.108906538691372,0.157712303334847,0.990579042118043,0.176039868732914,0.852742977440357,0.451662170700729,0.214078999822959,0.980386744951829,0
-0.0110011748684019,0.668517333510117,0.456866067368537,0.121614647097886,0.124081424437463,0.933091515209526,0.929912404855713,0.671611069701612,0.828861801885068,0.867841579485685,0
0.916945482081706,0.707730073305262,0.701098710065708,0.983177447225899,0.640475386288017,0.205682351253927,0.0365549228154123,0.326981029473245,0.702888282714412,0.188298091758043,0
0.0415136644151062,0.685128080891445,0.0106269572861493,0.177866196492687,0.581033057533205,0.072471629595384,0.0386197983752936,0.213044451083988,0.330713926116005,0.741318101994693,0
0.183718614791692,0.0570633627298723,0.726599033689126,0.529379741987213,0.816846801433712,0.877313234610483,0.747211216716096,0.642132782377303,0.341068462468684,0.697552539175376,0
0.0741731342859566,0.618744029663503,0.710464103613049,0.11589130340144,0.684672332601622,0.264232567045838,0.0909704929217696,0.154242064803839,0.687831128714606,0.631092130439356,0
0.941686888580436,0.270514493922029,0.210624492028728,0.211222501704469,0.0781559757888317,0.837851612363011,0.342796840472147,0.740963742835447,0.509852795396,0.0337672582827508,0
0.691013684263453,0.133699457393959,0.568662010598928,0.275566156487912,0.858527093194425,0.0349871022626758,0.920581282814965,0.599425589200109,0.0832349110860378,0.90771784610115,0
0.435372222913429,0.9051165105775,0.0525754478294402,0.669383492786437,0.0292766673956066,0.896457701921463,0.4855606185738,0.363807506859303,0.659544616471976,0.605372291523963,0
0.0881858594290517,0.163663542859075,0.730612416751683,0.808515937998891,0.0844582533463836,0.119500887114555,0.621972529217601,0.206153311766684,0.324320896063,0.447149991989136,0
0.912624598946422,0.585269490722567,0.782383703859523,0.426933791255578,0.368173296563327,0.866283036535606,0.609622769756243,0.45175908668898,0.0355550346430391,0.955092902295291,0
0.875112265134844,0.14156021698392,0.865461794426665,0.978901628637686,0.551817724248394,0.775510429637507,0.821291233645752,0.333249364979565,0.0578554570674896,0.383863013936207,0
0.950984322197976,0.337210982036963,0.835219860309735,0.09005525149405,0.36061872029677,0.178877902217209,0.493611993035302,0.0622785303276032,0.70213791099377,0.0413322360254824,0
0.159323264146224,0.340390978381038,0.515247182222083,0.67158089322038,0.0972488601692021,0.59732141229324,0.105347379576415,0.674715680768713,0.5299025203567,0.601791905006394,0
0.419882582966238,0.117538120830432,0.321728768292814,0.307788874488324,0.0217298408970237,0.733084194129333,0.787145752226934,0.479780807858333,0.543043249286711,0.943078662967309,0
0.110034462669,0.780712002633422,0.812230179319158,0.987974402727559,0.603683457709849,0.421925491420552,0.911940007004887,0.468690095469356,0.348118276335299,0.459255635738373,0
0.577955470886081,0.164868569001555,0.696885551093146,0.285287169739604,0.986332929460332,0.727903258055449,0.390710125910118,0.239019907312468,0.590238356497139,0.671309919795021,0
0.390180040616542,0.0798035499174148,0.374934301478788,0.27572874375619,0.481782341841608,0.901514026569203,0.110619113780558,0.897858964512125,0.420506322523579,0.340277097420767,0
0.689505721631798,-0.00423888792167115,0.540088118286803,0.112853288883343,0.386389357969165,0.277714868308976,0.934786588419229,0.877997580682859,0.63378407410346,0.470282204216346,0
0.313532531496815,0.00974198883071503,0.00487329415045679,0.0637387870810926,0.112375952070579,0.84448535903357,0.607258499367163,0.802302674623206,0.468530902406201,0.26291119446978,0
0.922790745506063,0.308875586371869,0.76109161414206,0.184443835401908,0.0419769177678972,0.189741075970232,0.914200044004247,0.856702423421666,0.362154868897051,0.0207124201115221,0
0.205386780202389,0.240782397100702,0.3298357531894,0.859906030353159,0.711646166397259,0.695399390533566,0.426312666619197,0.895179560407996,0.00917336181737483,0.386418537003919,0
0.930541724290923,0.280786606902025,0.219566533574834,0.516182507155463,0.269650056026876,0.42411693604663,0.297796113416553,0.325073820538819,0.422034027054906,0.0483128591440618,0
0.759056302718818,0.920407256809995,0.883128879358992,0.142862358363345,0.381758239818737,0.189919994678348,0.387616846477613,0.670120402006432,0.0604196863714606,0.172955678077415,0
-0.0140659057719016,0.538993926623142,0.417422104859725,0.238706451840699,0.588969406904653,0.91719783958979,0.90344754466787,0.250557658728212,0.156004568794742,0.937943642027676,0
0.787762023789886,0.0861664222170866,0.165481845848262,0.238952534273267,0.432248843135312,0.873884117696434,0.720885244663805,0.579392935847864,0.802296265494078,0.370910064317286,0
0.126800089143217,0.412442060187459,0.596129121491686,0.080235131084919,0.50437757698819,0.504372715950012,0.683284079656005,0.85094385035336,0.586583983385935,0.724799544317648,0
0.921004493022338,0.397326703416184,0.383238012902439,0.872281280579045,0.0488096934277564,0.122680742293596,0.843248909339309,0.418355747358873,0.705470826243982,0.308362683979794,0
0.646060290979221,0.831049158237875,8.84183682501316e-05,0.500926800537854,0.42748812912032,0.845142723293975,0.885119880083948,0.476279241032898,0.154835167340934,0.732110389508307,0
0.075321274343878,0.551583028631285,0.244700899813324,0.763805993134156,0.213654865976423,0.0520768561400473,0.409177266526967,0.678934863070026,0.494410078739747,0.229868279071525,0
0.594828022657758,-0.00225162402968981,0.270198536571115,0.271126213716343,0.732816523406655,0.984027022961527,0.644026502035558,0.477408582577482,0.491709836991504,0.886180931236595,0
0.966263539319525,0.3322271486624,0.780915226088837,0.110042250482365,0.862825203221291,0.250991507666185,0.461311049293727,0.834745494648814,0.487143925623968,0.374304019846022,0
0.900885709137044,0.717192620466782,0.226511089131236,0.0946045892778784,0.344191508600488,0.813445503590629,0.555855894228444,0.614843126386404,0.170157664688304,0.177068552700803,0
0.0449022724859528,0.168596757914405,0.941553917247802,0.464447570266202,0.0716204231139272,0.55686610378325,0.340114873601124,0.322409299900755,0.922447962453589,0.934460364980623,0
0.236127445939928,0.868817540118471,0.0332967105787247,0.066028269007802,0.0142836605664343,0.657495006220415,0.242931616492569,0.593200746923685,0.0899043709505349,0.841810793150216,0
0.624645016749461,-0.00970677581978696,0.243711826391518,0.958286326844245,0.139534356771037,0.0779795455746353,0.836735054384917,0.894553146557882,0.624029631027952,0.958376269089058,0
0.140046475920826,0.683570905355737,0.791238992940634,0.157464883523062,0.528491522418335,0.548039795830846,0.534005615161732,0.0526232123374939,0.630874417955056,0.595612413715571,0
0.220874808408064,0.0381911523358427,0.433772856136784,0.290524470619857,0.114806699799374,0.182141075842083,0.267737444257364,0.603215909795836,0.890799500513822,0.863876867573708,0
0.521510049002245,0.041694310028106,0.733975142939016,0.15944474702701,0.843793842708692,0.722312823869288,0.328928308095783,0.890441185096279,0.193579700542614,0.571890245424584,0
-0.0293559299441619,0.615410466201921,0.12542600883171,0.0069397515617311,0.0978109519928694,0.043372102547437,0.788343944121152,0.748118534684181,0.973574351752177,0.467897445661947,0
0.911181067116559,0.704380573472008,0.754509749356657,0.228817365365103,0.883769895415753,0.223665405996144,0.485173318302259,0.253454646328464,0.508330759359524,0.411877779522911,0
0.0636128859073458,0.204877635616334,0.379749153507873,0.357103644637391,0.913397677475587,0.829995161388069,0.347821999806911,0.681481461971998,0.121571719180793,0.0259544590953737,0
0.225665891821317,0.928583039957853,0.889073022641242,0.153037240030244,0.204888499574736,0.958431975916028,0.955070481402799,0.101843250216916,0.195929618086666,0.481572125805542,0
0.896332003641874,0.754785479744896,0.48702561436221,0.355153426527977,0.784593157237396,0.137618322158232,0.70758399204351,0.625741934403777,0.996143301948905,0.410185010405257,0
0.722812821855769,0.931520841550082,0.799019308295101,0.633416811935604,0.185089054051787,0.714777834480628,0.315396932419389,0.341136993607506,0.0413357464130968,0.239338420098647,0
0.864713473228737,0.800669549914643,0.665360768558457,0.347106775036082,0.133892662124708,0.569172735325992,0.82717149797827,0.658628523349762,0.804883653530851,0.773432870395482,0
0.0818989365361631,0.295255238423124,0.894658737815917,0.434433939866722,0.260491046588868,0.0465185928624123,0.934568058466539,0.945477711036801,0.564111070008948,0.0455450972076505,0
0.759785372361892,0.905527890644271,0.113053695764393,0.989341497654095,0.2443548287265,0.163452605251223,0.00892670475877821,0.0564206042326987,0.426463881973177,0.0156110883690417,0
0.953794942935929,0.471548289991915,0.853929074946791,0.939379556337371,0.143255115952343,0.945053017931059,0.601827190956101,0.355065021896735,0.725891385460272,0.230931325349957,0
0.954274108953899,0.502032773700597,0.886526410467923,0.816578493686393,0.25701639149338,0.372521960176528,0.367436391068622,0.0229428159072995,0.854656692128628,0.470494876382872,0
0.995024741627276,0.433583288453519,0.203931641299278,0.464371837442741,0.997403081506491,0.450524408835918,0.629124982049689,0.247234567534178,0.912737170699984,0.759935084963217,0
0.150229171616957,0.748353394446895,0.269999455660582,0.172790526412427,0.717628165381029,0.580463676946238,0.689743076916784,0.532163731520995,0.536448473110795,0.72877112030983,0
0.913282963764504,0.727675785668589,0.782557590398937,0.382963437587023,0.365025950362906,0.218026743270457,0.0606882630381733,0.0842147856019437,0.766936280298978,0.209603714756668,0
0.648363791406155,0.85294860531576,0.418691674480215,0.302887201076373,0.167781457304955,0.82904593157582,0.217250020941719,0.244755821535364,0.159258731175214,0.726144125219434,0
0.620213004527614,0.914861897472292,0.602096768561751,0.343541484558955,0.390718807000667,0.978578895097598,0.265313402051106,0.237514450680465,0.0881779661867768,0.780903266742826,0
0.411329614170748,0.98545579604367,0.820787586038932,0.248250318923965,0.362341273808852,0.149286781903356,0.553415696602315,0.260372896911576,0.961392235476524,0.797658966621384,0
0.135895423358306,0.682280974462628,0.790615125792101,0.611442048335448,0.231427416205406,0.661787257064134,0.785048192134127,0.295488016447052,0.545486213173717,0.219010499538854,0
0.0685663078650725,0.772146762312678,0.626340128947049,0.487508517457172,0.801415920024738,0.581302824662998,0.696043711854145,0.556455568177626,0.0971010159701109,0.602113542379811,0
0.815252929227427,0.115559294354171,0.316826744005084,0.460096259368584,0.558681686408818,0.307613668031991,0.621408711420372,0.520522427512333,0.751311228377745,0.832604562398046,0
0.257709167199209,0.185424637980759,0.311105923261493,0.588021171279252,0.676548016024753,0.391841498436406,0.925586833851412,0.0420595828909427,0.0474308219272643,0.639041115762666,0
0.791067222878147,0.893642770102018,0.116472422610968,0.97366009093821,0.157141252653673,0.643700491869822,0.0541228763759136,0.1063504407648,0.0778734900522977,0.920073920162395,0
0.413684196894815,-0.0186670050757303,0.710741618415341,0.106053193332627,0.466887561604381,0.083869680063799,0.612727827625349,0.336567896883935,0.472068181494251,0.31804876611568,0
0.458764113252982,0.0741922168526798,0.715560375712812,0.582056257873774,0.84195299167186,0.189977925503626,0.0480536026880145,0.0865862767677754,0.923197591910139,0.688561061862856,0
0.870752041926607,0.397016608156264,0.679069719975814,0.680369272828102,0.896824418567121,0.409388456260785,0.325500348350033,0.801482540089637,0.400965945795178,0.522455658530816,0
0.159042466516587,0.0633786149276006,0.0708056623116136,0.904431548435241,0.649831323418766,0.946481959428638,0.0313159101642668,0.451715793227777,0.830158254597336,0.204436275409535,0
0.184825843665749,0.352282840292901,0.236609051702544,0.799575493903831,0.160903990035877,0.735171839594841,0.956457132939249,0.0492250241804868,0.22780112712644,0.613317565759644,0
0.909457770461143,0.268671540069309,0.776078462135047,0.839295654324815,0.684561030706391,0.841749743092805,0.624793128343299,0.948330872459337,0.0806471826508641,0.493830055464059,0
0.949041264597327,0.63472585985437,0.527776965172961,0.513175818603486,0.200022011995316,0.637615794315934,0.390594090800732,0.620376497739926,0.728640902088955,0.973309231223539,0
