"1","2","3","4","5","6","7","8","9","10","class"
0.0866047679912299,0.105502033000812,0.882253222400323,0.158952075522393,0.147305437363684,0.434718837263063,0.955043155467138,0.889384866924956,0.206720676505938,0.261145285330713,1
0.547493756050244,0.383391059469432,0.871719149406999,0.164377377834171,0.52013786858879,0.151967061450705,0.282575033139437,0.319716376019642,0.505530441179872,0.349956026766449,0
0.442939189495519,0.87647945061326,0.223842208040878,0.413852772209793,0.584875250933692,0.84910526056774,0.025981470476836,0.48999232891947,0.675798386335373,0.593555944273248,0
0.407350549707189,0.723119466565549,0.533435928635299,0.0217548189684749,0.704782731831074,0.829370240448043,0.809991267044097,0.583311312831938,0.855715988436714,0.199577700113878,0
0.633003842486378,0.956385871436882,0.594628151971847,0.510972588323057,0.676420152653009,0.171316910535097,0.400301880436018,0.815171718830243,0.606503213988617,0.578353864373639,0
0.14511258341372,0.46086793532595,0.898242156021297,0.297953962814063,0.304494035895914,0.450565687613562,0.623342219740152,0.712008897215128,0.995872288942337,0.601629093056545,0
0.870624436521778,0.189540133086341,0.158633169485256,0.175685898633674,0.0609457050450146,0.894403323531151,0.324071295093745,0.708705832017586,0.284947543172166,0.673996901139617,0
0.804967449046671,0.488627754151821,0.544201750308275,0.502309673000127,0.22396147553809,0.678968069376424,0.453124474966899,0.705244805663824,0.105414263904095,0.801039287820458,0
0.844368943246081,0.626536861760542,0.0893440693616867,0.0863191715907305,0.720250674989074,0.582798214163631,0.410539371427149,0.294170945649967,0.607464189175516,0.895512231858447,0
0.0230139151681215,0.38336521293968,0.502348190173507,0.24687495152466,0.771188365295529,0.862790891667828,0.231480918591842,0.289575606351718,0.466343855950981,0.155571753391996,0
0.473852624418214,0.31941801100038,0.265552594559267,0.949698679614812,0.456395148299634,0.426747004734352,0.215777561767027,0.380237273406237,0.285914815263823,0.862588713876903,0
0.480581729440019,0.80187556380406,0.121345936553553,0.861115712905303,0.947959286626428,0.220956353005022,0.89727865322493,0.346101685194299,0.545116603840142,0.509967443766072,0
0.385649660835043,0.14775265334174,0.716268817195669,0.188341820379719,0.582839534152299,0.271367280278355,0.75609578914009,0.882591024274006,0.427823552396148,0.0178173205349594,0
0.906453100265935,0.72479148558341,0.865140917012468,0.189264717046171,0.675398152321577,0.337221766589209,0.965807580854744,0.297586807282642,0.243108185939491,0.0026640291325748,0
-0.0216398262613871,0.544612214828906,0.788125131046399,0.362439611228183,0.602943976642564,0.65675516333431,0.609234854811803,0.565982265863568,0.428270646138117,0.475896975724027,0
0.260247081983835,0.902256995439529,0.839333452284336,0.836465709609911,0.691139190224931,0.0488333569373935,0.718270318582654,0.51263926574029,0.0790103308390826,0.579857683274895,0
0.858311758143827,0.823398751439527,0.0480272923596203,0.569504376733676,0.0557861048728228,0.564188128337264,0.866854902356863,0.38918560789898,0.0272725902032107,0.246380558935925,0
0.955286700977013,0.365406339522451,0.0985105070285499,0.518746556714177,0.39751117490232,0.502409077249467,0.679908011108637,0.785409050760791,0.469112538266927,0.380150154000148,0
0.775239645736292,0.624698198167607,0.888401929056272,0.550132612464949,0.317798185627908,0.961967064766213,0.571754889562726,0.624860929790884,0.198646455770358,0.985329366987571,0
0.597841645823792,0.609366554301232,0.302546437364072,0.742136194603518,0.792348896153271,0.994927819119766,0.331198925618082,0.260909715201706,0.608710121130571,0.894465466029942,0
0.349704095487468,0.00133840936715268,0.728707773145288,0.73379644122906,0.229485662421212,0.141021812101826,0.385902885347605,0.813541486626491,0.522967223776504,0.835726784542203,0
0.607951805228367,0.0406671499367803,0.902631151489913,0.531877549365163,0.815147548448294,0.25679305777885,0.00139530608430505,0.738336303504184,0.309121748432517,0.946873045060784,0
0.356947148451582,0.833410060731694,0.220934343524277,0.321756277466193,0.9275782040786,0.546795969130471,0.560244340449572,0.327575851697475,0.694698808016255,0.663923071697354,0
0.0308216789271683,0.551841872278601,0.595842345384881,0.396057234378532,0.920149401761591,0.191834798781201,0.115204547531903,0.385969431139529,0.830688509624451,0.228147758869454,0
0.909951028632395,0.237016555434411,0.0317828226834536,0.123475171159953,0.753925821045414,0.826837601372972,0.0611420914065093,0.752062504179776,0.836860606679693,0.280298917088658,0
0.534750749357045,0.828035063343123,0.430657438701019,0.256162821315229,0.673454161500558,0.104711407795548,0.207955062622204,0.748669785680249,0.321048789890483,0.993818447459489,0
0.787929286947474,0.262552018044516,0.967270482098684,0.798833206528798,0.551641555037349,0.882220701314509,0.861962639493868,0.350255039986223,0.389444506028667,0.71277682762593,0
0.201391178648919,0.848264408763498,0.14387225988321,0.493755682604387,0.446171798743308,0.992218081373721,0.772922383621335,0.39372724480927,0.876299419207498,0.288820633897558,0
0.0705451441463083,0.533092803088948,0.885497969808057,0.402670571580529,0.239197796210647,0.12793716462329,0.595226985635236,0.484287168597803,0.458501942222938,0.874141414649785,0
0.0824685383122414,0.627469109371305,0.564001307822764,0.2009100492578,0.800772961229086,0.549078352283686,0.60740087274462,0.66109184268862,0.452102051349357,0.150672913296148,0
-0.0137919689177443,0.58165401777566,0.751233614515513,0.0334506735671312,0.452866457169876,0.651241432409734,0.335140315350145,0.769196468871087,0.283575284294784,0.974676264682785,0
0.710220414213836,0.0802196033764631,0.813094141893089,0.538033392513171,0.946541708428413,0.547521411441267,0.695591944269836,0.513588780304417,0.906765871914104,0.740455542225391,0
-0.00685677490824166,0.336819571488962,0.952044657198712,0.538607915397733,0.14718283736147,0.578356043202803,0.438120226142928,0.748575101140887,0.431332742329687,0.909554349724203,0
0.836643089773133,0.194452821975574,0.688463100697845,0.367187655298039,0.112447337247431,0.769982208730653,0.491444686660543,0.930976644391194,0.808685906697065,0.674450688064098,0
0.398863037582487,0.648228153120726,0.147047735983506,0.0319049337413162,0.453284516232088,0.0119516639970243,0.646206034813076,0.177729835035279,0.871594262309372,0.234099751804024,0
0.362656936747953,0.305651524104178,0.82962320628576,0.276764382375404,0.487523197429255,0.452121914364398,0.852512189187109,0.29524362529628,0.0353030478581786,0.135234678629786,0
0.124236505384283,0.138130963447002,0.486955567961559,0.356852806871757,0.127053461736068,0.696141993161291,0.607478315941989,0.489205669146031,0.271877739112824,0.919310095952824,0
0.622320226626471,0.545929332496598,0.846508019836619,0.574798244517297,0.108186039375141,0.11934941727668,0.854197991546243,0.524564972845837,0.69017384131439,0.115007899235934,0
0.513587553054094,0.275410370901227,0.74811441777274,0.476673437980935,0.264264788245782,0.23467968730256,0.337072073947638,0.54688857938163,0.181509122950956,0.553354314994067,0
0.157199520384893,0.573084180708975,0.333022618433461,0.596252061193809,0.621736833127216,0.383889865828678,0.693767922231928,0.66579334391281,0.798115959856659,0.828871761215851,0
0.66058027829658,0.0161165460916929,0.0691234508994967,0.563196945236996,0.4026120796334,0.933895702939481,0.288567581214011,0.612538965418935,0.613165914779529,0.713450788985938,0
0.333990787388757,0.378737483406439,0.00327435019426048,0.879274611128494,0.164305369835347,0.832020585658029,0.0811856449581683,0.886557439574972,0.709581352770329,0.804942771326751,0
0.609298666939139,0.292042261222377,0.244613397866488,0.363381825387478,0.410649459809065,0.736808290239424,0.413345342036337,0.545503336237743,0.904442781116813,0.22155555174686,0
0.837384985061362,0.600107154808939,0.257178616244346,0.24063390865922,0.530650694156066,0.149030557367951,0.0601744430605322,0.846261896891519,0.235855473205447,0.135784971294925,0
0.659564564237371,0.0372454877942801,0.712126293918118,0.248674087459221,0.739196429727599,0.801268120761961,0.716785009950399,0.895881535019726,0.204953243723139,0.708520672982559,0
0.0745939536064695,0.209298169276589,0.169405737193301,0.530602631624788,0.830450784647837,0.560177654027939,0.0843037853483111,0.872810334665701,0.931006130762398,0.851015396183357,0
0.750962913967669,0.428698746254668,0.780360313830897,0.178133008768782,0.304066978394985,0.277358100283891,0.448800554731861,0.772221800172701,0.522148319985718,0.551231022691354,0
0.975450816988596,0.397422786608733,0.115406397730112,0.188026834512129,0.202848684974015,0.0298269069753587,0.319732326315716,0.452559584751725,0.429631723556668,0.33124018413946,0
0.821748729329556,0.826204671524465,0.938097416888922,0.554916555760428,0.91724082455039,0.891168401110917,0.113866790663451,0.199555885279551,0.939759098691866,0.459919299464673,0
0.463130175834522,0.409858332946897,0.492680619470775,0.440104912733659,0.227387896971777,0.0874080900102854,0.902317216387019,0.616897318512201,0.943964958423749,0.820335399359465,0
0.932277209823951,0.314953434048221,0.312197610968724,0.711853759596124,0.27173998625949,0.384533654665574,0.581460863817483,0.389504723949358,0.162106429692358,0.212212407262996,0
0.744474166538566,0.770051707979292,0.692005675286055,0.117454918334261,0.556532144313678,0.978471375070512,0.336825782898813,0.721541459672153,0.283250147476792,0.168849353212863,0
0.220223059179261,0.371725485660136,0.659192651277408,0.777340484783053,0.0455871142912656,0.83897075522691,0.730403505731374,0.296564413933083,0.990318927448243,0.197379372548312,0
0.996126317590738,0.469924566206479,0.0427796118892729,0.534106706967577,0.875986503902823,0.685213858960196,0.752885150490329,0.609466094756499,0.586209206609055,0.487261451547965,0
0.925694172969088,0.273807472083718,0.0206721951253712,0.0218219319358468,0.881748804589733,0.681291437940672,0.766765876673162,0.95446291891858,0.314937545685098,0.908969663549215,0
0.670261895749718,0.896443048259243,0.33981647528708,0.927993173943833,0.873272642260417,0.37932872469537,0.930352134630084,0.965698500862345,0.354397241724655,0.0498512254562229,0
0.322612670948729,0.58400635747239,0.998353889910504,0.708416995126754,0.841704052872956,0.651564819039777,0.582804194884375,0.401977221714333,0.399753505596891,0.967272317968309,0
0.969033734174445,0.522077035158873,0.85846038418822,0.184047585586086,0.262327718082815,0.283864893484861,0.295652370667085,0.595447483705357,0.587910779984668,0.37126500881277,0
-0.0414840657131765,0.576579531094348,0.440547779900953,0.161768675083295,0.893858051393181,0.387088505318388,0.782940599136055,0.506188518600538,0.68138419627212,0.38006269140169,0
0.270171872107312,0.510901344707236,0.446260244585574,0.303988966159523,0.801202610135078,0.293741021072492,0.76600522431545,0.0535482726991177,0.596822262275964,0.747711731353775,0
0.508817817084491,0.840818325523287,0.0488167020957917,0.989679803140461,0.141423778841272,0.818306485423818,0.285263018682599,0.462396710179746,0.229142971802503,0.013367184670642,0
0.00452454541347141,0.366520093712207,0.960307585541159,0.499998311046511,0.17976199509576,0.122776127653196,0.311424072599038,0.204767224378884,0.174285530112684,0.75308767799288,0
0.156793872127309,0.540457265917212,0.0138406800106168,0.176371675450355,0.696459722938016,0.710120877251029,0.748980158939958,0.0805042530409992,0.116842346731573,0.928138779709116,0
0.000688421499038472,0.266684005511358,0.125752275576815,0.925839623901993,0.654044670285657,0.93451777822338,0.765442439587787,0.991520209237933,0.725192305864766,0.984592970926315,0
0.988586775731306,0.426021939834963,0.843306892318651,0.476317608496174,0.946801444282755,0.92814474971965,0.623440170660615,0.660940038273111,0.681618300033733,0.359557497082278,0
0.903604889055714,0.529554300243035,0.889452944975346,0.456477331230417,0.314686830621213,0.955608629155904,0.231720064068213,0.821576104033738,0.73155243252404,0.593358760233968,0
0.461706756381318,0.00608108751475811,0.574899338185787,0.401755648199469,0.0304827189538628,0.146324374014512,0.111378783825785,0.480035128071904,0.00715848221443594,0.4119054118637,0
0.292866904754192,0.643359880195931,0.123417326016352,0.109719658503309,0.0240385404322296,0.362427792744711,0.898285838775337,0.857806517742574,0.12365241185762,0.445250516291708,0
0.275744976010174,0.69943511323072,0.892893160227686,0.104337209137157,0.237564493902028,0.13017877866514,0.457186858169734,0.64130664546974,0.50151150720194,0.78378293919377,0
0.938274236395955,0.606849310453981,0.799107186961919,0.832976693985984,0.811243148287758,0.0180820096284151,0.0450313179753721,0.742560665588826,0.14824819448404,0.0354849584400654,0
0.688276155926622,0.00430753886683521,0.677201222628355,0.550819857977331,0.394100725650787,0.608755813445896,0.0582350653130561,0.157255951315165,0.104177150642499,0.337737898342311,0
0.897254805546254,0.23143097339198,0.760400434723124,0.511049135122448,0.86636502481997,0.558631134452298,0.427640820387751,0.198138356208801,0.847255431814119,0.800451806047931,0
0.690864328062162,0.746989301173016,0.220907027833164,0.0992033642251045,0.268585857702419,0.228842333657667,0.436634377809241,0.284817019011825,0.395161834778264,0.479689086787403,0
-0.0263425911827458,0.403869911164525,0.711364600108936,0.376267404761165,0.654933414189145,0.930428168736398,0.573856725357473,0.191329690394923,0.822231977479532,0.743325714720413,0
0.76242986926809,0.400831919629127,0.800173172028735,0.187520149862394,0.573367572156712,0.906658146297559,0.936124763451517,0.319374558981508,0.182879836065695,0.0572523893788457,0
0.720798193942755,0.945359624689445,0.970820693997666,0.874969212571159,0.34078060882166,0.914805948501453,0.365869419183582,0.0256026932038367,0.671638982370496,0.289332209620625,0
0.967646743402895,0.335403443325737,0.105249095475301,0.0669137146323919,0.850473735714331,0.669263967312872,0.831325793871656,0.063689739909023,0.625271882861853,0.185478307073936,0
0.735145791200921,0.39250583993271,0.44845414487645,0.549460013629869,0.801572590600699,0.259920375421643,0.267908927518874,0.844450898235664,0.670770490542054,0.0433005976956338,0
0.608774859691039,0.252032788936049,0.340392652899027,0.836735557066277,0.013464416610077,0.456710691330954,0.135485619306564,0.602396012982354,0.621147716185078,0.116073714802042,0
0.954565260686274,0.662701758390533,0.0341212134808302,0.847660692874342,0.356089747976512,0.661517021013424,0.681667038938031,0.913741872878745,0.301790446508676,0.36696868063882,0
0.65674152846587,0.0140623749807605,0.848252786090598,0.612497950904071,0.844885661732405,0.80132339335978,0.605403192108497,0.0822409216780216,0.143689883174375,0.858448758954182,0
0.557209106860682,0.603412255179137,0.760347151197493,0.279094649478793,0.584475617157295,0.207901230314746,0.180950973648578,0.989681128878146,0.714860843028873,0.197355458047241,0
0.806855794373184,0.852454548423511,0.554927706485614,0.437536688288674,0.588605404598638,0.305667799664661,0.406385130947456,0.617545551154763,0.34498471650295,0.677363887429237,0
0.316762317437679,0.0927365550305694,0.297471736557782,0.173899947898462,0.544357125414535,0.120261314557865,0.327348896069452,0.0284431274048984,0.541489886818454,0.176098156953231,0
0.415081205777824,0.873376121511683,0.0966283604502678,0.147400662302971,0.0572710745036602,0.627421792130917,0.781205700244755,0.794341311091557,0.0754508909303695,0.628679818706587,0
0.59298999235034,0.54026665375568,0.392899778205901,0.82190766511485,0.99850354809314,0.413803967181593,0.412092327373102,0.371076299110427,0.519324980676174,0.628948171390221,0
0.677572117419913,0.579401224851608,0.21880440111272,0.742495825979859,0.142927615670487,0.865365037927404,0.214770944789052,0.00474775535985827,0.0176965985447168,0.444409923395142,0
0.241185508874052,0.936406737725414,0.21387215773575,0.993285058764741,0.431890262756497,0.424130529398099,0.715994708705693,0.200482552871108,0.335337711265311,0.798931980272755,0
0.911749426275492,0.72135442122817,0.0166239319369197,0.403314699418843,0.903482481837273,0.319508242188022,0.343990025576204,0.070408804807812,0.135257953079417,0.378102985676378,0
0.919760944321752,0.608664141735062,0.00460599851794541,0.054892718559131,0.909862006315961,0.899171532597393,0.127780283801258,0.840913330670446,0.418655140558258,0.272575023584068,0
0.402131978422403,0.718095516087487,0.0941007996443659,0.527661127969623,0.44835456321016,0.0579302492551506,0.519293237943202,0.463481898419559,0.923771251924336,0.422332467045635,0
0.618198603624478,0.0944820020813495,0.552367794793099,0.952454612590373,0.539626012789086,0.222054446581751,0.922112883068621,0.560541514540091,0.0728301245253533,0.670419953530654,0
0.176366569474339,0.192055918974802,0.554473020834848,0.72623685747385,0.4744048838038,0.69323921808973,0.262394302990288,0.969926330028102,0.944521174067631,0.12010318110697,0
0.091437941417098,0.515399286523461,0.884992100531235,0.502059374470264,0.743725109612569,0.374614531174302,0.0393244370352477,0.894007355440408,0.605206295615062,0.0441571932751685,0
0.749955690931529,0.629140381235629,0.452412928920239,0.300492330221459,0.607119748368859,0.279552338179201,0.617608682718128,0.981441657291725,0.91593455360271,0.443130662897602,0
0.183324637883171,0.859671130367288,0.514121502405033,0.525401938706636,0.596992082661018,0.40556945069693,0.941420232877135,0.876450322335586,0.307452384848148,0.820024922722951,0
0.714767304016277,0.950326319318265,0.137440271209925,0.910767928464338,0.0661035003140569,0.835119788069278,0.622165628243238,0.192207936197519,0.956193104851991,0.0257097170688212,0
0.413583783665672,0.487853527069092,0.265005484223366,0.264129519695416,0.473095346940681,0.835109464358538,0.0471448500175029,0.103672024561092,0.000899868551641703,0.923056224128231,0
0.797722338931635,0.492642818950117,0.698889586376026,0.734376539941877,0.953403328312561,0.940281685441732,0.257660694187507,0.691191904479638,0.218939755810425,0.0551612835843116,0
0.696981514571235,0.224985726876184,0.992684885859489,0.895141824148595,0.813896867912263,0.665344037581235,0.139960665488616,0.0850178943946958,0.216962109785527,0.841444328427315,0
