"1","2","3","4","5","6","7","8","9","10","class"
0.879633807344362,0.203405824722722,0.0701921696309,0.992248631315306,0.657496727770194,0.796166433952749,0.147643894422799,0.331615150906146,0.532225962262601,0.582371964119375,0
0.805542338872328,0.836961125023663,0.0404933476820588,0.897633822169155,0.864045290742069,0.545347750885412,0.240985448937863,0.678650684654713,0.783033770509064,0.633865569718182,0
0.668874794617295,0.808450798504055,0.341547851916403,0.120031972415745,0.627702383790165,0.68019697139971,0.509491266449913,0.849976290017366,0.988697447348386,0.920629889005795,0
0.143868794199079,0.769849660806358,0.262245712801814,0.732135338010266,0.620303124887869,0.608505950774997,0.367118743015453,0.801932363770902,0.308837130432948,0.84465141268447,0
0.185790499439463,0.403234166791663,0.944509412394837,0.686988352332264,0.0972878066822886,0.632880788529292,0.748692780733109,0.0303031103685498,0.354800631757826,0.641053450293839,0
0.813326329691336,0.55899072648026,0.0943106582853943,0.301784456707537,0.212122388416901,0.497546511003748,0.393782947445288,0.886899896664545,0.870233318535611,0.746877067256719,0
0.403541793346177,0.985213347729047,0.558495745528489,0.388973264023662,0.795627346262336,0.594918520888314,0.328188441693783,0.827624967787415,0.304144679801539,0.225663126679137,0
0.900260497583076,0.541803359985352,0.67076469422318,0.289398295572028,0.401333428453654,0.962142426054925,0.112491620471701,0.113542272243649,0.369646292412654,0.126641252776608,0
0.801343236118555,0.435591680230573,0.431647397577763,0.651438961504027,0.725851703668013,0.695683033904061,0.82656877161935,0.85208904161118,0.362989030312747,0.685457272455096,0
0.469845469575375,0.964344752719626,0.451729617780074,0.261807710165158,0.12611271510832,0.39856855198741,0.819686867296696,0.0552306741010398,0.769155266694725,0.270112360361964,0
0.732216934207827,0.325620574643835,0.268969354685396,0.0123462763149291,0.854679080657661,0.207203634316102,0.578987853834406,0.409819425782189,0.587422202341259,0.234332363121212,0
0.561818066053092,0.2765191514045,0.984027297003195,0.847311886493117,0.977657147450373,0.457355835940689,0.323988327756524,0.777144862571731,0.178154428722337,0.63532385090366,0
0.723011189986994,0.92080237599892,0.720685568638146,0.983768531354144,0.498278321698308,0.249022062402219,0.681614896515384,0.731903715291992,0.652298665139824,0.580555692547932,0
0.780093804001808,0.3871132847853,0.224562095012516,0.0936362384818494,0.255136655876413,0.708188889082521,0.0819654075894505,0.608290243893862,0.873098334297538,0.822145502781495,0
0.421437388053164,0.838430301751941,0.304926363751292,0.244046271312982,0.894122691592202,0.396109855966642,0.296124315587804,0.808510828064755,0.0175367030315101,0.344860214274377,0
0.652281400014978,0.00799294698711794,0.655634965980425,0.061128523433581,0.224376211175695,0.26862135855481,0.0752107359003276,0.486708768410608,0.428225489798933,0.567238203948364,0
0.632673727348447,0.0912854720372707,0.622263911180198,0.335612214403227,0.831207917770371,0.990434017498046,0.271081496262923,0.275739812990651,0.815653984434903,0.395214250776917,0
0.0025094837882681,0.294144959113072,0.586650504264981,0.151001305086538,0.275479529751465,0.436125006526709,0.06859474000521,0.718347013229504,0.148731649853289,0.663349477574229,0
0.395273317582905,0.823789613554254,0.145112795988098,0.489635082194582,0.00276954961009324,0.105363381328061,0.387839310336858,0.432805638294667,0.576607623603195,0.493791958782822,0
0.200409481516288,0.0278592930367538,0.67969298036769,0.00736933713778853,0.64302335656248,0.751514600589871,0.123167029349133,0.378521624254063,0.499822853133082,0.439951027277857,0
0.677755718585104,0.630989872151986,0.210584971588105,0.770074183121324,0.764994710450992,0.784301934298128,0.931705652503297,0.896361306775361,0.619597749086097,0.405625985004008,0
0.848493018420413,0.404591826722026,0.699055235134438,0.414227045606822,0.342478497885168,0.685390804195777,0.970915284007788,0.30689093680121,0.61658031726256,0.201723557664081,0
0.904264010488987,0.491367222508416,0.973191040335223,0.742870756657794,0.875699964119121,0.203652413096279,0.350420170463622,0.585726851597428,0.251485305838287,0.956853662850335,0
0.320008034774376,0.945606256547898,0.796076691010967,0.33148809755221,0.175096879946068,0.815212709130719,0.556438525207341,0.9034307023976,0.407926144776866,0.702471039723605,0
-0.0346486291062705,0.437733115242635,0.549686710350215,0.818767601624131,0.566403707256541,0.471647425787523,0.496826494112611,0.291988156503066,0.819089133990929,0.703104305779561,0
0.604139144299552,0.312911319779232,0.853535376721993,0.854298501042649,0.895701629808173,0.966855048667639,0.88597541116178,0.151155202183872,0.365711199352518,0.260143340099603,0
0.597759373253211,0.269610485760495,0.233324692351744,0.196070533478633,0.96611942560412,0.158549749758095,0.82947017182596,0.0216468807775527,0.540146225132048,0.711989263305441,0
-0.00650123229361488,0.425937703899362,0.394293067511171,0.538698229705915,0.424793148413301,0.612020238768309,0.93271765857935,0.790404237573966,0.454902920639142,0.526962684234604,0
0.865389849447711,0.162603358408011,0.518957492895424,0.102673185290769,0.528141381219029,0.605930395191535,0.902094676857814,0.68520883563906,0.333694437984377,0.0286455666646361,0
0.985186249035394,0.500447553018248,0.545748315518722,0.321053538937122,0.412057872628793,0.228780599543825,0.446637076558545,0.496923675062135,0.652268189936876,0.376228081295267,0
0.17672343342565,0.398049107985571,0.649020570563152,0.649976994842291,0.296899113804102,0.811337857041508,0.191470588091761,0.865748024079949,0.898031322518364,0.429582886397839,0
0.517446998273954,0.224195518530905,0.609822253929451,0.621504909358919,0.297151356004179,0.223077262518927,0.615052053006366,0.739071469986811,0.216922787949443,0.795414118794724,0
0.228080534426176,0.0238865618945393,0.450016539543867,0.636110308580101,0.607073474675417,0.397033694200218,0.694279828574508,0.48679117159918,0.0978649440221488,0.517420736141503,0
0.576177100883797,0.785856008064002,0.606756708119065,0.465214638970792,0.135862259194255,0.186119349906221,0.0178106424864382,0.982912151841447,0.0744786013383418,0.918598524294794,0
0.548851577332243,0.328511405503377,0.946102618705481,0.211692497134209,0.78571284445934,0.674041606485844,0.734892224660143,0.837123322766274,0.390840111998841,0.159057169919834,0
0.984677702181337,0.383774942170143,0.268563982564956,0.29580499837175,0.499062073417008,0.870942265959457,0.767701467499137,0.460177894914523,0.284658381482586,0.332835365552455,0
0.781336590196492,0.0896260405938093,0.879464496858418,0.216334429802373,0.0521134445443749,0.450428304029629,0.669803547440097,0.449799295514822,0.589193387888372,0.00522065092809498,0
0.967213438460448,0.537058967426852,0.663554129889235,0.716115742921829,0.864679604303092,0.112971482798457,0.448796896031126,0.214785206131637,0.058739276137203,0.071986548602581,0
0.0849107396788895,0.725080067524686,0.475946501130238,0.0975248587783426,0.503023762255907,0.480803174898028,0.360868473304436,0.769066945882514,0.276797858532518,0.0682803259696811,0
0.323033814551309,0.898658781312406,0.0549540913198143,0.839051152346656,0.0145410217810422,0.152172108879313,0.871217735577375,0.783759447745979,0.319269160274416,0.304855679627508,0
0.699249907396734,0.945938352495432,0.26875853119418,0.881503885379061,0.263194202911109,0.227641452103853,0.464943904895335,0.0581448092125356,0.149001691723242,0.85296632675454,0
0.876691122651888,0.187837852401305,0.706802586792037,0.709721178282052,0.115281542763114,0.282477403758094,0.177724917652085,0.0235043922439218,0.968033991055563,0.66095636296086,0
0.997625147458166,0.50981609406881,0.0774835122283548,0.307599895168096,0.0602277521975338,0.343980926321819,0.453895880607888,0.228805813239887,0.353243303950876,0.198396395891905,0
0.659906503511593,0.457227459643036,0.693194294115528,0.261333194561303,0.491454925155267,0.105759763391688,0.0413337643258274,0.99456169269979,0.91481312410906,0.12448713532649,0
0.722417598357424,0.543172326171771,0.722539333626628,0.728316876105964,0.541323509765789,0.414921939373016,0.674551117466763,0.391069689299911,0.0240602316334844,0.687725971918553,0
0.818194928811863,0.547832321142778,0.806721078930423,0.922219177242368,0.793644779361784,0.856168181169778,0.701285480987281,0.0458703017793596,0.788445362821221,0.770787473767996,0
0.889106861548498,0.336098311468959,0.752990150824189,0.308175759389997,0.686169598950073,0.997390598757192,0.811189708998427,0.246203043032438,0.691069666994736,0.0886641074903309,0
0.676910691196099,0.772046130383387,0.729487941134721,0.697036680998281,0.742446211399511,0.130918271606788,0.39977720961906,0.246835626428947,0.740913146408275,0.563765262253582,0
-0.0257924415393377,0.575439887367224,0.212492105085403,0.301763756200671,0.006824727403,0.522394450847059,0.828362870262936,0.995794227812439,0.832656561629847,0.0805358318611979,0
0.201304535614327,0.521456079790369,0.456697128713131,0.50038410234265,0.288159477990121,0.965228987624869,0.701319753192365,0.272157261846587,0.0888960279989988,0.715208389097825,0
0.118527745362371,0.316885978914797,0.518322732765228,0.53300616517663,0.990386035293341,0.989836216205731,0.356200879439712,0.0334237997885793,0.520941379247233,0.933401025598869,0
0.302607959136367,0.753045763354748,0.391320911701769,0.601380460429937,0.951240664115176,0.356449861545116,0.446489982539788,0.411880984669551,0.926063403254375,0.0681300510186702,0
0.682633653981611,0.103768169414252,0.132650493178517,0.511813146760687,0.657747280085459,0.89724978315644,0.946205746382475,0.179059954360127,0.426779587753117,0.530182872666046,0
-0.018309328596291,0.471357856625304,0.532510128803551,0.564313490642235,0.2888240206521,0.0998884476721287,0.808594190515578,0.709359816042706,0.373105762060732,0.489314065081999,0
0.706832827792374,0.943629038651761,0.703233779640868,0.358811005251482,0.93328231270425,0.961209323024377,0.248982993653044,0.917362681124359,0.00409350777044892,0.673410256858915,0
0.713092810939997,0.69601058983244,0.386149607365951,0.83487086230889,0.534789842320606,0.579605606151745,0.979449913371354,0.219797824509442,0.971842560218647,0.952124696457759,0
0.807317187311128,0.706621235935017,0.690290721599013,0.803186726756394,0.968026573071256,0.902480837190524,0.227659299271181,0.751652417704463,0.195231083780527,0.0263381926342845,0
0.617550971219316,0.878291472559795,0.0762778650969267,0.0904355987440795,0.918821562547237,0.657410068437457,0.0132373115047812,0.348070063861087,0.0147542476188391,0.509141591843218,0
0.427850031293929,0.249775131931528,0.69046108238399,0.982994047459215,0.855832419823855,0.974527274258435,0.0501745319925249,0.49558692285791,0.874209291068837,0.29233539942652,0
0.131786064097705,0.137776621047332,0.873437667265534,0.682560813846067,0.453360308194533,0.393961813766509,0.0515572493895888,0.765236997511238,0.854894190095365,0.425274134846404,0
0.296987998132761,0.949342510526267,0.0559078087098897,0.72950281878002,0.933550599729642,0.117911367677152,0.666124685900286,0.164463163353503,0.358792178332806,0.0919891253579408,0
0.695751149207354,0.560119588160887,0.223572597140446,0.155261222273111,0.890958400908858,0.485489208251238,0.157373119145632,0.755442162510008,0.817296339664608,0.359671661164612,0
0.681974494364113,0.11833574809134,0.686607494717464,0.268877521855757,0.599084556801245,0.405311884125695,0.698826851090416,0.265586606459692,0.75475911423564,0.888852458214387,0
0.921880010282621,0.504575645085424,0.145389917073771,0.576115699019283,0.233910167822614,0.202699440531433,0.746136603644118,0.501306238817051,0.348745275754482,0.64310128800571,0
0.44933513490907,-0.0211843345452727,0.139580103801563,0.206298959208652,0.960646552732214,0.577831723727286,0.282461434369907,0.187711198814213,0.297546942252666,0.138452691026032,0
0.587536720791832,0.905034155584872,0.699516833759844,0.648427065694705,0.17790387920104,0.588026494486257,0.313940761145204,0.023816998116672,0.53425234160386,0.528532265918329,0
0.627764745615423,0.83515980350785,0.296779904980212,0.918922534910962,0.308099083369598,0.154639747692272,0.767332183429971,0.635189295047894,0.315914001083001,0.311541419941932,0
0.620598691748455,0.24598602601327,0.756002501351759,0.449263060698286,0.318352881586179,0.0485783575568348,0.199555372819304,0.962337873177603,0.405570737784728,0.782852160278708,0
0.472846738994122,0.273607757873833,0.629791618557647,0.788984832586721,0.743481024866924,0.906888271216303,0.270753700984642,0.219871254870668,0.542953121708706,0.115465230541304,0
0.655564697925001,0.534709960455075,0.894868657458574,0.268231375841424,0.271726211998612,0.254412991227582,0.117385433288291,0.0828244900330901,0.651549389818683,0.370371190831065,0
0.259179271463115,0.921625235689449,0.57316209282726,0.433631618740037,0.924034655094147,0.0160421212203801,0.156033870996907,0.537928239209577,0.951494047651067,0.361491403309628,0
0.954730749548146,0.566360979005585,0.899740087334067,0.643087630625814,0.344700023066252,0.814564529107884,0.0827574813738465,0.314706284087151,0.517685178434476,0.383539468981326,0
0.492966633057222,0.750414442038164,0.302379769505933,0.127328032860532,0.108034965582192,0.0554074745159596,0.558212701929733,0.0753730027936399,0.62384575093165,0.129843821516261,0
0.226228315848857,0.549957912182435,0.966329504735768,0.892755991546437,0.307583759073168,0.258222493808717,0.330712605034932,0.836243269499391,0.485740921460092,0.0122812560293823,0
0.307945666211235,0.933513105572273,0.696364508708939,0.664566148770973,0.676212418824434,0.538931235903874,0.231285616056994,0.766947692725807,0.352650905726478,0.269033892313018,0
0.241280155256391,0.315087019233033,0.38230053614825,0.5464016222395,0.884101261151955,0.178363152081147,0.398574773222208,0.177004626952112,0.254350362811238,0.0383718169759959,0
0.141061323927715,0.571489097317681,0.695934578077868,0.0108226847369224,0.537593957269564,0.254476582631469,0.284016667166725,0.997796250740066,0.118605730356649,0.413219199515879,0
0.00526015523642087,0.249843094000475,0.800998790189624,0.886873865965754,0.51628664159216,0.931748443981633,0.471416816581041,0.566040578531101,0.394606883404776,0.636802175082266,0
0.538536086212844,0.744827225804329,0.39838156895712,0.426602828549221,0.314088003477082,0.759485985618085,0.45789901423268,0.834818634670228,0.183391822502017,0.155306448927149,0
0.225379081949213,0.0489308474584123,0.911413295660168,0.14088234375231,0.0361274043098092,0.130230221431702,0.250959553057328,0.991082123480737,0.72251458815299,0.0408468546811491,0
0.765585120986745,0.869790570302177,0.784418094204739,0.666285250801593,0.0746569551993161,0.873402999946848,0.453303655609488,0.58964815386571,0.953603160334751,0.316069468855858,0
0.27040407480672,0.532282147789374,0.714309404604137,0.339597706915811,0.111621682764962,0.563833351945505,0.0934107657521963,0.39671709924005,0.705363120418042,0.96751643717289,0
0.346601995639503,0.880853547947481,0.0224673263728619,0.783156422898173,0.967675489373505,0.330805692821741,0.158150190487504,0.891920408466831,0.0649066660553217,0.763716491637751,0
0.0153533566014097,0.669257056008814,0.607048486359417,0.142206684686244,0.2250831942074,0.756028699688613,0.221751714125276,0.771205199183896,0.612065664026886,0.387537719216198,0
0.234453040520338,0.00928202753204116,0.354363434948027,0.445721637224779,0.0589551187586039,0.810549972113222,0.241631329758093,0.101293538697064,0.320518594002351,0.89144905237481,0
0.0878372306469828,0.597811977844685,0.891649720491841,0.580094447126612,0.483876013662666,0.00791263487190008,0.36925463238731,0.940998283447698,0.704675453016534,0.877064980333671,0
0.743378836894408,0.430133371381089,0.523558916524053,0.901927678147331,0.0364415722433478,0.787050458602607,0.664107907563448,0.146022972417995,0.105044823838398,0.845900166546926,0
0.73136068880558,0.201120938407257,0.741923766443506,0.578635050682351,0.753540876321495,0.462867873022333,0.358107879990712,0.939058511517942,0.163244200404733,0.892822244903073,0
0.311215795343742,0.121049549663439,0.00752159301191568,0.689809275325388,0.0142619821708649,0.90671094506979,0.849831834901124,0.320406202226877,0.590944144176319,0.0501864035613835,0
0.344140156870708,0.312271100701764,0.471547172404826,0.391341198468581,0.377308783121407,0.878169918665662,0.585935544688255,0.95694893784821,0.208875281503424,0.784994628746063,0
0.419175893999636,0.957318896893412,0.927926706383005,0.562777862185612,0.325533005176112,0.28083805530332,0.172442919341847,0.0310040006879717,0.75445827934891,0.0223070231731981,0
0.783972879871726,0.328051274875179,0.605140937259421,0.0188612351194024,0.403824238339439,0.612596991704777,0.568519087741151,0.454074430046603,0.13309982791543,0.982129870681092,0
0.597600907320157,0.876931383041665,0.566636513220146,0.656975588994101,0.270805415930226,0.425203213701025,0.0218908558599651,0.125683306017891,0.272697711829096,0.543014854192734,0
0.0836517827119678,0.425633351784199,0.926144830882549,0.30710150487721,0.765795682091266,0.977013106225058,0.142367966473103,0.942009660648182,0.724360578227788,0.549145204946399,0
0.841037520183818,0.134491058717753,0.230699591804296,0.4984278480988,0.646752577275038,0.224982406012714,0.0735300600063056,0.906640650471672,0.290161060867831,0.0728478061500937,0
0.784240753622726,0.732139456085861,0.0602305494248867,0.206536806654185,0.784027226269245,0.148364479187876,0.794201557058841,0.949354926589876,0.153903276892379,0.182535064173862,0
0.744909910228751,0.0709600470645063,0.923505933023989,0.151011090259999,0.772604832425714,0.273749931016937,0.423021947732195,0.573699658736587,0.851739940466359,0.241181948455051,0
0.114245979010348,0.835423404021145,0.988090611994267,0.0805899319238961,0.22340443986468,0.982703036861494,0.0467201247811317,0.316201915498823,0.975556628080085,0.604508878197521,0
0.969820215599611,0.601205111481249,0.251786110922694,0.0495108163449913,0.451401791069657,0.12966596474871,0.129812481347471,0.213049112819135,0.312345472164452,0.506706807296723,0
0.620261882431805,0.339971552137285,0.462668183492497,0.751268295804039,0.643680626759306,0.328342841472477,0.206905805040151,0.0796163524501026,0.503456094069406,0.876947329845279,0
