"1","2","3","4","5","6","7","8","9","10","class"
0.577560356119648,0.927083606366068,0.464452485088259,0.641049394384027,0.845624514389783,0.77216106117703,0.984080899041146,0.162928791251034,0.0087345561478287,0.179423227440566,0
0.586138633312657,0.196189432870597,0.656098402338102,0.983577253064141,0.935500699095428,0.321236586663872,0.979895690688863,0.289689987897873,0.627763158874586,0.19011693703942,0
0.639643511269242,0.0767699598800391,0.685005471808836,0.792893579462543,0.0564021151512861,0.210142162162811,0.602849784540012,0.662247880594805,0.407886071829125,0.790833921870217,0
0.692337779328227,0.901229560375214,0.844971000216901,0.565214151749387,0.878062308765948,0.158880395581946,0.0738623817451298,0.293759108521044,0.840888518374413,0.954235925339162,0
0.705584837822244,0.331601534737274,0.865609302883968,0.500562791945413,0.49683187995106,0.76223965943791,0.805134163470939,0.296146280597895,0.273722702404484,0.95768397860229,0
0.196519416291267,0.616864713840187,0.638192727928981,0.260477863950655,0.528382665012032,0.382862960221246,0.865471587516367,0.835124634671956,0.897144304122776,0.313874265644699,0
0.391292002750561,0.0339715089648962,0.393024384509772,0.371771479956806,0.736641017487273,0.0663204037118703,0.234079123241827,0.781622618902475,0.708121146308258,0.505469833966345,0
0.476492515062543,0.974115575013754,0.865342929260805,0.924746398115531,0.542816159315407,0.175805423408747,0.355406827060506,0.244225323200226,0.706290503032506,0.697189766680822,0
0.909041890573058,0.180079434098454,0.628933914005756,0.949503293726593,0.703816922614351,0.0908168838359416,0.974579856265336,0.814155471744016,0.462196032516658,0.20667934184894,0
0.3550516506657,0.266122072469443,0.949397377669811,0.9026087988168,0.617322397651151,0.444411580450833,0.350820701336488,0.066117932787165,0.384245328139514,0.217616209061816,0
0.203866231022403,0.176355628296733,0.858409101841971,0.888942174380645,0.323532416252419,0.597541451221332,0.527395359706134,0.807384351734072,0.921363882254809,0.772481019841507,0
0.0702873836271465,0.471978791290894,0.566815328551456,0.044598028762266,0.401008828077465,0.307307858252898,0.609510092996061,0.882555781630799,0.22554346639663,0.719535418087617,0
0.404678388731554,0.975573532748967,0.752945998683572,0.571840432006866,0.994363548699766,0.159409529762343,0.259630698477849,0.209891727892682,0.767244757851586,0.298819482093677,0
0.161039648577571,0.286238350672647,0.737156290095299,0.310774244368076,0.572663854574785,0.206514572957531,0.610269340919331,0.851133417803794,0.0616902348119766,0.837687716586515,0
0.882725616218522,0.79324977658689,0.0199509677477181,0.637549146078527,0.711554908659309,0.925583839416504,0.267825125483796,0.777274579741061,0.773876792285591,0.266742116538808,0
0.797834618715569,0.288365744287148,0.923937956802547,0.687012619804591,0.785990274278447,0.765329497633502,0.529156589414924,0.160771447001025,0.648259330540895,0.612405907828361,0
0.364692521514371,0.441453218692914,0.814063657075167,0.496503500966355,0.140322083607316,0.018895877758041,0.905812468379736,0.554288510000333,0.587545090122148,0.038805786287412,0
0.571068617282435,0.0734061368275434,0.667780319228768,0.257812552386895,0.687908641295508,0.257746497867629,0.755158146610484,0.424960648175329,0.405856764642522,0.274890502681956,0
0.486942250747234,0.352017233148217,0.346610598498955,0.286534659098834,0.266564265824854,0.280332954600453,0.778089439729229,0.0514429791364819,0.654047303833067,0.152077286504209,0
0.671601308044046,0.78191663371399,0.598720375914127,0.277055440237746,0.913680459838361,0.583099428797141,0.119056274183095,0.0490283481776714,0.181275511858985,0.888306900393218,0
0.212535053420413,0.0446766335291247,0.986630140105262,0.0301061274949461,0.249413200654089,0.771920456551015,0.252167843747884,0.906162284547463,0.770501983352005,0.770443233661354,0
0.0753411655314267,0.754936665995046,0.862477305345237,0.485834746621549,0.116785680409521,0.939270338509232,0.447738528251648,0.983534247381613,0.607511883834377,0.618687089765444,0
0.297397861347426,0.00179261844346534,0.150806126184762,0.358355305390432,0.692105200374499,0.2110687114764,0.777721902122721,0.880215556593612,0.208090401953086,0.273071305127814,0
0.750003391411155,0.876488925423473,0.919355270219967,0.82152920612134,0.16352247283794,0.0274132136255503,0.382204767083749,0.958823909284547,0.176980533869937,0.106701526092365,0
0.531795381568372,0.747025144752115,0.00728415558114648,0.0438718923833221,0.437215555459261,0.393257705494761,0.279509985586628,0.811104860855266,0.423569900682196,0.950001854449511,0
0.987123930826783,0.583805027185008,0.451174959074706,0.220780447823927,0.293460541870445,0.0914804418571293,0.881500595714897,0.676139084389433,0.929141759173945,0.159670915454626,0
0.0521651543676853,0.54687522072345,0.746536930091679,0.505115053849295,0.0452005055267364,0.797360407421365,0.139778767246753,0.0905835526064038,0.322328187990934,0.920531461713836,0
0.0848669144324958,0.307647429872304,0.25073607894592,0.114070697454736,0.776662792777643,0.558956263354048,0.467537735588849,0.0832580507267267,0.876985320122913,0.94451082800515,0
0.936446112014422,0.258775011625844,0.38894116319716,0.656362540554255,0.565043233335018,0.696339949965477,0.269632612355053,0.810888899257407,0.647361968411133,0.30788168264553,0
0.137369366595522,0.321236995281652,0.768403842812404,0.155312167480588,0.11780654778704,0.575067073106766,0.442702440079302,0.392249028664082,0.249839697731659,0.553846852155402,0
0.235878010290717,0.931752856455319,0.241545202909037,0.917302360758185,0.23074149293825,0.320029776077718,0.752780188340694,0.759452913654968,0.904331514844671,0.797576846322045,0
0.648682420607656,0.314912154106423,0.684052104363218,0.993145258398727,0.516410539159551,0.887570430524647,0.64994149422273,0.403138338588178,0.609029727987945,0.503351188031957,0
0.586082004942,0.0487187607213855,0.534914483781904,0.0660380048211664,0.44360192772001,0.993548905476928,0.32908358797431,0.790523785399273,0.642044585198164,0.538033221615478,0
0.429698247695342,0.882023316109553,0.825979679590091,0.337911537615582,0.369652460329235,0.735224786680192,0.150509028928354,0.289775708690286,0.494870932307094,0.482970258919522,0
0.884081752970815,0.705876817461103,0.256074227858335,0.761518774554133,0.474171828245744,0.275271289981902,0.225705583347008,0.333053478738293,0.467990431468934,0.739578609354794,0
0.221597704105079,0.757074010558426,0.392186111304909,0.209173185983673,0.273044095141813,0.323236418887973,0.104848332237452,0.43086640839465,0.825310264248401,0.250262073474005,0
0.721220870036632,0.727931923000142,0.35958487377502,0.258277306100354,0.287543233949691,0.113898801617324,0.589141447795555,0.165548950899392,0.616084569133818,0.0856440970674157,0
0.0913040838204324,0.754441270139068,0.730633880710229,0.894137012539431,0.253193760057911,0.156367618357763,0.896106344182044,0.981523607391864,0.765008079819381,0.518876348389313,0
0.112805758835748,0.498368748696521,0.99760895059444,0.667263732058927,0.397589110536501,0.888183971866965,0.116942998953164,0.960632996400818,0.173814412904903,0.176571865333244,0
0.241132925497368,0.727077423362061,0.422347721410915,0.118238231865689,0.0448491333518177,0.200709776254371,0.192034714855254,0.725754789775237,0.0240661099087447,0.569585186429322,0
0.0141629748655622,0.586215386769915,0.492795119062066,0.0378847848623991,0.97751475032419,0.675320029258728,0.604061461752281,0.503291921922937,0.600516688078642,0.936908588511869,0
0.292051002150401,0.500282112509012,0.302389891119674,0.552420496474952,0.067881777882576,0.686749426182359,0.214993902249262,0.802426201058552,0.776925493497401,0.201725035905838,0
0.820257435319945,0.634385303594172,0.923241014126688,0.649821486324072,0.826001544017345,0.058716801693663,0.503962490474805,0.601374037563801,0.92925099725835,0.280545774381608,0
0.875262916320935,0.190399412298575,0.782758215209469,0.819180475082248,0.328375500626862,0.113164803013206,0.379068637266755,0.0892073158174753,0.366796284215525,0.784169760765508,0
0.790238574147224,0.302765080006793,0.856913978233933,0.848915625596419,0.266191068571061,0.911353956209496,0.327806886052713,0.257556094089523,0.181780766695738,0.088287926511839,0
0.210276882397011,0.782565670553595,0.174534653779119,0.133550147525966,0.597671962808818,0.331352938897908,0.356602367246523,0.764653922291473,0.560361302224919,0.315005849814042,0
0.691936003277078,0.243363108951598,0.464609108166769,0.908258400391787,0.631286970572546,0.55185157712549,0.0670113388914615,0.407607768429443,0.703313417965546,0.771207780111581,0
0.981999249729503,0.502310205799757,0.23429716238752,0.171656619291753,0.344623503042385,0.726958006853238,0.617218650178984,0.4110324641224,0.153629980050027,0.171696297591552,0
0.726667658193037,0.694869281724095,0.442356124054641,0.240740971872583,0.120588345453143,0.922210906166583,0.623133512446657,0.495823171455413,0.952299624681473,0.625517981825396,0
0.780422439798713,0.433449301170185,0.633071845397353,0.875233558472246,0.713838194264099,0.111833011033013,0.532566816546023,0.940934377256781,0.879654219839722,0.954562440980226,0
0.738864175975323,0.225561406929046,0.367481193272397,0.103087629191577,0.762604583986104,0.884005231084302,0.543900248361751,0.745374120539054,0.713061089394614,0.368828528095037,0
0.625354773890173,0.942520251382206,0.595633556134999,0.706077289767563,0.661676999181509,0.121556910220534,0.126147337257862,0.264110288815573,0.710316415410489,0.426706201396883,0
0.101363427539486,0.142315218295333,0.500554037513211,0.188690334791318,0.0529187074862421,0.244509527692571,0.243507964070886,0.727700682589784,0.167362739564851,0.639630289981142,0
0.522547217551619,0.820529468124732,0.645351658575237,0.754121205769479,0.768725867848843,0.650838799541816,0.951986920554191,0.101801562355831,0.987434696871787,0.632894170004874,0
0.829831912647933,0.249647048767656,0.937117948196828,0.79746153159067,0.88263689330779,0.208901858655736,0.86127404216677,0.285916610388085,0.593834901694208,0.29051622771658,0
0.423103642417118,0.0404402129352093,0.786281670676544,0.657621116843075,0.530149730388075,0.220535361673683,0.103927019517869,0.471880895318463,0.179613739717752,0.219798562116921,0
0.351277036592364,0.547585039399564,0.439294812502339,0.162541263503954,0.0873724746052176,0.707570438273251,0.559711220208555,0.0794050351250917,0.136188323609531,0.0916249486617744,0
0.542658997932449,0.337967301253229,0.142288839211687,0.540819542948157,0.2628375927452,0.154786291299388,0.882698789937422,0.722940351581201,0.704652462154627,0.128574253292754,0
0.223085920559242,0.484917220659554,0.526811904739588,0.614042034139857,0.786646458087489,0.790182056138292,0.0733120297081769,0.364920343738049,0.768366906791925,0.13630049303174,0
0.207272185478359,0.248911854811013,0.108399735530838,0.00492150848731399,0.670144632225856,0.134446183452383,0.151211491553113,0.711578801041469,0.127840507077053,0.88393017812632,0
0.495295589324087,0.772538740653545,0.820203785784543,0.379539318848401,0.181833545444533,0.809838705230504,0.229713888140395,0.453794373432174,0.82005170523189,0.921474517788738,0
0.966344266596126,0.432790496338198,0.832833927357569,0.430869758361951,0.31795015046373,0.436893449397758,0.601787591353059,0.122310916660354,0.587677076458931,0.531134456396103,0
0.944438439793885,0.681745152687654,0.753244223073125,0.335308464244008,0.217664864845574,0.337337187258527,0.670429291669279,0.868339894805104,0.525083934655413,0.705618603155017,0
0.56254158099182,0.945472275838256,0.626730654155836,0.015565762296319,0.229715035064146,0.610634905286133,0.589042480569333,0.0999982291832566,0.8266402897425,0.0974346685688943,0
0.0635298073270433,0.202059854510524,0.107756847050041,0.839750164654106,0.0596918324008584,0.980469211470336,0.791987096657977,0.367220557527617,0.663782396120951,0.857803373131901,0
0.26662135636434,0.131341335596517,0.497045604279265,0.130463013891131,0.26815580832772,0.95247357734479,0.356930847512558,0.737261896487325,0.720357804792002,0.686813060427085,0
0.756878223503008,0.449410788714886,0.675749539397657,0.635800546035171,0.846754906466231,0.494773542741314,0.111926251323894,0.650231898762286,0.305726090446115,0.108987831743434,0
0.662101567257196,0.430747693637386,0.526102035306394,0.976377978920937,0.000463621923699975,0.225364356767386,0.946503693470731,0.65976609615609,0.268900141352788,0.0732226176187396,0
0.298085118315243,0.94935814892626,0.752521639922634,0.0263465389143676,0.182222371688113,0.512882214272395,0.642102720448747,0.565694484859705,0.528010666137561,0.953352981479838,0
0.927457197569311,0.313897139159963,0.128039051080123,0.595120805315673,0.680688666878268,0.59896496636793,0.704696295782924,0.750613479642197,0.125626794528216,0.432244819123298,0
0.853152953834462,0.818009431478726,0.162872993154451,0.423224124126136,0.530097205657512,0.330525502795354,0.653692205436528,0.0911494044121355,0.417810540646315,0.16390512813814,0
0.692406877875328,0.0653060055337846,0.638350380351767,0.54906828305684,0.0291833681985736,0.654623456532136,0.610174637055025,0.654075640719384,0.908146048896015,0.685001929523423,0
0.604782204143703,0.187250395538285,0.596201833570376,0.515097786206752,0.324153921799734,0.219617172610015,0.370629121782258,0.963088115910068,0.636872960021719,0.236357492627576,0
0.11882616719231,0.614082916872576,0.943401196738705,0.941922479309142,0.518667995696887,0.82026299322024,0.754081672523171,0.165303740650415,0.983465797035024,0.330018112668768,0
0.107071321923286,0.427401755703613,0.219332139240578,0.424265682930127,0.0379735215101391,0.359994353493676,0.388994086300954,0.888387895189226,0.178018531296402,0.0394768754485995,0
-0.0356844240117735,0.484949744829277,0.912215449847281,0.112890887772664,0.673676531529054,0.966980720404536,0.323179333936423,0.855365002527833,0.830020407913253,0.824082729173824,0
0.265561524778605,0.495687597664073,0.821253697155043,0.368672880576923,0.858920940896496,0.683810486923903,0.444142927415669,0.419873710721731,0.179727416019887,0.479571332456544,0
0.726883362047374,0.898854426573962,0.180428337538615,0.692049125442281,0.187377976486459,0.0821875480469316,0.824061558349058,0.533498713281006,0.0225300269667059,0.132946200668812,0
0.739583376795053,0.305395705159754,0.40423310524784,0.827915877103806,0.104629054199904,0.421680876519531,0.822135066380724,0.820822446374223,0.668308570049703,0.070676016388461,0
0.806469505419955,0.320059295278043,0.260804732330143,0.205190239008516,0.364158974261954,0.798655536724254,0.530920701334253,0.36207192321308,0.108522261027247,0.122444623615593,0
0.907770582708515,0.753124519846334,0.883499769261107,0.191786531824619,0.864167247666046,0.0347298791166395,0.174171751365066,0.200110404053703,0.113245236687362,0.862722309073433,0
0.733544691698626,0.0717867438215762,0.130947040626779,0.636416234541684,0.646639389917254,0.777227000333369,0.588368784170598,0.222053777659312,0.549514515558258,0.876525799045339,0
0.134561240139162,0.8582438415497,0.178791525075212,0.362405929015949,0.416647035861388,0.781629201490432,0.879276634193957,0.613479033112526,0.256507997633889,0.00483545335009694,0
0.784819321008399,0.330943600274622,0.674772143363953,0.208121039206162,0.559125502593815,0.881596293766052,0.748131029307842,0.684080327162519,0.944919166853651,0.537355879554525,0
0.449049465995193,-0.0354836126097497,0.811836458044127,0.214221692411229,0.0406752214767039,0.178712634835392,0.959687533089891,0.891876405337825,0.373916640412062,0.218395785428584,0
0.0689275519557978,0.23441053674158,0.676501009147614,0.0760334329679608,0.497034698026255,0.578259055968374,0.928987337974831,0.234313062159345,0.211766209919006,0.119578568730503,0
0.342227263841778,0.481967178871855,0.792396802455187,0.969972342485562,0.809382083127275,0.258630687603727,0.170608680229634,0.79922241717577,0.1856489777565,0.694185510510579,0
0.789139309432358,0.137614818057045,0.511531461728737,0.0305160235147923,0.113594975322485,0.400391340721399,0.0032579037360847,0.76840314315632,0.696512586669996,0.693423108896241,0
0.65867988858372,0.660800455836579,0.676643761573359,0.628321751253679,0.0132861931342632,0.0775931407697499,0.981676608789712,0.943337075412273,0.0207298086024821,0.794877927051857,0
0.335424365242943,0.61090058949776,0.395172547083348,0.342093881685287,0.0666846900712699,0.171192995272577,0.150979429949075,0.51855961070396,0.0154206084553152,0.0757027941290289,0
0.963991324736097,0.393263307317437,0.827446882845834,0.762244335608557,0.550571414176375,0.647201432613656,0.0360614254605025,0.259876155061647,0.449404980288818,0.685438845539466,0
0.858654375515727,0.140517961120588,0.541537039680406,0.313469711691141,0.505368280922994,0.0144981956109405,0.615586805157363,0.652296935440972,0.76924061938189,0.0442309845238924,0
0.59969862154685,0.281857029069215,0.69914619368501,0.474841826828197,0.95503078494221,0.1390061378479,0.464340998092666,0.113817803561687,0.0732809437904507,0.556247085798532,0
0.57687261258252,0.85029827337712,0.310825229855254,0.849842633586377,0.587836163584143,0.117342482088134,0.325774346711114,0.635269150603563,0.653646198334172,0.297984191449359,0
0.00676393904723227,0.480479556135833,0.0107907503843307,0.61449909559451,0.249056362779811,0.266151743941009,0.868709808913991,0.662741253850982,0.25042986497283,0.325076643144712,0
0.325747586321086,0.614112357608974,0.673961787484586,0.960618368349969,0.621610582107678,0.127706937724724,0.412670683581382,0.201148186344653,0.790432653389871,0.448135506361723,0
0.517378568183631,0.879945464897901,0.525442650774494,0.426350776106119,0.721818277612329,0.870945864822716,0.803257219027728,0.169108929345384,0.76182792824693,0.867777145002037,0
0.692157159792259,0.899744126014411,0.198685107752681,0.618047408293933,0.371692224638537,0.594223472988233,0.973500600550324,0.569509203312919,0.768921573413536,0.191995329223573,0
0.790884413807376,0.83871180205474,0.43900509015657,0.665420790901408,0.522780832601711,0.196489669382572,0.567072355654091,0.619808291783556,0.727463459596038,0.318956742295995,0
0.0381779184099287,0.553539428859949,0.0525130867026746,0.454135647043586,0.802650439552963,0.344572404399514,0.107731111813337,0.745735121425241,0.276132272090763,0.544608912896365,0
