"1","2","3","4","5","6","7","8","9","10","class"
0.0185974764171988,0.536656530806795,0.707583951065317,0.1864873690065,0.638903230894357,0.396057659760118,0.890058536082506,0.383176402421668,0.636864250060171,0.311561496928334,0
0.0352888629124482,0.71627623522982,0.398890120675787,0.269176268484443,0.169280907604843,0.0193945539649576,0.457437046105042,0.845553251681849,0.418196054641157,0.448349632322788,0
0.950430994720214,0.295084892813282,0.590585531201214,0.153490460012108,0.229262612527236,0.684959662146866,0.115855932468548,0.201084000291303,0.136832416988909,0.00488267792388797,0
0.462041907802729,0.959384702209978,0.846200338099152,0.314574633724988,0.0201536188833416,0.186078710481524,0.844952396815643,0.340059562120587,0.220504607539624,0.355088871205226,0
0.53814170483904,0.00381000701688766,0.439933672081679,0.00980660854838789,0.97536583407782,0.469784162705764,0.185675729764625,0.379894848680124,0.583767444128171,0.853597548557445,0
0.96789871272631,0.329001520527527,0.989230338716879,0.354989811312407,0.984899492468685,0.0565789367537946,0.719517883146182,0.242255763383582,0.273805041331798,0.744910080218688,0
0.127770622079037,0.863458413831596,0.796421950915828,0.428903756663203,0.000685177743434906,0.873208515811712,0.840045937569812,0.20209837378934,0.598087176447734,0.22752454620786,0
0.677621760622237,-0.00472845755320506,0.175486111780629,0.251127509633079,0.335218449123204,0.328904023626819,0.935640072682872,0.29259580373764,0.717810406116769,0.442016732646152,0
-0.00258811851717489,0.57519466004672,0.376925901975483,0.422348610358313,0.71781213930808,0.0518381742294878,0.483611071016639,0.189493068493903,0.228422775864601,0.554011516738683,0
0.860072675859556,0.431198392063379,0.896258218446746,0.915801376104355,0.462733767228201,0.243194877402857,0.859769849805161,0.384995665866882,0.643289223778993,0.990216354141012,0
-0.0366099492733971,0.442553945020868,0.270485259126872,0.215194338466972,0.544409160735086,0.277867074124515,0.883765634382144,0.280509538948536,0.734619099413976,0.0124729855451733,0
0.892884479835629,0.657772609964013,0.778013023082167,0.887360558146611,0.489079368067905,0.72912603802979,0.41947890794836,0.552277067443356,0.93397164484486,0.839088475797325,0
0.125076480894259,0.101146365202068,0.521596372360364,0.405913576949388,0.445297188125551,0.546624968992546,0.984647190896794,0.865532872965559,0.113231768365949,0.552614774787799,0
0.609631124953437,0.95251396502122,0.530029743444175,0.0407884279266,0.510927569353953,0.32323056855239,0.196000361349434,0.333489911397919,0.100191479315981,0.504066538996994,0
0.025069243819204,0.753313482093816,0.826367259258404,0.207259132061154,0.0242361503187567,0.609723762143403,0.104088756488636,0.595293001970276,0.45905744866468,0.11945030419156,0
0.0114965281631077,0.64644626285752,0.599971026647836,0.844672017497942,0.0598891421686858,0.223172458820045,0.619602716062218,0.631173824192956,0.620783630525693,0.213389845332131,0
0.86701843056461,0.772230392585121,0.736059399088845,0.438671493669972,0.314887932036072,0.589965700637549,0.0905349398963153,0.76011219038628,0.0236971627455205,0.431774119613692,0
0.917861804708259,0.231765303031276,0.468365957494825,0.174048076150939,0.315199288772419,0.943273029988632,0.770386426476762,0.00775192049331963,0.049995050765574,0.635769661981612,0
0.29245221590088,0.0132473221186089,0.689197153784335,0.93365041888319,0.107791156275198,0.867962311254814,0.105161293642595,0.769611311843619,0.832538669463247,0.883036232786253,0
-0.0043785943576482,0.601855403732738,0.995182260870934,0.0586446051020175,0.681730081792921,0.235752676147968,0.0635729676578194,0.530943942954764,0.765621563885361,0.340092076687142,0
0.178143720456075,0.902187834996339,0.329779567429796,0.765542902052402,0.447013464989141,0.0886352378875017,0.218631273135543,0.222836166154593,0.527791111497208,0.965457668993622,0
0.681510454839888,0.936208702495482,0.70846826559864,0.229408341692761,0.415335217025131,0.172484826063737,0.898845911258832,0.0370267110411078,0.670257909921929,0.590674340724945,0
0.0661607066027026,0.733815849747685,0.162124723661691,0.594046440208331,0.238840625155717,0.23964251508005,0.817293785279617,0.512469074456021,0.32070121075958,0.00890555349178612,0
0.393547603675153,0.981330953401257,0.805889284936711,0.860206516925246,0.781859796727076,0.879112207330763,0.76848289789632,0.422699686139822,0.791524703614414,0.973890176741406,0
0.167223695335314,0.087070716097993,0.558685350464657,0.702145035611466,0.464658536249772,0.74004830699414,0.82402665563859,0.172090252861381,0.29123899480328,0.757729018805549,0
0.410000661930108,-0.000749677471576837,0.928451274055988,0.769432069733739,0.231863952009007,0.890449058730155,0.879877282539383,0.932677613105625,0.00647603278048337,0.911681411322206,0
0.373419395647943,0.047955384477973,0.77380585949868,0.532610782887787,0.195263687288389,0.740612117107958,0.915789501275867,0.984291755128652,0.410546911181882,0.0855014207772911,0
0.338351916056126,0.158496836433187,0.123221236746758,0.433222158579156,0.91278798901476,0.475504128262401,0.82030794234015,0.520317388931289,0.459623992443085,0.902835750253871,0
0.541795943398029,0.143554459791631,0.780969258397818,0.165434970287606,0.583699922310188,0.378319167299196,0.25697541423142,0.899939459050074,0.180314376717433,0.928813534788787,0
0.427528994390741,0.909572873730212,0.316685231402516,0.634727940196171,0.5048780774232,0.89703745697625,0.282098640687764,0.401700198883191,0.772127061616629,0.671339387306944,0
0.00723246304974851,0.365648007553339,0.188961849315092,0.894744293764234,0.231256756931543,0.206811923533678,0.188769487198442,0.559945387765765,0.252648880006745,0.220174390124157,0
0.118775433781929,0.820666300860585,0.139169479254633,0.106796875363216,0.56391165475361,0.7031382501591,0.414679303299636,0.525709446752444,0.158331317128614,0.889963487163186,0
0.227944969432428,0.810137168271467,0.81819221097976,0.0968234885949641,0.96177528030239,0.416171967517585,0.784853084711358,0.0593331202398986,0.879253057297319,0.0774000082165003,0
-0.0253350302908256,0.361655702513868,0.990750451572239,0.19619980128482,0.0479993033222854,0.0050931922160089,0.404279350070283,0.855600951006636,0.427722839638591,0.811005407711491,0
0.942446514013847,0.254737909008785,0.339887487934902,0.818042184691876,0.832123275380582,0.557765346951783,0.816739007364959,0.774652256863192,0.254169028950855,0.926741247996688,0
0.30981925604344,0.0121088709707011,0.396133967908099,0.87764834263362,0.167114267824218,0.386223581153899,0.524112734245136,0.34806863614358,0.834245902718976,0.191072628367692,0
0.913705452096932,0.214050292501171,0.468689747387543,0.411341578001156,0.68706447375007,0.0432725208811462,0.933659103233367,0.290313809644431,0.72480492061004,0.406244319863617,0
0.97194221156133,0.382247510338782,0.42453157552518,0.77288387180306,0.0969833338167518,0.860033764969558,0.362261300906539,0.855223417282104,0.566812025848776,0.87285575713031,0
0.0757956150006786,0.762284371538639,0.713693753350526,0.0858700592070818,0.398110219277442,0.942534286528826,0.560732963262126,0.541127274977043,0.630865940824151,0.794533885084093,0
0.243765770224854,0.863518207799643,0.594876456540078,0.536512912018225,0.305191907566041,0.500738896196708,0.84332607826218,0.183754113037139,0.769606590038165,0.734958422137424,0
0.395412783932314,0.00887554404741925,0.476330271456391,0.907481599599123,0.606753673870116,0.735308225266635,0.122602863935754,0.144878436345607,0.438969283364713,0.718699814053252,0
0.86498958338052,0.691025651758537,0.196259589400142,0.642875173129141,0.579412199789658,0.613390524871647,0.614728960907087,0.406108498573303,0.680165190948173,0.60779697727412,0
0.775456086965278,0.913198488531634,0.973230133298784,0.782450202619657,0.41559813474305,0.392002862645313,0.57886168314144,0.885112283285707,0.564786619739607,0.555173218715936,0
0.0610921520274132,0.614869655575603,0.582192363915965,0.550608839839697,0.996947657316923,0.0241831857711077,0.816023231251165,0.827456958359107,0.120341773144901,0.662900234106928,0
0.861002618912607,0.408566986210644,0.391389203490689,0.907387269893661,0.516655970364809,0.551180708454922,0.452946853358299,0.0934358246158808,0.954392199870199,0.324711844092235,0
0.717311025092689,0.507588525186293,0.966459634015337,0.0318844593130052,0.585978754796088,0.510308265686035,0.347226057201624,0.66074707172811,0.766204477054998,0.240092382766306,1
0.135876742706278,0.0924255905705256,0.718148697866127,0.271872418234125,0.369298220612109,0.817251646192744,0.0411683740094304,0.705508680082858,0.886730018770322,0.0287339985370636,0
0.69126990237207,0.0156995443729367,0.118016815278679,0.527338935527951,0.602475732797757,0.945407581981272,0.874578732065856,0.334309946978465,0.0784451921936125,0.528581503545865,0
0.241587691999864,0.921302736157014,0.607984656468034,0.760834072949365,0.829984638141468,0.0381358058657497,0.343502930598333,0.987458314048126,0.522295496426523,0.236439168220386,0
0.084576923887997,0.132741052330191,0.69358537835069,0.46715981233865,0.0555725889280438,0.0215165636036545,0.931529673514888,0.843140812125057,0.55602094787173,0.267375494819134,0
0.158708478091285,0.582968972856179,0.287614522967488,0.118525535101071,0.334954822668806,0.941334842471406,0.867065411061049,0.541006279643625,0.0339177928399295,0.857466394081712,0
0.0476357981395445,0.252751177292239,0.362406429834664,0.953123132931069,0.736044844612479,0.454471596051008,0.341222307411954,0.247077343519777,0.939629671862349,0.253117562504485,0
0.524138629669324,0.847326642135158,0.90578454779461,0.068612850503996,0.00320265768095851,0.506188749801368,0.144945914624259,0.690465026535094,0.557710517896339,0.901907414896414,0
0.424739678580501,-0.0397471494529948,0.710287197725847,0.714815723244101,0.742855492513627,0.381231314502656,0.773407905129716,0.22472381265834,0.716670018620789,0.710511611774564,0
0.584849840480362,-0.0236306304900178,0.458803882589564,0.451350660761818,0.17355051334016,0.670620823511854,0.837216980056837,0.290446405066177,0.976521403761581,0.521852582227439,0
0.77945652007846,0.0875932640142171,0.4150236020796,0.134146977914497,0.79506938252598,0.51273428555578,0.245039633708075,0.263972993707284,0.568138997768983,0.888947873609141,0
0.979829207848509,0.521639904387336,0.351892180042341,0.629828109173104,0.701012394391,0.161083705024794,0.37801081314683,0.270979701075703,0.331781464628875,0.378561107907444,0
0.398298188345507,0.913492189953104,0.0795729889068753,0.371199764776975,0.90996870258823,0.152357315178961,0.635872336337343,0.294293005019426,0.114390061236918,0.201221298892051,0
0.0464957191143185,0.707258641254157,0.0639122759457678,0.803017273312435,0.158418805338442,0.216601792024449,0.243194782407954,0.115414116065949,0.212940589524806,0.687049155356362,0
0.232206038062956,0.0316544566846598,0.290877911262214,0.24978239624761,0.928084990475327,0.645103811984882,0.149612975073978,0.934857493033633,0.0686276827473193,0.905570965725929,0
0.265288848429918,0.122792002744973,0.812372259330004,0.857316578505561,0.344055899651721,0.503774166107178,0.422565130982548,0.686790916137397,0.102795796934515,0.657281049992889,0
0.867418563205088,0.131778217778914,0.979223792208359,0.339445023564622,0.437445212155581,0.152049259515479,0.0167579748667777,0.0108448083046824,0.10423273104243,0.349164191400632,0
0.343094396172091,0.873031984781846,0.852043835446239,0.273088695015758,0.94256163504906,0.137346734525636,0.58215141040273,0.137064930982888,0.696611387422308,0.708847963484004,0
0.353517968332735,-0.0114145571179354,0.295087829232216,0.583039804594591,0.472704615443945,0.308599312091246,0.57080949167721,0.0553290999960154,0.538714208174497,0.79900042200461,0
0.878070059651388,0.76108053596903,0.29586879350245,0.415297891711816,0.515607065055519,0.279343413421884,0.789981481386349,0.453289307421073,0.354062477825209,0.0940437880344689,0
0.816831258016373,0.853966007606775,0.19966098992154,0.219528617337346,0.5205133180134,0.839083614293486,0.400685919681564,0.518000796670094,0.0426881744060665,0.0855505671352148,0
0.496709808474407,0.0326664468739182,0.423895057057962,0.180989181157202,0.271114250877872,0.958112013526261,0.89839836047031,0.0962630417197943,0.014854607405141,0.02640644996427,0
0.556044270935299,-0.00984942640176723,0.255695986794308,0.44953027763404,0.128654137719423,0.311513278866187,0.443619814002886,0.662242916645482,0.180643106810749,0.960676136426628,0
0.00442393764318599,0.403668800536781,0.703483112622052,0.897664069896564,0.856344605330378,0.442421234212816,0.343766459729522,0.749683746602386,0.472531654872,0.0577273874077946,0
0.128556032665074,0.655283037107438,0.880503092426807,0.281684692716226,0.771095300326124,0.591993045294657,0.0231532631441951,0.116315305931494,0.421223470941186,0.303436757065356,0
0.565816695801914,0.0514897143002599,0.809120097896084,0.261253618868068,0.406269449973479,0.483183392323554,0.641805036226287,0.216926780994982,0.00369235803373158,0.783589557744563,0
0.00293622302484636,0.668955744792625,0.867496510967612,0.313289887038991,0.612270972458646,0.658195586176589,0.340610039653257,0.269863327033818,0.928767136996612,0.553682887461036,0
0.15022529871203,0.283369976561517,0.800264150369912,0.557285554241389,0.832149520050734,0.261818730505183,0.909323056228459,0.550193806411698,0.362450707470998,0.862198312301189,0
0.0202174178805838,0.259257861963476,0.124706313712522,0.616905944189057,0.531714018434286,0.410992752294987,0.0897626942023635,0.27550859702751,0.178703397279605,0.121605234686285,0
0.0185173114296049,0.416985616786405,0.682465405669063,0.841813907260075,0.802499152021483,0.551483812974766,0.58862731885165,0.516982034547254,0.826824777759612,0.155789562268183,0
0.438710257273313,0.961517403112821,0.939799572341144,0.921047136420384,0.106950037181377,0.981453657383099,0.23925299430266,0.407098989700899,0.189237651182339,0.218544075731188,0
0.0521930404084046,0.742702073043701,0.572042027488351,0.905153753235936,0.157322719227523,0.773717429256067,0.694764089537784,0.195121076423675,0.0912739061750472,0.810949307400733,0
0.921952458579316,0.245791003852587,0.331687917467207,0.389225852210075,0.900158538250253,0.700101156020537,0.735507874982432,0.311200403841212,0.512964008841664,0.829378355061635,0
-0.00250228248243622,0.355229630750359,0.419761268422008,0.843035721918568,0.561834727646783,0.162640098715201,0.953661543084309,0.984419430838898,0.35561519744806,0.0826382823288441,0
0.915667815749188,0.256555756383258,0.350537181133404,0.907965093385428,0.763786854688078,0.841169672086835,0.198183755390346,0.359641026472673,0.551037830067798,0.574894579127431,0
0.882762036385006,0.763865716158611,0.825233296724036,0.0913512383121997,0.963578276569024,0.0686051775701344,0.858357503544539,0.0721278190612793,0.127384335035458,0.123800967354327,0
0.384981893235818,0.141357288463041,0.0613884928170592,0.783447173191234,0.88660980714485,0.416425919160247,0.736835110001266,0.503442948451266,0.326522077200934,0.0624195896089077,0
0.801804708667757,0.0996850567453006,0.595384089741856,0.0706034719478339,0.497783435042948,0.883246857440099,0.107402622001246,0.847816603723913,0.034667129162699,0.177541753742844,0
0.368802430101989,0.947684230975891,0.646986476844177,0.215634794672951,0.85984467738308,0.215119912987575,0.384915913222358,0.386393972672522,0.546702421270311,0.75819891714491,0
0.0635018299954567,0.755162765347666,0.39766902429983,0.34496829053387,0.271582167595625,0.55113820405677,0.571008748142049,0.199184429831803,0.904676804086193,0.0138861627783626,0
0.327134105376899,0.88815737189725,0.13212403585203,0.701347415801138,0.851100370287895,0.881837523775175,0.184169081039727,0.606799100292847,0.137156216194853,0.81533019640483,0
0.852772283600643,0.502320965519175,0.246723873307928,0.391467973357067,0.0643691485747695,0.428667595610023,0.707459882367402,0.695083865197375,0.53696096339263,0.264955502236262,0
0.121788710355759,0.719199829734862,0.445586529560387,0.816381549928337,0.428236505016685,0.00919471448287368,0.00482775410637259,0.618670218624175,0.265498470282182,0.683324626181275,0
0.661399632837665,0.0249339302500444,0.773091598646715,0.395677306689322,0.743179495446384,0.457816690439358,0.050055671017617,0.803409403422847,0.12685320712626,0.952654596650973,0
0.0798767122905701,0.45518163102679,0.905707779107615,0.698642316740006,0.259975189110264,0.261903037782758,0.446480710990727,0.580558943096548,0.325875133974478,0.505226211389527,0
0.278611516633007,0.922600880090393,0.243802476441488,0.297657152637839,0.475206653820351,0.512302992632613,0.229733847081661,0.464958219556138,0.622649378376082,0.259941101074219,0
0.336244586855173,0.902394902426749,0.819656629115343,0.609478080179542,0.0733743845485151,0.66268535121344,0.440699639962986,0.323239695746452,0.414228553650901,0.662684333277866,0
0.961281412589139,0.590110050585775,0.52096948120743,0.160289767431095,0.668526800349355,0.559190185274929,0.459183744853362,0.0964547707699239,0.623352901777253,0.679985797731206,0
0.115088638151065,0.33096009818837,0.0931857901159674,0.893604441545904,0.965242149773985,0.179368653800339,0.147057001013309,0.318647446576506,0.140376125695184,0.382490233518183,0
0.42412242277875,-0.0459437065803647,0.928956273477525,0.563377334969118,0.841887956950814,0.384615793591365,0.71848004614003,0.497655119979754,0.607217411277816,0.270454222336411,0
0.198767252499238,0.648317346116528,0.367246072972193,0.901339718606323,0.409235092811286,0.96001181867905,0.0396853610873222,0.0133134061470628,0.988654372282326,0.217632797546685,0
0.937432639180883,0.684276162172151,0.232249569147825,0.32663507363759,0.76109335385263,0.110933838412166,0.759440251160413,0.377830005018041,0.311493731802329,0.867305900203064,0
0.828125411644578,0.608334054006264,0.347330084769055,0.977465908043087,0.490261951694265,0.241784486919641,0.794462147867307,0.253179767401889,0.103159771766514,0.394037392223254,0
0.12615556595847,0.258122371742502,0.928199155023322,0.283423074288294,0.536231104983017,0.379450929816812,0.489023996517062,0.211067299591377,0.267535030376166,0.570095913251862,0
0.025850148871541,0.475313398055732,0.79900135518983,0.547654576366767,0.291923141805455,0.890237234532833,0.967336950125173,0.118995491415262,0.756684468360618,0.812270833877847,0
