"1","2","3","4","5","6","7","8","9","10","class"
0.295853029433901,0.00588454115005999,0.063673890195787,0.183637102600187,0.140775213483721,0.821430202107877,0.566457067849115,0.155044705374166,0.48438619938679,0.380145964911208,0
0.727766493568197,0.832575358683243,0.639795906608924,0.309488287428394,0.804620936047286,0.96740838768892,0.483264918904752,0.603158401325345,0.957482825033367,0.2526824939996,0
0.302019975613803,0.0600284766405821,0.61759636271745,0.145781248807907,0.844897520029917,0.877842825837433,0.630731892306358,0.0490154733415693,0.461567922960967,0.984923734562472,0
0.721072116251353,0.0618107524746523,0.46490812394768,0.83031009347178,0.148990910965949,0.850875349715352,0.981511336285621,0.940970135619864,0.382617372320965,0.871778558008373,0
0.555415045623938,0.975212501264768,0.727540579391643,0.7781177891884,0.359118087915704,0.154245358426124,0.910798336146399,0.904522506985813,0.884537982055917,0.363527079578489,0
0.211715696089695,0.902765880147914,0.306826352374628,0.542623495915905,0.508812507614493,0.292760919546708,0.862374199554324,0.780669332481921,0.178452021908015,0.726034868508577,0
0.545788090676069,0.925424438668415,0.215960060013458,0.502144641475752,0.687686512246728,0.154188218992203,0.114943629363552,0.387893489561975,0.506312290905043,0.550286328652874,0
0.540644377935678,0.169896622188389,0.285801763180643,0.203762497054413,0.399304762482643,0.405135979643092,0.0592678452376276,0.38209441723302,0.484730294672772,0.32106692600064,0
0.443052348519325,0.956406813648039,0.479906763415784,0.962969459360465,0.612527871970087,0.486650852952152,0.173321633832529,0.120331737678498,0.151072758249938,0.524685130687431,0
0.0213014643632531,0.23919231161518,0.443917854456231,0.274158119224012,0.0986301470547915,0.183082797564566,0.176741496194154,0.0865870548877865,0.091339620994404,0.0770322114694864,0
0.940336179309731,0.701370691911456,0.875329455826432,0.750905812950805,0.28345123748295,0.782867684029043,0.128763580229133,0.369160581147298,0.794176863040775,0.583362787729129,0
0.832351029384881,0.315691950498149,0.852984866127372,0.0407297960482538,0.752726088277996,0.953838387969881,0.84308520052582,0.503965626936406,0.187579596182331,0.906111031072214,0
0.00118533677991361,0.309646512314457,0.832501501543447,0.968415660317987,0.661982839694247,0.979388064937666,0.659994301153347,0.0889540165662766,0.720830027014017,0.787383129820228,0
0.992118644503232,0.517400598028961,0.234256387222558,0.0938432447146624,0.972803098615259,0.666927775368094,0.316265070810914,0.809222714975476,0.152137871598825,0.636830063071102,0
0.833102647680789,0.707628986099735,0.161098399898037,0.950462484033778,0.029521775431931,0.685946620767936,0.865099849412218,0.664556032977998,0.294311091769487,0.497216664021835,0
0.683698342809089,0.956744924316028,0.310581067111343,0.588216078467667,0.246120379772037,0.686744999373332,0.327703853836283,0.568979402538389,0.298477826174349,0.483659317484125,0
0.0924031815088754,0.192440373493757,0.89849140192382,0.527893386082724,0.176898566773161,0.925149569055066,0.458579546306282,0.394013690995052,0.816589537076652,0.748845294816419,0
0.33821165189147,0.0366928805597126,0.911816778825596,0.708399156806991,0.762006731471047,0.284946750849485,0.911866012960672,0.335674096131697,0.211019755806774,0.977679152274504,0
0.783896061221947,0.855546718995686,0.786877712234855,0.34516887110658,0.937842343235388,0.211334755644202,0.0691746771335602,0.860712401336059,0.676835129037499,0.785417214035988,0
0.561475393457334,0.953615695121048,0.14166775601916,0.675895259249955,0.832452091155574,0.261028977576643,0.343470996245742,0.9915427332744,0.275935562793165,0.0888228393159807,0
0.786385298793932,0.869181584047475,0.532132071210071,0.206263360567391,0.83714456227608,0.565575767541304,0.354079834418371,0.335993112996221,0.540634454926476,0.374371314654127,0
0.165249851765111,0.318969056475908,0.377382900100201,0.719409995945171,0.89417526172474,0.293161019682884,0.879992377012968,0.574714111397043,0.685552749084309,0.815668589435518,0
0.0336932373904004,0.721589323642936,0.660085109062493,0.638150517828763,0.321916304295883,0.733349302085117,0.611031172797084,0.975576631026343,0.217612036969513,0.808565936749801,0
0.148334212830865,0.890953326950256,0.115678699221462,0.555787769844756,0.0109074977226555,0.202660269336775,0.0902994291391224,0.166805518325418,0.0323221667204052,0.17061303416267,0
0.848588406806812,0.355837011011317,0.186467718333006,0.378600363852456,0.090720369014889,0.164763267384842,0.963352813618258,0.563145352294669,0.343459623632953,0.109970910940319,0
0.748470326187089,0.184471514774486,0.49679242959246,0.73386138654314,0.596697225235403,0.60150443459861,0.21108367969282,0.280248154886067,0.159675345290452,0.10415513208136,0
0.456576860044152,0.911561622750014,0.377890324685723,0.321866975398734,0.199506991542876,0.963233239017427,0.33251430792734,0.561214142479002,0.762295410269871,0.551971196196973,0
0.933965795748574,0.30639168022767,0.593490270897746,0.0599866232369095,0.0290327800903469,0.905380778713152,0.181576377246529,0.478825395694003,0.134774408768862,0.146844810107723,0
0.610323765780777,0.106629631016403,0.882009687833488,0.366949406452477,0.15178258670494,0.445349716115743,0.114048825576901,0.325840997043997,0.768394944723696,0.0641019509639591,0
0.178877257741988,0.358216908294708,0.505464194575325,0.549663714598864,0.327872654190287,0.404547932557762,0.227879911428317,0.265920963604003,0.137005163123831,0.423767151078209,0
0.615856518811178,-0.0091461000189369,0.500548249576241,0.73381141317077,0.26086746621877,0.296922982670367,0.897502345731482,0.930761395720765,0.0794738470576704,0.314858935540542,0
0.0296031860757034,0.189726874656637,0.503124151146039,0.101875483756885,0.889895983273163,0.540069088339806,0.54734888789244,0.238247010391206,0.871452240273356,0.3919199667871,0
0.48421984561719,0.994636845309287,0.450793467694893,0.784553242847323,0.263028577901423,0.133800581563264,0.929338723188266,0.966825681738555,0.794654398690909,0.742580874590203,0
0.0430639561111245,0.772032470216165,0.945762426126748,0.50478087621741,0.985822083661333,0.518634469481185,0.639185673324391,0.412311754655093,0.759171738056466,0.559411221649498,0
0.918865973321632,0.727330400090331,0.875966843450442,0.431592504959553,0.826429147506133,0.557885206304491,0.783196430653334,0.759516577469185,0.73708962299861,0.328568178229034,0
0.780367905041203,0.729997702874243,0.224674365250394,0.466512711951509,0.242201206507161,0.807493023807183,0.445253981277347,0.459955642465502,0.033056030748412,0.496538001345471,0
0.404655560851859,-0.0339925223208689,0.194024655036628,0.587385843507946,0.656680356012657,0.778337203664705,0.430220970651135,0.854431717190892,0.442343590315431,0.838008864317089,0
0.436250427879995,-0.0416304387639896,0.183414940023795,0.679272309644148,0.714390533743426,0.916760962223634,0.714321339037269,0.45842715469189,0.902906649280339,0.934462358476594,0
0.701866685878485,0.176739292219281,0.492970826104283,0.804025317775086,0.352254723431543,0.136643144069239,0.155184398870915,0.645545666338876,0.816143952077255,0.86273040715605,0
0.945811710822317,0.382763133841505,0.935762010514736,0.614518652902916,0.977001398336142,0.0189274484291673,0.749940610257909,0.969413672573864,0.738282825564966,0.795885815052316,0
0.403847917448729,0.937364904675633,0.79316567373462,0.770129729993641,0.350768356584013,0.756602684734389,0.220561069436371,0.302413426572457,0.290150917833671,0.173280325252563,0
0.101277211224726,0.138088451731949,0.556479203514755,0.894845759496093,0.319580048788339,0.23289866745472,0.224093698197976,0.60495949536562,0.354205430252478,0.193456366192549,0
0.518116668798029,0.959861241746694,0.183331943117082,0.849298426415771,0.53924652771093,0.710677468217909,0.615427079377696,0.521935193333775,0.102075114380568,0.00958228087984025,0
-0.0101978771563287,0.534907354113646,0.062484112335369,0.311109020607546,0.00364680984057486,0.786988934734836,0.0587724691722542,0.85368738998659,0.562333745183423,0.0832070631440729,0
0.120775270741433,0.362974183866754,0.927537597017363,0.706174702150747,0.587236544815823,0.914469642098993,0.844630728475749,0.170360431307927,0.804352808743715,0.992501917295158,0
0.542168715810505,-0.0203067378408327,0.0117706945165992,0.0914448576513678,0.671125374734402,0.388781846500933,0.738286870997399,0.00979608646593988,0.0911839893087745,0.969812694936991,0
0.962128847652271,0.350184116156088,0.9935023188591,0.397015052381903,0.26819041534327,0.287949608871713,0.80505906441249,0.772245440166444,0.337943907361478,0.725969074526802,0
0.307365297160348,-0.0179635032489616,0.0237757409922779,0.459689231123775,0.232799093937501,0.834900789661333,0.0507650906220078,0.752759480616078,0.973705142969266,0.548693846911192,0
0.142996272305027,0.603636111831293,0.724563846597448,0.127300361404195,0.651378557318822,0.947802520822734,0.800474672578275,0.308724029222503,0.601636605104432,0.231596681522205,0
0.805465680081397,0.342185507062823,0.242270555580035,0.545206341193989,0.03891765861772,0.0724282891023904,0.461303193354979,0.607254448113963,0.73522141459398,0.61051476560533,0
0.877677843399565,0.151205193496892,0.658310803119093,0.829242663923651,0.563801314216107,0.0981667297892272,0.357387970201671,0.454497811384499,0.786286941729486,0.378450331278145,0
0.0760376984253526,0.666807784931734,0.954526649788022,0.473796191625297,0.906181855360046,0.682006612420082,0.701215968467295,0.581297799712047,0.457978500286117,0.79321902198717,0
0.337845844216645,0.946905962657183,0.624750033253804,0.984649599064142,0.489888014970347,0.878388634417206,0.515608717221767,0.623640708858147,0.845386900240555,0.351374723017216,0
0.498501814643784,-0.0264540928663655,0.741667550290003,0.116086392430589,0.340522139333189,0.970784405246377,0.294698218116537,0.228497056523338,0.18561452999711,0.799596420489252,0
-0.00106426134879256,0.403199433321466,0.779805370373651,0.437854368705302,0.190238241106272,0.603573197033256,0.47471136902459,0.428407551487908,0.746535783400759,0.926408556755632,0
0.657662047771737,0.835935158655047,0.45369169046171,0.976420245831832,0.799815479898825,0.400087510468438,0.98017561272718,0.530991179402918,0.019186501391232,0.409154799534008,0
0.38255437119107,0.959330465948266,0.200945377349854,0.51741138775833,0.40326988347806,0.528130233753473,0.376394621096551,0.344802011735737,0.759018747135997,0.928426364669576,0
0.128657440219042,0.830508781086864,0.232983541209251,0.656746529508382,0.596841486403719,0.453095604432747,0.0230460076127201,0.427638932829723,0.0849946255329996,0.184822096023709,0
-0.0212851663189797,0.337224602304177,0.0160885802470148,0.482344094431028,0.568545484915376,0.566162792500108,0.0639898686204106,0.392329369438812,0.603134629549459,0.807604069123045,0
0.445071665880354,0.987677902269425,0.933279551798478,0.0287665009964257,0.174327889224514,0.627433190122247,0.0676348290871829,0.536758876871318,0.24484393117018,0.284196334891021,0
0.984987262772642,0.530001697022536,0.661760902265087,0.534957670373842,0.268379604443908,0.154372518183663,0.213272808585316,0.725595423020422,0.465544804232195,0.407439142232761,0
0.0745685748803316,0.748929297392776,0.474106661276892,0.384787545306608,0.0918186667840928,0.541180573869497,0.174344911240041,0.152281914371997,0.875847071409225,0.332383639877662,0
0.959085312929277,0.598655712835934,0.487083858344704,0.701450200052932,0.551864058710635,0.743533362867311,0.639384653884917,0.98424550681375,0.346213081851602,0.224113578209653,0
0.0991389229893684,0.370536566246301,0.968573523219675,0.661377122625709,0.48195708822459,0.783210821915418,0.258336059050635,0.345002044457942,0.0280418377369642,0.565084031550214,0
0.540204096818343,0.993679672013968,0.321951427264139,0.838460622821003,0.320216099731624,0.261315005365759,0.0640106610953808,0.608157911803573,0.537408940726891,0.104311998235062,0
0.235140039119869,0.808508728863671,0.464401807636023,0.592006577411667,0.661397369578481,0.696962851332501,0.463256295304745,0.76131483912468,0.0557089056819677,0.544780085794628,0
0.824633930022853,0.153552931341023,0.26030933833681,0.595375132514164,0.0890617044642568,0.780793110607192,0.400761505356058,0.172693714266643,0.786957359639928,0.586019050795585,0
0.336140729254112,0.0638592322356999,0.645878526382148,0.0851230192929506,0.047632175963372,0.144629164831713,0.668633716180921,0.261242414824665,0.147330702515319,0.630547109059989,0
0.175144091481343,0.335962622659281,0.0336330735590309,0.239307185867801,0.948097996180877,0.0247562972363085,0.300359867978841,0.247172924224287,0.841548477765173,0.961621867259964,0
0.723066143225878,0.93024159851484,0.780267101014033,0.591205916833133,0.74344329466112,0.353465111460537,0.303837165702134,0.360351385781541,0.714661586796865,0.275378375314176,0
0.308183704968542,0.918973133899271,0.562616461189464,0.720543671399355,0.789055528584868,0.662342581897974,0.1381881297566,0.339323207270354,0.708009824855253,0.0545353665947914,0
0.0806313564356018,0.195375360159006,0.461071483558044,0.763982616364956,0.292460600379854,0.530968435108662,0.238803235581145,0.149813495576382,0.988426228519529,0.572586050722748,0
0.21554823522456,0.244716942077503,0.338820658158511,0.673519228585064,0.528931376058608,0.154018328059465,0.606488657416776,0.615553414216265,0.508862070739269,0.224127501482144,0
0.293876942820187,0.955228093030749,0.402818956878036,0.0252861427143216,0.0861938623711467,0.0965226909611374,0.32967315427959,0.402873787563294,0.201993853319436,0.888881346443668,0
0.199980522505939,0.694997302722186,0.680685289669782,0.2919719342608,0.0813635576050729,0.377770659979433,0.180935824522749,0.90734830731526,0.173625880619511,0.571451871655881,0
0.157694030516284,0.0828430321162525,0.803296392317861,0.922543172957376,0.233611227013171,0.256504947319627,0.829129943158478,0.508416525786743,0.419038587249815,0.984410802135244,0
0.666053984314203,0.185022599296644,0.803983768681064,0.221219167811796,0.303919764468446,0.975264362525195,0.962451092666015,0.652797462884337,0.771741638192907,0.863428428769112,0
0.619653234200847,-0.0219111077841587,0.00151534075848758,0.445185129763559,0.742537182988599,0.00252353493124247,0.856383588630706,0.507093264488503,0.563339753542095,0.230134052922949,0
0.0391936413943768,0.599348796065897,0.183181841159239,0.775370003655553,0.928905731299892,0.366729188943282,0.150604266906157,0.0725050249602646,0.803050251444802,0.648044477915391,0
0.937739079352468,0.306226939894259,0.209477850235999,0.279522017110139,0.983907993650064,0.246986554702744,0.0662653220351785,0.803215467603877,0.766273298300803,0.217379304813221,0
0.879234893675905,0.801262257733673,0.256330962060019,0.77171705965884,0.238697627559304,0.0496451803483069,0.517586169065908,0.210971090011299,0.364495714427903,0.91731177107431,0
0.902281569549814,0.671326150652021,0.664851964684203,0.498633693670854,0.989996355958283,0.878912418615073,0.844536231132224,0.103893984807655,0.510695659555495,0.160091344965622,0
0.709622609429061,0.213931049918756,0.902878377586603,0.388590968679637,0.510752111906186,0.920851912582293,0.0726754576899111,0.366065906360745,0.817013318184763,0.633376678684726,0
0.505861556855962,0.860185391269624,0.337486473377794,0.0785482628270984,0.190882765222341,0.26669333782047,0.837978296680376,0.324358607875183,0.960021903505549,0.237714964197949,0
0.841635527322069,0.136509759817272,0.371176189510152,0.102726593846455,0.21800829982385,0.875802124617621,0.128186350222677,0.995577877853066,0.615525112254545,0.954816246172413,0
0.333484493661672,0.960115884430707,0.166464204899967,0.372134105768055,0.172533372882754,0.910631407285109,0.932009917683899,0.508740655146539,0.651816125726327,0.0565219447016716,0
0.363341258683282,0.0158065597066708,0.308888100320473,0.0246127229183912,0.504474143963307,0.215118583990261,0.962093483190984,0.141285767313093,0.604555236641318,0.554944179020822,0
0.853652513680789,0.754876951775456,0.437883028760552,0.817926608026028,0.354538602754474,0.113958795089275,0.56847884808667,0.334110723109916,0.236169689102098,0.951012024423108,0
0.880252629903437,0.181039330910648,0.527782097226009,0.0233172213193029,0.0265396111644804,0.998021056409925,0.720512121915817,0.722465503960848,0.391931058140472,0.181018346920609,0
0.690336392889256,0.901270691722652,0.527601732639596,0.793856307631359,0.139731495408341,0.155199674423784,0.884111914550886,0.564218373037875,0.182024283567443,0.405175486346707,0
0.2251669857651,0.820829951902851,0.35376549558714,0.413081634556875,0.880240021739155,0.639038708759472,0.942572474014014,0.07831025053747,0.815815113252029,0.441888145403937,0
0.796089905779809,0.161368412896991,0.404097898630425,0.858348656212911,0.203575478866696,0.882589230546728,0.552871087100357,0.548203067388386,0.761502303183079,0.363491342402995,0
-0.0355429894885695,0.488026237939253,0.694536978844553,0.620079624000937,0.246978323673829,0.385351035278291,0.632095122011378,0.583593313582242,0.375912256771699,0.511126449564472,0
0.523609565421317,-0.0165502211559729,0.327839839272201,0.523621876724064,0.718017486156896,0.868252468761057,0.088087480282411,0.956187758594751,0.385255109053105,0.108916058670729,0
-0.0393596857901513,0.557357818176784,0.022246862994507,0.496910848887637,0.842078148154542,0.508312021614984,0.421476730145514,0.271623994223773,0.268511888803914,0.880557255353779,0
0.885019930778071,0.321107431082055,0.489622503519058,0.0121068693697453,0.470769174629822,0.479012019699439,0.275718335760757,0.923577436013147,0.540319781983271,0.673386545618996,0
0.0411942026112229,0.393828136846423,0.0537284042220563,0.728437668643892,0.293995987391099,0.636082848301157,0.0774866342544556,0.884960574563593,0.793722157599404,0.743663276312873,0
0.801974157251713,0.85343301308136,0.802725509973243,0.555198451736942,0.0720023163594306,0.794589125318453,0.758197346469387,0.171145835658535,0.597397758625448,0.948546207277104,0
0.517612765300628,0.994785052374521,0.201300237094983,0.0588721602689475,0.652069105301052,0.281967425951734,0.459115288453177,0.184886639006436,0.384871850255877,0.566416651709005,0
0.502369373655411,0.956445220320205,0.509089607745409,0.257455103797838,0.625293528893963,0.132379470858723,0.941145444987342,0.783605488250032,0.791056915652007,0.174566973233595,0
