"1","2","3","4","5","6","7","8","9","10","class"
0.0922937027644366,0.21820825827308,0.92272649356164,0.307681169360876,0.637751679169014,0.418463511392474,0.810209305025637,0.396085654152557,0.457693853182718,0.585833685006946,0
0.83784667821601,0.783759490121156,0.639220404205844,0.107445406960323,0.919743604725227,0.65391399897635,0.0793639128096402,0.248319052625448,0.516259917290881,0.754521301714703,0
0.861520389770158,0.998483074922115,0.379882196662948,0.953690527472645,0.0240815049037337,0.604911027243361,0.12285120645538,0.23205801518634,0.240676317829639,0.630302018951625,1
0.744020757265389,0.618680161656812,0.891616535838693,0.900958900572732,0.417467784602195,0.795719419140369,0.4476695174817,0.729175707092509,0.282779960194603,0.289219809463248,0
0.937858657212928,0.695576328318566,0.997099552536383,0.166459224652499,0.975157051347196,0.445021613966674,0.00496665830723941,0.690851933788508,0.266076541738585,0.282733251340687,0
0.31210600072518,0.866270195692778,0.261177461361513,0.184021186316386,0.692397089907899,0.157121255993843,0.68851607828401,0.260714122327045,0.0126669402234256,0.93917422532104,0
0.789562679128721,0.214007501723245,0.698090153979138,0.428753892192617,0.0729400236159563,0.515782571164891,0.368702509440482,0.649891939945519,0.874713918427005,0.758795225061476,0
0.142298361213724,0.841019696634492,0.752644941676408,0.49616926163435,0.752827688818797,0.617641397286206,0.949735048692673,0.40737170772627,0.345297187566757,0.603715938748792,0
0.211774859810248,0.136834893142805,0.509925548452884,0.0928812380880117,0.588675399543718,0.480584312928841,0.248461888637394,0.0168482635635883,0.0927437606733292,0.219533008057624,0
0.242517343256623,0.772184477653354,0.549006789922714,0.104152752319351,0.490528502268717,0.464015450095758,0.0766058920416981,0.792485652724281,0.728355614468455,0.106761650647968,0
0.377237920514527,0.967625234544536,0.837261482840404,0.592017845250666,0.538906997535378,0.0348724399227649,0.0762597140856087,0.892974612768739,0.384074248140678,0.591692313086241,0
0.780083978781477,0.15913684736006,0.41219460288994,0.0933134988881648,0.246511331293732,0.332418932346627,0.330677336780354,0.426151755265892,0.167601106921211,0.935216082958505,0
0.429902031265132,0.954341292657191,0.279284860705957,0.689854920608923,0.337611601222306,0.535246287938207,0.789960303343832,0.488910185871646,0.792245127959177,0.0385845103301108,0
0.269264232600108,0.115318612661213,0.736266471911222,0.0758841775823385,0.816915612202138,0.976753297727555,0.549088762607425,0.304840920027345,0.570874576456845,0.921530772699043,0
0.868136817384023,0.813027026658414,0.737178125884384,0.892077814554796,0.733679104130715,0.181218989891931,0.0116074606776237,0.905981979798526,0.484383094822988,0.135705647058785,0
0.130393666516788,0.0954556549997203,0.298261780291796,0.132339930860326,0.534326789900661,0.099015231244266,0.131037649000064,0.56622131052427,0.797251858515665,0.101981315528974,0
0.35703054186888,0.098077705129981,0.694739738944918,0.723714051302522,0.679132391000167,0.873833921737969,0.454961329232901,0.951878648251295,0.229393764631823,0.548170701600611,0
0.62467569950968,0.0781339362729341,0.150755505077541,0.181886331411079,0.530755798332393,0.426851921714842,0.797424172749743,0.323797087417915,0.62758788978681,0.700081436429173,0
0.752387592336163,0.112336894962937,0.292049707612023,0.8445292590186,0.0146092504728585,0.552813303656876,0.527275520609692,0.857926493743435,0.29137032921426,0.814373777480796,0
0.0195970843622598,0.636959147827741,0.944169176276773,0.0488784264307469,0.60075780749321,0.15493206330575,0.267643655650318,0.39435517298989,0.583556397119537,0.173611079575494,0
0.147235654088491,0.85980708207022,0.223634652560577,0.657306746346876,0.71768077975139,0.0231006166432053,0.952945671975613,0.784401602344587,0.0543272444047034,0.499704859219491,0
0.85264119040221,0.730722910258919,0.773033156991005,0.666437793057412,0.753761291271076,0.0991128247696906,0.6954213057179,0.962847049115226,0.659546910552308,0.242329528788105,0
0.871492842078922,0.18420821027993,0.176424406236038,0.394402061123401,0.530301479389891,0.13466262165457,0.795939426403493,0.803190734703094,0.0317841966170818,0.311241036048159,0
0.660837531089783,0.728612847626209,0.0832415691111237,0.791173963341862,0.708481339039281,0.0160944419912994,0.178108747815713,0.849721497157589,0.680833856808022,0.674386046594009,0
0.287349118851125,0.271530302474275,0.568149035563692,0.835097037022933,0.938344159629196,0.92160858400166,0.579629655461758,0.983520715497434,0.281263726297766,0.154886657604948,0
0.957419019342218,0.284170434702459,0.865271677728742,0.234342396724969,0.159460633061826,0.15587740810588,0.745254329638556,0.255724845454097,0.213523630285636,0.433609208557755,0
0.228253477951512,0.885496027534828,0.426467027515173,0.412300776457414,0.361309976549819,0.0715829934924841,0.0470296158455312,0.565538366092369,0.692019125213847,0.00857562338933349,0
0.200551308691502,0.446831455687061,0.611916219349951,0.0536642929073423,0.857930356170982,0.921564511489123,0.298535979352891,0.816906543215737,0.355482357088476,0.183748909272254,0
0.42770639809202,-0.00543964384458351,0.65147022716701,0.583171229111031,0.790359679609537,0.604838079307228,0.731848102761433,0.433818030869588,0.184635548386723,0.028627832653001,0
0.504780792631209,0.913571753073484,0.420516231330112,0.0780271971598268,0.0941369936335832,0.203321809181944,0.0779690069612116,0.751579088391736,0.708012498216704,0.128789660753682,0
0.0417784075099777,0.212867387196386,0.452160220593214,0.328203399898484,0.711400404805318,0.704308268846944,0.212997480295599,0.243716347496957,0.261733580380678,0.275443723192438,0
0.170607683280503,0.889970446346627,0.711890989216045,0.742010450921953,0.202641384443268,0.447731294902042,0.0557179530151188,0.395898804534227,0.559762342832983,0.592685880837962,0
0.177520149387419,0.575713412836194,0.945690471678972,0.914414736442268,0.0763586789835244,0.26011503348127,0.17718703718856,0.683288372587413,0.136903893202543,0.891068668337539,0
0.00825660373084247,0.461448238929734,0.33471314702183,0.94133397960104,0.77666798979044,0.77945257187821,0.929031387437135,0.0948721587192267,0.951741834403947,0.312914373120293,0
0.964422762329619,0.423599610019166,0.601603940594941,0.294392883777618,0.522853181231767,0.0836051928345114,0.143087899545208,0.626141921617091,0.829134887317196,0.778999428031966,0
0.781077556079254,0.496353480499238,0.105723469518125,0.153882134240121,6.06589019298553e-05,0.533623604103923,0.113854602910578,0.286065277643502,0.576824687654153,0.944817157462239,0
0.869814333171162,0.137581630590592,0.486282175406814,0.456193163990974,0.393619884038344,0.217895168112591,0.421645832946524,0.678330323891714,0.263960075099021,0.377314242534339,0
0.297186855226755,0.234734010417014,0.754012171179056,0.357823840342462,0.0543082708027214,0.0936874237377197,0.0592723579611629,0.139109024545178,0.626912635751069,0.487593183526769,0
0.202193281147629,0.306699581909925,0.461584830423817,0.118936715647578,0.920854265801609,0.123848893446848,0.232880681287497,0.487784855533391,0.391735654091462,0.161994269816205,0
0.104854759993032,0.513517930172384,0.312790045049042,0.295167450327426,0.893024373333901,0.143875231267884,0.614324394380674,0.860514689935371,0.53870458365418,0.239701482933015,0
0.0561309906188399,0.314098845934495,0.301344879670069,0.503410876262933,0.469871757552028,0.61768669472076,0.212769311154261,0.657416819827631,0.933603165671229,0.773803919088095,0
0.927497106837109,0.479148757876828,0.61351925926283,0.188157812459394,0.930506096454337,0.934388452675194,0.636262233369052,0.0379385210108012,0.611651731887832,0.611782246269286,0
0.201080188388005,0.227521748049185,0.221590162487701,0.152476361952722,0.485299873631448,0.58112021908164,0.242416471242905,0.611516234464943,0.475674072513357,0.59903393080458,0
0.814684683689848,0.498002569423988,0.3614289436955,0.282583624357358,0.823690309654921,0.899938700487837,0.610460816184059,0.0435115117579699,0.014353477396071,0.114969935500994,0
0.012013584797946,0.359716445318725,0.240207015071064,0.349831641418859,0.511125710094348,0.600909823318943,0.698076700326055,0.33461504499428,0.739552005659789,0.947198825888336,0
0.553710847394541,0.917435450013727,0.596072499640286,0.694535151356831,0.386920724064112,0.0369477695785463,0.837759564397857,0.565980872139335,0.903996728826314,0.724873096682131,0
0.122890303842723,0.185848011635244,0.138684163335711,0.229911472881213,0.447178467176855,0.221215318422765,0.88012291258201,0.492298394208774,0.943172719562426,0.198545179096982,0
0.245620853966102,0.885122893378139,0.392472996143624,0.839287037961185,0.707144761225209,0.990493957418948,0.762707143090665,0.983430267544463,0.829560518497601,0.407720052404329,0
0.15917810657993,0.637957199942321,0.951603049179539,0.211470174603164,0.537724222289398,0.449023627443239,0.383751723915339,0.24853664287366,0.777318007312715,0.718940264778212,0
0.642857709666714,0.240422510541975,0.130421643378213,0.609763762215152,0.115020085591823,0.842018319061026,0.464027776382864,0.537429381161928,0.885455646086484,0.591789259109646,0
0.297349104192108,0.151764694601297,0.507951720617712,0.97478438494727,0.0957669136114419,0.494574629934505,0.41325847688131,0.823233112925664,0.994125029304996,0.131626883987337,0
0.243494707625359,0.857436905615032,0.660533188376576,0.00604854850098491,0.895969242556021,0.143398496089503,0.165461019612849,0.0874347158242017,0.0620412270072848,0.769431054592133,0
0.648840982932597,0.095921041443944,0.185220137005672,0.761282118037343,0.699130829656497,0.730654801242054,0.00846885400824249,0.381245009135455,0.517354056471959,0.249184189364314,0
0.239865011768416,0.334712421055883,0.265620926627889,0.980906117707491,0.992099502822384,0.819340524496511,0.605504723498598,0.678512137848884,0.0475047091022134,0.362944080727175,0
0.94631304409327,0.243421205148644,0.00433439831249416,0.942231846740469,0.00310097890906036,0.82017296878621,0.290368344634771,0.771533473394811,0.957165843807161,0.288222932256758,0
0.890370768262073,0.770819387631491,0.0677015027031302,0.684854817343876,0.605671449797228,0.300581985153258,0.754657743265852,0.505900137824938,0.780359065858647,0.427216298412532,0
0.868651742814109,0.707413422409445,0.343385288957506,0.0875183590687811,0.463881791336462,0.900413265218958,0.464212283259258,0.529329546494409,0.114920117892325,0.306911405874416,0
0.406957197003067,0.0885303840041161,0.689106550067663,0.425815162714571,0.00593340047635138,0.322511083679274,0.428902873070911,0.0252648391760886,0.806849248474464,0.992599296150729,0
0.961647706393652,0.342034263042994,0.269716303562745,0.870172493858263,0.290707261767238,0.854045836720616,0.875085620209575,0.149585261708125,0.309776706853881,0.538144209655002,0
0.832330939124261,0.143014964399872,0.90135007048957,0.173177545657381,0.797360988100991,0.936331134522334,0.187052479013801,0.95557238557376,0.862564150476828,0.877952320734039,0
0.620815229602158,0.223310418426991,0.61674108565785,0.646487488178536,0.620348643744364,0.212971870787442,0.318028030684218,0.639494136441499,0.300235541770235,0.677387740230188,0
0.735408566754957,0.067111545471773,0.077264835126698,0.590620537754148,0.364081228617579,0.794716915115714,0.877239136956632,0.775105736451223,0.0654347913805395,0.3487316921819,0
0.91222057514824,0.59324451466091,0.595549292862415,0.535319195128977,0.0673237161245197,0.247700330102816,0.255567458923906,0.394882838474587,0.346524034859613,0.134459068998694,0
0.70866677747108,0.170107381418347,0.48597047617659,0.95745352236554,0.146340373437852,0.243836272042245,0.144522680202499,0.527632840909064,0.513603892177343,0.539706180803478,0
0.18103906721808,0.602407490834594,0.226007329765707,0.119459135457873,0.961695005884394,0.325248955748975,0.538665428757668,0.0953878415748477,0.22564326855354,0.15535922604613,0
0.615537230615233,-0.0125786784568376,0.825465800939128,0.112757588038221,0.642702373443171,0.545785146765411,0.470913433935493,0.687833080999553,0.49143615947105,0.252981286728755,0
0.399598464835435,0.0431595391128212,0.254347396083176,0.269520494621247,0.494014539755881,0.988965038210154,0.536246983334422,0.0514434087090194,0.255233611678705,0.11761814984493,0
0.503586939739986,0.969795678371831,0.159640858415514,0.260961628053337,0.953248749021441,0.714726080419496,0.486250168411061,0.106807232834399,0.778568777721375,0.178856705548242,0
0.0752872624434531,0.339645177824423,0.391482618404552,0.579790152609348,0.70459687942639,0.565051239449531,0.399927110644057,0.0860655002761632,0.126261301571503,0.902024568291381,0
0.149532437094848,0.0918279539768885,0.756305536953732,0.0398789511527866,0.0212810735683888,0.398641090607271,0.458891054615378,0.827310496475548,0.736524067586288,0.193614513613284,0
0.511369045358151,0.94589540688321,0.0855410129297525,0.521170312771574,0.994595900876448,0.435807550791651,0.65863119601272,0.980956092244014,0.457942451583222,0.537201992003247,0
0.879459891701117,0.63322244444862,0.683114599436522,0.590609386796132,0.161407998530194,0.617135456763208,0.572213777108118,0.474522548029199,0.237575445789844,0.526980911614373,0
0.144185722107068,0.184251539874822,0.459272302919999,0.58976399153471,0.967496501281857,0.425011327490211,0.976997829275206,0.370979122351855,0.720172708155587,0.170852375915274,0
0.908159591024742,0.468205690383911,0.325857949443161,0.277749127941206,0.396819316083565,0.0544278998859227,0.826156526338309,0.446709801210091,0.817606903146952,0.493380861356854,0
0.908742729492603,0.21034876502901,0.6028005881235,0.95355666638352,0.690776334377006,0.772785858018324,0.386142504401505,0.0405617156066,0.483971171779558,0.267622311133891,0
0.0441041114826857,0.710893813016284,0.168863446451724,0.883648318238556,0.368570734281093,0.604835973121226,0.191304198699072,0.494105548830703,0.0418585001025349,0.835943578742445,0
0.0587406549602747,0.473732987884432,0.608013705583289,0.122795739909634,0.739185522543266,0.122111962875351,0.821880703791976,0.499539219774306,0.0651901366654783,0.0743121742270887,0
0.613439241071431,0.0122127549718714,0.518594293389469,0.800685795024037,0.395443384069949,0.191538240527734,0.468694255454466,0.621738096233457,0.70802718331106,0.880004164529964,0
0.0305205676704645,0.614133097464219,0.503436733968556,0.204505752073601,0.57061113556847,0.624778954312205,0.609310991829261,0.382793272379786,0.933238223660737,0.582922113593668,0
0.936477742313835,0.36077347919121,0.931602768599987,0.842918271431699,0.451490531209856,0.0786420437507331,0.12191848596558,0.866842683637515,0.0865234264638275,0.586073449114338,0
0.968455954600598,0.483924937536193,0.441363614052534,0.960167247103527,0.664364771451801,0.111452658893541,0.0512532843276858,0.0454612232279032,0.24173508468084,0.138702877797186,0
0.284240567358211,0.733682963065803,0.0360088443849236,0.112197490176186,0.732445502653718,0.574885292677209,0.659022548701614,0.360306818503886,0.92610401683487,0.344470770796761,0
0.819923954550177,0.539678200846538,0.628061221912503,0.607223990606144,0.931481561623514,0.912077900255099,0.403666623169556,0.769206232391298,0.302337095141411,0.915288527263328,0
0.0690064176451415,0.467634086264297,0.88256359915249,0.970188074279577,0.887479659402743,0.984250643989071,0.966376287164167,0.302722616121173,0.938299262197688,0.934695140225813,0
0.113199691055343,0.37746074097231,0.830561177572235,0.667460760334507,0.70767799555324,0.0553560391999781,0.660709829069674,0.417173902736977,0.272900891490281,0.964563301764429,0
0.134895503573526,0.0776252948173298,0.749856031965464,0.613100271206349,0.289960236754268,0.158074095845222,0.96823618770577,0.995190748246387,0.356918130069971,0.366450098110363,0
0.350465947991329,-0.026479034840568,0.302065117517486,0.6499797438737,0.752191066043451,0.401896786410362,0.388672632398084,0.621039187302813,0.877851921133697,0.481297058286145,0
0.436665549874306,0.889909187797457,0.424991586012766,0.0541176693513989,0.110988001804799,0.635433019837365,0.5699228271842,0.689594577765092,0.170773991383612,0.0795401504728943,0
0.917415934116203,0.721149906477387,0.437420987756923,0.0602748892270029,0.467586010927334,0.724020394030958,0.409815847175196,0.383097625337541,0.722107679815963,0.266023639123887,0
0.040048400638625,0.562882757745683,0.848904063692316,0.501018886920065,0.594438931671903,0.0849366479087621,0.674468667479232,0.756254433887079,0.812724309274927,0.279890985460952,0
0.958541642161315,0.593094149196024,0.756396548589692,0.0134555930271745,0.444822640158236,0.31302013527602,0.784847168484703,0.201892986660823,0.673641835106537,0.994774030055851,0
-0.00140351598256505,0.662338490001502,0.529425950255245,0.361499327467754,0.784791566431522,0.202287207124755,0.825522512663156,0.484388171928003,0.713267031824216,0.549368678824976,0
0.18333169137396,0.086150910371274,0.256025109440088,0.120281456969678,0.687101847492158,0.39954099082388,0.692280814284459,0.183145683258772,0.72998075466603,0.861611724132672,0
-0.0355709548056929,0.533257432319011,0.333014698931947,0.552954248851165,0.567237100331113,0.951088519999757,0.475832004332915,0.581672863801941,0.79348586150445,0.609793080948293,0
0.0978832372929901,0.604386897524819,0.208848931128159,0.841543108923361,0.189169319346547,0.675571724073961,0.229312783107162,0.192560475552455,0.711223167134449,0.520279725315049,0
0.275234113447368,0.244860673556104,0.865932774730027,0.693121170625091,0.0853734412230551,0.395309745566919,0.550992558477446,0.00998170021921396,0.796663364162669,0.0559353975113481,0
0.206995002226904,0.759072371292859,0.510065669193864,0.247057451400906,0.896425907267258,0.429688771720976,0.509732900420204,0.433412281330675,0.991603022674099,0.265279459068552,0
0.976741872476251,0.43165568994092,0.104219408938661,0.697261809604242,0.260199314914644,0.549286461435258,0.561081738444045,0.316247511887923,0.239288054639474,0.878417356871068,0
0.227659828262404,0.302957689855248,0.234195879194885,0.216022449778393,0.278229150222614,0.297854571137577,0.30262813786976,0.246855349047109,0.655695520807058,0.468995090574026,0
-0.0122974598595066,0.295840960074837,0.5643699625507,0.697763178264722,0.637303758179769,0.587859932566062,0.326051960233599,0.283770023379475,0.337497549830005,0.914818681776524,0
