MS
-0.030551999999999746
0.12093599999999938
-0.1978200000000005
0.09447599999999956
-0.03187199999999957
-0.07088399999999995
-0.037260000000000126
-0.0023999999999994026
0.028775999999999802
-0.08393999999999985
2.4000000000024002E-5
-0.004991999999999497
-0.10004399999999947
0.12819599999999864
-0.02098799999999984
-0.10767600000000077
-0.07591199999999948
-0.06877200000000067
-0.059015999999998736
-0.0700319999999996
-0.1323840000000005
-0.11348400000000042
-0.07700400000000024
-0.13723199999999985
-0.04623600000000011
-0.02929200000000015
-0.131712
0.01079999999999981
-0.026520000000000044
-0.07160399999999967
0.008627999999999802
0.1320720000000012
-0.02680800000000033
-0.04152000000000089
0.037476000000000176
-0.1151640000000006
0.13631999999999977
-0.059736000000000455
-0.0017160000000000508
0.03681599999999885
0.03535199999999972
0.009971999999999814
0.05994000000000049
0.028247999999999773
-0.02320800000000056
0.06444000000000016
-0.072276
0.011555999999999067
-0.0043800000000000505
0.09424800000000066
