"1","2","3","4","5","6","7","8","9","10","class"
0.491445310646668,0.425001930911094,0.84617169178091,0.66797331161797,0.176965142600238,0.411991584347561,0.576324499910697,0.189421260962263,0.938423682702705,0.23751087882556,0
0.359428931493312,0.229314014315605,0.845496336231008,0.0631919954903424,0.849549592006952,0.927964456845075,0.817181816790253,0.666852786904201,0.288508618250489,0.973766426788643,0
0.496856389438734,0.508158334943652,0.396513176849112,0.123325266642496,0.27494162414223,0.404050217242911,0.813822068274021,0.0190593039151281,0.501128197647631,0.473004041239619,0
0.556711663488112,0.474120081544761,0.683887160383165,0.952075871638954,0.927008015103638,0.730723205488175,0.962203839095309,0.89159363694489,0.17563422746025,0.164685728028417,0
0.163953944491968,0.196861492081545,0.123122461372986,0.18811022141017,0.53395880269818,0.754319225205109,0.95346460537985,0.608476317953318,0.347380578750744,0.166609425563365,0
0.140658692464698,0.224883689376526,0.438643478089944,0.446058882633224,0.57289226166904,0.630986743839458,0.0367483955342323,0.474755349103361,0.971958482870832,0.968704744009301,0
0.562769765316695,0.591113497450203,0.0584101360291243,0.0348580155987293,0.377382937818766,0.169130967929959,0.268095914507285,0.693580222316086,0.78817013814114,0.472165588987991,0
0.100175667952094,0.266858794855606,0.478391252690926,0.496684903511778,0.134033486712724,0.64917850564234,0.871166336350143,0.0988266346976161,0.377872023032978,0.926209241850302,0
0.485923650907353,0.504905989626423,0.0265539602842182,0.700843302765861,0.630230595124885,0.700552209978923,0.18500221031718,0.5446545293089,0.455631419317797,0.428446757374331,0
0.203313599806279,0.364062426844612,0.0501987535972148,0.394394312286749,0.586114404723048,0.450871243840083,0.993110701441765,0.107401449698955,0.638679017545655,0.943771117599681,0
0.116045066388324,0.148481149924919,0.862685996340588,0.505414670566097,0.996091415407136,0.759083014214411,0.5212248172611,0.339632872259244,0.99592298315838,0.311145735671744,0
0.221183272411488,0.314329685255978,0.755954236257821,0.391912203282118,0.745479791425169,0.873962024692446,0.234153688885272,0.692600805778056,0.158556349109858,0.574907113099471,0
0.580812043027952,0.452204808966257,0.324504054151475,0.816788689233363,0.59903189400211,0.843111652648076,0.31509704538621,0.305942032020539,0.98046167823486,0.330731352092698,0
0.388584772590548,0.275544607080519,0.425219355616719,0.975843888474628,0.542662627529353,0.165355579927564,0.541159339714795,0.676064742030576,0.143599319970235,0.770255669485778,0
0.325056875979155,0.306696238451451,0.579828314017504,0.119868131587282,0.220997000811622,0.572868519695476,0.884168488206342,0.207511824788526,0.196559342788532,0.828508146805689,0
0.0875685431528836,0.11741071450524,0.475357888732105,0.357707575894892,0.119849597336724,0.265352071030065,0.599176564952359,0.58290532650426,0.00712496042251587,0.760134702082723,0
0.844817219302058,0.747088765725493,0.365710985613987,0.506585578434169,0.603917366825044,0.127388257533312,0.891493858303875,0.302502319216728,0.830763476900756,0.685817196732387,0
0.843265013516322,0.828158802752942,0.559419985860586,0.63590745232068,0.273472662782297,0.597219331422821,0.572273605735973,0.161249072756618,0.967611369909719,0.319187107263133,0
0.33978509930484,0.393272668657824,0.876533278264105,0.385047503281385,0.825961914146319,0.714736432535574,0.074864235939458,0.472005512798205,0.9452254998032,0.387977853883058,0
0.157974400203489,0.147885605813842,0.544356129597872,0.716158085735515,0.705450637731701,0.352871436392888,0.876353822415695,0.314893674338236,0.938788028201088,0.0280214562080801,0
0.950006722468883,0.941330863066018,0.923646266106516,0.0738825502339751,0.577283206628636,0.303892635507509,0.963920060079545,0.524592445930466,0.722722441190854,0.245007912861183,0
0.962493711033929,0.873512085563503,0.843367749126628,0.441713104723021,0.688601938541979,0.511234122794122,0.0973593003582209,0.390797730535269,0.885918082902208,0.024156357627362,0
0.353365027578548,0.4015717075672,0.157831320073456,0.379739880561829,0.313180800992996,0.608624519547448,0.201926922192797,0.90932534285821,0.712592344731092,0.045745141338557,0
0.194339244660269,0.193321127584763,0.116938338149339,0.522772114956751,0.211355626583099,0.958296347409487,0.614945744629949,0.843376340577379,0.710438715992495,0.129023457411677,0
0.557186506197229,0.335070527939312,0.985329157207161,0.819739806698635,0.419802281074226,0.757804386550561,0.896103931358084,0.331421164795756,0.30324912793003,0.727771488251165,0
0.604021838866174,0.462316246470436,0.177520199911669,0.0954525487031788,0.788166221696883,0.856944859493524,0.691653637448326,0.606275787577033,0.452472203876823,0.0936935406643897,0
0.678134535904974,0.863433374091983,0.452381563140079,0.607499028556049,0.54396608681418,0.275812660343945,0.30738478526473,0.176438692724332,0.236620324198157,0.339798834174871,0
0.926866819128394,0.813802797473315,0.385964035289362,0.376322881318629,0.0856253430247307,0.93211786984466,0.81624217540957,0.385827984428033,0.113684732466936,0.458698751870543,0
0.203730663548037,0.0546910439755768,0.0571353933773935,0.018621240509674,0.737090832786635,0.242751486366615,0.545403819065541,0.484263683669269,0.27955101034604,0.920534553937614,0
0.591992638417613,0.585871327161137,0.80266085988842,0.614994966657832,0.796094848075882,0.247186801629141,0.769012612756342,0.182890900177881,0.981408580904827,0.0635916746687144,0
0.23764154708758,0.192233227290213,0.0271730292588472,0.765683515695855,0.812389362137765,0.938390266150236,0.424737829715014,0.180190283339471,0.319752592826262,0.232600438175723,0
0.69688050635159,0.506622253684327,0.27704980946146,0.19342473661527,0.603970090392977,0.941720806062222,0.978462044615299,0.87864438444376,0.0449256736319512,0.636559953214601,0
0.249441280459054,0.276776829974167,0.827493588905782,0.847150626126677,0.558156613027677,0.627943624742329,0.587188353762031,0.0436432352289557,0.821637909626588,0.317313080420718,0
0.119323587510735,0.106817362364382,0.61409378494136,0.305037450743839,0.300501710502431,0.673201453406364,0.0956111196428537,0.261407396523282,0.9363158934284,0.0956565490923822,0
0.669088212074712,0.663287424482405,0.889204742619768,0.23353319754824,0.170161506393924,0.312967733712867,0.807658137986436,0.30540916020982,0.351480584358796,0.117194338934496,0
0.57342854142189,0.239961539162323,0.496400527888909,0.734898155089468,0.178354206727818,0.634817834943533,0.500071201240644,0.51583664631471,0.733525360468775,0.404546662000939,1
0.124647740274668,0.0815021151211113,0.987417813856155,0.880778402322903,0.201752822613344,0.323103216476738,0.128570544300601,0.374009537976235,0.875135755632073,0.0712402821518481,0
0.686045217094943,0.518625219119713,0.302117576589808,0.0766684948466718,0.223634494002908,0.22548723150976,0.016301222378388,0.925675717880949,0.439599574077874,0.740170957986265,0
0.773823276758566,0.648276988986507,0.292101251892745,0.318766135489568,0.757397337816656,0.76388901239261,0.682112716836855,0.880188034381717,0.998728813836351,0.290376667166129,0
0.121945093618706,0.108335540164262,0.0299065827857703,0.849344804883003,0.757100430550054,0.0275429356843233,0.0927008297294378,0.563165951287374,0.175292318686843,0.310297544579953,0
0.0597869533440098,0.103144768153317,0.890597328078002,0.13041278719902,0.387030777987093,0.268789998488501,0.355154040502384,0.778781448490918,0.825653744395822,0.334135157056153,0
0.463143249507342,0.529050651456043,0.846703452523798,0.354251963319257,0.511314172530547,0.198813373921439,0.260575997410342,0.617167650489137,0.130210800329223,0.963258426636457,0
0.275239221286029,0.187188328010961,0.852318223565817,0.807296128245071,0.363857120508328,0.437433086102828,0.615936404559761,0.517816112842411,0.24702541064471,0.923001734307036,0
0.670091114841495,0.694225098958798,0.432188599836081,0.00045856018550694,0.396787378471345,0.324648402631283,0.148990915156901,0.236022237921134,0.986024477984756,0.172407230595127,0
0.167450137242861,0.02748441590406,0.870595805812627,0.0504929069429636,0.938963488908485,0.208952736807987,0.358273403486237,0.252276958199218,0.494335148949176,0.534262966131791,0
0.611518265943974,0.58974113886524,0.038686654297635,0.648130545625463,0.654440883547068,0.189135526306927,0.924618420889601,0.451881989603862,0.926343461964279,0.99614338343963,0
0.655821183745563,0.63958712067455,0.0973989444319159,0.743150874506682,0.387547691818327,0.0176583009306341,0.415006504161283,0.108082096558064,0.217791894217953,0.250358343822882,0
0.540903874045983,0.394335289973393,0.717673666542396,0.971398913301528,0.536336354212835,0.661721955286339,0.0103544124867767,0.40004977886565,0.363909483887255,0.69921901752241,0
0.272004017460905,0.10606324693542,0.429273754125461,0.371384889120236,0.297847812296823,0.760857374407351,0.996461390051991,0.316132635110989,0.890974971232936,0.548386079259217,0
0.0353016646113247,0.0854428948368877,0.134461336070672,0.694733767071739,0.941326746949926,0.926800371613353,0.172630527755246,0.361575280549005,0.827519840328023,0.3580419535283,0
0.778976979898289,0.900110592832789,0.148261089809239,0.705405094660819,0.402607539668679,0.347816887544468,0.353390994714573,0.401550704147667,0.505955175496638,0.794755256734788,0
0.149180566088762,0.0043503941366449,0.057146588107571,0.00565454503521323,0.48577252519317,0.344719293760136,0.972969307331368,0.0767098644282669,0.427499050740153,0.780232012271881,0
0.446089834069274,0.381606189162843,0.842033059801906,0.327444910304621,0.474092085612938,0.8427302937489,0.738019014243037,0.676806385163218,0.339664437109604,0.939588907640427,0
0.017841836437583,0.153857844881713,0.549260241910815,0.801893981639296,0.0467387295793742,0.177464593667537,0.418478633044288,0.875110692810267,0.0826720611657947,0.704836043296382,0
0.705413121749833,0.724813704677299,0.546143872197717,0.186651420313865,0.112223763950169,0.620620952220634,0.642487577162683,0.383444454753771,0.199507124954835,0.0366283464245498,0
0.865757361069322,0.883719178459141,0.617668362567201,0.64826980791986,0.706651623360813,0.180985525716096,0.291025239508599,0.269188579404727,0.265262931818143,0.856977472780272,0
0.361108806748688,0.565236288674921,0.510997367324308,0.462381822988391,0.945813972502947,0.211430440889671,0.822201316943392,0.506854335544631,0.251430936623365,0.444765535416082,0
0.27617665217258,0.138800249435008,0.352608084445819,0.746385195525363,0.0168946492485702,0.666118055116385,0.456369296181947,0.104960344033316,0.624159149359912,0.411911691306159,0
0.187125807617977,0.146570269621536,0.65988181415014,0.87660221522674,0.542492237873375,0.467804591404274,0.106633717892691,0.817587425000966,0.394278500927612,0.350262384628877,0
0.230129009345546,0.187045276397839,0.824575721286237,0.0303100603632629,0.425614493899047,0.676918561803177,0.13981595588848,0.318483667680994,0.259684844408184,0.7407695655711,0
0.708957259077579,0.530232025776058,0.920814677374437,0.580282164970413,0.825090998550877,0.864032932557166,0.356431006453931,0.293238656595349,0.750709985382855,0.882259028730914,0
0.167630183849484,0.122337339535821,0.792600260814652,0.669476231792942,0.725720772752538,0.0664536834228784,0.132664303062484,0.766286519123241,0.576570693170652,0.219154290854931,0
0.616788185298443,0.701884675701708,0.560037991730496,0.511066672159359,0.790579851716757,0.116410977439955,0.353326636832207,0.0322105141822249,0.524075191700831,0.215120390988886,0
0.549572366984095,0.525315233881958,0.211410911288112,0.547758138505742,0.570400465046987,0.865309074986726,0.166097969515249,0.482842536177486,0.763345528859645,0.767749392893165,0
0.294302023947239,0.363573219161481,0.506805500714108,0.62563504348509,0.405341867823154,0.63382849493064,0.713103508576751,0.690147669287398,0.263252777280286,0.0772174505982548,0
0.846049136445858,0.778777974900789,0.980746482033283,0.817751905415207,0.45904024457559,0.597698114579543,0.14218703773804,0.502482278039679,0.897516338387504,0.511904446640983,0
0.945998010924086,0.777641541091725,0.455614889040589,0.151303781429306,0.276652029249817,0.274702502181754,0.884929712861776,0.911657707067207,0.722862571710721,0.0344824511557817,0
0.559755584456585,0.675832845682371,0.235108637483791,0.0608313523698598,0.941310786409304,0.872694939607754,0.319981155451387,0.995116973528638,0.801758972695097,0.0709873212035745,0
0.302330657374114,0.110290678450838,0.408579957205802,0.0528949031140655,0.116678933147341,0.730008966522291,0.746007217792794,0.0831535211764276,0.386418119072914,0.826086929067969,0
0.294870348414406,0.182299082865939,0.181823723949492,0.369965277612209,0.00629241554997861,0.171994525007904,0.547683633398265,0.88429265934974,0.966330516384915,0.738939895294607,0
0.101862461073324,0.239914672682062,0.987225804245099,0.205571509199217,0.0705856669228524,0.346879561897367,0.697352869668975,0.302117442246526,0.723638718016446,0.414427282754332,0
0.130471023463085,0.0463160295658745,0.95712850894779,0.63772932626307,0.989552142564207,0.885542494244874,0.809888385701925,0.210730149876326,0.612491158768535,0.475907806307077,0
0.0728974128494039,0.059250816423446,0.984941033879295,0.698259564815089,0.221735684433952,0.455866556614637,0.484366809017956,0.800216881558299,0.389152521034703,0.988165146205574,0
0.503089924575761,0.459412588505074,0.345279544126242,0.780032138573006,0.594926053425297,0.6052518079523,0.399217683356255,0.787965327035636,0.540443979436532,0.197026247624308,0
0.242911626889184,0.313100090067089,0.847818966256455,0.451862848130986,0.405665509868413,0.457968733273447,0.923378231003881,0.902576174819842,0.717861101729795,0.890528893796727,0
0.445206413511187,0.50375667726621,0.0416024944279343,0.3351737302728,0.825870299944654,0.324255460174754,0.809025151189417,0.754606867674738,0.547070453874767,0.608955131378025,0
0.444975990103558,0.499060221249238,0.973136856919155,0.118717578239739,0.758547003613785,0.910086041549221,0.603032735642046,0.354278307175264,0.644722521305084,0.209816816728562,0
0.821449011564255,0.724477527430281,0.190194182097912,0.343395447358489,0.384585875784978,0.535112013109028,0.60043917153962,0.879321529529989,0.649852364789695,0.222378533799201,0
0.193985601955652,0.174491129519045,0.622755109798163,0.824573586694896,0.877102157799527,0.919362462358549,0.862637202721089,0.791785543551669,0.347543040988967,0.926444409182295,0
0.676914805450011,0.600123128316365,0.860796060180292,0.896593433339149,0.291669256053865,0.365577533608302,0.821760198799893,0.84712554840371,0.654485666658729,0.548115080455318,0
0.263078837422654,0.192986878799275,0.376396853942424,0.0615536079276353,0.629091190872714,0.630367075791582,0.259967314545065,0.20071671763435,0.162982272915542,0.103478871053085,0
0.342105281411856,0.205072503502481,0.288473461056128,0.892749917460606,0.961045555537567,0.41277167876251,0.517420130781829,0.0553096372168511,0.849725199164823,0.208348317537457,0
0.885163754224777,0.823696994455531,0.709697649115697,0.404787857551128,0.352966503240168,0.996722467010841,0.422309691784903,0.262390875257552,0.117277297191322,0.903229859191924,0
0.0939543303102255,0.235141176497564,0.274263991042972,0.368492254288867,0.459757352713495,0.895360159222037,0.593764069490135,0.0777972852811217,0.519484515069053,0.616574047598988,0
0.151300545882434,0.0669319437019527,0.176823837216944,0.500957528827712,0.994760205736384,0.417215487221256,0.960615563904867,0.58933229604736,0.050973050063476,0.516748336842284,0
0.349180205278564,0.357077807591762,0.0839656596072018,0.0934680607169867,0.504300122847781,0.48357818624936,0.402174859773368,0.117472155019641,0.821613305015489,0.282351250527427,0
0.933125063311309,0.925128909759223,0.323221922852099,0.901220151921734,0.823350752936676,0.776904151542112,0.536465009441599,0.077862414997071,0.392931416630745,0.31814680295065,0
0.776638354492094,0.696413947295118,0.181819583987817,0.974074154859409,0.818591650575399,0.628455770434812,0.195120205637068,0.212644069921225,0.739663398358971,0.81195961823687,0
0.687983349769376,0.521122299704328,0.975315546151251,0.229703567922115,0.251213011099026,0.617077633272856,0.416393222287297,0.298024898627773,0.925239948322996,0.643060552887619,0
0.0484048810321838,0.2094355172012,0.712388675659895,0.350036454387009,0.333588831592351,0.395296202972531,0.0807348920498043,0.532875598175451,0.777416263241321,0.533422200474888,0
0.0258320483844727,0.194269891828299,0.900120632257313,0.968041572952643,0.403910441556945,0.733874448109418,0.344764107372612,0.887541011441499,0.815558778820559,0.438783555524424,0
0.76701299007982,0.973379811039194,0.0303841554559767,0.450109030120075,0.316951415268704,0.952375295106322,0.900964116444811,0.879531385144219,0.643460725434124,0.0773703984450549,0
0.687018173169531,0.728158947837725,0.668845328269526,0.325287465471774,0.875043276464567,0.398528746096417,0.316977140726522,0.929231249960139,0.175144118722528,0.862526040757075,0
0.081717227494251,0.145234026278183,0.294691065559164,0.950186155270785,0.982528034364805,0.110737466719002,0.23778513004072,0.248871522955596,0.16156531078741,0.73285775934346,0
0.717071102215722,0.626018539660051,0.78718388453126,0.643540049204603,0.115320685319602,0.366711891489103,0.573075704276562,0.809544911840931,0.721880877390504,0.502469260478392,0
0.197795048782136,0.343380384542979,0.534839772153646,0.697167673381045,0.665631190640852,0.687151113525033,0.683938257396221,0.0799803410191089,0.375264432979748,0.203239304246381,0
0.299018353990279,0.183877728519775,0.0592222819104791,0.119430558755994,0.388878817437217,0.171952017582953,0.132176097016782,0.573381489375606,0.949939927784726,0.225080510601401,0
0.700243253726512,0.691071876091883,0.100579340709373,0.626708404626697,0.33361294795759,0.158041046699509,0.639653617748991,0.65868923580274,0.236088504781947,0.483246731804684,0
0.573669763181731,0.698172255805135,0.315929896198213,0.369329502806067,0.0557201483752578,0.152332504512742,0.30968706519343,0.922984255710617,0.109960561152548,0.312799345236272,0
0.608924532695301,0.680286070360523,0.60632023983635,0.271607718896121,0.931085335090756,0.989054033067077,0.131963100284338,0.238707203185186,0.152955673635006,0.555179139366373,0
