"1","2","3","4","5","6","7","8","9","10","class"
0.280525579657406,0.290673382934183,0.705070285359398,0.548985263099894,0.713533560512587,0.388764800271019,0.267488414421678,0.615977455629036,0.601653278805315,0.693220749963075,0
0.415537044173107,0.846625731792301,0.185669536236674,0.0577559142839164,0.38417372549884,0.0399945809040219,0.90007091849111,0.642813360318542,0.827759245177731,0.508168733213097,0
0.565521119927336,0.661392543538706,0.423415945842862,0.540899825748056,0.483600998762995,0.614906450733542,0.104048638837412,0.00254579191096127,0.114948099479079,0.414587650913745,0
0.371320073692361,0.532820983068249,0.855702884728089,0.119613344315439,0.609937235945836,0.683948056772351,0.870985772460699,0.325419771950692,0.504507988225669,0.77385745360516,0
0.794977049110457,0.496757269604132,0.261190333869308,0.774963856907561,0.374765315558761,0.796018743654713,0.926550577394664,0.505584066035226,0.768814869225025,0.0188209731131792,0
0.165143685540068,0.367361729106633,0.0155448934528977,0.600514476187527,0.533528884407133,0.994681101059541,0.597183454083279,0.814568836707622,0.653167257085443,0.262785804690793,0
0.819136586686084,0.760409724784689,0.773670680355281,0.18522620620206,0.792328395182267,0.404031445272267,0.56190197984688,0.524454681901261,0.838520016521215,0.209269498242065,0
0.321910969417123,0.127364708208619,0.230513390386477,0.737269877456129,0.197908062720671,0.317129370523617,0.893555725226179,0.213808971922845,0.611333752982318,0.331567378249019,0
0.317700125509873,0.216400773031637,0.856975538888946,0.582408116431907,0.143000334268436,0.895364488940686,0.0945172423962504,0.145329733844846,0.494596956763417,0.971428512362763,0
0.739126312508737,0.383116784806945,0.879535899497569,0.553528621559963,0.928053831681609,0.786212507635355,0.648112867958844,0.855847470695153,0.261274691438302,0.801314206095412,0
0.345540404319763,0.371035197284073,0.989733800757676,0.10993085661903,0.587576397228986,0.626800269586965,0.307280963053927,0.671642529545352,0.213207266991958,0.0950115504674613,0
0.402312193531543,0.162385457195342,0.41453467332758,0.975152774946764,0.000260385917499661,0.610773291904479,0.551305040251464,0.0734909912571311,0.681348871905357,0.78238527989015,0
0.340067468816414,0.744030908448622,0.168183909496292,0.415590106975287,0.428808079101145,0.60412561474368,0.60305067175068,0.429995660437271,0.601712160045281,0.320094598690048,0
0.894584331428632,0.944592077983543,0.571945039089769,0.207529109669849,0.408187732333317,0.794104943750426,0.900131069123745,0.00636330107226968,0.210851481650025,0.889012254076079,0
0.436904986156151,0.405654405243695,0.339186841156334,0.0272059994749725,0.442231633234769,0.00840304908342659,0.668480586027727,0.410799072356895,0.967099095694721,0.987172731431201,0
0.522957113338634,0.561031288234517,0.9411379203666,0.748953770380467,0.221660014940426,0.805966146523133,0.448114443104714,0.058093702653423,0.880919169168919,0.350524720968679,0
0.598490065839142,0.201795856289193,0.847168204374611,0.691847031004727,0.436187998624519,0.0210158014670014,0.815852856263518,0.214761106297374,0.10357636003755,0.0451401495374739,0
0.209341193482769,0.539117822255334,0.550852208165452,0.433450567303225,0.853232689900324,0.0334899020381272,0.896742597687989,0.619237528415397,0.223627143772319,0.835079876240343,0
0.0433989460580051,0.352670549880713,0.937654212815687,0.914668405661359,0.332258792361245,0.220358073944226,0.524087748257443,0.36229256237857,0.972818578127772,0.995327872456983,0
0.256644809152931,0.253323906334117,0.526515163015574,0.63719492754899,0.233854404883459,0.608232960337773,0.71754138241522,0.313119666418061,0.54736702516675,0.469839387340471,0
0.816209582611918,0.48121110489592,0.3649800515268,0.393414140678942,0.170917425071821,0.263251611730084,0.97144171455875,0.609882477903739,0.138861461542547,0.865316469222307,0
0.218117798234406,0.272150613423181,0.937602336984128,0.691056169569492,0.634109995560721,0.151047545019537,0.11528861313127,0.0401424940209836,0.981451936997473,0.55749986297451,0
0.832680013030767,0.851042838767171,0.0993701778352261,0.67706077801995,0.0624186270870268,0.890684950165451,0.964416168630123,0.842949190642685,0.354614310897887,0.985271781915799,0
0.445799095376791,0.435693971706484,0.153939861571416,0.28870571567677,0.428386334795505,0.628391704522073,0.164151123026386,0.790587550960481,0.513405188685283,0.166646445402876,0
0.658942902926356,0.844356182729825,0.112039252184331,0.788528943900019,0.455751303117722,0.557089803740382,0.501831213245168,0.981699793599546,0.955578974448144,0.228574141394347,0
0.366102407206781,0.0418395751412027,0.323437452549115,0.172522017965093,0.966910259332508,0.0398829742334783,0.740470891818404,0.00835263053886592,0.876141532789916,0.373074369039387,0
0.899960662472341,0.451781990343239,0.268681869609281,0.4590944214724,0.0282216472551227,0.518488900270313,0.498592942487448,0.917956812074408,0.00375990569591522,0.399696250446141,0
0.747474536299706,0.758128219284117,0.227957015158609,0.836496039759368,0.949239959241822,0.899645183002576,0.62525492394343,0.814017802011222,0.198813969967887,0.215765710687265,0
0.653870063128416,0.503609689049888,0.523350370815024,0.614281703252345,0.122237562900409,0.146944185486063,0.546708666021004,0.969100828049704,0.837998499860987,0.417857849271968,0
0.115424765041098,0.521491118706763,0.486722920322791,0.111794107360765,0.775453190784901,0.273011973826215,0.824197813402861,0.297554911114275,0.826298223342746,0.177917988505214,0
0.238401912573725,0.521346991989296,0.538188952254131,0.262528759427369,0.00808995333500206,0.78403660771437,0.507297047181055,0.628991520265117,0.737516979221255,0.804037239635363,0
0.0341715218964964,0.587102119810879,0.893285484751686,0.0202416258398443,0.00205661775544286,0.766003052704036,0.724372035590932,0.9902375547681,0.91874639922753,0.640474717132747,1
0.437291944865137,0.14526351983659,0.970720411976799,0.859288759762421,0.739779738709331,0.938357033533975,0.903020195895806,0.543197736376897,0.41318761697039,0.406563303666189,0
0.692452501738444,0.321960130706429,0.74301998084411,0.161154327681288,0.132139321649447,0.994661194738001,0.736498492769897,0.740804300643504,0.775773122673854,0.358237765729427,0
0.794259805697948,0.975881685502827,0.54007608932443,0.951671568676829,0.706407663179561,0.186615850776434,0.750463060801849,0.0808643929194659,0.45047060563229,0.90565329650417,0
0.640670868800953,0.664707222254947,0.115691870683804,0.845113958697766,0.743021870264784,0.771833659848198,0.284356107003987,0.195624745450914,0.457292849197984,0.880478793522343,0
0.744208490708843,0.597082469146699,0.742211843607947,0.185827841283754,0.945411064196378,0.827275449875742,0.0984289525076747,0.782525290036574,0.214499826310202,0.66897656605579,0
0.372651223200583,0.479646171870059,0.439068598672748,0.183270014589652,0.983074666466564,0.075091102393344,0.394813702441752,0.180544148664922,0.0794791404623538,0.570792073151097,0
0.87407162762247,0.610240265959874,0.0456426837481558,0.676402167184278,0.883938218932599,0.586876013083383,0.932439491851255,0.729506060713902,0.937063350807875,0.359407249605283,0
0.00481369232959111,0.191669553682511,0.0346413718070835,0.549493743805215,0.963554181158543,0.492339958669618,0.626625298988074,0.621884997468442,0.0325658107176423,0.372897762572393,0
0.691879429389723,0.37747027738858,0.451156342634931,0.216144462581724,0.212637516204268,0.415239793714136,0.665093865711242,0.862919103819877,0.976183462888002,0.43463818426244,0
0.160280980635434,0.0831586690619588,0.425753596471623,0.908797012176365,0.724832056323066,0.881461872486398,0.0398579924367368,0.498376979725435,0.279870828147978,0.849180213874206,0
0.187948996666819,0.501652515027672,0.778490085853264,0.458977671107277,0.499284637160599,0.492133426712826,0.762350514065474,0.0483365650288761,0.645515022333711,0.7501409673132,0
0.20618959187849,0.253399452714925,0.176619895966724,0.250285909511149,0.715094693237916,0.644988201325759,0.385725043015555,0.506826472701505,0.299369152169675,0.602192097110674,0
0.0425221866453998,0.241869594821054,0.388025774853304,0.691832770360634,0.35670959064737,0.381194761954248,0.203785174759105,0.989343266235664,0.887304307194427,0.164295129245147,0
0.490022438811138,0.339379482436925,0.417245896765962,0.479809809941798,0.373030575923622,0.979422183241695,0.510783182922751,0.357784484513104,0.0564945039805025,0.567764351377264,0
0.026436745569529,0.366248056210158,0.450969532364979,0.257490449585021,0.228981988038868,0.404309353092685,0.0642454854678363,0.368174624629319,0.162642295239493,0.894870745018125,0
0.263558499980718,0.601272982079536,0.453818051144481,0.787565268576145,0.338826174614951,0.162471041316167,0.844993052305654,0.721489261835814,0.0950455171987414,0.92762134084478,0
0.495710865594447,0.31603221828118,0.781993136042729,0.363991965306923,0.811812652274966,0.234779208200052,0.351578005589545,0.787003325298429,0.371751155238599,0.802403297973797,0
0.466529343457799,0.369941003401345,0.176025562919676,0.426724660675973,0.0881036673672497,0.486001443816349,0.921927062794566,0.155690092593431,0.665244712261483,0.460326018510386,0
0.300355053362437,0.270853103866102,0.535686791874468,0.375374958617613,0.774355849483982,0.88721514493227,0.64262622827664,0.518013004213572,0.950454720761627,0.387519840849563,0
0.995945645496249,0.949134025257081,0.549626496620476,0.855225901352242,0.586714075412601,0.579586019739509,0.488707224605605,0.713074355851859,0.735175542766228,0.867623920086771,0
0.34510039025424,0.0833628157174215,0.286308241309598,0.972406825749204,0.773994624847546,0.252223822288215,0.69871077965945,0.0713889393955469,0.742335678078234,0.994724191492423,0
0.279117912373971,0.351524323800439,0.34278689743951,0.312929000006989,0.912631117738783,0.334612347185612,0.167217569192871,0.611324068158865,0.509506362956017,0.0751368124037981,0
0.243566286051646,0.291099449619651,0.873040099395439,0.562730798963457,0.953058368526399,0.224042005836964,0.85496442951262,0.707121425308287,0.461104763206095,0.440481935394928,0
0.108456649351865,0.2965761073865,0.201951167546213,0.460930135566741,0.22192316269502,0.396916284924373,0.90980969555676,0.438644498819485,0.444388420786709,0.0643151751719415,0
0.763908160617575,0.50498732062988,0.742691935738549,0.500861348584294,0.764050865545869,0.770549728767946,0.133843163726851,0.310245329746976,0.438872721511871,0.609348461031914,0
0.340015321486234,0.910831172727235,0.0977050610817969,0.0763374881353229,0.198604627745226,0.0891623382922262,0.0299638460855931,0.353801369899884,0.315580514026806,0.241138027515262,0
0.676090219523758,0.811196676688269,0.297076235758141,0.466398758580908,0.0544722483027726,0.482396982144564,0.398277602391317,0.443393500288948,0.494960369542241,0.47098176390864,0
0.603237092960626,0.996555908815935,0.762209175620228,0.437524485867471,0.00576967606320977,0.579502754611894,0.576675520977005,0.168054067529738,0.534005620982498,0.687689192360267,0
0.595443640835583,0.840059116017073,0.0983596767764539,0.0179831921122968,0.89600434503518,0.830948138376698,0.620035007828847,0.232644612668082,0.0745294827502221,0.277490956708789,0
0.394871393684298,0.689820175990462,0.646307088434696,0.538385866908357,0.873648077482358,0.627646822482347,0.770867734448984,0.255224532680586,0.729513767873868,0.402848964789882,0
0.835061635822058,0.862455524969846,0.628098153043538,0.373234585858881,0.677476314362139,0.275896157836542,0.259843643754721,0.808265961473808,0.408134441822767,0.0245993637945503,0
0.54638860875594,0.123855307305092,0.3643881266471,0.463389191310853,0.886568779591471,0.24899553717114,0.120143572567031,0.743158063618466,0.894450309919193,0.481322897365317,0
0.31123167652376,0.013005582645908,0.278399774571881,0.108729535946622,0.410327049670741,0.400341489817947,0.959963671397418,0.636326893931255,0.219081884948537,0.764483619714156,0
0.67816092306748,0.917262775124982,0.646425998769701,0.428278239211068,0.341634613927454,0.567845869576558,0.301684341859072,0.514712395844981,0.960640037199482,0.566368113504723,0
0.227557985577732,0.389814789872617,0.0503537899348885,0.128412246471271,0.474377878010273,0.632548398571089,0.319978620391339,0.0957337357103825,0.564446954056621,0.324970872141421,0
0.363757245475426,0.440116952173412,0.870625409064814,0.563018427463248,0.272642672993243,0.230688638519496,0.783143822336569,0.182655645534396,0.880715604871511,0.890198835171759,0
0.400801873779204,0.449526883286051,0.480454628355801,0.114182072691619,0.588929848512635,0.362349931150675,0.214737023459747,0.00579747650772333,0.79821342183277,0.50748946540989,0
0.76725284994361,0.654634537633229,0.449182159034535,0.0146179327275604,0.478981330757961,0.982672725105658,0.981005279812962,0.859817475778982,0.518541540019214,0.135518686380237,0
0.658292258791393,0.579981883600354,0.252330161165446,0.563462730497122,0.522868615807965,0.988081039162353,0.50637132092379,0.341730806510895,0.769925061613321,0.373803142923862,0
0.0792537999805063,0.0176994050852954,0.0593024217523634,0.676566009875387,0.242646650178358,0.0610341955907643,0.340154183562845,0.01425805920735,0.823901339201257,0.407493653474376,0
0.625630765920505,0.352888331748545,0.456340030068532,0.846295166527852,0.189397392328829,0.364277029642835,0.476042685564607,0.182522972347215,0.841913466574624,0.542230034712702,0
0.300533313071355,0.0140781672671437,0.429299783194438,0.667231575353071,0.0559898426290601,0.322785362834111,0.354647495318204,0.327033595182002,0.408761504106224,0.23681358480826,0
0.459595536781894,0.276364049421344,0.992876710603014,0.851122895721346,0.593181725824252,0.8065071022138,0.0198615211993456,0.759914485970512,0.620177091099322,0.145414083264768,0
0.38032362004742,0.392167974030599,0.697366815293208,0.831598560092971,0.218953731702641,0.480500065721571,0.531633738195524,0.198676015716046,0.814503805479035,0.876345403725281,0
0.550660242792219,0.462655357317999,0.114445331972092,0.195965491700917,0.290592504432425,0.641098744003102,0.867509129224345,0.747610062360764,0.581187673145905,0.405262724496424,0
0.989762305049226,0.623935232870281,0.592609402956441,0.209853776730597,0.869135852670297,0.989329924341291,0.955503977835178,0.260482080280781,0.498977066250518,0.148497909773141,0
0.515832117060199,0.855285765137523,0.788703835336491,0.45965816732496,0.566246565431356,0.106023349100724,0.88652990735136,0.737070780014619,0.221830078167841,0.414590386906639,0
0.950860018814099,0.990257825316745,0.0220331531018019,0.836604308104143,0.44022324681282,0.662658544490114,0.0911745310295373,0.1472578861285,0.846775094978511,0.878550036344677,0
0.743670958196744,0.481358792396262,0.769922257401049,0.389120896346867,0.521319935563952,0.114196673268452,0.440983869833872,0.489418833982199,0.615279299905524,0.0783853239845484,0
0.236947186154406,0.159199481993844,0.300980686210096,0.363829390145838,0.771733244182542,0.590953037841246,0.769586540525779,0.680022548651323,0.271070201648399,0.28746915073134,0
0.159176595120924,0.22983835610426,0.120013993466273,0.281216068658978,0.0395692721940577,0.121560336323455,0.726451194612309,0.508188530569896,0.00851975474506617,0.453840276692063,0
0.0911213003564626,0.126056154258549,0.6902744716499,0.835868178866804,0.910463753622025,0.617586611304432,0.878658857662231,0.929704068694264,0.720921400701627,0.974748317152262,0
0.966187339043245,0.940827694023028,0.227644396014512,0.520079544046894,0.214638939360157,0.975312649738044,0.628212789073586,0.592749371891841,0.678868860471994,0.510248344391584,0
0.3046144915279,0.479994100518525,0.432140408083797,0.559489640872926,0.0548108429647982,0.311458953889087,0.09480573493056,0.712480656569824,0.0472332851495594,0.0952879595570266,0
0.0310286782565061,0.27159766815668,0.271491348510608,0.497145065572113,0.468814991181716,0.911326864967123,0.105168028734624,0.473887332947925,0.656366996467113,0.67693838942796,0
0.341677400283515,0.119205302326009,0.224139520199969,0.767939120996743,0.0285251508466899,0.231039448641241,0.933941452763975,0.251517435768619,0.437990029109642,0.641858001472428,0
0.335873196656629,0.27881534015201,0.533595841843635,0.468277242267504,0.226532403146848,0.513295209035277,0.49721465841867,0.243901180801913,0.469135115621611,0.127128541702405,0
0.597530486062169,0.461674286983907,0.250020141946152,0.643458042526618,0.909655133495107,0.485418701777235,0.248476070351899,0.804785829037428,0.164191102143377,0.653318534838036,0
0.244254158351338,0.228954438966699,0.330906654940918,0.570883722510189,0.67342592519708,0.21661633416079,0.749721191124991,0.404887970769778,0.913474247092381,0.442138096084818,0
0.500220252788859,0.44903863752766,0.691213516518474,0.613422135356814,0.480467372573912,0.998494544299319,0.599258906440809,0.194729519076645,0.788613790180534,0.0271204409655184,0
0.132522653626278,0.494969606429711,0.821846345672384,0.88609774550423,0.649350175168365,0.628297959454358,0.427622271468863,0.668924836441875,0.245980579173192,0.763851103605703,0
0.360785324310209,0.274548847603146,0.983841906534508,0.0603306686971337,0.497959302738309,0.109613175038248,0.956077766371891,0.175059841945767,0.941441203001887,0.196741060586646,0
0.782860919367522,0.871404381003231,0.328333857934922,0.0758528872393072,0.484509898116812,0.861470197094604,0.957803515717387,0.0811709722038358,0.908027968369424,0.89389667683281,0
0.757828355766833,0.616157539421692,0.351940127555281,0.911058095050976,0.0190246615093201,0.445462212432176,0.121677499031648,0.48497015517205,0.312339525902644,0.0548693181481212,0
0.527555187400431,0.386895685888082,0.384458711370826,0.769571557408199,0.994830074952915,0.279601045884192,0.502083010273054,0.998596646822989,0.994537421036512,0.6824110976886,0
0.335630026732665,0.215435468914057,0.0741650653071702,0.530296979937702,0.4268932742998,0.98284650221467,0.522112421924248,0.80229015997611,0.0328568301629275,0.148726485436782,0
0.601033200277016,0.269614043645561,0.0105557376518846,0.229987382888794,0.609923112438992,0.806018408155069,0.111032357206568,0.626838629133999,0.85057033598423,0.360467570833862,0
0.525191098218784,0.643806314561516,0.349008650518954,0.853696860605851,0.0815521883778274,0.58992614177987,0.979985687183216,0.850716003449634,0.61450735735707,0.0933927269652486,0
