"1","2","3","4","5","6","7","8","9","10","class"
0.547739952104166,0.11913384962827,0.781614997424185,0.938806543825194,0.872161629376933,0.609724119305611,0.0861486347857863,0.101640926674008,0.777070789830759,0.324181325966492,0
0.433934162836522,0.832101977430284,0.116462164092809,0.670290729030967,0.167268347926438,0.286801431095228,0.321840789401904,0.549526962218806,0.596064131008461,0.47402790794149,0
0.132844311941415,0.335014651066065,0.528905365848914,0.00850437814369798,0.127381682163104,0.651962370378897,0.461516620591283,0.706906639272347,0.0574974140617996,0.935003312304616,0
0.318674398586154,0.640504264738411,0.870546852238476,0.378668971126899,0.846470646327361,0.973703461000696,0.291784963803366,0.447405492886901,0.377812088001519,0.360185793600976,0
0.53165307509508,0.655606204628572,0.632415955653414,0.0317072020843625,0.423203295562416,0.0598999452777207,0.479467203607783,0.645107628544793,0.523727688239887,0.65601604571566,0
0.729946986306459,0.313461114419624,0.77281176741235,0.904195676324889,0.556307027116418,0.942382251145318,0.489209437742829,0.544981435639784,0.346780280349776,0.433345611440018,0
0.925124678527936,0.916689528385177,0.0255798283033073,0.397918693954125,0.0597712427843362,0.335516345920041,0.912912250962108,0.0820137839764357,0.853275778703392,0.951457145623863,0
0.899061334086582,0.730973987141624,0.966237649554387,0.0788242898415774,0.338894706685096,0.784331403439865,0.329936539521441,0.150023413356394,0.828985481057316,0.542709779459983,0
0.767669051652774,0.670113837346435,0.0562856735195965,0.940044994466007,0.167983944993466,0.161146377213299,0.206948640756309,0.249394676182419,0.033854192821309,0.552665711613372,0
0.737805708777159,0.853626249823719,0.680012558121234,0.544669654453173,0.196412872057408,0.957618555985391,0.522054325090721,0.616681184386835,0.157894045114517,0.870273153996095,0
0.74701500730589,0.474599631503224,0.591224288567901,0.341997775947675,0.098079530056566,0.365156722953543,0.255691990023479,0.134003340033814,0.626584801357239,0.0749862627126276,0
0.68843049230054,0.466021291678771,0.271607025526464,0.761691855965182,0.0734566252212971,0.817803218029439,0.385198919568211,0.171649917494506,0.0789429990109056,0.515053044771776,0
0.490788505179808,0.612834540894255,0.864420430501923,0.0855530858971179,0.00278989435173571,0.143620853079483,0.0963063740637153,0.293000190053135,0.267132489942014,0.272879293421283,0
0.794288302771747,0.744446243159473,0.406013966072351,0.724962709005922,0.0548098930157721,0.0105499301571399,0.576586293056607,0.633559187874198,0.375525923911482,0.492861313279718,0
0.839107677804679,0.676720823871344,0.680675240233541,0.92054824414663,0.186168327461928,0.921155133284628,0.373560425126925,0.978803843026981,0.683225043350831,0.136261210776865,0
0.108042694628239,0.534838984720409,0.701967709697783,0.190217653522268,0.801565065048635,0.657664198195562,0.777271834202111,0.991107130190358,0.783041096059605,0.97846627398394,0
0.491674485150725,0.138815223239362,0.252504480304196,0.0112085968721658,0.202337200986221,0.247461744118482,0.619644353399053,0.916885771322995,0.67123708804138,0.438714830670506,0
0.965569864725694,0.7448189787101,0.54623899795115,0.562838719924912,0.993578532943502,0.17689417838119,0.695853678975254,0.621720975497738,0.565137817524374,0.623934193747118,0
0.641262541292235,0.861864980077371,0.900965809123591,0.615634525427595,0.85517344600521,0.640032415976748,0.758893117774278,0.938918894156814,0.721765657654032,0.443351242225617,0
0.598004217026755,0.600253720069304,0.542180824792013,0.842143298825249,0.692891259910539,0.97693240060471,0.95416100253351,0.934939777478576,0.747627365635708,0.223082930315286,0
0.544694989221171,0.457894582301378,0.660702698398381,0.937191212782636,0.0711398406419903,0.717958321562037,0.844402743969113,0.511064988328144,0.695657607167959,0.113140880130231,0
0.846449179603252,0.629109694001265,0.511915592243895,0.540863223606721,0.602934404509142,0.803348268382251,0.974517866969109,0.676751583814621,0.533541583223268,0.811756575480103,0
0.238939718123898,0.315451140091941,0.421533131739125,0.161430249689147,0.108277512481436,0.794436312047765,0.311063410481438,0.984845579834655,0.967856792733073,0.000564433867111802,0
0.759084652876481,0.930997197516263,0.205738594289869,0.078222228679806,0.508204497164115,0.472207691753283,0.882534745382145,0.893532758345827,0.6787119503133,0.497709703166038,0
0.801373267546296,0.718733354005963,0.49290600256063,0.562159105669707,0.331318809418008,0.364194404799491,0.0683125157374889,0.188438703073189,0.197156474692747,0.725557800149545,0
0.0733355479314923,0.392435919959098,0.447101600700989,0.732932799262926,0.666193579090759,0.976336761610582,0.804568426217884,0.54182734969072,0.00320677692070603,0.790100757265463,0
0.537624158198014,0.863854406634346,0.303959670942277,0.411083435639739,0.706786098424345,0.455855911131948,0.4222506810911,0.215839704731479,0.140361333498731,0.350800508400425,0
0.774566898588091,0.59147611563094,0.327049529645592,0.652882206486538,0.10197781259194,0.782167910132557,0.17977530695498,0.629736600909382,0.756656178273261,0.503079935908318,0
0.365238472586498,0.409965520026162,0.738026672741398,0.956446988740936,0.866655141813681,0.888009580550715,0.482318411814049,0.160352530190721,0.144488244783133,0.322005193680525,0
0.0999055183492601,0.0493414604570717,0.233947959030047,0.672472855541855,0.243520058458671,0.472535058157519,0.464335734955966,0.574031681055203,0.612981414189562,0.711748362518847,0
0.11946734203957,0.223460695706308,0.748178816167638,0.19394399272278,0.512497222283855,0.703951078932732,0.663016330217943,0.0507917867507786,0.51417940412648,0.435645513003692,0
0.38219081168063,0.433977042790502,0.791177414357662,0.11048162728548,0.889274246059358,0.952928979415447,0.280310238013044,0.627786503871903,0.34743474656716,0.549952270230278,0
0.208331153029576,0.269138788571581,0.202915545087308,0.673177640652284,0.306606295751408,0.761820534942672,0.0331235630437732,0.257671045139432,0.645384286530316,0.178289059083909,0
0.669080330276489,0.42099779318478,0.340385814430192,0.916136063169688,0.886689911596477,0.146229431265965,0.28928810916841,0.359818554017693,0.996173124061897,0.838895047083497,0
0.0757828514371067,0.191203473922983,0.622476280434057,0.292775650275871,0.96533318515867,0.0123615607153624,0.539630398387089,0.829037783900276,0.958757905755192,0.561641519190744,0
0.516893845517188,0.485437997151166,0.328485684935004,0.675616085762158,0.988836706150323,0.559440152952448,0.875702179968357,0.948709847871214,0.143421784276143,0.242501687025651,0
0.635704274754971,0.79569609160535,0.428315886063501,0.663652874762192,0.623182527953759,0.909676670329645,0.796072284225374,0.0298013368155807,0.0567324906587601,0.464141690405086,0
0.640726004791725,0.750545071689412,0.00168178649619222,0.806957787135616,0.508863200200722,0.323346388991922,0.317323317518458,0.985520773101598,0.145729849813506,0.194455259246752,0
0.535744228633121,0.631586465984583,0.355654627783224,0.412123114801943,0.0438416693359613,0.774741299450397,0.602362284203991,0.904894423671067,0.665776163106784,0.950259648961946,0
0.499221202684566,0.713590040802956,0.725126360543072,0.701339514926076,0.993855263339356,0.443141407100484,0.744960937881842,0.325876685092226,0.261612877016887,0.588757247198373,0
0.554620812181383,0.70634649368003,0.713745806366205,0.919112299801782,0.86422132444568,0.841630460461602,0.416765144094825,0.802171950228512,0.0170839501079172,0.406372270546854,0
0.586627237964422,0.992867797380313,0.901431398000568,0.170306146843359,0.0402347673662007,0.507197473663837,0.963671869132668,0.371446279808879,0.897146200761199,0.798690743977204,0
0.436645798617974,0.317098380764946,0.606167064281181,0.54455739329569,0.115037233568728,0.0492335930466652,0.121900518191978,0.630445826565847,0.938259820220992,0.157653552712873,0
0.443648991174996,0.651053802110255,0.89248556480743,0.748955439543352,0.263107794569805,0.606644230661914,0.27974253706634,0.130467171780765,0.0444330510217696,0.805613994365558,0
0.811221807030961,0.39840804762207,0.05886653624475,0.209641672903672,0.696176585042849,0.244629671797156,0.127810746664181,0.531172509072348,0.175580005859956,0.235884405905381,0
0.927666188892443,0.574434057299979,0.0160529382992536,0.70263387192972,0.01965516153723,0.978444489883259,0.905335817486048,0.723420560359955,0.23295217519626,0.0552997384220362,0
0.323675252031535,0.357343574054539,0.624303623102605,0.55221996596083,0.909494819352403,0.371758217224851,0.200269419699907,0.572609434137121,0.861315636429936,0.962934609502554,0
0.290489373151865,0.387023899296299,0.468981305835769,0.323027272010222,0.259782901732251,0.22904320131056,0.633980082115158,0.665673591196537,0.922739308793098,0.17366878897883,0
0.977902823127806,0.579779993975535,0.412893182132393,0.15901800733991,0.481311454670504,0.529359815176576,0.752902850275859,0.0293103568255901,0.281489299377427,0.581781791523099,0
0.163370747023076,0.378251646141522,0.659753056010231,0.947041404666379,0.147834825096652,0.902789431856945,0.385962501866743,0.337415890302509,0.14427667716518,0.736870815744624,0
0.662095746258274,0.296155982185155,0.830757670337334,0.963947532465681,0.551125780912116,0.79284844128415,0.60858794208616,0.893915321910754,0.486524995183572,0.439886365318671,0
0.271649627934117,0.161857270726375,0.323861628305167,0.299145980738103,0.0436766573693603,0.548695424571633,0.517178932437673,0.710517514962703,0.927516383351758,0.908496254356578,0
0.13416756154038,0.528441151836887,0.814092697808519,0.519026507157832,0.874457736732438,0.625537177082151,0.583826546557248,0.44000429334119,0.0784355325158685,0.630103181581944,0
0.610833528679423,0.586711680079065,0.86027941503562,0.157865215325728,0.418271786300465,0.470556770218536,0.623186223208904,0.562601613346487,0.158212514594197,0.294649229617789,0
0.420450592214614,0.265329388679564,0.335395126836374,0.621399049879983,0.396895476384088,0.697654261020944,0.47368075279519,0.88449420966208,0.893052618019283,0.799313339404762,0
0.43156034569256,0.532195238629356,0.613885188242421,0.790867877425626,0.511853064410388,0.664821291575208,0.87029693624936,0.0812251418828964,0.273624569410458,0.966530041769147,0
0.384092714404687,0.287882036296651,0.939652831526473,0.308918068418279,0.327864979626611,0.608577130828053,0.617716618580744,0.515203289920464,0.336492627160624,0.859161289641634,0
0.394418922020122,0.430014135316014,0.654927521245554,0.619469690835103,0.770565418992192,0.930290474323556,0.175737278768793,0.618004873394966,0.137707467190921,0.574115507304668,0
0.571071246173233,0.80358193651773,0.573156583122909,0.123800172703341,0.312423874856904,0.261197072220966,0.483169266721234,0.810027414700016,0.616467768559232,0.89661476877518,0
0.379486455814913,0.00403012637980282,0.726344902766868,0.0715875246096402,0.661639726953581,0.907155746594071,0.0858817219268531,0.402623864356428,0.259153375402093,0.596688331570476,0
0.141178321558982,0.205473572015762,0.468339789658785,0.181033840868622,0.31833927356638,0.638808856718242,0.151592819020152,0.380081249400973,0.904136872384697,0.929632163839415,0
0.817085669235606,0.631788495194819,0.458025330444798,0.707480853656307,0.443333156872541,0.274272426264361,0.290904669091105,0.427978019695729,0.0962202923838049,0.635574435349554,0
0.315432807896286,0.43667260161601,0.902103843865916,0.319527931744233,0.201242838986218,0.355436502024531,0.328934279736131,0.229689912637696,0.559608005452901,0.98117042100057,0
0.674833339599706,0.561497285693884,0.88681635260582,0.625676759984344,0.941143358126283,0.983817059313878,0.090255475603044,0.0132186016999185,0.471079138340428,0.254483630880713,0
0.396460751596466,0.215745377168991,0.0418596449308097,0.834168612025678,0.793334581423551,0.473327522864565,0.49789246590808,0.235045566922054,0.888300414662808,0.049269390758127,0
0.865123444003984,0.862822365714237,0.410391530254856,0.6351377395913,0.0172618427313864,0.14068982983008,0.951914130244404,0.889696502592415,0.120479421457276,0.884805468609557,0
0.742194833086804,0.565643448175862,0.45292711048387,0.563561829505488,0.411493772407994,0.402689636452124,0.640669957734644,0.405203556409106,0.500874328892678,0.809752574190497,0
0.458096968475729,0.105444836197421,0.143772767856717,0.747444710927084,0.583567398134619,0.573142183944583,0.286184195894748,0.71093051508069,0.321470897411928,0.650623442139477,0
0.928004197077826,0.653135053580627,0.951688887784258,0.458042062586173,0.386230250122026,0.421202970668674,0.934727553511038,0.513426622143015,0.931270429631695,0.335048008710146,0
0.764487978693377,0.826301570975129,0.276778349652886,0.766670639859512,0.243257001508027,0.53086772467941,0.0679818622302264,0.997041034745052,0.42210652353242,0.461928106611595,0
0.485081677092239,0.514515178045258,0.562001695623621,0.40989187033847,0.614899117965251,0.938599859597161,0.498405943391845,0.467307686572894,0.940479231067002,0.367425952805206,0
0.766849809093401,0.487023196881637,0.496524896007031,0.0191909749992192,0.617289253743365,0.130381182068959,0.874343430157751,0.0908561265096068,0.0530839716084301,0.405014537973329,0
0.50117329945229,0.346213494966552,0.646206372184679,0.480356624815613,0.273547287099063,0.523517535999417,0.466496746754274,0.470536676002666,0.397857248550281,0.0407830243930221,0
0.805982787162066,0.91209299210459,0.212461394025013,0.854396420763806,0.823984534014016,0.0379362544044852,0.430701732402667,0.720955813070759,0.996898279991001,0.358407072490081,0
0.467556806979701,0.34014038159512,0.0209220501128584,0.13896555127576,0.244395885849372,0.367358314571902,0.665726107778028,0.144135150127113,0.398728077998385,0.0546347517520189,0
0.121728805592284,0.358550264500082,0.0640775596257299,0.687253910116851,0.832933923695236,0.500618933932856,0.680093551054597,0.0264684564899653,0.773839587811381,0.75561351981014,0
0.916928292950615,0.572956275427714,0.975869636284187,0.150299539323896,0.731745362980291,0.582776726456359,0.551635071169585,0.437292188638821,0.212003903230652,0.413994448492303,0
0.59723728406243,0.370873260777444,0.633590345969424,0.339468784164637,0.162369857775047,0.151252316543832,0.476380137493834,0.472533245338127,0.155208454234526,0.825310563202947,0
0.123568759454414,0.637199978811666,0.256310032214969,0.627958995755762,0.428742024116218,0.397189525654539,0.00726273260079324,0.520200127037242,0.936614163452759,0.598741955123842,0
0.11569709706204,0.48737438297011,0.79539066250436,0.585175436688587,0.788850903045386,0.855107844807208,0.0174035145901144,0.00139389303512871,0.562157031381503,0.242634917609394,0
0.801598456688225,0.670611093752086,0.891797130461782,0.442946996539831,0.0139313205145299,0.826751303160563,0.35733332275413,0.131887841969728,0.129185502883047,0.718994313850999,0
0.538713087719586,0.124066582477372,0.79394093900919,0.651004289509729,0.84061750723049,0.145780488848686,0.56578350905329,0.70070536271669,0.56084393337369,0.551083473023027,0
0.680456357076764,0.619694534223527,0.875016023870558,0.666925677563995,0.557169287931174,0.961593188345432,0.73200429813005,0.802754788659513,0.692542248405516,0.613997130654752,0
0.314061168581247,0.580683193169534,0.364233783446252,0.171259820694104,0.97281249333173,0.706594906514511,0.983714675996453,0.200452683260664,0.178438900504261,0.890143929980695,0
0.315922053996474,0.637559707742184,0.297825792338699,0.286139173898846,0.728453510208055,0.263855176279321,0.729126831283793,0.0758275261614472,0.288292822660878,0.556574057787657,0
0.482701532309875,0.676487284945324,0.996221230365336,0.283247404033318,0.585830308496952,0.814761585555971,0.938739798730239,0.5359647043515,0.846879518358037,0.0820136149413884,0
0.34095222176984,0.402553000487387,0.972691312199458,0.841680964687839,0.66593709634617,0.560875226743519,0.702525105793029,0.320443226955831,0.738318128976971,0.0137141696177423,0
0.777155120116938,0.942614643700141,0.225979725597426,0.952103462070227,0.490040754666552,0.06547324010171,0.540567807620391,0.838117011124268,0.213046896271408,0.528751628706232,0
0.59123615315184,0.313585872761905,0.268993370002136,0.0853183586150408,0.863529404858127,0.725581821287051,0.035749847535044,0.719842597842216,0.525661537889391,0.0935118345078081,0
0.109572915448248,0.412359804814402,0.369994085282087,0.624034001724795,0.757351949810982,0.900236623594537,0.22989323339425,0.317700751591474,0.418550906470045,0.629050739575177,0
0.0300239955540746,0.998143171658739,0.84019161737524,0.180717179086059,0.247546205762774,0.664295332040638,0.554051994811743,0.296889354474843,0.299323778832331,0.0756442358251661,1
0.60258485423401,0.242168109398335,0.844360301271081,0.584389916621149,0.808118192711845,0.290174740599468,0.2781947623007,0.0182102487888187,0.931178160011768,0.898740791948512,0
0.391772479051724,0.0642412526067346,0.258755867835134,0.237747406819835,0.858023898676038,0.879045172128826,0.757582812802866,0.917227558093145,0.698895065346733,0.536341325379908,0
0.351164138546493,0.529758143703919,0.570395861752331,0.689167197560892,0.864490449195728,0.612269827630371,0.230742146493867,0.446070357225835,0.861338364658877,0.635750252520666,0
0.278905585408211,0.0669871342834085,0.0431043016724288,0.0811655477155,0.150067476555705,0.493391139898449,0.0178847019560635,0.285625140415505,0.511050419183448,0.349184449063614,0
0.793834085576236,0.480838425923139,0.654903185088187,0.350537656806409,0.407937539042905,0.143961468944326,0.725087615894154,0.383212466258556,0.240402293158695,0.65781504008919,0
0.0691979823168367,0.465830920264125,0.98241370706819,0.694570914143696,0.585892406059429,0.459045290481299,0.0139397175516933,0.548800616525114,0.532843756489456,0.378447078168392,0
0.168015782954171,0.489804239477962,0.00474829832091928,0.620798294898123,0.153508682968095,0.995400954270735,0.413051275070757,0.424157147062942,0.935074684210122,0.933369907550514,0
0.318281138082966,0.126878277631477,0.151826477376744,0.495223682839423,0.362520681926981,0.977411762345582,0.199582519941032,0.926049341214821,0.110075865639374,0.81881405110471,0
0.589520128643047,0.712818015408795,0.557665239786729,0.311121655628085,0.853761521400884,0.806079807924107,0.443910940783098,0.159981409087777,0.52603346738033,0.879259497625753,0
