"1","2","3","4","5","6","7","8","9","10","class"
0.481650489382446,0.412083399714902,0.698801964288577,0.633324247319251,0.883141758618876,0.555491878651083,0.291921733180061,0.293606023769826,0.46908153174445,0.0444150916300714,0
0.486747632831894,0.284411184162274,0.58948413701728,0.803342722123489,0.504368160385638,0.468855743063614,0.542506622849032,0.207471968140453,0.557228872552514,0.563507659360766,0
0.381625649992004,0.609567955851927,0.647543944884092,0.482766742352396,0.438038063468412,0.322852348443121,0.198421110399067,0.142540336586535,0.215701366309077,0.717301726574078,0
0.0997674281243235,0.152982790023088,0.107314002932981,0.0275591753888875,0.810627164784819,0.820122361648828,0.542192123830318,0.662118475651368,0.28659270144999,0.367498031817377,0
0.797777293715626,0.791946762707084,0.670385922538117,0.563211679924279,0.00782344304025173,0.820733675966039,0.878160278778523,0.765983719145879,0.690156294032931,0.797227934701368,0
0.660165362525731,0.537388304248452,0.964773773681372,0.394824440125376,0.7967070764862,0.927037910325453,0.646775579778478,0.540955361677334,0.0360620489809662,0.598898102529347,0
0.572906017704308,0.617973906958103,0.41385018476285,0.716372215654701,0.54786876658909,0.20144911762327,0.696803917642683,0.531683353474364,0.0589029751718044,0.341778070433065,0
0.795451382175088,0.980909464647993,0.321453718701378,0.783619409194216,0.271260382607579,0.0140754387248307,0.65578023577109,0.178881065454334,0.18131874431856,0.628804161446169,0
0.401986506940238,0.416386073407903,0.209097744664177,0.752664299448952,0.907369695603848,0.774034016299993,0.76924561499618,0.115437036613002,0.293133541708812,0.26126105687581,0
0.417761407272238,0.44444529801514,0.874931175727397,0.648299351800233,0.986893414286897,0.0385027308948338,0.351472630398348,0.855373930884525,0.74078334774822,0.565382911358029,0
0.409810917126015,0.17991296431236,0.725360074080527,0.913424827624112,0.303813752485439,0.536206033313647,0.676674543647096,0.448272170266137,0.132696067914367,0.161039672559127,0
0.377340917242691,0.284568053437397,0.555649997899309,0.627432814100757,0.420763386646286,0.307303539011627,0.253196700941771,0.991373460972682,0.255947724916041,0.122072840807959,0
0.557269119128957,0.693848260756396,0.600637207273394,0.129431330831721,0.0370955634862185,0.540949910646304,0.0519564005080611,0.0700191555079073,0.628634993219748,0.835896857315674,0
0.652196192251705,0.599767576769181,0.430990579305217,0.620475558098406,0.594431658508256,0.0430371169932187,0.104451176244766,0.700170201249421,0.502705747727305,0.705549464328215,0
0.831234102806822,0.858272650999203,0.465621315641329,0.45308468863368,0.0986534545663744,0.243915526894853,0.728518706280738,0.303942761616781,0.779525913763791,0.198912270599976,0
0.2886461855378,0.398695166222751,0.034697133814916,0.813890971010551,0.160304956138134,0.771707792300731,0.102463663322851,0.107242195401341,0.191174668259919,0.17622456047684,0
0.266653365455568,0.25601344415918,0.74006963474676,0.0861311173066497,0.591557055246085,0.567653661128134,0.554314599838108,0.0460445657372475,0.41380489920266,0.88107925769873,0
0.163858239771798,0.118158850120381,0.455172536661848,0.674848866416141,0.0554155355785042,0.79648677399382,0.747974940342829,0.113698157481849,0.0177443590946496,0.0314094212371856,0
0.495406011680886,0.663408311647177,0.234155711252242,0.885864198673517,0.133632843149826,0.918172848410904,0.542898118495941,0.494181572925299,0.984389949124306,0.89412817847915,0
0.169561705403309,0.325229764928948,0.139728873269632,0.83091332227923,0.55918691935949,0.343777608126402,0.240090351551771,0.966789502184838,0.31422017654404,0.614240250783041,0
0.0147458884967491,0.224014003857039,0.867025164887309,0.945652942173183,0.141577873844653,0.773836900247261,0.180620622821152,0.718387261033058,0.857896942412481,0.395351200830191,0
0.784067798355594,0.831031000353768,0.158585999626666,0.862870102049783,0.050622224342078,0.680424091871828,0.266573196044192,0.498388758627698,0.522361614741385,0.199787607882172,0
0.44757282881327,0.207014105728641,0.827945280587301,0.849609769647941,0.365422248374671,0.710496752755716,0.164109065197408,0.568801429355517,0.685619700467214,0.856400971068069,0
0.275107080527488,0.314516391388327,0.809064722154289,0.833708393853158,0.0164606217294931,0.239410125184804,0.847110107541084,0.401750196702778,0.761592081747949,0.676379586569965,0
0.929308608660661,0.866372011884674,0.192206616979092,0.706334316870198,0.737658283207566,0.696822048863396,0.44839157233946,0.0306642351206392,0.35365558671765,0.0917880767956376,0
0.351145223947242,0.467746625654399,0.423034563427791,0.0382978483103216,0.510322112822905,0.508174791000783,0.612465989077464,0.467095713829622,0.255638182396069,0.770591408479959,0
0.137369795788452,0.0391982724145055,0.10072178277187,0.912372288992628,0.577479438623413,0.0467847571708262,0.582527533406392,0.415674441494048,0.490812618983909,0.159324679756537,0
0.650833604394365,0.763230556391925,0.0844374755397439,0.296962164808065,0.6824449847918,0.721727980533615,0.207780039636418,0.508893058402464,0.0709731234237552,0.933126841206104,0
0.0554033177318052,0.115062924302556,0.823890290688723,0.262424195418134,0.719258030876517,0.423259093891829,0.230226759333163,0.892353695584461,0.856972016161308,0.955847523640841,0
0.875866901319101,0.796321406683885,0.702412100275978,0.508662126259878,0.155485766474158,0.402777546783909,0.860028627794236,0.30254387925379,0.281373158330098,0.816699460148811,0
0.0149402758106589,0.158852228429168,0.118630951270461,0.992040988756344,0.39801805652678,0.147032471606508,0.916959646856412,0.481654691044241,0.986261946614832,0.0176811567507684,0
0.281862157629803,0.480412050150335,0.996388487983495,0.462900371057913,0.958125946111977,0.0697900208178908,0.875608663540334,0.308775855228305,0.634321772027761,0.205212896224111,0
0.40750136191044,0.440766735819168,0.83277093898505,0.912860214710236,0.041185111971572,0.591007448500022,0.986464526969939,0.243368108989671,0.776247759815305,0.988812752068043,0
0.183860644930974,0.282218028791249,0.81616896786727,0.376895500579849,0.388943767175078,0.696685375645757,0.0810970372986048,0.52224008156918,0.192305211210623,0.0766381621360779,0
0.78559716059491,0.841269166373461,0.263887629844248,0.524927355116233,0.869429408339784,0.841735388152301,0.689804270863533,0.581103069474921,0.42469663429074,0.850337163545191,0
0.0302228861316107,0.00821476331632584,0.770357474917546,0.348070161417127,0.179043635260314,0.359168898314238,0.936798612819985,0.318596472963691,0.953632534714416,0.784524776507169,0
0.462394835893065,0.573874822119251,0.534662298392504,0.483244074042886,0.683362122625113,0.275517505593598,0.880890687927604,0.010797587223351,0.231910053873435,0.833873379975557,0
0.661760115638003,0.621407495186292,0.976274979067966,0.0745618427172303,0.295035051880404,0.71738454606384,0.263677316484973,0.5584004833363,0.615436981664971,0.358139466959983,0
0.854668903397396,0.959098529769108,0.589308310300112,0.0579982607159764,0.914037059061229,0.089500823058188,0.712342637823895,0.122437971876934,0.131301413057372,0.170043542282656,0
0.460164150688797,0.563082162057981,0.552568311570212,0.288535877829418,0.606680903118104,0.683354570996016,0.52271299995482,0.257191087119281,0.755395766580477,0.869755340507254,0
0.0514825782738626,0.234994988888502,0.710428396938369,0.236160036176443,0.107222640654072,0.731093015288934,0.301407126709819,0.194875974673778,0.862250476842746,0.485800180351362,0
0.856537285098713,0.806525571435783,0.852488343603909,0.338277160422876,0.185694205341861,0.46960878605023,0.362757719587535,0.335340274730697,0.489053648198023,0.838495580013841,0
0.784690397558734,0.793002979131415,0.764898371184245,0.150790244573727,0.473894115770236,0.908840898424387,0.289799240650609,0.168878181371838,0.679509713780135,0.427650198107585,0
0.20814399432661,0.13627589099519,0.893468401161954,0.473798417020589,0.839385229162872,0.727912682807073,0.0922100238967687,0.947442648699507,0.160586661659181,0.991165310144424,0
0.853719508973882,0.791580733144656,0.917151213623583,0.919536109548062,0.676046087173745,0.0441905884072185,0.762191569199786,0.500954176299274,0.135304077528417,0.647090409183875,0
0.652574647956993,0.681096644994803,0.206998542416841,0.515223019290715,0.505976475775242,0.88659937819466,0.403135925764218,0.395776527700946,0.38819664856419,0.543563534040004,0
0.816381698812917,0.889869863976911,0.591187194688246,0.598795718280599,0.995114506687969,0.899818191304803,0.0119888542685658,0.488768982933834,0.55803163535893,0.790396198397502,0
0.82698427846143,0.843363504362479,0.393936843378469,0.395305110607296,0.204745928524062,0.254334521712735,0.859692169353366,0.0395849372725934,0.396728018764406,0.291028760140762,0
0.142039194470271,0.100375834386796,0.00247505446895957,0.322065130807459,0.116313570411876,0.869038544828072,0.704030463472009,0.55156352580525,0.242157841101289,0.528126183664426,0
0.230109627188835,0.232430317845382,0.699174320092425,0.0981634480413049,0.34677187516354,0.451676023425534,0.615062755299732,0.91734073497355,0.910396547988057,0.221930363448337,0
0.142597897797823,0.238191917669028,0.446210981812328,0.00375986588187516,0.796679078135639,0.821316065499559,0.550726359244436,0.195141832809895,0.203764828620479,0.719718667911366,0
0.484556056928914,0.623179222699907,0.865504465531558,0.81790588167496,0.980169958434999,0.691628935048357,0.386918685864657,0.290403774240986,0.829040305688977,0.830079945968464,0
0.813460255123116,0.85157338658087,0.704030150314793,0.154818235663697,0.645468722330406,0.572589991614223,0.873882527928799,0.97737979888916,0.773787307087332,0.352749437093735,0
0.0754275508224964,0.110248420154676,0.788617689162493,0.79996813647449,0.112905875081196,0.00876788282766938,0.869419637368992,0.839971750741825,0.187476180261001,0.171590361976996,0
0.665505022043362,0.474883341463283,0.737887718481943,0.719539233017713,0.796535979490727,0.854790147161111,0.73364223795943,0.768903188640252,0.981139602605253,0.244387259008363,0
0.96883384865243,0.973674505849835,0.792885660892352,0.466883388580754,0.244746902491897,0.0230586698744446,0.0207140396814793,0.593859464628622,0.0583750738296658,0.432249003089964,0
0.222123788395524,0.10201258809194,0.502762782387435,0.225314828567207,0.934660681290552,0.0953326020389795,0.731800125911832,0.478374542668462,0.886219244450331,0.858122537843883,0
0.800724553149939,0.690685151828267,0.76143032242544,0.568433929700404,0.430096373194829,0.734124511945993,0.0502969233784825,0.946739373961464,0.965644454816356,0.846349868690595,0
0.262377154547721,0.426012381911278,0.854344006860629,0.349258975824341,0.384579055244103,0.584587969817221,0.116518067661673,0.615192119032145,0.702613858738914,0.612656767712906,0
0.794464837294072,0.826237667817622,0.781109698116779,0.804277478251606,0.500998906325549,0.350158753339201,0.264134939527139,0.466412127017975,0.208305375417694,0.575400257948786,0
0.406396794715896,0.547030900231563,0.866242130519822,0.469966316595674,0.00626301462762058,0.686651687370613,0.401086365571246,0.217958369525149,0.269950193352997,0.945585832931101,0
0.920254293137789,0.90394181380365,0.224483570782468,0.967000036733225,0.810940505703911,0.457123389001936,0.381418294506148,0.601407852955163,0.853444184176624,0.0272090232465416,0
0.143727001695335,0.152246939222515,0.602510389639065,0.692288006888703,0.232119464548305,0.00208635325543582,0.448998805135489,0.560223771026358,0.662198675330728,0.0381643227301538,0
0.49022657639375,0.696918488520198,0.0882159504108131,0.374123187037185,0.116859500063583,0.46789709944278,0.817653908161446,0.986612525768578,0.0263069411739707,0.19209724618122,0
0.177835161739774,0.167567791613005,0.725197448628023,0.445604969514534,0.704732594080269,0.599943527951837,0.0289666063617915,0.528269797796384,0.0936481587123126,0.024508916772902,0
0.738050333922729,0.614224060671404,0.921681608073413,0.317907369695604,0.779028685064986,0.300789179513231,0.210330046713352,0.189757812768221,0.0179049063008279,0.664322298951447,0
0.0224024896122515,0.0905599759876728,0.0915148488711566,0.0562133747152984,0.818103646626696,0.599524470977485,0.837174473563209,0.659543186426163,0.180297837127,0.141939346678555,0
0.110201074688602,0.138800848862901,0.727380306692794,0.174260641215369,0.0114761285949498,0.258337795734406,0.571637239307165,0.880015826784074,0.729733288753778,0.719315691385418,0
0.771186069818214,0.940417953534052,0.467014385620132,0.181518231285736,0.00904261623509228,0.601168593158945,0.639883732656017,0.658126861788332,0.293037422932684,0.505366310710087,0
0.520156381186098,0.504090468166396,0.270723378052935,0.484043420990929,0.997789704240859,0.691061442252249,0.98239689017646,0.907561471685767,0.435862829210237,0.825871302280575,0
0.902322463959455,0.762855367679149,0.523177758790553,0.412511529400945,0.49547450686805,0.978438937105238,0.0619700783863664,0.432147297076881,0.50051276688464,0.0713159907609224,0
0.358591647427995,0.40199057890987,0.945055831689388,0.60134149203077,0.718472850276157,0.738642659271136,0.967893726658076,0.728149400325492,0.322108465246856,0.283008036203682,0
0.241964116459712,0.401568933855742,0.344074243912473,0.975821463624015,0.134675661800429,0.351694620214403,0.873713806504384,0.852673872606829,0.280149329686537,0.38092768471688,0
0.849659456172958,0.737713938811794,0.293644865276292,0.849640806205571,0.429200476268306,0.572248122654855,0.788031880976632,0.203893481055275,0.596420568414032,0.689917466370389,0
0.501513453898951,0.683112307684496,0.444672181271017,0.0183156123384833,0.35753074940294,0.557780149159953,0.846052013803273,0.81248643854633,0.15667786821723,0.127689614892006,0
0.719494902344886,0.553381056573708,0.671448656124994,0.209023581817746,0.77261442411691,0.917139537166804,0.389836037997156,0.865268021821976,0.012167603475973,0.349146233871579,0
0.52121614292264,0.432523851282895,0.767434392357245,0.000675008865073323,0.497217054944485,0.73601478501223,0.338549986481667,0.428063140250742,0.886422750307247,0.0136963839177042,0
0.413489673218504,0.559265359143261,0.502094655763358,0.582948529161513,0.298103459412232,0.0934468733612448,0.565278923371807,0.478013112209737,0.896033411845565,0.0720239765942097,0
0.841059522737935,0.867669947167113,0.75170306651853,0.33363909740001,0.651553037809208,0.750709361629561,0.137568968813866,0.809888790594414,0.803486019140109,0.534731491934508,0
0.778574288568273,0.901786452888604,0.129533973755315,0.242667458485812,0.552316459361464,0.460592916002497,0.408237115945667,0.53243243182078,0.278819695813581,0.389003612333909,0
0.900015904037282,0.935649811413139,0.478436091449112,0.711947343079373,0.666587220272049,0.574114558519796,0.99946785881184,0.231408004881814,0.326003002468497,0.469083416741341,0
0.368752926032804,0.348251105017215,0.851548329694197,0.81580634531565,0.169374686898664,0.923222059151158,0.429518869146705,0.86864743498154,0.510926970979199,0.496316847857088,0
0.562777803046629,0.637809734558687,0.436747054569423,0.879071017028764,0.963514735922217,0.751029172213748,0.204416431719437,0.683764386922121,0.543477712199092,0.0121368141844869,0
0.563089616563823,0.728503654806688,0.461303816176951,0.677769049070776,0.858320043422282,0.0108095456380397,0.467918485635892,0.310921546537429,0.216131949797273,0.936915052589029,0
0.29956989781931,0.453564838273451,0.973891416331753,0.735645171487704,0.661904960172251,0.928548106690869,0.522969934390858,0.756068565882742,0.811695381533355,0.335600707912818,0
0.154201717348769,0.327248806366697,0.587588723981753,0.310708679258823,0.546023772796616,0.790755789494142,0.147771642776206,0.302613436244428,0.649204376153648,0.969862339552492,0
0.159225491341203,0.560782614862546,0.798925199080259,0.291123126866296,0.610909510869533,0.680445921374485,0.844050671905279,0.208470315672457,0.763509746873751,0.331867851316929,1
0.774123431544844,0.791309494662937,0.0478514153510332,0.649971433216706,0.317959357285872,0.449117798591033,0.0300096597056836,0.245235091540962,0.470269650220871,0.304079673951492,0
0.200003993770108,0.192772040897422,0.793197648599744,0.669717096723616,0.595645374152809,0.47139334352687,0.579861065838486,0.48029375099577,0.0510708063375205,0.263358411146328,0
0.247656035702676,0.252617626916617,0.000363856321200728,0.71258646575734,0.594146751100197,0.740570205962285,0.489738109288737,0.652027534553781,0.210626129526645,0.477259876672179,0
0.514124243529513,0.569717704722658,0.0725084049627185,0.671012005303055,0.322517657652497,0.168394625652581,0.91691775736399,0.61465524835512,0.20788762671873,0.0639183581806719,0
0.314673747892212,0.157467228242196,0.869496599305421,0.0440083930734545,0.926468399353325,0.425737363751978,0.647646672558039,0.594771285541356,0.351884681498632,0.728754825191572,0
0.55965273692999,0.538902704919875,0.0554999152664095,0.58716328907758,0.15678586345166,0.748139534378424,0.837214309722185,0.625959348399192,0.933314610272646,0.569000200601295,0
0.435990335186943,0.412891946732998,0.777533255750313,0.941366184037179,0.197391248773783,0.979089913656935,0.697105849627405,0.772197028854862,0.727481168229133,0.774134925799444,0
0.765017634956166,0.752950671827421,0.59578332840465,0.692116210702807,0.818109261570498,0.764047475531697,0.955921775428578,0.203356839483604,0.980173345655203,0.878917162539437,0
0.823732668762561,0.713172234302387,0.0259631245862693,0.264060955727473,0.0900874137878418,0.214080114848912,0.0163406394422054,0.399839096469805,0.493390415329486,0.200959058944136,0
0.310398679909855,0.415569216886908,0.819356827065349,0.74710593232885,0.649340957868844,0.197821080219001,0.976051469100639,0.789700984722003,0.37014546408318,0.17961360164918,0
0.312689625192434,0.228454533731565,0.0104759384412318,0.13442711555399,0.281022626906633,0.886525647947565,0.422297266079113,0.230264991521835,0.323880316223949,0.36942362668924,0
0.0366056442726403,0.0889684716239572,0.37267013033852,0.335550081683323,0.504571357741952,0.95625599543564,0.505967752076685,0.0687356321141124,0.247441461775452,0.81188704050146,0
0.513904751347285,0.552136146817729,0.308208724483848,0.1232357067056,0.896484106546268,0.374402216402814,0.437296326737851,0.0901220093946904,0.441888293251395,0.752595177618787,0
