"1","2","3","4","5","6","7","8","9","10","class"
0.1365726892557,0.354231186588295,0.576438687508926,0.979189837351441,0.686889462638646,0.104359454708174,0.7789968973957,0.42049709497951,0.0146226272918284,0.71517697442323,0
0.958759559451323,0.890958859178331,0.847289342200384,0.863715101964772,0.476902072317898,0.2408385660965,0.0886558997444808,0.626234632218257,0.260700504761189,0.419603830901906,0
0.286413225602731,0.228874831335992,0.490780978696421,0.959043683949858,0.182899196166545,0.140632551396266,0.702391990926117,0.354856818681583,0.394958871183917,0.12056863727048,0
0.40678778802976,0.484843565616757,0.221087977522984,0.660004501231015,0.736164927016944,0.9046030563768,0.93484520399943,0.764973809942603,0.0380983194336295,0.419588515534997,0
0.269269073149189,0.340348859550431,0.812366202706471,0.095233001280576,0.091994937043637,0.718248554039747,0.0455842723604292,0.273905093548819,0.974408257985488,0.360738948686048,0
0.294054092140868,0.108084477251396,0.900878752581775,0.974254447268322,0.242632933659479,0.162570024142042,0.16880753217265,0.283825372112915,0.542942563304678,0.38930192636326,0
0.343605508513004,0.635972746007889,0.545353971654549,0.789127204101533,0.187258991179988,0.43044398445636,0.749582362128422,0.860356099903584,0.340279906522483,0.163814609637484,0
0.701009149295185,0.879606436808314,0.910488582449034,0.335343845188618,0.416552650509402,0.157324018888175,0.0205283530522138,0.909448906080797,0.552202062215656,0.0688791680149734,0
0.687970050144941,0.754229626851156,0.286096650408581,0.322851821314543,0.635232739383355,0.663249462610111,0.135874590836465,0.214484115596861,0.289601179305464,0.0936717013828456,0
0.757951768580824,0.555174999404699,0.447738580405712,0.923006602562964,0.538147470215335,0.557577430503443,0.958678613882512,0.345490441890433,0.062963432399556,0.928466422483325,0
0.48545356509462,0.453483242932707,0.301554386503994,0.732386816293001,0.570098293945193,0.746887721586972,0.0606277445331216,0.629619943909347,0.495906121795997,0.286448846105486,0
0.573063565883785,0.728179095778614,0.267988658510149,0.54158829851076,0.193448160309345,0.0760327077005059,0.701145803090185,0.75510919932276,0.902448774548247,0.706449563149363,0
0.918159550251067,0.863609034969844,0.327013016212732,0.38998750387691,0.497100128559396,0.28284025657922,0.220033940160647,0.358504417585209,0.65349582536146,0.596427474403754,0
0.398513033054769,0.318089473759755,0.76569668459706,0.611302186967805,0.447683990933001,0.25585618102923,0.907337385928258,0.75275631248951,0.864157022209838,0.26594610302709,0
0.0619240180183202,0.148318578143045,0.968361439649016,0.0372198398690671,0.155993889085948,0.602786836912856,0.989313419209793,0.446072439430282,0.0680531917605549,0.88493844633922,0
0.658833163557574,0.885298441629857,0.740512241842225,0.494872990297154,0.450056028785184,0.530796831240878,0.0744493003003299,0.661360298283398,0.000901514897122979,0.523285990813747,0
0.784177675209753,0.777078493438102,0.474006281932816,0.406574837630615,0.475885734893382,0.985274253180251,0.205791624262929,0.211510615423322,0.500354644376785,0.194681274704635,0
0.0966264577582479,0.24991755373776,0.149781777989119,0.317673955345526,0.814440191956237,0.516498623881489,0.600492261582986,0.0676461372058839,0.225353498011827,0.857478841673583,0
0.908035231754184,0.882403397234157,0.250408646184951,0.407999939983711,0.065337531035766,0.513148884521797,0.63676998228766,0.671480965800583,0.221308617852628,0.516969040501863,0
0.00518207769365982,0.186512609140482,0.40248035127297,0.674512187484652,0.797359839081764,0.595677839126438,0.48390949703753,0.921767112333328,0.264198256889358,0.50627045892179,0
0.520040375113487,0.791642717430368,0.356362630613148,0.435576657764614,0.34613679908216,0.0100634365808219,0.758435310097411,0.277446039719507,0.448356403736398,0.198678710730746,0
0.797095067216083,0.881542952898238,0.1964736871887,0.811153651680797,0.545465194154531,0.185621962882578,0.892487580422312,0.825856566661969,0.965428647119552,0.612933662952855,0
0.67229742436707,0.712108640831709,0.437800606014207,0.313988610170782,0.911394412629306,0.0967018385417759,0.293586865067482,0.58946598158218,0.605575845576823,0.990152117330581,0
0.694211147492751,0.862648589536548,0.054605454672128,0.0267570412252098,0.135474025504664,0.266882073832676,0.925043280236423,0.272829276043922,0.988617156399414,0.345680012600496,0
0.454328355934657,0.201180121096782,0.770712582394481,0.922957252478227,0.694531995104626,0.0844061337411404,0.947165071265772,0.693493101745844,0.537660013651475,0.0382576689589769,0
0.34287035302259,0.400094047188759,0.333180245244876,0.369447967270389,0.532945135142654,0.447153138928115,0.256945851957425,0.594423234462738,0.896381138591096,0.203707298496738,0
0.720111490387842,0.977780082750693,0.532772154081613,0.656094094738364,0.427016375120729,0.00508965412154794,0.599517638795078,0.647848587948829,0.570739646209404,0.129857541527599,0
0.85636679828167,0.812144085532054,0.530500292545184,0.322248949902132,0.331455674255267,0.91670604608953,0.640113518107682,0.82542012934573,0.913178411079571,0.534494420513511,0
0.280757047468796,0.444229352520779,0.743727636057884,0.117822373053059,0.218852284597233,0.870968010509387,0.291057847905904,0.909009288763627,0.232594326371327,0.885829426813871,0
0.568467749367654,0.525057235982455,0.632913022767752,0.730470204958692,0.107079054694623,0.333496118430048,0.00335179991088808,0.762518310686573,0.933660029666498,0.675672404933721,0
0.786180539771914,0.821956294100732,0.239094539079815,0.191709984792396,0.976336764637381,0.722375633893535,0.348750467179343,0.62334054405801,0.702770227333531,0.726570093072951,0
0.0662746098823845,0.212815060745925,0.508669730741531,0.681270472705364,0.850193374091759,0.336638439446688,0.147228979039937,0.35366793256253,0.996594938449562,0.609927363460883,0
0.521601024764776,0.708716072632186,0.941230650991201,0.444781202590093,0.562643046258017,0.164634820539504,0.774990496924147,0.601949600502849,0.372562439413741,0.332153073046356,0
0.911621691032965,0.59780977825867,0.185429266653955,0.759390137623996,0.4812305951491,0.0232375513296574,0.18113995785825,0.196911780396476,0.707983842352405,0.0248330973554403,0
0.749935995573923,0.872848196024075,0.681318309390917,0.33298849943094,0.514760789461434,0.851847105426714,0.550247566774487,0.968886215472594,0.339798425091431,0.469023416284472,0
0.120118059530389,0.371967322774231,0.140865507069975,0.731858360348269,0.00848752772435546,0.956960651557893,0.476947732036933,0.373599884100258,0.339952645823359,0.377614325145259,0
0.465165640644915,0.396552816722356,0.851628631353378,0.349296885542572,0.229326018132269,0.53995951754041,0.777587541379035,0.788010375341401,0.609968530712649,0.225415130378678,0
0.577809246955439,0.824731991160661,0.310756172519177,0.577579845208675,0.0580923405941576,0.970561109948903,0.492882483173162,0.0991093169432133,0.00577622861601412,0.848216011654586,0
0.454253238450736,0.482217361091822,0.173708904068917,0.492490409640595,0.153231423348188,0.221977058798075,0.286026809597388,0.360213256673887,0.757070542080328,0.746245053131133,0
0.302503354614601,0.142145411111414,0.168781655142084,0.005601019365713,0.963297897018492,0.256157543510199,0.983941593207419,0.866170688532293,0.180710656568408,0.572366458363831,0
0.0832738108607009,0.221469837747514,0.625603219727054,0.331514248391613,0.265630257781595,0.936632853467017,0.828383592655882,0.449884228408337,0.51265312731266,0.0835856758058071,0
0.960231968700699,0.76499399759965,0.80625915993005,0.627204802120104,0.245035498403013,0.294617202831432,0.893411183031276,0.337356532691047,0.216683231759816,0.543731405166909,0
0.439127056393772,0.350259214174002,0.86764358356595,0.324230386409909,0.341523776296526,0.574633228126913,0.410888306098059,0.646180888172239,0.0602688267827034,0.0470494069159031,0
0.332813356537372,0.211118777748197,0.855872246436775,0.481286726193503,0.299063735175878,0.417422807775438,0.236765220295638,0.543192207813263,0.833470947574824,0.78512609610334,0
0.46074200904239,0.526121015609801,0.0789320417679846,0.980516717303544,0.319151664385572,0.612238090485334,0.90084661426954,0.405403177719563,0.510960353072733,0.977891939226538,0
0.307811094934121,0.410700355486944,0.00548198749311268,0.309895765269175,0.767578529659659,0.319761798949912,0.50107596302405,0.769594395067543,0.499325968557969,0.803086310159415,0
0.726275139782205,0.682002376548573,0.643678464461118,0.225103202974424,0.974459471181035,0.848112389212474,0.197025789180771,0.842498993966728,0.2295733531937,0.583765346789733,0
0.146852805512026,0.0833089402876794,0.246566659538075,0.324191600317135,0.932058163452893,0.683562113204971,0.110892261378467,0.0938205067068338,0.338682684581727,0.547594724223018,0
0.0180083907494321,0.26666893452201,0.00857409881427884,0.161182520678267,0.0546154375188053,0.0750753986649215,0.933074578177184,0.0174443242140114,0.528036896837875,0.685263813706115,0
0.450599082275759,0.526697715592105,0.768152165459469,0.874305471079424,0.92107170401141,0.321468511130661,0.172394754365087,0.982327753212303,0.719028248684481,0.662420365726575,0
0.35591047831811,0.382016492923722,0.0628125001676381,0.49286028300412,0.430938152363524,0.484656612155959,0.385172617388889,0.0926951495930552,0.77286386443302,0.52894283994101,0
0.749343278119341,0.73375812638551,0.619524487294257,0.890218494692817,0.754413154907525,0.286484444513917,0.439478904707357,0.745472783688456,0.109927166486159,0.507844939362258,0
0.322472101099975,0.0988050544407219,0.604443815071136,0.811628198716789,0.263983665267006,0.649012449430302,0.466405488317832,0.444481669692323,0.144839644432068,0.617193416226655,0
0.292932514334098,0.535483569605276,0.412772278301418,0.354658081429079,0.921687047928572,0.829242337029427,0.475234416313469,0.259586640167981,0.0668211679439992,0.635927774012089,0
0.0535870520189404,0.0771654031708836,0.62310855044052,0.757174502592534,0.389226573519409,0.361216943711042,0.217638599453494,0.93311365460977,0.67619082191959,0.874458314618096,0
0.443799318121281,0.455137747819535,0.0873609927948564,0.328087949194014,0.287033807020634,0.961218575946987,0.355794171569869,0.796427049208432,0.374714928213507,0.384383999044076,0
0.631863393587992,0.727547126356512,0.993326167110354,0.222818139474839,0.458899687742814,0.879127811640501,0.0976647902280092,0.469925075536594,0.524617706658319,0.35840191366151,0
0.834319676505402,0.767494170693681,0.0841307116206735,0.353003274649382,0.246774579631165,0.744902239181101,0.073315039742738,0.890889717033133,0.768069251207635,0.029180177487433,0
0.421260722447187,0.282905232626945,0.977438878500834,0.273325349204242,0.194269097177312,0.786887015448883,0.951855326071382,0.981353454990312,0.661163247888908,0.851171972928569,0
0.115536712504178,0.294200062005129,0.0455953956115991,0.296138309873641,0.260090957395732,0.401392663363367,0.160736446501687,0.134652017150074,0.850988738471642,0.618629556149244,0
0.839043133426458,0.697129362728447,0.203889925498515,0.0205254764296114,0.404524489073083,0.728892293991521,0.0581112180370837,0.282173276878893,0.355318641057238,0.186951723415405,0
0.0931883021257818,0.0149775792378932,0.905339897144586,0.748964829836041,0.532553785247728,0.415403758874163,0.643869820749387,0.0489798034541309,0.0158287526573986,0.304761312669143,0
0.575407181124389,0.61329500663206,0.323764408240095,0.889214609982446,0.157421300886199,0.0483160456642509,0.0781626407988369,0.0634505613707006,0.17754828510806,0.176001433981583,0
0.35422900528647,0.13966189767234,0.968484936514869,0.220918989740312,0.190534647321329,0.209370600990951,0.660552368732169,0.614158574491739,0.00318012596108019,0.92044847086072,0
0.267886861397512,0.453964858915471,0.544262615265325,0.56912892870605,0.70289393607527,0.697520039277151,0.341009264811873,0.795295919757336,0.734370071208104,0.779958450235426,0
0.472415174197871,0.498280766469892,0.0546732798684388,0.23449330101721,0.35265539586544,0.522289532003924,0.359715667553246,0.413802125025541,0.710314484778792,0.364928762195632,0
0.17654784723036,0.0242204784035683,0.15271536889486,0.11863662279211,0.144637177698314,0.409122812561691,0.182953499723226,0.239497309550643,0.0315273252781481,0.758348695468158,0
0.353073118720204,0.430051350034773,0.232053719693795,0.15955554600805,0.981866748072207,0.620721055660397,0.148271528305486,0.595622503897175,0.358788744313642,0.312780806561932,0
0.584598861661926,0.7327103622403,0.671794573776424,0.481217272114009,0.095892732264474,0.804777267156169,0.903645067941397,0.399380612652749,0.113072187406942,0.874585741432384,0
0.491041515851114,0.52827961415546,0.237450500018895,0.296569363446906,0.342505897395313,0.164166949922219,0.92654664022848,0.985464950557798,0.772459190571681,0.496066137449816,0
0.832543408609927,0.878122332081199,0.563401064835489,0.777941412292421,0.645929135847837,0.32179339393042,0.909405094804242,0.914157941937447,0.954077939735726,0.0408858293667436,0
0.741564261494204,0.821342029143125,0.597698253812268,0.0363132392521948,0.768635383108631,0.216903819469735,0.999698603292927,0.0493303451221436,0.272177428705618,0.929308640537784,0
0.0349018452689052,0.235940600512549,0.764021740993485,0.499902482377365,0.818157914094627,0.307197879068553,0.943238039966673,0.310737861320376,0.283917699474841,0.585322716739029,0
0.373207186635584,0.0822914338553324,0.935010980581865,0.862044400535524,0.913167902734131,0.7359858462587,0.690289144404233,0.946374160470441,0.793635414913297,0.367216327460483,0
0.931819978024438,0.838553066684678,0.339713932015002,0.501138973049819,0.640041704988107,0.502292038872838,0.172475645085797,0.0706174639053643,0.876428978750482,0.00239149224944413,0
0.606507238338236,0.38584007115569,0.0375217760447413,0.700950849801302,0.883746433537453,0.37137668277137,0.969370074337348,0.76405323878862,0.930301622953266,0.121838526567444,0
0.288258720654994,0.497399571118876,0.582215451169759,0.736847126623616,0.435170757817104,0.0990640800446272,0.963512991322204,0.303568660048768,0.984156422317028,0.828453505411744,0
0.326005451140553,0.386603581362311,0.349230636144057,0.559785603545606,0.70232489448972,0.0075739836320281,0.0259576230309904,0.125874661840498,0.410087040858343,0.723696132889017,0
0.080011397600174,0.260059414664283,0.617984533309937,0.234317176043987,0.670129566919059,0.395091756945476,0.46861021197401,0.120042675873265,0.0120233946945518,0.640288706868887,0
0.800304794218391,0.90096387010999,0.169861036818475,0.405869683716446,0.397431902354583,0.278015109943226,0.378323197131976,0.61083380645141,0.184184649260715,0.146674088668078,0
0.398772127396427,0.225709215481766,0.716660432284698,0.762571161612868,0.204113462939858,0.62911949516274,0.415692725451663,0.434885948663577,0.951466507744044,0.56429933058098,0
0.697529987270571,0.655335780700296,0.028247730107978,0.513824458699673,0.360551290214062,0.649936343776062,0.941556960577145,0.281897684792057,0.804225459462032,0.541761288419366,0
0.0626330111179501,0.331492755671591,0.0617528674192727,0.388090115739033,0.0585361856501549,0.43188637890853,0.527146446285769,0.489421966485679,0.110981661826372,0.437856166390702,0
0.86086966024749,0.668150040913187,0.985757722984999,0.5895851473324,0.303232283564284,0.121542106615379,0.211259135045111,0.0789005423430353,0.355985605390742,0.0796495412942022,0
0.125292009674013,0.0350253854412585,0.931011104723439,0.581811389420182,0.468077103840187,0.120695654535666,0.50659686489962,0.562291627749801,0.778725718846545,0.721698908600956,0
0.000764005844481302,0.116233101401012,0.0804736497811973,0.0963401722256094,0.755351935280487,0.729526179842651,0.958827566355467,0.734329248312861,0.243135829456151,0.897918459726498,0
0.96217708918266,0.844951692037284,0.588273106142879,0.42374971578829,0.339663836639374,0.788097817916423,0.761516496306285,0.591810664860532,0.0262462957762182,0.810641571646556,0
0.306236918890942,0.0555878596887924,0.730570873944089,0.303181495750323,0.775316065177321,0.532122588483617,0.537499917671084,0.887848281301558,0.0195021838881075,0.0818751102779061,0
0.124262286582962,0.0990012907423079,0.716766421450302,0.479256564518437,0.948605010053143,0.0243386449292302,0.356873017735779,0.582090350566432,0.593965174397454,0.283735441043973,0
0.99324858256951,0.819329492429271,0.536743473727256,0.139988707611337,0.614822161383927,0.936103489482775,0.922907948028296,0.799239736050367,0.214199194917455,0.049734270432964,0
0.736693484243006,0.498340327525511,0.531540422700346,0.266489629633725,0.567316208500415,0.313126385211945,0.629286638693884,0.737219522707164,0.400866971118376,0.599668284878135,0
0.218526047188789,0.135934160090983,0.931626250967383,0.27302702027373,0.419949589297175,0.118350841570646,0.585244916612282,0.816239348147064,0.361431024968624,0.530087119434029,0
0.268058128654957,0.506359309656546,0.00808744039386511,0.893502325518057,0.995734021067619,0.972339407540858,0.608117348980159,0.0875092546921223,0.25715668941848,0.588141308631748,0
0.802402432076633,0.922955555841327,0.925390727352351,0.401783301029354,0.680787164717913,0.379957062890753,0.832116915844381,0.391793828923255,0.550624343333766,0.453571991529316,0
0.577535277631879,0.618988371166587,0.560222127707675,0.858615949982777,0.0133187973406166,0.139814679278061,0.711494999704883,0.684948418056592,0.225949498591945,0.100014688214287,0
0.0791766584021971,0.0810421875319444,0.493330376688391,0.770592614542693,0.708512826124206,0.440237595234066,0.177991204895079,0.485083779785782,0.513077946845442,0.208449186757207,0
0.298772864107601,0.210149774211645,0.440608056960627,0.0815108073875308,0.240076105343178,0.883336203172803,0.561707254732028,0.687401128467172,0.493574878200889,0.792489565676078,0
0.883993747556582,0.677260483064596,0.746849838411435,0.00928053283132613,0.0407702259253711,0.0309742481913418,0.235964973922819,0.0835588255431503,0.210366550832987,0.0139158149249852,0
0.848753114174306,0.715796265460551,0.647392991930246,0.0206452803686261,0.63150944118388,0.622122260276228,0.755276736570522,0.577536948723719,0.426077272044495,0.92820114409551,0
0.65145315672271,0.671880276640877,0.582628462929279,0.334887993056327,0.775808944134042,0.96124320756644,0.831863150000572,0.390521098626778,0.586837468668818,0.880009316606447,0
