"1","2","3","4","5","6","7","8","9","10","class"
0.0909273336268961,0.0498145101871342,0.25256107840687,0.372828104300424,0.124110939214006,0.784917178098112,0.102991200517863,0.961641631787643,0.146519712870941,0.094606852857396,0
0.258490179913887,0.376132152546616,0.785225099185482,0.052604760741815,0.942246007034555,0.830806154757738,0.324558374006301,0.542748402338475,0.441098027396947,0.214288383955136,0
0.164679559665453,0.530358596108947,0.252331163967028,0.802699738414958,0.620310014346614,0.719063464784995,0.408658285392448,0.402376587036997,0.146855831379071,0.830720864934847,0
0.174539306282415,0.24592722268065,0.125090537825599,0.0413027931936085,0.701409074245021,0.0613218403887004,0.925379596184939,0.647151780314744,0.831333095906302,0.0785652720369399,0
0.913975444855168,0.993326575495303,0.238633664790541,0.835602614097297,0.926687204279006,0.666859477991238,0.862052274402231,0.32156757125631,0.0679355741012841,0.261645290534943,0
0.696724153822288,0.803034613607451,0.1718642890919,0.391426523914561,0.195441916817799,0.888534714234993,0.0682986574247479,0.912600233452395,0.142227366333827,0.00721888314001262,0
0.841950602049008,0.925922882295027,0.536402806406841,0.0801092677284032,0.497153067030013,0.86767180566676,0.988170856609941,0.935057843336836,0.656278481241316,0.212545129703358,0
0.596682550385594,0.611548392102122,0.256372558185831,0.97880455176346,0.336103472160175,0.0892804451286793,0.512415569741279,0.358458849135786,0.521550443721935,0.804575642338023,0
0.716160234063864,0.692387540824711,0.102066875668243,0.358929100446403,0.394943535095081,0.136034063296393,0.312154794111848,0.916724638547748,0.122826952021569,0.767523894552141,0
0.273033536937367,0.331082852896815,0.22085536364466,0.375612788368016,0.814583366271108,0.0624952653888613,0.838277618866414,0.0260840128175914,0.647810847731307,0.534167288104072,0
0.80234699706058,0.608678307639668,0.166427868884057,0.0514548716600984,0.791771235642955,0.832585526630282,0.315102558350191,0.577298097778112,0.796838460955769,0.205573263112456,0
0.373650764813647,0.264959333464503,0.989831825019792,0.135967470705509,0.882732705678791,0.931355640757829,0.145751576172188,0.989148970460519,0.000301674008369446,0.719375295564532,0
0.645066662458703,0.540764924837276,0.753503858810291,0.434406991815194,0.813040118431672,0.57288164482452,0.111961774528027,0.0389626070391387,0.0669726128689945,0.678793276194483,0
0.440385078079998,0.412061283830553,0.319329136516899,0.877318559214473,0.457285894080997,0.21616800641641,0.15464314376004,0.14947458752431,0.282405492849648,0.664171887561679,0
0.511598284821957,0.411580185173079,0.231451292522252,0.916807939996943,0.77686186414212,0.862280390691012,0.11351344268769,0.350213680649176,0.292112719034776,0.621379466028884,0
0.609149526571855,0.604761643800884,0.135478491196409,0.535781366284937,0.0337156858295202,0.741344586480409,0.67522985371761,0.00275640841573477,0.473869756329805,0.922049760585651,0
0.441038412439823,0.356741363694519,0.620409141061828,0.296164108673111,0.85840648249723,0.15214183088392,0.59410293167457,0.0143458351958543,0.683526121778414,0.368201373377815,0
0.764266479294747,0.857918290654197,0.902125431690365,0.271901844069362,0.473103939089924,0.220556560903788,0.263626752886921,0.625639463309199,0.107828919775784,0.500300010666251,0
0.180687711079326,0.193057034628419,0.664505670778453,0.25406331080012,0.795540249207988,0.813415839336812,0.253650453407317,0.272309002000839,0.989568980410695,0.788158241659403,0
0.785407405272196,0.907089182777819,0.719185200985521,0.736599616473541,0.0827376418747008,0.228400862310082,0.655836788238958,0.0191932690795511,0.986228346591815,0.713627277174965,0
0.76414421475539,0.910381539425813,0.316401741001755,0.185071609448642,0.050493489485234,0.806095187086612,0.0711991945281625,0.851170561742038,0.905247395392507,0.848005849635229,0
0.872803650097921,0.721688130870461,0.728437829529867,0.62653623893857,0.151739798486233,0.192704276880249,0.768417345127091,0.645536840660498,0.491955917561427,0.0118143570143729,0
0.704269721281808,0.84143541019382,0.961565041914582,0.121511879842728,0.607266982784495,0.724589030258358,0.658227754756808,0.897890575462952,0.168712490936741,0.0234624564182013,0
0.178420919924974,0.184832405298948,0.997430626070127,0.0012032138183713,0.579167216317728,0.344886761624366,0.086907412391156,0.954622049350291,0.652731358772144,0.682273888494819,0
0.0853092024769634,0.162448161856458,0.696057909168303,0.726889949757606,0.644587632967159,0.0151349308434874,0.667637352831662,0.613499272381887,0.241263782372698,0.89134499267675,0
0.649833123665303,0.809527337376494,0.195077518699691,0.650937404250726,0.219194831792265,0.084022453520447,0.291518536629155,0.922249138588086,0.995734041556716,0.536519005894661,0
0.589149799663574,0.573645868571475,0.308041342999786,0.112001266563311,0.336798231117427,0.1458369710017,0.705392085248604,0.401696416083723,0.0860589505173266,0.552883924916387,0
0.555663079954684,0.946244414430112,0.243932301178575,0.189473518403247,0.586808468447998,0.182500942377374,0.122930694371462,0.21473932871595,0.400203007971868,0.98019653162919,1
0.697310365736485,0.566254887497053,0.0451315008103848,0.750430509215221,0.244613135000691,0.746022178791463,0.513217353262007,0.104169556172565,0.0570026545319706,0.730034799315035,0
0.404796154471114,0.39225167920813,0.955157993594185,0.879424757091329,0.327343239216134,0.113558969693258,0.828698531491682,0.136917994357646,0.192976814694703,0.157946063904092,0
0.643391865707235,0.486705004093004,0.434827750083059,0.641154212877154,0.505014976020902,0.242909704800695,0.336174713680521,0.845687971217558,0.331763219786808,0.530984696466476,0
0.19468715460971,0.292698571458459,0.503689267905429,0.911113670328632,0.507480434142053,0.367868150118738,0.392300133826211,0.792554386192933,0.0826827583368868,0.62468760390766,0
0.472524015232921,0.723857590230182,0.54936890094541,0.437613727990538,0.17290776502341,0.669136872282252,0.961904913652688,0.441346859326586,0.203382822684944,0.588537562638521,0
0.133936611004174,0.135259705595672,0.300944161834195,0.352491192985326,0.363190155476332,0.990111022256315,0.757013607537374,0.877697086427361,0.989768543280661,0.538968533976004,0
0.329883599188179,0.222391358343884,0.107714044628665,0.363131296588108,0.411052071256563,0.366146079497412,0.829399819485843,0.905302204890177,0.130131563171744,0.205351745476946,0
0.28630250399746,0.187489317271044,0.987294577527791,0.276642455020919,0.168523108121008,0.239698431221768,0.9849552155938,0.044776919297874,0.34516702638939,0.0675382167100906,0
0.775173054542392,0.545445799129084,0.677300863433629,0.908908549929038,0.832573027582839,0.287464583991095,0.114150060107931,0.647472686134279,0.284162685042247,0.520579653559253,0
0.366258912947052,0.701433917425107,0.186844273703173,0.97497599478811,0.885143442777917,0.230153923388571,0.13853073422797,0.575686628231779,0.987426409265026,0.225831298856065,0
0.751277785981074,0.800898169633001,0.165383625542745,0.201537798158824,0.980197160271928,0.088265762431547,0.283301430521533,0.0966461745556444,0.0665289990138263,0.331851956201717,0
0.460510873934254,0.350382645847276,0.303474065382034,0.467522738268599,0.532352125504985,0.0486576554831117,0.243017497006804,0.635710290167481,0.320226883981377,0.470390783855692,0
0.860540898822248,0.902056928144768,0.780230761272833,0.458787877345458,0.12430469924584,0.682290960801765,0.427860564552248,0.177541873883456,0.245347651885822,0.529016071464866,0
0.0466372618735535,0.162995920916717,0.577796353260055,0.462165502365679,0.54236306832172,0.0623894662130624,0.0205610238481313,0.359562680358067,0.991427988978103,0.47508292645216,0
0.464029661217146,0.625914578850754,0.573772705160081,0.0129669397138059,0.631568941753358,0.379709244938567,0.5070522534661,0.868795146932825,0.924307377077639,0.305489169666544,0
0.462323327781633,0.190883907489479,0.383975601522252,0.443638581316918,0.519778503337875,0.96036113309674,0.898782355245203,0.118491981877014,0.385209186933935,0.524134910199791,0
0.773787351994589,0.748456157181133,0.488197882659733,0.702155615435913,0.558818174526095,0.335809976328164,0.564031604211777,0.812205409398302,0.633889675140381,0.818205160554498,0
0.478424514300423,0.642153832441894,0.282333499984816,0.493102627107874,0.311108767054975,0.0349269083235413,0.414557445328683,0.446028252132237,0.046337109990418,0.846971156308427,0
0.740745361428708,0.968061430612579,0.82674595550634,0.448374575003982,0.0743419716600329,0.797857761383057,0.902184601174667,0.418215358862653,0.694378935033455,0.150128783658147,0
0.747088146029878,0.631531504189945,0.0818961563054472,0.323557960102335,0.741689919261262,0.502599789993837,0.687791645061225,0.354633336188272,0.652368545066565,0.100247865542769,0
0.365066805872507,0.0200188028203324,0.105072843609378,0.824052257463336,0.103839182527736,0.0700242884922773,0.955170148750767,0.747410143492743,0.580707889981568,0.136453159619123,0
0.867900107055902,0.768773272400722,0.583424987271428,0.995388694573194,0.370233352994546,0.288365736370906,0.992919314652681,0.222712560091168,0.757627005456015,0.255204958608374,0
0.284849823701661,0.411234822183615,0.414627210237086,0.330265250289813,0.887130246497691,0.414895263500512,0.883365622488782,0.141085682669654,0.701871620491147,0.55267691006884,0
0.287621521390975,0.301350662019104,0.813563195988536,0.494288306683302,0.958580654812977,0.493049595039338,0.910756293451414,0.627455967478454,0.0496109344530851,0.629065299173817,0
0.155677270842716,0.437500759027898,0.201986520085484,0.775811354862526,0.948542697122321,0.296203515026718,0.730093508958817,0.944752716924995,0.696521111996844,0.936070281313732,0
0.846009878933965,0.966689445516514,0.913596012396738,0.527800003066659,0.969949525082484,0.461787103442475,0.453978661913425,0.813024324597791,0.382161538116634,0.509813418844715,0
0.473328152904287,0.326916049234569,0.764292222680524,0.746406573103741,0.515238937921822,0.447062685154378,0.500008489470929,0.488386992132291,0.752261036308482,0.868356563849375,0
0.360336827600026,0.53792458320572,0.373135020257905,0.695312403608114,0.926341424463317,0.797903497237712,0.780965440208092,0.753791891504079,0.0216721964534372,0.295536416117102,0
0.432066648571193,0.293562611858547,0.489598599495366,0.0823411296587437,0.0886660870164633,0.947269540047273,0.157331408699974,0.708495906088501,0.0632747779600322,0.900706228800118,0
0.25041159142931,0.395287007987918,0.542704043444246,0.676268562907353,0.249002654571086,0.63102317485027,0.709780612960458,0.787775279255584,0.457163244718686,0.56370270694606,0
0.272091292310506,0.244008435402066,0.648505207151175,0.730655018938705,0.330726712942123,0.0989636066369712,0.995480065466836,0.141479530837387,0.288085009902716,0.0949096796102822,0
0.675332393730059,0.422208532458171,0.338080072076991,0.15823887870647,0.856938264332712,0.0172616960480809,0.166152823716402,0.0987598667852581,0.654466964071617,0.768920729635283,0
0.149365062286612,0.232147233722731,0.757833007257432,0.512809323845431,0.34604154410772,0.435033282032236,0.032290582312271,0.979974508984014,0.266148287570104,0.435768304858357,0
0.617342829704285,0.825541572878137,0.0392057460267097,0.719611997716129,0.586166067281738,0.622965957969427,0.612629397539422,0.219504644395784,0.123822252964601,0.6206811578013,0
0.179981455931859,0.21992267737682,0.332097395090386,0.244752760278061,0.353187236236408,0.708751593949273,0.296298538101837,0.600836325902492,0.752258733380586,0.226490148575976,0
0.68937106220983,0.756078631151468,0.0708892631810158,0.241070359945297,0.751241306541488,0.707633493933827,0.364341614069417,0.011045805644244,0.467416335362941,0.144043717766181,0
0.219988654367626,0.473276514327154,0.688604698749259,0.300414439057931,0.663189462851733,0.761182369897142,0.218640811741352,0.920495396945626,0.872370754135773,0.0991651138756424,0
0.552989583012182,0.629286460375646,0.95203846343793,0.736798417521641,0.263301798840985,0.549242514884099,0.670076861744747,0.139625897631049,0.809217367321253,0.770240519661456,0
0.51828846312128,0.534200849710032,0.49509618873708,0.875748292077333,0.609401022084057,0.960340064018965,0.0148825137875974,0.0353456337470561,0.582299415487796,0.46022148989141,0
0.430149864932522,0.401817679852224,0.738316568313166,0.788711294298992,0.470728553133085,0.934680195758119,0.79739342443645,0.147834630683064,0.546267854282632,0.337953167036176,0
0.614046276314184,0.532385688275099,0.0920161006506532,0.636691958177835,0.418505098670721,0.696879190159962,0.940707371337339,0.714281919645146,0.903832396492362,0.18500702874735,0
0.264288544675265,0.38999725437311,0.867016378324479,0.281487107509747,0.0688809410203248,0.407185823190957,0.652417250676081,0.679700188804418,0.101640106644481,0.389109321637079,0
0.166619517138228,0.362707205312792,0.51695348857902,0.241913517005742,0.972976027289405,0.582679277518764,0.205783472629264,0.59889396536164,0.534221743466333,0.916733473539352,0
0.853615934494883,0.849141422659159,0.0474958349950612,0.435557889519259,0.589324271073565,0.85193537781015,0.188904212322086,0.774056523805484,0.320481880335137,0.910924160387367,0
0.287990002951771,0.0228904867008329,0.0623986111022532,0.0851881017442793,0.66897133900784,0.880212532123551,0.825867252191529,0.254783809650689,0.550632439088076,0.247127949260175,0
0.249607317312574,0.21448052468556,0.595673359464854,0.760457584634423,0.226806351449341,0.158094277372584,0.9682278749533,0.105730901705101,0.945621353108436,0.676639337325469,0
0.530819410219183,0.501159106550692,0.963942921953276,0.625816516578197,0.856797395041212,0.587640200508758,0.554434407036752,0.303382894024253,0.0107082268223166,0.289624549215659,0
0.486067034304142,0.480992660624906,0.335984252626076,0.885063180234283,0.0427427333779633,0.0959859010763466,0.933706142473966,0.169420686317608,0.661254467908293,0.647147028706968,0
0.745598207000643,0.482131938007381,0.426248068222776,0.205323735019192,0.901264843065292,0.0424069641157985,0.418765989830717,0.385161072714254,0.528574256692082,0.622550162486732,0
0.450009347959049,0.607109890666953,0.855724092805758,0.772105695912614,0.785709034651518,0.141786100110039,0.922769296914339,0.706250778865069,0.515259679174051,0.718971665250137,0
0.7170693539083,0.757990925339982,0.383320807712153,0.0553987405728549,0.633611651835963,0.930304167792201,0.940429027657956,0.557313064113259,0.642300033941865,0.511834889883175,0
0.264212752925232,0.290792022133246,0.210879454389215,0.177808763459325,0.84049546555616,0.0730874424334615,0.497037431690842,0.0428436980582774,0.930939761921763,0.265503896633163,0
0.107004391030408,0.209025274198502,0.577625948004425,0.527710745111108,0.240797367179766,0.35044714435935,0.0390192461200058,0.735102106351405,0.0427211723290384,0.747964120237157,0
0.741054577710386,0.933061419704743,0.319140418665484,0.750797369517386,0.153956456342712,0.580035804072395,0.683057368034497,0.607830475550145,0.350044375052676,0.88139278255403,0
0.893204476709385,0.928491409229301,0.893761136569083,0.943503052229062,0.698007954517379,0.0269656712189317,0.372781337238848,0.922694885870442,0.863425045739859,0.306292823981494,0
0.302131411852315,0.116698310477659,0.887863618321717,0.128102049930021,0.161538480315357,0.360332141630352,0.217503016581759,0.006776925874874,0.099123438121751,0.469572580885142,0
0.264876621487457,0.119895679741912,0.0278873504139483,0.390088459476829,0.722598281223327,0.317180489888415,0.731119056232274,0.515604092739522,0.182739208452404,0.266885295277461,0
0.547574644675478,0.37958296155557,0.759352955035865,0.682276316452771,0.79428807948716,0.0119550665840507,0.327344720251858,0.697818450629711,0.417178314877674,0.187279451172799,0
0.774513162846537,0.592796502718981,0.865701949223876,0.220666538458318,0.222210048465058,0.78026350424625,0.0922433629166335,0.492866722634062,0.681777799967676,0.64770984929055,0
0.580418946539192,0.74521800658491,0.852009147871286,0.330168579006568,0.472385376691818,0.711919572902843,0.524799656122923,0.507086150581017,0.4919790008571,0.191369727021083,0
0.678957890719175,0.888160457601771,0.288252820027992,0.892521298024803,0.528125288430601,0.727477298816666,0.329251445131376,0.310188289033249,0.415956874843687,0.531229889020324,0
0.401873230474,0.261212841551029,0.215872302884236,0.0472077417653054,0.707913387101144,0.631819447269663,0.226903676986694,0.40218090149574,0.0956944597419351,0.862963506020606,0
0.220218597397674,0.017547237615101,0.758747993502766,0.885609620017931,0.93971048318781,0.711368479765952,0.18007234018296,0.436530980281532,0.215655763633549,0.0231278026476502,0
0.61008394123395,0.404017102834466,0.0724406999070197,0.409934600582346,0.992751844460145,0.0949573065154254,0.0716766747646034,0.152513936627656,0.143070447724313,0.102317434037104,0
0.0834187159780413,0.111528225941584,0.956246776506305,0.306392527651042,0.925030377227813,0.940320655703545,0.546325621195138,0.970556316198781,0.511894149938598,0.276828745845705,0
0.456241481595952,0.332517221107637,0.668397559085861,0.607087898533791,0.646258764667436,0.511580538935959,0.846710896585137,0.539278450421989,0.326697491807863,0.869977236492559,0
0.331396334423311,0.276170507528074,0.930379243800417,0.606350946240127,0.278208855073899,0.938333469210193,0.0657203397713602,0.344173674704507,0.179657835979015,0.165372504387051,0
0.89083783258684,0.861436101142317,0.975796560756862,0.144913927419111,0.246653321897611,0.140868518967181,0.550784412305802,0.412245091982186,0.772675316315144,0.142507442971691,0
0.918016501236707,0.894849703181535,0.857031067833304,0.796514205401763,0.864365607965738,0.917497188784182,0.242069237399846,0.641025724355131,0.0797132882289588,0.404226353159174,0
0.728932378005749,0.444797760149604,0.516387269832194,0.636589650064707,0.276734064565971,0.727125070756301,0.907924352912232,0.413264005677775,0.687912384048104,0.476492208661512,0
0.494534288084879,0.31841760341404,0.906939511420205,0.751764265820384,0.10450472868979,0.539225950837135,0.14265034510754,0.611791747855023,0.977151445345953,0.578536461805925,0
0.702695770687121,0.536666062163515,0.427016479894519,0.647265375126153,0.606436205329373,0.67699675494805,0.735260325018317,0.0347922923974693,0.217943537281826,0.135887114098296,0
