"1","2","3","4","5","6","7","8","9","10","class"
0.899264137819409,0.0650940884370357,0.961524078855291,0.946161230560392,0.872793512884527,0.231283288216218,0.789844527607784,0.366708421846852,0.669224438257515,0.382363712182269,0
0.123661622266285,0.889301755522192,0.68109165946953,0.175170339643955,0.166688473429531,0.566995430039242,0.867688062600791,0.419610498240218,0.802670998731628,0.422811630414799,0
0.679749363432825,0.0130769194576889,0.109631533036008,0.335398703347892,0.0848386052530259,0.659875936806202,0.199631721246988,0.120526583166793,0.975660301046446,0.630061793373898,0
0.160426764981821,0.897559584118426,0.0663131363689899,0.764316419605166,0.339593564392999,0.262951080454513,0.464730452978984,0.193941786652431,0.646979772951454,0.128703956492245,0
0.425258036349528,0.949343176945671,0.183337853988633,0.484119298635051,0.691977149574086,0.824972109636292,0.393125049071386,0.477020832942799,0.0317790217231959,0.385316765401512,0
0.794595813337248,0.798918473901227,0.368884396972135,0.972653130069375,0.405212574405596,0.130871566478163,0.191075983224437,0.0933399309869856,0.646762707503513,0.586032688617706,0
0.0837653246786445,0.0825427825834602,0.652157166274264,0.977229075040668,0.661494455765933,0.0426358194090426,0.555053594987839,0.562776515260339,0.720886938739568,0.627864212263376,0
0.571485512828734,0.492829316613637,0.144158008741215,0.310481280786917,0.293389344587922,0.0581881641410291,0.767784531693906,0.532872101292014,0.803109814412892,0.210597842000425,0
0.841228907927871,0.837534599704668,0.108698487747461,0.191530814394355,0.645928694633767,0.399930502753705,0.0709204017184675,0.319469801848754,0.63311878638342,0.186072367010638,0
0.305461863521487,0.95150136295706,0.710255496669561,0.624587334226817,0.210428006248549,0.498997022630647,0.805552778299898,0.961679218104109,0.798571046907455,0.987600941443816,0
0.228879595138133,0.202763532869518,0.0166840928141028,0.272997748106718,0.0659806071780622,0.0580663615837693,0.947711667511612,0.587182808667421,0.672948423307389,0.870424411492422,0
0.880848101573065,0.820826516253874,0.773230810416862,0.980485070729628,0.32798867020756,0.20468667591922,0.257700617425144,0.936282775830477,0.032547018956393,0.432332598837093,0
0.126220550186187,0.0913193109158427,0.0642037861980498,0.647796981269494,0.407182157272473,0.59643061645329,0.49600110319443,0.870645619696006,0.82561199227348,0.918486871523783,0
0.113648664980289,0.902993942633364,0.925028972094879,0.602702813921496,0.893037088913843,0.333062963793054,0.15791664714925,0.661201978335157,0.615858780918643,0.490984193980694,0
0.727265528627112,0.0505873412869871,0.678397371200845,0.759953908156604,0.230687194038182,0.467402134323493,0.848889252869412,0.0212985607795417,0.0169564420357347,0.444535231450573,0
0.441632804828696,0.997299521388952,0.106259820517153,0.0184139108750969,0.941823937464505,0.90766074648127,0.757496149977669,0.312041888711974,0.141229331726208,0.488840469392017,0
0.615832428913563,0.621222835732624,0.189108730992302,0.689944414421916,0.185213214019313,0.967269105138257,0.965678852284327,0.375575702171773,0.0574484297540039,0.327510392991826,0
0.427029133112542,0.962802356000431,0.599194899201393,0.308756914455444,0.773410002235323,0.843707745196298,0.202856165124103,0.593143517151475,0.160257833078504,0.90319686755538,0
0.286598768550903,0.660709240008146,0.834174806717783,0.590870506130159,0.999407048104331,0.249468591529876,0.93300010333769,0.287025641417131,0.262872153660282,0.88565109227784,0
0.720654399512708,0.0316694416905753,0.27262261742726,0.395657296990976,0.486665194155648,0.484454119345173,0.865893109701574,0.260436001466587,0.452489217044786,0.189175595296547,0
0.879805743792094,0.157957185180858,0.269729641266167,0.855924169067293,0.823154762620106,0.0287085436284542,0.850987598765641,0.0224505423102528,0.93232692964375,0.796038787579164,0
0.878766902019083,0.955077907519601,0.48443090217188,0.844124889234081,0.468139843316749,0.37627067649737,0.492655367590487,0.991987413028255,0.0921289778780192,0.700495218625292,0
0.0934511132176965,0.961351109031215,0.331037196563557,0.915514129912481,0.243996001547202,0.295521563617513,0.587443634867668,0.426133370259777,0.521401424659416,0.318312779068947,0
0.133833391331229,0.134030697783548,0.881198185030371,0.646582658868283,0.0776819940656424,0.713482316816226,0.699316100683063,0.903084765654057,0.0884379779454321,0.468833561055362,0
0.709343096008524,0.346536572324112,0.627716955728829,0.0476992616895586,0.71311894711107,0.753866765880957,0.255323218880221,0.529207472223788,0.887975297635421,0.152858562767506,0
0.677638870545197,0.312739147252869,0.378037837799639,0.963694747537374,0.364184194244444,0.237137489952147,0.556494319112971,0.140014610951766,0.317202313803136,0.510250832187012,0
0.891806373952329,0.0477114924464375,0.995361133711413,0.327114710817114,0.659464679891244,0.721750501543283,0.797607200918719,0.168333306908607,0.973081269767135,0.193838750012219,0
0.798039081972092,0.744600535137579,0.11040194472298,0.130071550374851,0.604481050278991,0.376732656499371,0.826086407061666,0.942250762600452,0.070671891560778,0.0449346615932882,0
0.567713069877028,0.945346582022868,0.015597813995555,0.30314014130272,0.189667948521674,0.0583638912066817,0.248163003241643,0.453499084105715,0.79953299742192,0.906975869787857,0
0.658421592142433,0.638853265651129,0.217919936636463,0.227941135177389,0.208317582961172,0.623744878219441,0.2642575528007,0.550765827996656,0.292168404208496,0.322971848538145,0
0.59129849425517,0.350933533161879,0.0843962766230106,0.598885534564033,0.701900588348508,0.240114495623857,0.572100072167814,0.650880217086524,0.366400051629171,0.839338323101401,0
0.191141171814036,0.98751339737447,0.898127865279093,0.114779566647485,0.384799098595977,0.540003404719755,0.824194411048666,0.607445169938728,0.0202667629346251,0.612058729631826,0
0.681663653747551,0.981493439594097,0.576768330298364,0.283547890372574,0.29232223611325,0.0713551663793623,0.452837032964453,0.294295044150203,0.831428030738607,0.0360719768796116,0
0.473233008091711,0.543902850323543,0.452675716485828,0.261743162991479,0.367735285311937,0.917464646976441,0.847619027132168,0.9174292255193,0.0559266372583807,0.84548356756568,0
0.271285858212784,0.620079939343408,0.90499530127272,0.352150435559452,0.336399800376967,0.966403201920912,0.437891823239625,0.522876723203808,0.449423763435334,0.588322203373536,0
0.0914139768574387,0.080270481063053,0.55120186205022,0.86024182359688,0.372408675029874,0.473814827855676,0.275909542338923,0.251245205523446,0.484372819773853,0.728666302748024,0
0.735094062052667,0.0103156203404069,0.0375733519904315,0.611040721647441,0.696697999723256,0.688625971088186,0.339905464090407,0.850776152918115,0.807815463049337,0.61740845371969,0
0.538623317592405,0.602341580399312,0.407772990874946,0.100081576267257,0.691167267272249,0.134107398334891,0.0146084346342832,0.676344955805689,0.731277300044894,0.887878156732768,0
0.631227924855798,0.997076936635375,0.339316780213267,0.29330164170824,0.943468808894977,0.115678921807557,0.27013452979736,0.159374629147351,0.921640379121527,0.203690959373489,0
0.49029467019653,0.540461477180664,0.843789241742343,0.43328551761806,0.806511193048209,0.558238642290235,0.753382669761777,0.854941525263712,0.323610886931419,0.838392694480717,0
0.0879437637049705,0.158574440283701,0.179435506928712,0.782598599791527,0.923844659235328,0.0784111621323973,0.259875578572974,0.579617473995313,0.331440362147987,0.538288269424811,0
0.836931977653876,0.179619197035208,0.0866730303969234,0.398302264977247,0.22313866019249,0.988293074537069,0.55490493378602,0.26513488846831,0.337778253247961,0.565798807423562,0
0.850168106851354,0.02447406430915,0.126349169295281,0.32319651497528,0.281817066250369,0.434848319273442,0.599382979329675,0.32402309961617,0.627800109563395,0.875914810225368,0
0.168752576450352,0.84765719669573,0.387477784883231,0.610833227867261,0.818340874742717,0.958625332918018,0.153421166352928,0.873601602390409,0.308002273319289,0.0836173673160374,0
0.279502007578872,0.00944336244743317,0.648042464395985,0.767226476455107,0.701352287549525,0.295328336302191,0.810075998539105,0.254761960823089,0.19925310369581,0.761882117018104,0
0.365008150751702,0.262957369266544,0.0168037891853601,0.477409698767588,0.530144812306389,0.1453436112497,0.227924112696201,0.557992437155917,0.514038753230125,0.178620192920789,0
0.21393575036861,0.186520558455959,0.159839631756768,0.899926697602496,0.681094064610079,0.961384049616754,0.00948855350725353,0.818882078165188,0.999066782882437,0.265132600907236,0
0.0941859650629573,0.999340129102208,0.840428133495152,0.658048351760954,0.359961381880566,0.0108611471951008,0.320571336662397,0.878825634019449,0.541569694178179,0.614484462654218,0
0.227677472945862,0.727839945985004,0.54947903053835,0.247395361308008,0.495575739070773,0.709409018279985,0.900927201611921,0.43911611684598,0.364177146926522,0.45996736898087,0
0.0300056131090969,0.0941379407886416,0.566525066737086,0.290448757819831,0.721207368420437,0.0243789711967111,0.725454579805955,0.578202631091699,0.408310507191345,0.843713448615745,0
0.857097492320463,0.781036346452311,0.775076694553718,0.22953750519082,0.474981376668438,0.83753342484124,0.665235101245344,0.598581820726395,0.941730662481859,0.106752634979784,0
0.732616680548061,0.0585873530920595,0.901720808353275,0.6812073814217,0.6918816100806,0.374778169207275,0.887540616793558,0.154139681719244,0.273296903353184,0.549450780265033,0
0.0661609368398786,0.139838910428807,0.132145154289901,0.950172778917477,0.367183413123712,0.74529595579952,0.150420203106478,0.189554636366665,0.546845075907186,0.648094276664779,0
0.915459361885115,0.957762395271659,0.993011475540698,0.154236973728985,0.430860650027171,0.835790746379644,0.774240726605058,0.234724244335666,0.721752051031217,0.672277142759413,0
0.156776415257528,0.120351300926879,0.762641074601561,0.0462738482747227,0.264325336087495,0.0567125289235264,0.409505225718021,0.61767715960741,0.695631506387144,0.148571771802381,0
0.623421800302807,0.96403840909712,0.906141249695793,0.641541518736631,0.815888438606635,0.355685654561967,0.0993007759097964,0.0116396385710686,0.0502528341021389,0.965528980828822,0
0.63547040312551,0.692899424117059,0.47443802212365,0.486242353217676,0.0741692271549255,0.540148959727958,0.990858006523922,0.373313952004537,0.852343726204708,0.92017134744674,0
0.468502258190978,0.986906899887044,0.23047480918467,0.58502898667939,0.242464696289971,0.507989489240572,0.92790176323615,0.643856069305912,0.900932456832379,0.414268154418096,0
0.278432714054361,0.325540692079812,0.84120143763721,0.665524298558012,0.325745946494862,0.0400833196472377,0.899568644817919,0.463671073084697,0.9559032227844,0.157298761652783,0
0.455759623087943,0.521105936728418,0.323189993388951,0.559385851956904,0.994075421476737,0.758434771792963,0.215269715990871,0.737831543665379,0.953295450657606,0.204429823206738,0
0.500114832898602,0.982680801231414,0.265187009703368,0.354067176347598,0.57547261682339,0.334688364295289,0.026786791626364,0.423448824556544,0.518604419426993,0.730402783956379,0
0.163391006618366,0.0496291934785433,0.547823828179389,0.77491994574666,0.374758174875751,0.616331917000934,0.0273884928319603,0.1050644016359,0.872885367134586,0.242587839253247,0
0.997423741035163,0.98838140652515,0.601808486739174,0.847737631760538,0.126330081373453,0.301871264120564,0.472327696392313,0.552200894104317,0.156501601915807,0.0886755099054426,0
0.585188513119984,0.00675158010898158,0.171132492134348,0.275981267914176,0.939246218185872,0.192631012992933,0.19281026464887,0.514590448699892,0.133812287356704,0.149746516952291,0
0.914526619648561,0.82388417371437,0.898730786982924,0.870439773658291,0.941442885901779,0.733447763836011,0.297381754731759,0.168269477784634,0.496736445929855,0.479113631881773,0
0.52329910288332,0.460664821826853,0.724716965341941,0.889430841663852,0.999784655869007,0.162660851143301,0.233993009896949,0.653680747607723,0.318277523852885,0.170762421097606,0
0.479931819718331,0.505499803926796,0.564145693788305,0.983944082167,0.903911064378917,0.634407687932253,0.975328391417861,0.145322578726336,0.100387772312388,0.389135358156636,0
0.062052691122517,0.888144101714715,0.733941605547443,0.480375157669187,0.355914951302111,0.822109448490664,0.488277669530362,0.716497193090618,0.0619705754797906,0.432092579081655,0
0.313987682384625,0.32281298441235,0.708403142169118,0.0321412491612136,0.867307975422591,0.688228354556486,0.730724168708548,0.733408082742244,0.794263799441978,0.303270060103387,0
0.351758641190827,0.728002869524062,0.0993193779140711,0.291983740637079,0.484302111901343,0.278124514967203,0.250156092457473,0.0800662955734879,0.832898405846208,0.202072398969904,0
0.534464377211407,0.465360060334206,0.826543450122699,0.955647471360862,0.781125674489886,0.165598428342491,0.386802065186203,0.78838581754826,0.125421265140176,0.465095997555181,0
0.975839372327831,0.960953357868269,0.538326727692038,0.248623108956963,0.953562509734184,0.195022645639256,0.216139703523368,0.468567832838744,0.54648992838338,0.875970816472545,0
0.930275495862588,0.0737804078962654,0.890458059962839,0.20479210303165,0.102662561926991,0.341098158853129,0.143372222781181,0.751538645243272,0.975722329923883,0.105353045277297,0
0.494393421253562,0.961262705765851,0.815238843671978,0.979697471484542,0.603492026450112,0.7113666778896,0.516123221023008,0.311555534368381,0.652460569748655,0.776233569020405,0
0.691643229037896,0.598963046737015,0.857155090430751,0.0263936775736511,0.69735526968725,0.0499738859944046,0.537440780783072,0.067382074194029,0.744267240399495,0.0277366193477064,0
0.556492566829547,0.0494003591593355,0.268736577359959,0.966179165523499,0.805762409931049,0.00602861423976719,0.301824526395649,0.627871377393603,0.133937739301473,0.682010372867808,0
0.0445467309687287,0.958559155911766,0.238973372615874,0.771232525352389,0.0950049147941172,0.497759502148256,0.542123182211071,0.624943402130157,0.465009676292539,0.136111256899312,0
0.705375183140859,0.73099290439859,0.654599727364257,0.59716296615079,0.300380612257868,0.58332501235418,0.0566277431789786,0.281242083292454,0.974715760909021,0.122219552984461,0
0.698083519907296,0.277209116558731,0.785535562317818,0.963465115753934,0.233888629591092,0.0443303452339023,0.124807056738064,0.504359642509371,0.439945864025503,0.476023010676727,0
0.653350682331156,0.663887669785507,0.520575967384502,0.331156536238268,0.0110877393744886,0.00709980051033199,0.108863828936592,0.600397140718997,0.898710433859378,0.987317293183878,0
0.134936527814716,0.0654792243149132,0.418560683261603,0.24856834881939,0.844303851248696,0.0708004392217845,0.334903541719541,0.805004621390253,0.881829311139882,0.517755447188392,0
0.87675467133522,0.986385344760492,0.189505822025239,0.973122051684186,0.870690098730847,0.337576941819862,0.541562636615708,0.529749587876722,0.473050423664972,0.198355149943382,0
0.204256819980964,0.0120154961787164,0.693202108377591,0.301516469568014,0.769737559603527,0.790620297193527,0.399801913183182,0.650169994914904,0.845379683421925,0.85967866005376,0
0.688782310346141,0.276303397491574,0.211315297754481,0.42699517426081,0.967834857990965,0.0530379600822926,0.887733817100525,0.493464437313378,0.418213652912527,0.558170145144686,0
0.179793337360024,0.124290133826435,0.670983888674527,0.12558425986208,0.119049594271928,0.495947511401027,0.987906342372298,0.798447416862473,0.650189588079229,0.887779302429408,0
0.911202215303667,0.0365012137391604,0.322166726691648,0.727238801773638,0.79850558983162,0.305851268814877,0.077362610027194,0.415363840758801,0.517265381058678,0.241307315416634,0
0.256583343492821,0.940749796573073,0.95817992114462,0.880848011467606,0.632385561009869,0.552265034290031,0.0369627664331347,0.319581024115905,0.361099455971271,0.569539043586701,0
0.517196784042846,0.583728604262136,0.350507004652172,0.334578452399001,0.754980807425454,0.949768014252186,0.107027900638059,0.000360240461304784,0.0877079938072711,0.158125578192994,0
0.607127204770222,0.649177175015211,0.391412990866229,0.0796720422804356,0.2052629631944,0.431294943438843,0.140606377040967,0.0600230090785772,0.0400751195847988,0.313712541945279,0
0.392339108935744,0.595863114175852,0.49488295102492,0.46971164084971,0.375343949533999,0.310978178633377,0.2871718860697,0.103673831326887,0.396634496748447,0.44788599666208,0
0.968371113358065,0.0988810939881951,0.603366181952879,0.122691662283614,0.120822324883193,0.591639017220587,0.690963017288595,0.181729846168309,0.164036140777171,0.022047869162634,0
0.918685929849744,0.0166143318638206,0.842144560068846,0.999068600125611,0.856097181793302,0.130994241219014,0.32530694664456,0.71423674095422,0.529543190496042,0.427838477073237,0
0.280486668460071,0.18813288747333,0.374397207284346,0.593650183174759,0.949534290935844,0.451608269708231,0.939880649093539,0.736357268877327,0.888304140185937,0.226890077348799,0
0.036548477364704,0.956518652150407,0.040626254864037,0.47640654607676,0.831983265699819,0.78624763363041,0.0971447930205613,0.0803950619883835,0.16216249903664,0.0939276257995516,0
0.830079303123057,0.855020992690697,0.173777917400002,0.597743408754468,0.197697085561231,0.460166942328215,0.522649198770523,0.929381102556363,0.207359348423779,0.54297324991785,0
0.258436835129745,0.730072295248974,0.957750710193068,0.602898592595011,0.358994418056682,0.766671931836754,0.481582142878324,0.342048898804933,0.732549521140754,0.719109452795237,0
0.769875817699358,0.807886614464223,0.511472848942503,0.0697129659820348,0.800008113030344,0.726223703240976,0.543488359777257,0.909505577059463,0.581330724293366,0.764854667941108,0
0.131829501881264,0.00429980654511601,0.343057561898604,0.72514165728353,0.983308450086042,0.956321170087904,0.99429669464007,0.393312184605747,0.606941558653489,0.0964006786234677,0
0.106940234163776,0.0527279181886464,0.119456153828651,0.194970970740542,0.673000827198848,0.962267056573182,0.20424907002598,0.531854885164648,0.148407077183947,0.327010134700686,0
0.925869857692532,0.999093586029578,0.314173131249845,0.998626123182476,0.0114041885826737,0.667087674839422,0.987771800486371,0.435605060774833,0.399984367657453,0.567958344239742,0
