"1","2","3","4","5","6","7","8","9","10","class"
0.262121549341828,0.771773260552436,0.434168206294999,0.211443523410708,0.777630595490336,0.753790489863604,0.641697260085493,0.397404008312151,0.845591827761382,0.641281855059788,0
0.527941067145951,0.483902350432612,0.711457607802004,0.692629674449563,0.985127940541133,0.0303745393175632,0.550339616369456,0.89691551704891,0.452601668657735,0.280956121860072,0
0.675422659329697,0.876474660599977,0.959301374386996,0.389076472260058,0.847269098041579,0.496195864630863,0.937015674076974,0.427153853233904,0.741212421795353,0.863372878869995,0
0.441955208460893,0.953211748507991,0.923474154900759,0.187159449793398,0.0234234894160181,0.863014471018687,0.542609567986801,0.945136002497748,0.58919903379865,0.172707823105156,0
0.256653974298388,0.765634222654626,0.0629665711894631,0.157329713692889,0.937727357260883,0.87922328338027,0.732636087341234,0.796154526527971,0.976822123862803,0.894714772002771,0
0.367751118494198,0.305025476263836,0.628364130156115,0.321620565606281,0.468003781978041,0.352622145554051,0.150085769826546,0.120645290939137,0.761570071103051,0.781713425414637,0
0.774443061789498,0.321982477325946,0.860609796829522,0.699445630889386,0.398270812816918,0.460880856495351,0.095069303875789,0.73806666280143,0.551010952796787,0.0826457827351987,0
0.326528325211257,0.385752854403108,0.973601422505453,0.394714671652764,0.976840928196907,0.410565913654864,0.77265443908982,0.0139638565015048,0.342386269243434,0.970484751276672,0
0.384012437891215,0.606950696790591,0.289471168071032,0.378594236215577,0.196030223974958,0.325519717764109,0.39786284416914,0.880579235730693,0.47265641996637,0.214079504366964,0
0.34311820147559,0.204044084530324,0.369963647797704,0.5837691295892,0.870487370761111,0.714633917436004,0.663113472051919,0.0802903121802956,0.671248153783381,0.310547798406333,0
0.292857838096097,0.365658553782851,0.992635742761195,0.888508790871128,0.56752217002213,0.888310196110979,0.601958428509533,0.535312792751938,0.507875203853473,0.989341052481905,0
0.919021939858794,0.897148448275402,0.613865433493629,0.746275540674105,0.784987227758393,0.916132171172649,0.218235973734409,0.428774839267135,0.744211153127253,0.0569585536140949,0
0.825249237706885,0.934462480247021,0.0406997080426663,0.225009516812861,0.622151828603819,0.775309910997748,0.139640148961917,0.559744986472651,0.511008491972461,0.0858624926768243,0
0.984448916977271,0.0185561464168131,0.333352617686614,0.608894763048738,0.50990634271875,0.789963129209355,0.250277441227809,0.571121718268842,0.368971793912351,0.80515142227523,0
0.137471280992031,0.806884953286499,0.520243015838787,0.577668358571827,0.98547162534669,0.115611203014851,0.49433104461059,0.290346808964387,0.559079083846882,0.442414161516353,0
0.76371878082864,0.00845482386648655,0.235574448714033,0.49278522003442,0.674255011137575,0.802049859194085,0.580589130055159,0.804933663923293,0.905002751620486,0.948945985175669,0
0.317013101186603,0.90940647223033,0.362674986710772,0.43328707665205,0.106392422225326,0.578054045792669,0.413477834314108,0.80659000761807,0.220140513265505,0.675657689804211,0
0.800569049315527,0.626828353852034,0.920710799284279,0.286787312710658,0.0703055134508759,0.0483361179940403,0.84862103802152,0.0970010682940483,0.687659394694492,0.536787211196497,0
0.715126916998997,0.528935908805579,0.561113109346479,0.805082165170461,0.901535897981375,0.597740666009486,0.594270624453202,0.651308218482882,0.197745240759104,0.267846571048722,0
0.144253866514191,0.137185251805931,0.463330689817667,0.358939932892099,0.607824515318498,0.959317353321239,0.851269562961534,0.245267458958551,0.162395736435428,0.638675978640094,0
0.22407439397648,0.807160536991432,0.584216237301007,0.336957349907607,0.0960674027446657,0.160365927033126,0.649807943031192,0.104629977373406,0.0112256370484829,0.767238631844521,0
0.807563033420593,0.708805005531758,0.46474260580726,0.701634429395199,0.694744745036587,0.518001679331064,0.35894593433477,0.90044004493393,0.806961941998452,0.904637934174389,0
0.451803528470919,0.284389710519463,0.429556181887165,0.204431673744693,0.657148316968232,0.625798474764451,0.373762359144166,0.949160733725876,0.796490513952449,0.090524377534166,0
0.469143184134737,0.932191472733393,0.158780364319682,0.389129170449451,0.603529078187421,0.044065872207284,0.522409521276131,0.584828054066747,0.0759276994504035,0.783592938445508,0
0.197250269467384,0.0708145661169663,0.9353996606078,0.370302566094324,0.170524956658483,0.736325975507498,0.565203780774027,0.493754365481436,0.0469049394596368,0.0401455168612301,0
0.478551542153582,0.609804378589615,0.873499655164778,0.967065105680376,0.347425664542243,0.469924413366243,0.561187865678221,0.341752540320158,0.604843160603195,0.470257080160081,0
0.237187076359987,0.92534965579398,0.763127353042364,0.970329880015925,0.888531076489016,0.834222397767007,0.563580050365999,0.522338398266584,0.172855532728136,0.0840891648549587,0
0.160328676458448,0.270188875962049,0.00805000145919621,0.956531536532566,0.718146284343675,0.111083436990157,0.591360300546512,0.513252448057756,0.753839370328933,0.271333263022825,0
0.802906003780663,0.664266917388886,0.887588755926117,0.988889022730291,0.014306033262983,0.420337639283389,0.704461463727057,0.603173841489479,0.396674919407815,0.916458221152425,0
0.32091915840283,0.375377007294446,0.677235333016142,0.71334247617051,0.171126722590998,0.49951304285787,0.360147692728788,0.427458559395745,0.346938031958416,0.166705661918968,0
0.599312331294641,0.220891830977052,0.878916551824659,0.736914106179029,0.10442501027137,0.772398385917768,0.184190445579588,0.23932243254967,0.497236515861005,0.793299336219206,0
0.713910421796423,0.22539275782723,0.221357567701489,0.565869030775502,0.276394410990179,0.631805547978729,0.111334492452443,0.814118020702153,0.34665242745541,0.0627414386253804,0
0.605164910640195,0.403296107268892,0.746164846699685,0.636600883910432,0.934967503417283,0.407872306648642,0.739321696106344,0.725601700600237,0.543071064399555,0.933350350707769,0
0.667715179268271,0.964406847720966,0.845226021949202,0.701514732791111,0.796191265573725,0.192528046900406,0.439205720787868,0.15055729681626,0.769303326262161,0.534876743331552,0
0.39898141381368,0.548933201946318,0.657903075451031,0.228930076817051,0.135219391901046,0.733598861377686,0.221158986911178,0.485826100455597,0.885591465979815,0.984850727254525,0
0.837187087861821,0.775399540085346,0.786922474391758,0.814222823362797,0.298101618885994,0.809849018231034,0.369313802104443,0.637960663996637,0.212340984959155,0.347401258070022,0
0.934475437970832,0.972250324208289,0.735924450447783,0.0127165720332414,0.726035356288776,0.797311303205788,0.499478317797184,0.25163484713994,0.0616082767955959,0.160543613601476,0
0.41076601180248,0.30675527243875,0.105838651070371,0.398819155758247,0.556715966202319,0.662187889451161,0.128427053568885,0.261710678692907,0.0920033587608486,0.421627007890493,0
0.606638611992821,0.894074293784797,0.19945160089992,0.190821674652398,0.407532455166802,0.871623975224793,0.219158169580624,0.545579939847812,0.474830439779907,0.377561255125329,0
0.633162364829332,0.514185153413564,0.624349647667259,0.562583802035078,0.437677737092599,0.448355245171115,0.623880246421322,0.301409704145044,0.935403627809137,0.965574892936274,0
0.658918464090675,0.342035447712988,0.086359750945121,0.891643983544782,0.251301379874349,0.552884111646563,0.327234146883711,0.183414493920282,0.139143528649583,0.0551188259851187,0
0.464643373386934,0.135662874439731,0.986221922095865,0.574648434761912,0.855820698663592,0.0204866649582982,0.101546150399372,0.643793117720634,0.044821867486462,0.546904572984204,0
0.372573022032157,0.730450513772666,0.299871643073857,0.011286857072264,0.44503774214536,0.962635993259028,0.366655076155439,0.44105151318945,0.0889510130509734,0.049799125874415,0
0.700889939241297,0.864073351871222,0.101142309838906,0.115109658101574,0.460984573932365,0.0681655742228031,0.067435851553455,0.252159350086004,0.580277675995603,0.0653225297573954,0
0.329032848589122,0.807479671668261,0.0716277654282749,0.542282534530386,0.418889127206057,0.0360164914745837,0.82986357039772,0.309047778369859,0.187476338353008,0.775922359433025,0
0.451819848734885,0.916161274770275,0.25958086294122,0.610812784871086,0.900578180560842,0.238410515943542,0.286491615697742,0.27010956290178,0.749359995592386,0.463147989241406,0
0.501059460722655,0.573028469799459,0.026128999190405,0.102918299846351,0.952659316826612,0.450254824943841,0.939086743397638,0.0698462801519781,0.971191458636895,0.899649040075019,0
0.768963087815698,0.353295367543865,0.661440482595935,0.244728064630181,0.509881921578199,0.584008637815714,0.649411559570581,0.195832046447322,0.576383464504033,0.467029260704294,0
0.920504267094657,0.16740799206309,0.441443484975025,0.426119151990861,0.281504160957411,0.0307729367632419,0.438610418699682,0.415968943154439,0.08361477823928,0.746572237461805,0
0.0539709967561066,0.00127183133736253,0.0798930956516415,0.989119158359244,0.117113119224086,0.610935646342114,0.417002544505522,0.0165433711372316,0.80594276660122,0.326260411646217,0
0.771768219070509,0.717933424049988,0.742208810755983,0.122832817258313,0.512791387736797,0.607352083316073,0.79327807133086,0.48597980523482,0.0613667683210224,0.724415678298101,0
0.73307546810247,0.652291209669784,0.144094820600003,0.410489348694682,0.165535736829042,0.676440075505525,0.080783819546923,0.805942848557606,0.467203959356993,0.0814754064194858,0
0.68161775637418,0.408023386728019,0.541601202683523,0.298232821049169,0.289274009410292,0.855865135788918,0.357738111168146,0.58055122429505,0.581752007594332,0.357630568789318,0
0.293425318369921,0.039262218993064,0.841526230564341,0.894559011794627,0.772366213379428,0.682942914776504,0.118860151385888,0.841636610683054,0.0743447307031602,0.0128191604744643,0
0.822588955750689,0.315236145630479,0.401607141364366,0.37830505380407,0.00526327569968998,0.533521819161251,0.582318435655907,0.6804512408562,0.148157639196143,0.189750097692013,0
0.176397000439465,0.0531983191613108,0.446635382482782,0.444694306701422,0.176622315309942,0.360260477289557,0.443733982741833,0.539007063489407,0.716054836288095,0.857511174166575,0
0.172186304815114,0.318390022730455,0.587544000474736,0.891800450859591,0.788217975990847,0.173888575052842,0.64283460448496,0.198110121069476,0.551823746645823,0.229619833640754,0
0.195613634772599,0.675570498453453,0.88960708794184,0.0599587035831064,0.260867624543607,0.714452493004501,0.289575779112056,0.222097954712808,0.0295239477418363,0.956176777835935,0
0.641367431962863,0.171943919733167,0.944763130275533,0.941724871983752,0.244775253813714,0.015871942974627,0.936057339888066,0.440979317063466,0.991690147900954,0.0620814703870565,0
0.0600931863300502,0.986070630373433,0.52860540500842,0.969920009141788,0.734504317166284,0.703888976713642,0.00120885297656059,0.893302097218111,0.400021844077855,0.465971076162532,0
0.993660740296356,0.90491622454673,0.830138117540628,0.0174973027314991,0.805157847702503,0.752893458586186,0.400502495002002,0.0972314458340406,0.612874584970996,0.616893109399825,0
0.128947261488065,0.697879839222878,0.692772683687508,0.104724831180647,0.890603323001415,0.795810285490006,0.077671887120232,0.119036228628829,0.923596946522593,0.497423918452114,0
0.683510291390121,0.666645469842479,0.458741259528324,0.137634457554668,0.449594512814656,0.920572790084407,0.870208296691999,0.621581783052534,0.706671736668795,0.420556002994999,0
0.355018605710939,0.732008040649816,0.0372032120358199,0.18977996869944,0.438589268829674,0.0400891029275954,0.661445543868467,0.17095441208221,0.391783161321655,0.530429880600423,0
0.319581602700055,0.0637943434994668,0.80523598426953,0.68649157974869,0.476920359069481,0.447298597777262,0.874730325071141,0.166296768700704,0.432847145712003,0.236030921339989,0
0.807486510137096,0.774928357452154,0.00542280729860067,0.336870107799768,0.577785898232833,0.322939640143886,0.407786625437438,0.350717219058424,0.512844608165324,0.418880962301046,0
0.5482309514191,0.282362551661208,0.909297688631341,0.619465035386384,0.834738741163164,0.570102425292134,0.834871571743861,0.673252939712256,0.92522584577091,0.100183100206777,0
0.391905687050894,0.271185887046158,0.486604150850326,0.837074279785156,0.303336234996095,0.368902712827548,0.991787530481815,0.445690975291654,0.975102481432259,0.790376539807767,0
0.950798790436238,0.843551334459335,0.0454937159083784,0.146860656328499,0.831585758598521,0.605482673970982,0.863434035563841,0.354361801175401,0.317156231496483,0.00962357292883098,0
0.378392729675397,0.867643494857475,0.162058676127344,0.207781770033762,0.781155163887888,0.843186351936311,0.42696653236635,0.0492606186307967,0.874976708553731,0.357630246318877,0
0.501918526848778,0.941879571132362,0.369941384065896,0.656851967796683,0.494141915347427,0.248613398289308,0.0534844263456762,0.0598263975698501,0.427507482003421,0.948394159087911,0
0.35839533735998,0.837692455621436,0.416985609102994,0.398135993862525,0.934881745139137,0.785202701343223,0.628529606387019,0.354975666152313,0.154858981491998,0.771123182494193,0
0.0769446253096685,0.891143073616549,0.742676025722176,0.905539971776307,0.372174436459318,0.758480288321152,0.681137712206692,0.112688293913379,0.87353594135493,0.444098607636988,0
0.316268922295421,0.851205563405529,0.392859074752778,0.575777761172503,0.0567324748262763,0.11397048085928,0.341326752444729,0.172588469926268,0.391697478713468,0.116661943495274,0
0.267441808246076,0.622626058990136,0.116373796015978,0.232883065706119,0.935242085484788,0.287666750606149,0.68593086162582,0.335136824520305,0.403186078881845,0.390447494806722,0
0.838053660234436,0.281675160629675,0.841717577073723,0.168712461134419,0.100296708755195,0.364007017109543,0.848604416241869,0.351318364497274,0.465752347838134,0.579049955820665,0
0.731135518057272,0.767169355647638,0.286896260688081,0.792840058682486,0.0246338986326009,0.565085464389995,0.113695357460529,0.0224046278744936,0.127241165144369,0.880524515639991,0
0.702037242241204,0.304613327840343,0.919835542328656,0.0124818021431565,0.979988918639719,0.064585932996124,0.92250727978535,0.271842350717634,0.46368545666337,0.484125401591882,0
0.291538431309164,0.559462405974045,0.0676009899470955,0.185773592675105,0.210723563097417,0.118921421701089,0.205470419256017,0.400649656075984,0.697463859105483,0.51338916271925,0
0.527847237186506,0.545150744728744,0.923732009250671,0.611232402268797,0.577375602908432,0.883818507893011,0.702623068355024,0.703452406683937,0.914584061829373,0.788051066221669,0
0.384560390608385,0.575969120720401,0.900090941926464,0.652200495591387,0.231744937598705,0.0734131210483611,0.616457976168022,0.57548519782722,0.131063684122637,0.629380832891911,0
0.343894816868659,0.472684290741663,0.0743323999922723,0.268270611297339,0.036875257268548,0.70466557238251,0.363256854936481,0.562167612602934,0.262826132122427,0.201577580999583,0
0.416490445146337,0.697184229968116,0.971778381383047,0.953337365528569,0.940378537634388,0.608333647251129,0.502149652922526,0.0730107692070305,0.907407629769295,0.886135671054944,0
0.53339642775245,0.975582455517724,0.177094772225246,0.555479039438069,0.0808825399726629,0.371451015817001,0.530856784665957,0.664275107439607,0.757239440688863,0.579841579776257,0
0.154512150678784,0.179058090085164,0.831951473141089,0.407803680282086,0.397600611206144,0.491347153671086,0.304340434260666,0.29596599121578,0.321192962815985,0.620085614034906,0
0.725943414960057,0.25647462438792,0.540895458310843,0.510980220977217,0.212671185145155,0.752248354023322,0.0350586811546236,0.969514573225752,0.836764516774565,0.397788636852056,0
0.768338386769965,0.590567531662062,0.423162678955123,0.714152144733816,0.50049644918181,0.928395147901028,0.977441075490788,0.740653107408434,0.886575931683183,0.218441836768761,0
0.62657662644051,0.425002594012767,0.217067040735856,0.22189975483343,0.195047550601885,0.525854516774416,0.489305197261274,0.486645578173921,0.212683958699927,0.945246843621135,0
0.575595151633024,0.250669318716973,0.853753506205976,0.867877384880558,0.380548430606723,0.7488759662956,0.940264211501926,0.0218599103391171,0.0364884466398507,0.503174066310748,0
0.0377113160211593,0.174620836041868,0.474042283371091,0.377483589109033,0.799698947696015,0.750246315728873,0.0983692335430533,0.0725004021078348,0.523416011594236,0.208657945273444,0
0.391714198514819,0.023325715912506,0.376900506904349,0.237901297863573,0.115351491374895,0.502035959158093,0.452576389303431,0.9669753103517,0.911867203190923,0.0153996020089835,0
0.820920908823609,0.932864177040756,0.971212366130203,0.677549879997969,0.323710266500711,0.226144729414955,0.580784766003489,0.858882438391447,0.459649272961542,0.126079516252503,0
0.763551016803831,0.9975409086328,0.521139893680811,0.296032062266022,0.147047410719097,0.595629520248622,0.6857680962421,0.340861082309857,0.313624271191657,0.862543362891302,0
0.231405847938731,0.767683820333332,0.552680622087792,0.36860944959335,0.893541915109381,0.970527932513505,0.613563995109871,0.289581400342286,0.756111096590757,0.803141291951761,0
0.167184066493064,0.775556784821674,0.578002755064517,0.0321763707324862,0.441585674416274,0.994619847508147,0.343952766619623,0.64757662313059,0.353721431456506,0.62910956563428,0
0.859161647735164,0.185716563137248,0.169940317748114,0.661502401810139,0.813178390497342,0.243924838025123,0.243533338652924,0.945567629067227,0.647031272528693,0.424422097625211,0
0.442395384190604,0.140448022866622,0.46710096905008,0.909572940086946,0.639246945269406,0.789615890244022,0.32139405538328,0.0971337705850601,0.264563980745152,0.113843935541809,0
0.596844198182225,0.371528410119936,0.485743649769574,0.929948814911768,0.770910671213642,0.714258003747091,0.589233667356893,0.13553905277513,0.928071491187438,0.354539551073685,0
0.130849718349054,0.841591755859554,0.43465791316703,0.0822068036068231,0.570327686611563,0.0487368702888489,0.976773181930184,0.602455907734111,0.347075172932819,0.336263750679791,0
0.179030131082982,0.882065899670124,0.577813758281991,0.576196928042918,0.499457750003785,0.886160439811647,0.634560793405399,0.315240277908742,0.663838315289468,0.749337576096877,0
