"1","2","3","4","5","6","7","8","9","10","class"
0.46212794049643,0.776578834047541,0.836184495827183,0.0457551965955645,0.0142753093969077,0.772603743011132,0.416078451089561,0.313979216152802,0.0372376563027501,0.0699775128159672,0
0.399348405222129,0.943587380424794,0.924498946405947,0.267468228004873,0.397198461927474,0.177355573279783,0.550810258835554,0.55548323248513,0.602073847083375,0.637551960302517,0
0.0412199843205512,0.992855221125484,0.227979551302269,0.588631966151297,0.985222132876515,0.629732875153422,0.296432156581432,0.460361133795232,0.308433673810214,0.729539196472615,0
0.0218535894528031,0.0473538499791175,0.998512032441795,0.0528126610442996,0.90820298017934,0.698396037798375,0.160610706079751,0.249587327707559,0.976664822548628,0.0196634766180068,0
0.582309394609183,0.569074532715604,0.829462384339422,0.389187441440299,0.1275136154145,0.0684566223062575,0.507439440349117,0.920742473099381,0.24456224613823,0.685426748124883,0
0.828705160412937,0.748466167366132,0.792936332756653,0.457071583950892,0.460050648776814,0.293819292681292,0.812258058926091,0.483889525290579,0.0539758584927768,0.87345643970184,0
0.273354541510344,0.461180867161602,0.606569260824472,0.0706359560135752,0.200551573419943,0.0380640947259963,0.282606283202767,0.744583703111857,0.719448104733601,0.897442200686783,0
0.863565618172288,0.713294722838327,0.87740762764588,0.336157683283091,0.297100795898587,0.804610872641206,0.175590002676472,0.309974381234497,0.392266942886636,0.471983455121517,0
0.765043058199808,0.100535742240027,0.94459780305624,0.920107981655747,0.872080263448879,0.529667817987502,0.126739478902891,0.853022482246161,0.342287255683914,0.129656920442358,0
0.762707699626964,0.111580600014515,0.293907266808674,0.674735551932827,0.200162725523114,0.937038436764851,0.80440778285265,0.0197815166320652,0.0931082279421389,0.379025637637824,0
0.637539975263178,0.0104244854003191,0.860426406841725,0.142833066638559,0.366925667971373,0.329493251396343,0.119190859375522,0.811683451291174,0.246919665718451,0.793452441925183,0
0.886990142054856,0.71828278247267,0.258050126954913,0.547289555659518,0.238310422748327,0.419456771342084,0.836005782242864,0.201347089838237,0.537966414587572,0.441170116653666,0
0.868653243407607,0.797912474023178,0.637693990254775,0.614584539318457,0.57847647392191,0.977595719974488,0.0709658390842378,0.909756972454488,0.311450644163415,0.425657275598496,0
0.715601128526032,0.71556713571772,0.198847135063261,0.822273225989193,0.417602676898241,0.994381133466959,0.106486588250846,0.0619189126882702,0.366601629182696,0.272677524015307,0
0.196735436674953,0.898489665819332,0.0407868751790375,0.363895729184151,0.803990740794688,0.537491480819881,0.579185560811311,0.296608238946646,0.699127464322373,0.512865301920101,0
0.264943279325962,0.950644536176696,0.0649551458191127,0.0656104527879506,0.25729087064974,0.509061571909115,0.631525819422677,0.0894634895958006,0.808299851138145,0.619232377503067,0
0.619303291663527,0.252633876632899,0.0653038376476616,0.0902197156101465,0.574827977223322,0.305650533176959,0.836686526425183,0.234305452788249,0.989377088844776,0.529733834089711,0
0.749397651292384,0.678839690051973,0.946704011643305,0.564413653686643,0.664063922595233,0.18146501109004,0.60923979524523,0.631628448143601,0.950950701255351,0.595271979924291,0
0.819044789299369,0.300482346909121,0.932123640319332,0.766728108981624,0.763279838254675,0.64905369724147,0.701729898573831,0.4130378740374,0.980448215501383,0.655575891025364,0
0.248033250914887,0.87553659779951,0.260168039007112,0.172043499769643,0.742836837656796,0.0548192008864135,0.486562424805015,0.613847265252843,0.418305965140462,0.626264482503757,0
0.749245071783662,0.0523909453768283,0.87624223716557,0.201361166546121,0.0422291574068367,0.191384102217853,0.887746171094477,0.901377987815067,0.714511840604246,0.0314865442924201,0
0.188379330560565,0.380980096291751,0.00433474010787904,0.0564861404709518,0.939971215324476,0.68400804954581,0.0302699275780469,0.059416334843263,0.366761944955215,0.0176098530646414,0
0.793679681839421,0.160566519014537,0.443916372489184,0.488648912170902,0.27402668306604,0.0990293791983277,0.0777869953308254,0.859593033324927,0.470632930286229,0.81420388398692,0
0.285508078653552,0.102520801658742,0.89337062695995,0.193557361606508,0.619380445219576,0.331146575743333,0.11236855131574,0.0594205923844129,0.699095389107242,0.735884197056293,0
0.601375143975019,0.370865089586005,0.283952285302803,0.507744571659714,0.899694432970136,0.445896947290748,0.667969163740054,0.903879301855341,0.847237044945359,0.860044406726956,0
0.667366530979052,0.901198953390121,0.0818558169994503,0.158220500685275,0.150321316439658,0.609150622040033,0.149433904793113,0.477445118362084,0.629656854784116,0.277565597556531,0
0.952372089028358,0.116904699942097,0.7829375769943,0.470310871722177,0.423725062515587,0.171130486996844,0.595966858090833,0.115804645000026,0.308860819321126,0.302161460276693,0
0.0560899649281055,0.0548330582678318,0.441256786929443,0.225570817478001,0.486127361422405,0.0185901944059879,0.250091479858384,0.534449828322977,0.666362086543813,0.31217987369746,0
0.660034692613408,0.429212195565924,0.769676582189277,0.444173187483102,0.208781816065311,0.724703201558441,0.544096500379965,0.0757934716530144,0.45560680818744,0.638031601905823,0
0.206221656897012,0.799398459258769,0.805812997510657,0.169133226154372,0.507682731607929,0.928515414940193,0.762812764151022,0.0341753491666168,0.307471920270473,0.969534040195867,0
0.245166969718412,0.907404811587185,0.437574576586485,0.226276215398684,0.829165653791279,0.0266496003605425,0.111125822644681,0.0179333591368049,0.132371455663815,0.36620427086018,0
0.286305508809164,0.902885257033631,0.253156472928822,0.0911851045675576,0.822726951679215,0.530041495803744,0.361338820774108,0.978765932144597,0.819642963353544,0.909971964079887,0
0.796957416227087,0.644339566817507,0.758603560505435,0.163490921258926,0.700297483010218,0.566340116783977,0.366304076975212,0.323974129045382,0.775779054267332,0.245224514277652,0
0.947522091912106,0.748097154311836,0.664454962592572,0.199378511169925,0.475483951158822,0.20502427732572,0.246421958785504,0.11240229033865,0.712162007112056,0.516460979823023,0
0.519292993471026,0.657423441996798,0.775551825761795,0.774423960829154,0.362699729623273,0.958675676491112,0.967694924678653,0.0467944336123765,0.798963734647259,0.0157707778271288,0
0.228795995004475,0.657994749723002,0.84100331296213,0.48954870342277,0.885286075761542,0.978941816138104,0.208601034944877,0.717374094296247,0.240269657690078,0.216207232326269,0
0.41859468893148,0.959520129412413,0.114486991660669,0.521756055764854,0.885283686220646,0.504909191513434,0.175207261228934,0.205811997177079,0.421061509754509,0.0160330135840923,0
0.598430378527008,0.768533306651562,0.892337349010631,0.740115645574406,0.741928856819868,0.567527340026572,0.676203305833042,0.579642719123513,0.817600813228637,0.311269531026483,0
0.254315371839702,0.0872216328475624,0.718551901634783,0.265120462980121,0.0982186666224152,0.990210459101945,0.843583734007552,0.139280233997852,0.414058250375092,0.0143955370876938,0
0.328843817347661,0.969476354541257,0.348014899762347,0.899221139028668,0.271063420223072,0.452920064795762,0.609842625213787,0.941635936964303,0.157143603777513,0.537077738670632,0
0.828085508430377,0.798026198986918,0.941425994038582,0.201254092622548,0.719161920482293,0.623064298648387,0.856915844371542,0.674839126411825,0.130590651417151,0.32866397080943,0
0.256895099999383,0.311368616996333,0.211434013443068,0.403419305337593,0.695939916884527,0.57718401751481,0.237751248292625,0.531177019700408,0.560257628792897,0.627247003605589,0
0.278894006952643,0.99677623898834,0.0843116806354374,0.0822501946240664,0.555577419931069,0.258340677246451,0.635239735245705,0.0981274640653282,0.253704168600962,0.699872646713629,0
0.53529447177425,0.130614031106234,0.528587364591658,0.717266319785267,0.716262467904016,0.0420570964924991,0.749775893753394,0.320431569358334,0.481470167404041,0.898474582470953,0
0.943696380592883,0.961030112346634,0.249088315991685,0.271050664363429,0.0646918623242527,0.0781301185488701,0.367943377932534,0.517593991477042,0.478305423632264,0.29097493365407,0
0.491032088641077,0.620094708167017,0.190312243532389,0.0269574392586946,0.0717042766045779,0.952448228374124,0.667108922498301,0.189035337651148,0.189945943187922,0.70636238460429,0
0.806618698639795,0.0425159432925284,0.823509453330189,0.687125397846103,0.0502065166365355,0.422334242612123,0.140061225742102,0.335766947362572,0.212054054718465,0.929646242409945,0
0.896430957363918,0.303531021578237,0.145877075148746,0.392556036589667,0.636837772792205,0.64023696584627,0.175940586952493,0.586552203400061,0.694587716134265,0.441465339390561,0
0.618000933434814,0.212730262428522,0.220578780164942,0.670687962090597,0.533116362290457,0.898090812377632,0.867993486113846,0.884452381171286,0.949472267879173,0.0226301408838481,0
0.465031661558896,0.152900650864467,0.0526323053054512,0.838400635169819,0.896735110785812,0.302824976155534,0.17053802148439,0.0364681172650307,0.445762322051451,0.803686175495386,0
0.542544499970973,0.599086213856936,0.892879368504509,0.322566427988932,0.856713834684342,0.0528793425764889,0.402923621702939,0.17369536892511,0.0599278954323381,0.74192750826478,0
0.311493083601817,0.686650608433411,0.37643671524711,0.116228747181594,0.914307140279561,0.32955715386197,0.904197094263509,0.400580421555787,0.666452628327534,0.0736899664625525,0
0.110899687279016,0.723317673895508,0.615277092438191,0.540100058075041,0.505016237962991,0.418340792646632,0.854383539641276,0.185008598491549,0.510105886496603,0.658153496449813,0
0.573721609078348,0.68535376386717,0.0780952628701925,0.646985583472997,0.459339830325916,0.687496474012733,0.433860328514129,0.378182226559147,0.229172616265714,0.751885464647785,0
0.558371277758852,0.315703871194273,0.792703079758212,0.638855756260455,0.410627002594993,0.723810876253992,0.371145091950893,0.0229076032992452,0.969193880679086,0.601743434322998,0
0.761170808458701,0.146449038758874,0.223026757128537,0.806416078936309,0.672472547739744,0.583710861392319,0.574249975150451,0.907871640985832,0.262379033723846,0.462436720030382,0
0.115061759483069,0.031540698138997,0.690657710423693,0.426895440323278,0.912833821726963,0.222122120670974,0.00345034338533878,0.123436060501263,0.833972867345437,0.216330454917625,0
0.542614481411874,0.266691163415089,0.103470356203616,0.21938802418299,0.894250047160313,0.476719824364409,0.894582968903705,0.788243612041697,0.924231773940846,0.987998872762546,0
0.354444648372009,0.983552624005824,0.440781078767031,0.446164703695104,0.519290996482596,0.802687268704176,0.840097650885582,0.866942150518298,0.091443469049409,0.0140913829673082,0
0.171647561714053,0.921203669393435,0.725477403961122,0.64268668810837,0.725471809506416,0.589309727307409,0.901745339622721,0.897042788797989,0.0262099215760827,0.239400586578995,0
0.364737845822237,0.753323345437646,0.175780315650627,0.280588347231969,0.954291549744084,0.211436203215271,0.0153114043641835,0.611117064021528,0.342320973053575,0.170669439481571,0
0.401256374781951,0.63290833751671,0.256254789186642,0.814555510412902,0.776832654839382,0.519083343446255,0.144159721909091,0.785153449280187,0.671026290161535,0.536347761051729,0
0.604366122279316,0.637911879923195,0.0390463159419596,0.15802929806523,0.657526911702007,0.0168939274735749,0.811365047236905,0.652546087512746,0.544267859775573,0.874304869910702,0
0.263667061692104,0.272142951143906,0.585747132077813,0.442318662535399,0.170652848668396,0.779324811184779,0.852137225447223,0.602794017642736,0.581916051916778,0.780972346663475,0
0.366494308691472,0.741998944897205,0.183972119353712,0.554062863346189,0.939260439015925,0.767875545891002,0.183980904752389,0.704256102442741,0.959491772809997,0.252374564763159,0
0.31775582022965,0.942929595708847,0.0620547453872859,0.944280344294384,0.435391802806407,0.108980774646625,0.834226578008384,0.807774776592851,0.908143224427477,0.465295806759968,0
0.609291966589913,0.686855725195631,0.167539566056803,0.218453827081248,0.0795678133144975,0.359629789367318,0.945765394717455,0.569150916766375,0.666980441426858,0.315172053175047,0
0.687684320889879,0.764270967552438,0.688789827981964,0.452073018765077,0.281143789179623,0.696817271178588,0.515028159599751,0.944777214433998,0.965739824343473,0.937682916410267,0
0.369884494413435,0.0344625199941918,0.420212511671707,0.326317510567605,0.279108767630532,0.00269378582015634,0.814422829309478,0.995573263149709,0.716186033096164,0.263215275481343,0
0.49941209377721,0.621046593645588,0.414289626525715,0.390596380457282,0.489440149161965,0.538639728212729,0.0074996636249125,0.35730436607264,0.54809285281226,0.870833536377177,0
0.826198031427339,0.262974663404748,0.718145664548501,0.573427409864962,0.982662935275584,0.725557605503127,0.145099498098716,0.257930574472994,0.0767132993787527,0.414138669846579,0
0.474048549309373,0.140187912154943,0.516209475928918,0.627705344930291,0.66568007459864,0.679855019319803,0.802409582072869,0.57156856264919,0.0681273816153407,0.461539608659223,0
0.761613037335314,0.87162832066156,0.621729711769149,0.102270711911842,0.259181578876451,0.623740392038599,0.248088155407459,0.20163176744245,0.672324078157544,0.981842651963234,0
0.570856179576367,0.987915945239365,0.91132626356557,0.236555109731853,0.0784303117543459,0.555482540745288,0.267150772502646,0.646334058605134,0.232391414232552,0.811765156919137,0
0.296663118293509,0.346650277497247,0.903507783310488,0.267792157595977,0.745797349140048,0.0172223863191903,0.776781828375533,0.458271917421371,0.284827557625249,0.350357208866626,0
0.345091790426522,0.606009311974049,0.467461908468977,0.845022504916415,0.0413533481769264,0.189986083190888,0.412132263416424,0.355139407794923,0.628957097884268,0.826538597233593,0
0.392418523319066,0.579272283939645,0.184168654261157,0.101149569964036,0.780600660247728,0.540499832713977,0.512598153203726,0.119994688080624,0.0120247753802687,0.0116910520009696,0
0.788342583207879,0.887743956874218,0.272650911705568,0.819983961991966,0.347613344201818,0.614692335017025,0.509183481801301,0.649579680990428,0.0825964186806232,0.404930103337392,0
0.667906331829727,0.204617272131145,0.183338493108749,0.404873784165829,0.734360325150192,0.665432764915749,0.0140162170864642,0.471701678354293,0.51860284875147,0.935403876472265,0
0.0839801968540996,0.175085114547983,0.729271152755246,0.80566148692742,0.361025769729167,0.784751927945763,0.934320237953216,0.501064345473424,0.524352081818506,0.580340522574261,0
0.0978046057280153,0.74706989666447,0.509188666706905,0.914169566240162,0.446735933888704,0.723625663435087,0.246530286967754,0.438515092944726,0.719842760125175,0.875330362701789,0
0.524220314109698,0.531652567675337,0.424990534083918,0.389681753935292,0.804777503013611,0.678099131444469,0.808178902603686,0.715179275488481,0.174150176811963,0.284543402260169,0
0.129454276291654,0.100508634001017,0.860562569927424,0.0328985857777297,0.948387039126828,0.456487246090546,0.0497932133730501,0.0657816373277456,0.380060344934464,0.0228206114843488,0
0.550526800464932,0.627363617305923,0.931288352003321,0.740435763029382,0.353768628323451,0.213192124851048,0.999046001816168,0.838409691350535,0.528333386871964,0.541403308976442,0
0.620517966104671,0.100027506006882,0.511183796217665,0.459424458676949,0.360948626184836,0.693138050846756,0.923734410665929,0.0861116910818964,0.179194327909499,0.572820254601538,0
0.632333946879953,0.411519275512546,0.992284762905911,0.0495012870524079,0.353968049865216,0.655339238466695,0.873682208359241,0.520123580237851,0.558030424639583,0.61618295009248,0
0.641325826058164,0.470683085499331,0.279218015493825,0.882857584161684,0.154873682884499,0.647662707138807,0.735767660196871,0.732364556984976,0.992859445745125,0.805305316811427,0
0.513568416470662,0.322836092440411,0.19264344451949,0.316746195778251,0.740393176442012,0.950825728243217,0.226164312101901,0.391572470078245,0.672827390953898,0.2962723353412,0
0.969206841196865,0.0706029362045228,0.543645846890286,0.998618718469515,0.91391226509586,0.122553593013436,0.207804989535362,0.904426318593323,0.381677694385871,0.223972109844908,0
0.198993977624923,0.753873053239658,0.147780830971897,0.349176450632513,0.324971763649955,0.223849600646645,0.218472288455814,0.340287318453193,0.779436258366331,0.226898269727826,0
0.331338065909222,0.287085143849254,0.582843963988125,0.149753653211519,0.0102722751908004,0.401886176783592,0.12531147710979,0.539676151471213,0.00608730292879045,0.759062842000276,0
0.130107456119731,0.234336620895192,0.380616276524961,0.216090223751962,0.209475901210681,0.301865029614419,0.00123759941197932,0.909698883071542,0.694600522285327,0.830700668739155,0
0.875674332259223,0.928748576203361,0.00630630250088871,0.396851711906493,0.806942803552374,0.373733705375344,0.747724354965612,0.126093857455999,0.760872560786083,0.56820393493399,0
0.468291605357081,0.914778270991519,0.260325262090191,0.00932381232269108,0.349039990454912,0.104444273980334,0.0877244074363261,0.253845380153507,0.0438372874632478,0.439715969609097,0
0.201240950729698,0.900967909954488,0.107224088860676,0.559263421222568,0.121641206555068,0.0964580965228379,0.398198064649478,0.137299223104492,0.895395156927407,0.306940699461848,0
0.473589256871492,0.042383122490719,0.31862294417806,0.934792942833155,0.303101510973647,0.981672192458063,0.801869711140171,0.33380778087303,0.100905142957345,0.16760969045572,0
0.62574205128476,0.604723253287375,0.0625675695482641,0.146361376391724,0.599491912173107,0.21376642328687,0.0497168442234397,0.454270802205428,0.789592060958967,0.171573867555708,0
0.440159328980371,0.536754107335582,0.940056698396802,0.398806998040527,0.60072028147988,0.251621967181563,0.163900219136849,0.716534219915047,0.598516033729538,0.787778080906719,0
0.680062960134819,0.0564323260914534,0.0227724669966847,0.879398059332743,0.0446393650490791,0.132057167356834,0.560632801614702,0.427278208080679,0.822820484871045,0.743150900816545,0
0.366579289548099,0.982904490549117,0.957049946300685,0.790443053236231,0.176913452334702,0.15119581646286,0.637829415500164,0.494830067502335,0.546897764550522,0.254996238974854,0
