"1","2","3","4","5","6","7","8","9","10","class"
0.689897971227765,0.427197651937604,0.609215835807845,0.522949717706069,0.45790423383005,0.616739534772933,0.959331329679117,0.25102183339186,0.776356031419709,0.633203423582017,0
0.442479486344382,0.116044470109046,0.0270859289448708,0.260829648468643,0.278754727216437,0.291056928923354,0.0103264902718365,0.735428367042914,0.832828397396952,0.9759124990087,0
0.935355455847457,0.429514670511708,0.344197144499049,0.919437103904784,0.186439556535333,0.20600057579577,0.635288026416674,0.00699305743910372,0.615477554034442,0.429161835461855,0
0.449696956668049,0.444392268545926,0.981438220245764,0.054610209306702,0.717630980536342,0.613882828736678,0.0954638835974038,0.637254833709449,0.306906546698883,0.315769461449236,0
0.586499456549063,0.293044747086242,0.22545006335713,0.134922101860866,0.630573652219027,0.0131503629963845,0.900907307630405,0.50381333893165,0.492585732834414,0.965745476773009,0
0.843586673494428,0.539855715818703,0.109814980067313,0.727942777099088,0.867799876024947,0.191548846429214,0.440205742605031,0.34591783513315,0.543984418269247,0.364187411032617,0
0.676238337066025,0.295041066594422,0.29830434685573,0.698304818477482,0.365271372254938,0.883951778989285,0.957803695695475,0.673368541756645,0.488166654948145,0.140215354040265,0
0.451970765599981,0.365298369433731,0.432979209115729,0.723577887285501,0.674359405646101,0.284075672738254,0.647302822908387,0.605471382848918,0.531390469521284,0.660933183738962,0
0.456392546650022,0.626806522952393,0.0214478340931237,0.6618922050111,0.319706649752334,0.808171882526949,0.378621997544542,0.222189434338361,0.745697264326736,0.480271057691425,0
0.136973373359069,0.936681505758315,0.0179207888431847,0.0664864894933999,0.317309116013348,0.685815158532932,0.372202346567065,0.263232489349321,0.792763234116137,0.254301341483369,0
0.960828244686127,0.42002380406484,0.477638752665371,0.412089991383255,0.485987321007997,0.261111157014966,0.0140589475631714,0.185401196591556,0.160957772750407,0.964374866103753,0
0.717079064808786,0.0589196523651481,0.784478964749724,0.419815242057666,0.690964263863862,0.926265613874421,0.966718891169876,0.240560975158587,0.94864187669009,0.732604393269867,0
0.0693842263426632,0.119848751695827,0.0811890785116702,0.976272750878707,0.546070123789832,0.560246556065977,0.565044256160036,0.945794589119032,0.521786351455376,0.951078536221758,0
0.147316242568195,0.246537864441052,0.435339083429426,0.481099307304248,0.12450434314087,0.864169377135113,0.242365801474079,0.616355297388509,0.0437541143037379,0.487322511384264,0
0.784023816464469,0.229849289171398,0.888933479553089,0.084332613972947,0.03941321070306,0.455688879825175,0.668337819632143,0.873459660680965,0.301082626683637,0.0906732568982989,0
0.728283140575513,0.519518272485584,0.469328800449148,0.69906993303448,0.0561476715374738,0.344236822566018,0.291056314948946,0.246638621902093,0.0351876008789986,0.05045505031012,0
0.718503430951387,0.568661109544337,0.413611545693129,0.549554631114006,0.527811217587441,0.546978107187897,0.901147996773943,0.858325704932213,0.0020920189563185,0.816377307288349,0
0.606580992694944,0.271333338692784,0.470092847011983,0.285430592950433,0.826259539462626,0.379076145589352,0.568630984751508,0.165016948478296,0.717413811944425,0.984787493711337,0
0.915469364030287,0.997907974990085,0.198459729552269,0.367605974432081,0.366552634863183,0.200874946080148,0.0741836132947356,0.783331703860313,0.958848034730181,0.222700792830437,0
0.40119240898639,0.395721948007122,0.409506310941651,0.944059360772371,0.963594742817804,0.156171545386314,0.790560881374404,0.463312730193138,0.334827404236421,0.378511938499287,0
0.301413559354842,0.907981016440317,0.553100737510249,0.402558842673898,0.660809035180137,0.536327373003587,0.516943821916357,0.643039922462776,0.831433841725811,0.0800891572143883,0
0.454474997939542,0.277938387589529,0.458385836333036,0.911847147392109,0.353173115290701,0.870329271769151,0.213038092013448,0.052087300689891,0.253737983992323,0.695569824893028,0
0.990595352370292,0.188880729256198,0.604765761876479,0.0367829280439764,0.198712647426873,0.399183203466237,0.976099093444645,0.0614678671117872,0.557209169957787,0.175940139684826,0
0.824515688931569,0.474119548453018,0.47756362776272,0.159965672995895,0.890330193331465,0.676135767251253,0.985669154906645,0.674456466455013,0.882726629730314,0.716405401937664,0
0.843615340767428,0.251024639466777,0.693888238631189,0.179928407305852,0.357843413483351,0.197950911242515,0.0333572905510664,0.466664655832574,0.929883981822059,0.0990284343715757,0
0.916780589148402,0.149472657358274,0.362240643939003,0.709312881110236,0.0475756069645286,0.69552272814326,0.254126403713599,0.931468771304935,0.675351081881672,0.382098904112354,0
0.828037631697953,0.146036748308688,0.592144205234945,0.990710803773254,0.0655820686370134,0.407478056848049,0.325616599759087,0.885235734516755,0.724965036148205,0.697568651288748,0
0.514574124477804,0.547981918556616,0.726604981115088,0.850595352239907,0.73649058653973,0.144169555744156,0.924370391992852,0.567409163573757,0.790859314845875,0.362435078015551,0
0.65776072605513,0.957977581536397,0.177020664326847,0.938294526655227,0.976478114258498,0.904573930893093,0.838528185617179,0.646078406367451,0.357279341667891,0.775215017143637,0
0.0906866185832769,0.280102655757219,0.696790849557146,0.593482537195086,0.371498980326578,0.698084098519757,0.69204143458046,0.664919806178659,0.240476408042014,0.584363037021831,0
0.955929790157825,0.824036345118657,0.367087995633483,0.0905477826017886,0.186830143211409,0.665227843914181,0.96661290130578,0.634198704501614,0.71434484818019,0.671146279433742,0
0.499382900772616,0.49200763553381,0.367462753551081,0.539051331812516,0.491114228731021,0.711366747971624,0.839098124532029,0.773097103927284,0.903000664664432,0.302830654196441,0
0.948062506038696,0.6265562355984,0.474820505129173,0.983227320481092,0.473354621324688,0.891930936602876,0.649015422444791,0.357729453360662,0.948345656041056,0.708552460651845,0
0.854562806896865,0.905626053456217,0.128372367937118,0.741151401074603,0.203359686769545,0.0917542900424451,0.507432776270434,0.232970001874492,0.536950580310076,0.226552058244124,0
0.95521008130163,0.687603104393929,0.649594852235168,0.957159561105072,0.500102816615254,0.234115823404863,0.181623281445354,0.845759307965636,0.397742302622646,0.167283009272069,0
0.844982311828062,0.823272523935884,0.955783851910383,0.759470631601289,0.778751820093021,0.268290392821655,0.938903505913913,0.0726806931197643,0.623711005551741,0.440801998134702,0
0.158200606936589,0.474770222092047,0.125712087843567,0.306604904588312,0.440283398842439,0.0350546040572226,0.114294547121972,0.517525261966512,0.849374911282212,0.586706536123529,0
0.318744274554774,0.989691763883457,0.207521234173328,0.509016584372148,0.550921662012115,0.895293349167332,0.352809663629159,0.177834167378023,0.940643752226606,0.453424254432321,0
0.445103755686432,0.148524969350547,0.346661531832069,0.20798408635892,0.159838396590203,0.0323023470118642,0.454578632256016,0.156259490642697,0.576309148455039,0.710779615910724,0
0.760903069516644,0.0709998491220176,0.368706431938335,0.648855962092057,0.988378023263067,0.863306007580832,0.477853240910918,0.649122664006427,0.210482001071796,0.0914599592797458,0
0.483814348466694,0.067974055185914,0.20524932211265,0.0992820479441434,0.712374475318938,0.215792139293626,0.129911849740893,0.0567572959698737,0.26296242326498,0.19344665040262,0
0.322531404206529,0.340797453885898,0.930052109062672,0.803381358971819,0.573815414914861,0.671260264003649,0.428107310086489,0.575896974885836,0.876982879824936,0.000393798341974616,0
0.342812240123749,0.79423969052732,0.357564232079312,0.490393001586199,0.164303410565481,0.652386124711484,0.109135593520477,0.185973552288488,0.362752079032362,0.160394875099882,0
0.435506704263389,0.0617980596143752,0.357341773808002,0.223393831402063,0.154714974109083,0.703077442245558,0.687034556176513,0.222111541079357,0.61088851117529,0.552845577476546,0
0.105270478408784,0.266430048504844,0.748798331012949,0.400134886847809,0.979500812245533,0.384929042775184,0.457232957240194,0.718833265360445,0.404786562081426,0.449110121233389,0
0.0311143493745476,0.408709468320012,0.329786632442847,0.367276929784566,0.262471739435568,0.733042968437076,0.605597441550344,0.709516157163307,0.188284631585702,0.786499708425254,0
0.216241765534505,0.370737242046744,0.0783666386269033,0.380989858647808,0.257970924256369,0.941063326084986,0.901259775040671,0.29253191431053,0.978369973134249,0.100935204653069,0
0.697077481541783,0.21355465054512,0.587665491970256,0.590669253375381,0.960517182014883,0.779530742904171,0.401208977214992,0.345172503963113,0.9380914112553,0.496593757532537,0
0.552747897105291,0.830150705762208,0.201882786815986,0.510654000099748,0.76066822768189,0.71327581256628,0.416153766447678,0.99764619092457,0.647771300980821,0.822870478499681,0
0.213738400489092,0.892142361262813,0.643532583024353,0.00852397060953081,0.147556819254532,0.621909288456663,0.383321757661179,0.146309671690688,0.722738626878709,0.274682198418304,0
0.32680063857697,0.209989422932267,0.527082655811682,0.0518178618513048,0.383947830880061,0.584750607842579,0.619038939941674,0.360299962107092,0.780906258849427,0.921501329401508,0
0.532602953724563,0.740480882115662,0.729367155116051,0.296137623023242,0.546529959421605,0.0968011196237057,0.62808094243519,0.755566130857915,0.261361482087523,0.72061535762623,0
0.510092811426148,0.943617427023128,0.995237725554034,0.416180945467204,0.372323343064636,0.520057354820892,0.297342971432954,0.538858710089698,0.330327219562605,0.776158546796069,0
0.528603306040168,0.946761928498745,0.90811904380098,0.785573412431404,0.0889394951518625,0.267702312208712,0.176632236689329,0.0411347579210997,0.425786747829989,0.663331991992891,0
0.421558060217649,0.0795165419112891,0.995910048950464,0.459553136257455,0.133758561918512,0.895337372552603,0.75568480999209,0.464295896235853,0.674463029718027,0.288675405317917,0
0.401088464539498,0.257463146233931,0.842762879328802,0.965781734092161,0.468396125361323,0.823550468543544,0.89281110628508,0.907715442590415,0.394814806524664,0.827703201211989,0
0.531664528651163,0.249779652571306,0.175047148484737,0.221287483349442,0.584575693355873,0.180213677929714,0.931832363130525,0.557066191919148,0.641492667607963,0.150925483554602,0
0.163556383457035,0.8715554329101,0.732613644562662,0.115534015232697,0.718522413400933,0.531793175032362,0.65604267292656,0.865256390301511,0.671712652547285,0.876972886035219,0
0.39531566388905,0.955879179993644,0.296374193159863,0.124084976036102,0.70435757143423,0.456374124623835,0.413821814814582,0.638310268521309,0.934874175814912,0.829821550054476,0
0.664998842868954,0.68712751660496,0.683075507869944,0.470906058559194,0.70033665955998,0.913514011306688,0.101352083496749,0.0592659548856318,0.538519558496773,0.19036499527283,0
0.657684738049284,0.197081009391695,0.703604435548186,0.0837940268684179,0.49365606950596,0.538396499818191,0.657550357514992,0.392783854156733,0.622737363213673,0.0503097751643509,0
0.738909361185506,0.944628255907446,0.784955239389092,0.998123096767813,0.984527515247464,0.898380152182654,0.756373303942382,0.361889956984669,0.346580473706126,0.389184700092301,0
0.462502610404044,0.433668862096965,0.496434420580044,0.559712781105191,0.935339090414345,0.202796883648261,0.0794260303955525,0.39882945199497,0.572834871476516,0.000118261436000466,0
0.239279185421765,0.132292728638276,0.177230730652809,0.0883097518235445,0.706465173512697,0.820488787954673,0.701737731695175,0.20237674517557,0.80500922142528,0.920809356262907,0
0.245005224598572,0.564625347033143,0.979583182139322,0.289924598531798,0.653873247792944,0.65101977204904,0.852342607919127,0.836646057199687,0.161227173637599,0.591620998457074,0
0.551736282417551,0.600598896620795,0.297648159787059,0.945083481026813,0.643941586604342,0.934753579786047,0.874192346585914,0.537183147156611,0.902038866188377,0.92389076971449,0
0.452901389915496,0.970553106628358,0.079587166197598,0.696910009020939,0.474080610787496,0.278099795570597,0.527023298433051,0.729757937835529,0.342087195720524,0.416819407837465,0
0.250634221360087,0.32094890344888,0.651296265888959,0.926427633268759,0.223467904841527,0.183569211512804,0.0943545189220458,0.106963648227975,0.616077917162329,0.891026671975851,0
0.947386789368466,0.750992845278233,0.255104154581204,0.847825851058587,0.909276328980923,0.119874177034944,0.263413371518254,0.486294056521729,0.160026533994824,0.0965193046722561,0
0.757899164455011,0.27716932981275,0.536091051064432,0.784492126433179,0.208133836276829,0.165561948670074,0.191101646516472,0.466931783594191,0.513870665803552,0.473970290273428,0
0.517656399868429,0.87126231729053,0.592028060229495,0.0726784241851419,0.00378547445870936,0.0844039779622108,0.644074312644079,0.0941574876196682,0.208167630247772,0.101984449196607,0
0.667988828383386,0.0339010767638683,0.125441416166723,0.683271332876757,0.220816199202091,0.259430038975552,0.99217049125582,0.1596128733363,0.348484765971079,0.0392877436242998,0
0.815091286087409,0.956037099007517,0.745614149840549,0.60415705665946,0.0134698629844934,0.835252042859793,0.256791273131967,0.391332798404619,0.165240152971819,0.282246040413156,0
0.917496893322095,0.334583820076659,0.983238543150946,0.0958847503643483,0.518313889624551,0.107053147396073,0.70249782782048,0.349856255576015,0.90917494869791,0.0536585263907909,0
0.459072533762082,0.274567740736529,0.783342136535794,0.771004165289924,0.678963982965797,0.749382810201496,0.693014046642929,0.376391034806147,0.32715059327893,0.257918218849227,0
0.44444184214808,0.392547828610986,0.389674752950668,0.228508955333382,0.709270792780444,0.163870915770531,0.422392988810316,0.819088441319764,0.767765334807336,0.156227560946718,0
0.660540765384212,0.580842821160331,0.898265691241249,0.559297641040757,0.423128575319424,0.0960528601426631,0.343356228899211,0.150525899603963,0.564398247050121,0.802668837830424,0
0.9731014885474,0.784201144240797,0.881582833593711,0.287924437085167,0.30566270975396,0.153026347747073,0.752655209507793,0.531212767120451,0.245869196485728,0.00994791742414236,0
0.546636948827654,0.973029319196939,0.947412146488205,0.652078942162916,0.492459684610367,0.0633648417424411,0.0972630884498358,0.342589006759226,0.746685666730627,0.726095662452281,0
0.809317369945347,0.620002246228978,0.922313563991338,0.707546620629728,0.406745901564136,0.165507882833481,0.0133941755630076,0.258409644011408,0.604706789599732,0.506053152028471,0
0.528943666722625,0.448603983968496,0.17635363410227,0.267531745368615,0.927918219007552,0.901546492241323,0.00984668196178973,0.239154230104759,0.581496278056875,0.126391704194248,0
0.195461139082909,0.0684641168918461,0.834548242157325,0.390770107973367,0.489120644051582,0.834182081045583,0.777062825392932,0.503303276142105,0.779178452910855,0.621996519854292,0
0.00441845902241766,0.0522580747492611,0.836215453688055,0.758788773790002,0.810117108281702,0.242936058202758,0.583790237782523,0.421125282533467,0.0408831750974059,0.0767083710525185,0
0.5346482291352,0.389491972979158,0.800464200554416,0.352434049127623,0.912495203083381,0.291819931240752,0.58616131125018,0.642497047316283,0.924570254050195,0.575144706759602,0
0.477328896289691,0.201879295753315,0.172589285997674,0.906384409405291,0.662644675932825,0.767167207784951,0.146323160734028,0.857888748403639,0.38721993775107,0.467862554593012,0
0.679973067017272,0.687308833934367,0.345165120204911,0.962942962069064,0.101766465697438,0.583348718238994,0.15722653712146,0.273584755370393,0.152151312213391,0.450436556246132,0
0.38055419921875,0.0747128694783896,0.00222848588600755,0.416288544889539,0.901619751937687,0.971902978140861,0.637783700833097,0.478370816679671,0.631858093198389,0.558000937104225,0
0.981825736816972,0.247559503186494,0.244938955642283,0.986124305287376,0.585336084477603,0.230806102743372,0.977575528202578,0.192613634746522,0.436591218691319,0.0403433165047318,0
0.987286183284596,0.775035968516022,0.539338484173641,0.905732524348423,0.813508491031826,0.170704878168181,0.387762000784278,0.598822074243799,0.839181439718232,0.204895687755197,0
0.0642293870914727,0.0860544841270894,0.432695895433426,0.270949272904545,0.372390206204727,0.925302715972066,0.0697070613969117,0.70105349435471,0.1328010908328,0.28184104245156,0
0.754630904411897,0.0612232778221369,0.279681748477742,0.183491929667071,0.848704603035003,0.51617404515855,0.327894299291074,0.228472030255944,0.70670533971861,0.551227181917056,0
0.491391796153039,0.415432391688228,0.286541085224599,0.862871958641335,0.667067979462445,0.0593856435734779,0.0198965950403363,0.00872278213500977,0.508300201967359,0.951115977019072,0
0.329771362477913,0.00926158996298909,0.800754976691678,0.101553769782186,0.929530338617042,0.400591154117137,0.187561101047322,0.444180821534246,0.291054645553231,0.241835036547855,0
0.0589961202349514,0.128316956339404,0.467981409048662,0.841602410888299,0.388306549051777,0.581380983581766,0.804826067993417,0.646461084950715,0.326988771092147,0.655322532868013,0
0.166533639188856,0.60435149865225,0.957552628824487,0.229637400712818,0.66900882916525,0.000312482705339789,0.818448913050815,0.354352259775624,0.247448961483315,0.757882663514465,0
0.664462240645662,0.880373384105042,0.742709144484252,0.698888302547857,0.785415493650362,0.953255537431687,0.589225458214059,0.391323078190908,0.701220091199502,0.755864739185199,0
0.263703843578696,0.569785238709301,0.433297826675698,0.31954459589906,0.104855494340882,0.387196052120999,0.881868935422972,0.81590900872834,0.130842008860782,0.701991599053144,0
0.233388453722,0.563599061220884,0.286290566436946,0.45135235786438,0.0166133092716336,0.0784518183209002,0.493587380973622,0.0478666415438056,0.588842182420194,0.0162429527845234,0
0.351552423322573,0.780506210401654,0.0724693646188825,0.223734383936971,0.944070401834324,0.269884203094989,0.00558368489146233,0.25081672379747,0.526910224696621,0.256025707116351,0
0.0907489252276719,0.656563302967697,0.996927432483062,0.943817317252979,0.989082631422207,0.0510240320581943,0.770697288680822,0.886684393510222,0.0101993510033935,0.025118789402768,0
