"1","2","3","4","5","6","7","8","9","10","class"
0.178407629253343,0.677154407370836,0.488312897039577,0.450812908587977,0.461948198731989,0.575093281455338,0.0605225954204798,0.499701450346038,0.262714423704892,0.9055758244358,0
0.123513382859528,0.573075194610283,0.372709614457563,0.659671117784455,0.397579209180549,0.583834059769288,0.724039640510455,0.215793228242546,0.12110923579894,0.988394285319373,0
0.352843210566789,0.65690290578641,0.525675110053271,0.87313744565472,0.946569534949958,0.7555208762642,0.174073466798291,0.981481028720737,0.0677605161909014,0.700239208061248,0
0.652866567950696,0.229153535095975,0.163179650669917,0.212241850793362,0.492768555181101,0.321389043238014,0.946307372301817,0.438034085556865,0.887931756675243,0.430044032633305,0
0.816193327540532,0.75378585816361,0.415281787747517,0.137387494323775,0.0267575988546014,0.0277167165186256,0.812450133729726,0.1864510003943,0.222007443197072,0.499679978005588,0
0.077370984479785,0.128154691541567,0.778367786901072,0.13895199354738,0.477703264914453,0.252027656184509,0.334078003186733,0.652367413742468,0.346375079127029,0.557466141181067,0
0.840423907153308,0.607045394834131,0.820689997635782,0.663283168338239,0.882323482073843,0.789992726407945,0.845416349358857,0.366640507942066,0.659187723649666,0.0194252573419362,0
0.369805304799229,0.620335671585053,0.0392461321316659,0.540679002646357,0.870612719329074,0.768372737569734,0.490710430778563,0.928518070839345,0.126069053076208,0.0519075568299741,0
0.74802397727035,0.175178564619273,0.645675790496171,0.352996129542589,0.865029752254486,0.563733305316418,0.19688515830785,0.441072282148525,0.102417415706441,0.261943623423576,0
0.925284028053284,0.37022432195954,0.648225140757859,0.146811346756294,0.932595471618697,0.0464557923842221,0.619476648746058,0.374083075206727,0.0228178051766008,0.90407228958793,0
0.945179660106078,0.708799600135535,0.947004082379863,0.0838367913383991,0.700900154188275,0.272079871036112,0.60022986214608,0.203719754237682,0.210889291018248,0.315328074386343,0
0.339902145788074,0.679900417802855,0.76657290593721,0.798690418712795,0.0762201407924294,0.768592409323901,0.949095136253163,0.645402514608577,0.693060725228861,0.175609855446965,0
0.587380185723305,0.334486329928041,0.220221011666581,0.565638117492199,0.982813166920096,0.240558633347973,0.231592571362853,0.677263896446675,0.995593094266951,0.0906623927876353,0
0.448169647715986,0.0879423387814313,0.928442810894921,0.857721905689687,0.178980530938134,0.394129226915538,0.589886511210352,0.57628240948543,0.4420480215922,0.127822382608429,0
0.869333111681044,0.770858590025455,0.939023928483948,0.0813136743381619,0.975876977667212,0.185839040670544,0.858419319614768,0.27264892286621,0.434691807255149,0.576806132681668,0
0.369483440183103,0.931671031750739,0.486108720069751,0.617970760213211,0.641916535794735,0.743178620468825,0.815092684701085,0.190252164378762,0.514705644221976,0.934930598828942,0
0.589692917885259,0.246368871768937,0.216385751729831,0.370823064120486,0.516313247615471,0.28348908550106,0.443138674367219,0.90984071069397,0.752769397338852,0.475342913065106,0
0.291896506911144,0.0634568992536515,0.73775386903435,0.930692614754662,0.912387578282505,0.428989661391824,0.918337779818103,0.353896234882995,0.410071534570307,0.869493418140337,0
0.165650960057974,0.483949389774352,0.405777511652559,0.933546776417643,0.329054933506995,0.996278742793947,0.327077138470486,0.570194917730987,0.476420103106648,0.803210381884128,0
0.799300790997222,0.0741617875173688,0.318703302647918,0.528681931318715,0.691164625110105,0.742573600728065,0.599146761698648,0.219607140636072,0.694205048726872,0.236462373053655,0
0.163815300911665,0.852787980576977,0.650042387889698,0.207955183694139,0.305757021997124,0.209262184565887,0.114107669098303,0.503654185216874,0.743162948638201,0.893656163942069,0
0.503406182862818,0.649427302181721,0.715784747852013,0.815272409468889,0.632589414017275,0.987908562412485,0.214217696338892,0.721642180113122,0.470169460168108,0.678364180261269,0
0.037029544590041,0.776001601945609,0.669941579923034,0.250669093569741,0.117753635160625,0.652752208523452,0.716529139317572,0.105887757847086,0.0979068432934582,0.149547294247895,0
0.64124211599119,0.204985545715317,0.130288097541779,0.885077792452648,0.765280307969078,0.997004549717531,0.21519492380321,0.455189032480121,0.140611103037372,0.969919437309727,0
0.2116398292128,0.299981972202659,0.464188896119595,0.457605243427679,0.205107497051358,0.987631680443883,0.000158537179231644,0.766165290959179,0.877770841820166,0.798036779742688,0
0.415575282881036,0.824132012901828,0.0808879074174911,0.735875694546849,0.0257840014528483,0.203976704506204,0.756176186725497,0.872475895797834,0.763349988032132,0.809072209522128,0
0.651276869000867,0.404382182750851,0.934758046641946,0.763260436011478,0.256475710542873,0.514229206833988,0.882872130256146,0.301728497957811,0.640900085680187,0.0110559829045087,0
0.547519493848085,0.521603591740131,0.806916817091405,0.390791815239936,0.540912345517427,0.853208988904953,0.199112179223448,0.97694944916293,0.505793097894639,0.80433308891952,0
0.192064787028357,0.594260769430548,0.662311061751097,0.978826887905598,0.264212131267413,0.472082545282319,0.6630602509249,0.336961202323437,0.20263807172887,0.647436984349042,0
0.976872166851535,0.324751791777089,0.433523988816887,0.644831389188766,0.1132438397035,0.345067342510447,0.991796721704304,0.353588525904343,0.238927997183055,0.261578316800296,0
0.587415551999584,0.524916554568335,0.0953015072736889,0.599665723741055,0.85933758225292,0.992940704338253,0.281388250878081,0.500076052965596,0.531639211811125,0.0126473179552704,0
0.539144579088315,0.725235300371423,0.550013066269457,0.715600749710575,0.885180911980569,0.337883398402482,0.686654250836,0.504449978005141,0.785404801135883,0.131943347165361,0
0.17443787609227,0.143221827689558,0.708343762671575,0.836397735169157,0.694116011029109,0.278048493899405,0.251649050042033,0.788685469422489,0.311553471954539,0.694123067893088,0
0.957058050204068,0.476611280813813,0.977502599358559,0.614476180868223,0.0868191136978567,0.19567220681347,0.703597170300782,0.573898811126128,0.654621008550748,0.861672889441252,0
0.354021815350279,0.00433715037070215,0.273419676115736,0.59926784131676,0.99300183984451,0.526887111132964,0.59644632274285,0.3702286046464,0.979727048194036,0.35541219660081,0
0.730294747045264,0.434012301964685,0.250455907778814,0.681185099994764,0.00727804517373443,0.276547909481451,0.558719907654449,0.286262393696234,0.436432669404894,0.693913559196517,0
0.0134426164440811,0.941021637059748,0.655195776605979,0.885423546191305,0.92138675856404,0.263709492282942,0.288022104883566,0.442271016538143,0.308877853676677,0.266769716981798,0
0.34579915786162,0.528797806473449,0.46378418430686,0.333520886721089,0.0882089452352375,0.593166839098558,0.413590463344008,0.508924789959565,0.320092294597998,0.653304164297879,0
0.13762409100309,0.298333486309275,0.968266821233556,0.164078596746549,0.844459539279342,0.0958609925583005,0.229453705251217,0.422138060675934,0.673579429043457,0.484061899594963,0
0.272329855477437,0.377120092976838,0.00412413175217807,0.286536159226671,0.950997314183041,0.793057671980932,0.251252295682207,0.122296338202432,0.222307881340384,0.556346341967583,0
0.0928123428020626,0.383910867385566,0.168818457983434,0.462118741124868,0.4004858401604,0.789982149843127,0.444549668114632,0.225370390573516,0.49942819471471,0.657322476617992,0
0.0445015416480601,0.634057829156518,0.285790786147118,0.199607885209844,0.927038222318515,0.000376314390450716,0.964960344601423,0.969000654993579,0.753657932393253,0.626609002007172,0
0.194940670393407,0.249818688491359,0.713259128853679,0.857494516763836,0.468114006100222,0.86332721542567,0.804499066434801,0.913916686782613,0.443974219728261,0.401088537182659,0
0.0600940838921815,0.460368159692734,0.52765600476414,0.126731523312628,0.0570419139694422,0.631523139774799,0.722148913424462,0.967621698742732,0.595061368076131,0.539393503218889,0
0.192604815587401,0.619053597562015,0.325693511869758,0.446661861613393,0.66879532020539,0.556200562277809,0.821722894441336,0.995287370635197,0.113402798306197,0.782794400351122,0
0.500856122467667,0.823166227201,0.406920915236697,0.312654529465362,0.886241983156651,0.935556936310604,0.614652761723846,0.11616453086026,0.88244320708327,0.196081343805417,0
0.876442183740437,0.0515670564491302,0.564382164273411,0.877588542643934,0.195574365323409,0.553651755442843,0.680582456523553,0.55030662054196,0.825511775212362,0.198456987738609,0
0.323011135915294,0.386657598195598,0.315050126751885,0.176466090604663,0.607724195346236,0.671480305492878,0.299544255947694,0.708203693851829,0.896267964271829,0.763910062145442,0
0.400410054251552,0.30102782137692,0.113731002667919,0.938212963286787,0.649583278223872,0.960291625699028,0.998291512485594,0.969329298939556,0.299332115566358,0.00556824984960258,0
0.600072012515739,0.387829414568841,0.266365677583963,0.36658117105253,0.390218264656141,0.0151743881870061,0.930944148683921,0.968810217455029,0.869487185264006,0.201857592910528,0
0.705912641016766,0.187808655900881,0.0314215216785669,0.862985503161326,0.0606586737558246,0.839371480979025,0.224005723837763,0.631945419125259,0.159915097523481,0.534897155826911,0
0.0778376038651913,0.263388291466981,0.275243682786822,0.639291743282229,0.592479018727317,0.423767473082989,0.209950598655269,0.903688067570329,0.0090431401040405,0.389806054765359,0
0.0931272795423865,0.00614074384793639,0.0285193240270019,0.907665886450559,0.631620346568525,0.296879425412044,0.00423171650618315,0.20338762155734,0.615179819520563,0.22008447535336,0
0.540813806466758,0.801209824159741,0.805006381124258,0.58658959553577,0.2851056472864,0.532786740688607,0.429606958758086,0.248314045369625,0.075066737132147,0.971082772128284,0
0.263636836782098,0.277532820124179,0.608940645586699,0.726692883996293,0.283217081101611,0.215000259689987,0.5620662427973,0.688047254923731,0.955392533680424,0.666151649784297,0
0.717610721243545,0.122257083188742,0.674526130547747,0.409720212221146,0.209979744395241,0.792913610348478,0.77133921906352,0.824019749416038,0.931722039123997,0.217162417247891,0
0.395185052650049,0.53431813349016,0.426076215691864,0.49266789923422,0.995749188121408,0.146690625697374,0.701766715152189,0.657273151446134,0.822691475274041,0.470714331837371,0
0.357532104011625,0.194693180266768,0.221698047593236,0.708188303513452,0.338730575982481,0.102538922335953,0.868047158000991,0.0796122653409839,0.346244821790606,0.858427724335343,0
0.477502453373745,0.697764799231663,0.638908191584051,0.963838569819927,0.401211032178253,0.559617143590003,0.357593532186002,0.588928781216964,0.776778124505654,0.889524564612657,0
0.00994101306423545,0.0347209721803665,0.605898929992691,0.853384400485083,0.0360389633569866,0.104672229383141,0.4744096333161,0.300570495426655,0.863945367047563,0.437276764772832,0
0.575439181644469,0.12231771578081,0.0176111839246005,0.106659269891679,0.043440374545753,0.267067542299628,0.987281455192715,0.745909809134901,0.777422063052654,0.646725159371272,0
0.964203694835305,0.506422667764127,0.770205890759826,0.849731813184917,0.451377327553928,0.623048928333446,0.717956240288913,0.995438807876781,0.798744322732091,0.713110871380195,0
0.336298594018444,0.155152138322592,0.0747811568435282,0.0890045277774334,0.374741462757811,0.535424736794084,0.577590421773493,0.159012749325484,0.82874331693165,0.190799025120214,0
0.869618396274745,0.2028394844383,0.338019590592012,0.169479147763923,0.396795291220769,0.0899560719262809,0.70357275288552,0.106336025288329,0.433351991465315,0.630699486471713,0
0.584172434406355,0.613587073981762,0.0402112014126033,0.358663960359991,0.0462873289361596,0.165201036259532,0.827281685546041,0.657606921857223,0.249179260106757,0.0294555120635778,0
0.430060766637325,0.842602676013485,0.664055200992152,0.068505127215758,0.479349687928334,0.689582678722218,0.313076248159632,0.799897878896445,0.71177016524598,0.139059394132346,0
0.927628403296694,0.988067612051964,0.48338185204193,0.211069182725623,0.187543470412493,0.979341762606055,0.625643621897325,0.337741020834073,0.077183993998915,0.209381034132093,0
0.348811455303803,0.597584725823253,0.0248072138056159,0.887868545483798,0.935368105070665,0.328204805031419,0.649297272320837,0.944922956172377,0.377933569485322,0.472849564393982,0
0.327192470431328,0.741419833619148,0.081211234908551,0.435238821431994,0.440646009054035,0.1903958581388,0.555099236546084,0.173568841302767,0.53074351651594,0.760544782038778,0
0.884641466895118,0.879811474122107,0.049357999349013,0.620869799284264,0.558760862331837,0.868248847080395,0.937361834105104,0.255127453710884,0.503551850095391,0.664384715957567,0
0.161758840316907,0.576268062461168,0.556253823451698,0.926120492629707,0.225174784427509,0.773789752507582,0.27892355946824,0.879073410527781,0.112606930546463,0.645053727785125,0
0.989936811616644,0.857212795875967,0.104017323581502,0.67277299775742,0.608311775140464,0.0500808784272522,0.410425575682893,0.870937366969883,0.293035362847149,0.77225795132108,0
0.0656577365007252,0.106585672590882,0.226520811906084,0.502676453674212,0.312130281934515,0.727142048301175,0.16308531910181,0.312130214180797,0.650007093558088,0.715508973691612,0
0.299016955541447,0.400478378403932,0.207613278180361,0.810267618624493,0.835139638511464,0.245116733713076,0.243320565205067,0.809449651511386,0.646253346232697,0.083394760498777,0
0.253841571975499,0.581482469802722,0.910078310640529,0.602897188160568,0.592536796350032,0.514482495840639,0.640300199389458,0.588485806947574,0.35005599190481,0.549010070040822,0
0.0726476553827524,0.461795342853293,0.360309278825298,0.220777489477769,0.844761255197227,0.866481731412932,0.257494020042941,0.550509173888713,0.366426318651065,0.544428376248106,0
0.959258643211797,0.373672181041911,0.304449564777315,0.665650885552168,0.184662163024768,0.300338821252808,0.233438948635012,0.295667410828173,0.674271170049906,0.838849243707955,0
0.284297860693187,0.510519872652367,0.441835552221164,0.64887598529458,0.85140333045274,0.103453406132758,0.420025759376585,0.40331342862919,0.807385928696021,0.926217802567407,0
0.576297512277961,0.972785898949951,0.553448757622391,0.199718000367284,0.799466491676867,0.571390301920474,0.768103734357283,0.0793172011617571,0.167266156291589,0.868425496388227,0
0.235155987553298,0.319608631776646,0.274088819045573,0.358584497356787,0.921650008298457,0.586501101497561,0.169594421284273,0.033255135640502,0.159730011364445,0.986027636798099,0
0.612138140713796,0.0117163707036525,0.434096368728206,0.557918961392716,0.716381527716294,0.650476689683273,0.63895655516535,0.352400709176436,0.701679929159582,0.500082628335804,0
0.332340960158035,0.433842213125899,0.47091704281047,0.451809688936919,0.9897154730279,0.878594878129661,0.168632938526571,0.812186157796532,0.288861579727381,0.87455706181936,0
0.487864730414003,0.540927982190624,0.278214833000675,0.788129934109747,0.512480318546295,0.102570539340377,0.726657532621175,0.127761202165857,0.00745703442953527,0.458097769878805,0
0.52003810275346,0.612613309407607,0.466086280765012,0.869386077160016,0.577635612105951,0.96119872527197,0.372918350622058,0.194263330195099,0.172669332241639,0.952852784190327,0
0.399719944223762,0.691501574357972,0.199689809465781,0.59174118610099,0.916847115149722,0.299408794147894,0.291490604169667,0.092676674714312,0.454360680188984,0.943062913138419,0
0.0940255243331194,0.455747927539051,0.344387132674456,0.345822597155347,0.738317174371332,0.910548985702917,0.432380503742024,0.77863647788763,0.89762518578209,0.25227048015222,0
0.289197555277497,0.150893572950736,0.740868593333289,0.730353735387325,0.256826334400102,0.123987826984376,0.967025823658332,0.33720769523643,0.021421977551654,0.0634440626017749,0
0.0992393416818231,0.666002255631611,0.564354332629591,0.13816908118315,0.779922118643299,0.317249467363581,0.640453016851097,0.062048026593402,0.647703488590196,0.513783853966743,0
0.0609235300216824,0.0317434708122164,0.665634617209435,0.678444324061275,0.370563096366823,0.772896455833688,0.350681950571015,0.431577703217044,0.884394641034305,0.241729533066973,0
0.223144125193357,0.570651741698384,0.833553009200841,0.596700398251414,0.11527236434631,0.767984694102779,0.5685895239003,0.800288968486711,0.408891042461619,0.884972027037293,0
0.669428046559915,0.212641645921394,0.932393045164645,0.299347708234563,0.71953204809688,0.709937727311626,0.722204414894804,0.938503332901746,0.337321215774864,0.0481102578341961,0
0.759062530240044,0.288876273902133,0.384710039710626,0.662634402979165,0.606712125241756,0.00264788256026804,0.461854464840144,0.43329762830399,0.602903937688097,0.655802970519289,0
0.915536794578657,0.203988941386342,0.425894618500024,0.583792112302035,0.231417522765696,0.0794617976062,0.751900492468849,0.503263521706685,0.33811217918992,0.513631235808134,0
0.27775585395284,0.966404108097777,0.411827550502494,0.59612525976263,0.564515430247411,0.0716200170572847,0.776240875478834,0.198604055680335,0.0428584031760693,0.773012782679871,0
0.641693548066542,0.421200409997255,0.477207927964628,0.741353861289099,0.181870599044487,0.931291863787919,0.2109945344273,0.286743970355019,0.246171786915511,0.00224991072900593,0
0.828265894204378,0.648958687204868,0.554001086624339,0.587724485201761,0.876285649370402,0.785904294578359,0.33179383026436,0.47667656140402,0.803633329924196,0.833628360880539,0
0.0272530342917889,0.00364145217463374,0.727720950730145,0.726230479776859,0.844415287487209,0.941525228787214,0.794962283223867,0.898742406163365,0.404240869916975,0.509465901646763,0
0.816592201357707,0.554431822616607,0.629875978920609,0.118760552024469,0.779601484537125,0.754890169482678,0.199008260853589,0.776412838837132,0.401421819115058,0.567056386964396,0
0.13954247883521,0.30349042150192,0.403959267772734,0.887285724515095,0.336793607333675,0.756931767333299,0.121717839734629,0.936157426564023,0.124458567705005,0.923203066689894,0
0.34993683360517,0.219973259605467,0.507284245686606,0.126158657716587,0.650004614377394,0.697306107962504,0.492266940884292,0.036748866783455,0.989438265329227,0.711143436608836,0
