"1","2","3","4","5","6","7","8","9","10","class"
0.0547370729036629,0.152324778726324,0.69099990860559,0.165856629377231,0.199256473220885,0.439513869816437,0.312631929060444,0.976068691816181,0.827470682095736,0.145482605090365,0
0.828349347050022,0.339840797505621,0.633533532265574,0.766639465466142,0.945924892090261,0.433581923367456,0.347969185328111,0.464318688726053,0.39027298358269,0.0771052113268524,0
0.684567956952378,0.776831455994397,0.706510631600395,0.42393119004555,0.20326099684462,0.337082860525697,0.58804317144677,0.610146287130192,0.673404249129817,0.0397744136862457,0
0.529661493608728,0.770762336207554,0.189458173699677,0.948729275958613,0.949716202216223,0.107436697697267,0.970471516018733,0.586255116853863,0.788246445823461,0.197970914188772,0
0.584264371544123,0.185286503518,0.793285052292049,0.58691434841603,0.351009022910148,0.17198357032612,0.121470801765099,0.708134486107156,0.270804874831811,0.295327945612371,0
0.334983282024041,0.696302857715636,0.846002926584333,0.464817833155394,0.208864259999245,0.181881429394707,0.0902053485624492,0.372262412449345,0.245599704561755,0.939496891340241,0
0.425867456709966,0.223840028047562,0.775058468570933,0.440086052753031,0.593774511246011,0.127299036830664,0.992964162956923,0.967489591799676,0.55194776179269,0.918819231679663,0
0.942790726665407,0.212738033384085,0.429813568480313,0.676287498790771,0.150872539263219,0.954713033745065,0.53685260983184,0.0023948613088578,0.48874942632392,0.886904321145266,0
0.137888234807178,0.409759898902848,0.504183492157608,0.0967694721184671,0.225552888587117,0.593342647189274,0.847444461891428,0.176360520068556,0.941453519975767,0.045178071828559,0
0.0641004622448236,0.237820460228249,0.152113490970805,0.909857728285715,0.20312492386438,0.541088664438576,0.11041459441185,0.0556937381625175,0.073468652786687,0.49805181636475,0
0.659910417161882,0.536956748692319,0.689431698061526,0.297711607767269,0.35774594754912,0.176499944645911,0.601794543443248,0.775121231097728,0.594705821480602,0.970661218045279,0
0.680488396901637,0.211570215411484,0.230407066643238,0.82585158967413,0.658495616400614,0.51893649995327,0.350333859678358,0.0617856916505843,0.386341781821102,0.984645950142294,0
0.385996485128999,0.914202139945701,0.0671453473623842,0.893694282509387,0.0571108015719801,0.669858176726848,0.794924154412001,0.237042161170393,0.230756793636829,0.35899375169538,0
0.152974328259006,0.984098904300481,0.0835807812400162,0.649238115176558,0.188527368707582,0.294138222001493,0.17641642363742,0.442042464157566,0.134749270509928,0.155817841878161,0
0.763037638971582,0.308879654854536,0.483980404213071,0.740787043469027,0.2164234186057,0.997960915090516,0.0117560748476535,0.393280779244378,0.656294113490731,0.718349328497425,0
0.553992034867406,0.447291180724278,0.12651414447464,0.534544027643278,0.454280375968665,0.44396030344069,0.237098054261878,0.59899558709003,0.58763697440736,0.0753264636732638,0
0.0588536569848657,0.118463536957279,0.296067623188719,0.443582406500354,0.560112811625004,0.372240879107267,0.251854568952695,0.729282055515796,0.842253555776551,0.963678617263213,0
0.624502352671698,0.561200121417642,0.0483015666250139,0.411432014778256,0.591609159018844,0.759203757392243,0.402386108879,0.317451757844537,0.0365889868699014,0.235164163634181,0
0.462462936993688,0.674286484485492,0.88590053608641,0.79399570892565,0.939548800233752,0.00691873650066555,0.804802882950753,0.800029954407364,0.65015399386175,0.282446608645841,0
0.484937395667657,0.931079824455082,0.676602293271571,0.0510777099989355,0.768144872039557,0.828570374520496,0.535140210064128,0.0477630167733878,0.940404367633164,0.285955453291535,0
0.179520760430023,0.820410332642496,0.198825102299452,0.123288217699155,0.965679760091007,0.226095320424065,0.517298056511208,0.770800290163606,0.97232979349792,0.27582474402152,0
0.0114250909537077,0.794559228466824,0.500535543076694,0.977845016634092,0.764055270003155,0.712137488415465,0.587424437282607,0.0339032066985965,0.285203683655709,0.87886548647657,0
0.379466940648854,0.409444093471393,0.100194341735914,0.117930707056075,0.233496723696589,0.643152199452743,0.28205580287613,0.488676586188376,0.507855465169996,0.789526842534542,0
0.519859427120537,0.501116700004786,0.904359213309363,0.607848879415542,0.735046711517498,0.289226558757946,0.0858608882408589,0.0380944777280092,0.584833682747558,0.352941010612994,0
0.0795731199905276,0.880630307132378,0.223354806192219,0.426092918263748,0.288525792071596,0.428065332118422,0.55714253638871,0.485242424532771,0.285204834770411,0.445339546538889,0
0.710804473098833,0.0768415026483126,0.378242573468015,0.466846936382353,0.0214859053958207,0.817962400382385,0.863152557751164,0.399207181762904,0.845537720480934,0.247417296748608,0
0.288219845853746,0.0691541358828545,0.724215593189001,0.198327322024852,0.127790716243908,0.45959323248826,0.667593055171892,0.731163806747645,0.344507358735427,0.631401824997738,0
0.516681251581758,0.450416809180751,0.648304135771468,0.384330725995824,0.201307595940307,0.39319159463048,0.722342514665797,0.608542117290199,0.27897646650672,0.417394936550409,0
0.828212532913312,0.282766959397122,0.80593876959756,0.931848080130294,0.370241469470784,0.69331318163313,0.0699297734536231,0.9532460286282,0.410822957055643,0.969657771056518,0
0.680446873186156,0.635688376845792,0.489045235328376,0.392694240668789,0.481258688494563,0.920024607796222,0.922302302671596,0.904613656923175,0.146703482838348,0.338148159440607,0
0.532001782907173,0.433940938673913,0.0568680595606565,0.90387309435755,0.080779206706211,0.532684184145182,0.221658561145887,0.0249911043792963,0.141375441569835,0.0338690325152129,0
0.0525533985346556,0.27838971465826,0.137748117092997,0.165999511722475,0.642682964215055,0.215471140109003,0.0228153041098267,0.0266961054876447,0.54983099270612,0.422865183791146,0
0.858497065259144,0.341825464973226,0.564501256216317,0.824070239206776,0.125216801417992,0.101754447678104,0.451127750333399,0.470726973842829,0.514459432568401,0.730903287883848,0
0.199446566635743,0.319513641763479,0.245872349943966,0.635215297807008,0.888877786928788,0.0836162900086492,0.448946445481852,0.375413235509768,0.824213760904968,0.770772504853085,0
0.893172277137637,0.753344013355672,0.435602559708059,0.458463369403034,0.0378349607344717,0.0580662433058023,0.391379171749577,0.80243496899493,0.630705567542464,0.963695613667369,0
0.508498950395733,0.4238547233399,0.658521933713928,0.693757612956688,0.0602337745949626,0.0542297365609556,0.0395487858913839,0.567727325484157,0.433732884936035,0.151929252780974,0
0.657147022662684,0.529108670772985,0.425384462811053,0.111352867912501,0.0783836368937045,0.0952248452231288,0.301376750692725,0.541523399529979,0.888853481272236,0.646147753344849,0
0.315330728655681,0.237041988410056,0.608001697575673,0.657515924191102,0.265873086173087,0.859367954777554,0.863601958379149,0.501658894587308,0.312985355732962,0.426186404423788,0
0.679100653389469,0.523489746265113,0.335246977396309,0.667727949330583,0.0160700906999409,0.545215935446322,0.193279622821137,0.592006814200431,0.129283666843548,0.884510831674561,0
0.406499990727752,0.245963049819693,0.0289242467842996,0.954068896127865,0.975647326558828,0.719173215096816,0.31536085344851,0.74512886046432,0.185687673743814,0.78508363221772,0
0.730825117556378,0.994344299891964,0.441563408123329,0.942845989018679,0.560213208664209,0.158243190729991,0.973908668616787,0.995436712400988,0.288058332866058,0.231497999979183,0
0.294930592179298,0.252323045628145,0.832246411358938,0.578019036212936,0.18230462516658,0.279020916903391,0.224938850151375,0.766267775092274,0.871803168440238,0.220699356403202,0
0.809470037464052,0.152466889936477,0.184395611053333,0.855231426423416,0.483748694648966,0.364423983963206,0.638372851302847,0.859223748091608,0.948471473529935,0.590094632236287,0
0.407662610523403,0.287591740954667,0.186335652833804,0.350289301015437,0.126895590452477,0.617128647631034,0.149232321651652,0.106897072400898,0.0128638611640781,0.0359657569788396,0
0.715854533482343,0.594132091850042,0.31940497038886,0.465444605099037,0.506420923862606,0.592607490718365,0.0953139162156731,0.823179550468922,0.43096640240401,0.210174955660477,0
0.825364606687799,0.515996233094484,0.592397683300078,0.0670444874558598,0.431454345816746,0.959070862503722,0.593955606222153,0.724597200751305,0.432636755984277,0.821220051962882,0
0.72646177187562,0.92982266866602,0.249199958983809,0.721473023062572,0.141742975683883,0.52412212244235,0.379857831867412,0.786051068920642,0.501332752173766,0.133848373079672,0
0.116021682042629,0.853428119095042,0.419230696978047,0.380829408066347,0.292896511731669,0.395865770289674,0.132793920114636,0.0896396390162408,0.438449321314692,0.374824257567525,0
0.142840434797108,0.437491459306329,0.300474675605074,0.408416560618207,0.320687658851966,0.0470949672162533,0.125218988163397,0.316179685294628,0.460958945332095,0.929259464610368,0
0.932141272351146,0.390488164033741,0.773999830707908,0.369920878205448,0.0771496288944036,0.267642967402935,0.335910205729306,0.539437796454877,0.564389099134132,0.772607620572671,0
0.396521516842768,0.129193315515295,0.677888637641445,0.257685251301154,0.552428183145821,0.125034012598917,0.593746180646122,0.859323334181681,0.770643773023039,0.69862898834981,0
0.519682974787429,0.441025107167661,0.399292336776853,0.271012031938881,0.470757653936744,0.163672480732203,0.64129396318458,0.218408974586055,0.909934884868562,0.54506879998371,0
0.872320357011631,0.288362392457202,0.111115021863952,0.725293875904754,0.080037037609145,0.998299069004133,0.47398919519037,0.696937169879675,0.505350928287953,0.709993925411254,0
0.22189159062691,0.699019591789693,0.209641115972772,0.683934133499861,0.00180724635720253,0.194071223726496,0.716444383375347,0.997822327073663,0.20808937610127,0.457865584408864,0
0.477779730223119,0.725169939920306,0.142009475734085,0.16739330184646,0.158314726548269,0.630886627594009,0.661952737020329,0.431217170320451,0.568051140755415,0.808250457746908,0
0.644219314213842,0.722002472961321,0.271568726981059,0.210599699988961,0.584962773369625,0.515386486425996,0.776062166085467,0.375182232586667,0.40153660508804,0.844407616648823,0
0.281193638220429,0.0170368261169642,0.124366420321167,0.600066143320873,0.978175312513486,0.912443078588694,0.848976562265307,0.195735048502684,0.108758186222985,0.866978358011693,0
0.602569161215797,0.56194405304268,0.346282212296501,0.121149897575378,0.733138474868611,0.637160786194727,0.916750506265089,0.744126462610438,0.653624781407416,0.678320951294154,0
0.252227132208645,0.176392775028944,0.481074246112257,0.400936669670045,0.310709144920111,0.983777346555144,0.216728904051706,0.160176031524315,0.43331475649029,0.121891357703134,0
0.545608088374138,0.0896124201826751,0.636951422784477,0.410336127970368,0.423228284111246,0.10790710686706,0.137230147374794,0.961845081532374,0.442574018845335,0.37003749771975,0
0.185860972618684,0.12656482309103,0.686994993360713,0.693347565829754,0.964064004831016,0.716184023302048,0.646105732070282,0.607448585098609,0.573334558168426,0.338015042711049,0
0.285265105776489,0.0197310568764806,0.460651193279773,0.00708373868837953,0.395683829206973,0.779664528556168,0.415593350538984,0.708674181485549,0.371895557036623,0.0116287025157362,0
0.953813061583787,0.084581148577854,0.426693307934329,0.68873737170361,0.22071003424935,0.467767230467871,0.71852741879411,0.793973138090223,0.718991248635575,0.40602230001241,0
0.417184733087197,0.330556183122098,0.761943242978305,0.234389841323718,0.638743816642091,0.301688219653443,0.0569356412161142,0.353963948786259,0.85546314320527,0.490550872404128,0
0.138057120144367,0.421573710627854,0.893660968868062,0.292417896678671,0.101865220582113,0.378834723262116,0.614182154880837,0.321628792909905,0.297003112267703,0.27353597804904,0
0.270882927985396,0.124733104556799,0.323030594037846,0.551102869445458,0.748641507467255,0.232928747544065,0.97962698736228,0.761303273495287,0.559161993442103,0.816242787055671,0
0.800794837996364,0.0970642510801554,0.24801916629076,0.579173231031746,0.443878096994013,0.810863415477797,0.275579308858141,0.785731553798541,0.137433689087629,0.24544090218842,0
0.0145593928173184,0.194607027806342,0.844727523624897,0.197828154312447,0.601870609913021,0.316604020306841,0.265759654343128,0.726459711324424,0.801402896642685,0.803137943847105,0
0.47589788842015,0.0139392504934222,0.140259817242622,0.531052013393492,0.493527684127912,0.430486358003691,0.541411993093789,0.772873434238136,0.811459502438083,0.77103016525507,0
0.833885898347944,0.403454872081056,0.639076327905059,0.137410596944392,0.167970505543053,0.00869694887660444,0.166979423724115,0.1110713200178,0.00739561324007809,0.581132422434166,0
0.928300793282688,0.165936277946457,0.949267108459026,0.412130041047931,0.466999344760552,0.580573039827868,0.603429019683972,0.0884677732829005,0.543613699031994,0.0108108308631927,0
0.717753760982305,0.612627033609897,0.580086099449545,0.56591890566051,0.328268015524372,0.132059042574838,0.346053838264197,0.772389621706679,0.823029156308621,0.221423472743481,0
0.872852346859872,0.381975146476179,0.00753920571878552,0.830514363478869,0.509330107364804,0.251118562649935,0.655262754764408,0.957970230141655,0.291120083304122,0.1032787587028,0
0.217847268795595,0.203763274010271,0.0888723733369261,0.479026374872774,0.445816781604663,0.0654648279305547,0.618354949168861,0.759949222905561,0.921125734690577,0.940077600535005,0
0.484336801804602,0.207066019298509,0.909611673792824,0.821536300005391,0.0218650847673416,0.514655558625236,0.696938665350899,0.421097311424091,0.0526709964033216,0.270375954452902,0
0.520105477655306,0.715291170636192,0.606984281912446,0.528479897649959,0.287522005848587,0.292975422460586,0.559391140472144,0.871995465829968,0.21425676648505,0.835481378016993,0
0.184681911952794,0.642389450920746,0.508488200837746,0.899847425287589,0.121288468362764,0.120640463195741,0.848719200352207,0.755719683598727,0.104841374559328,0.239150921115652,0
0.782497541047633,0.572547541931272,0.046055918559432,0.451964370440692,0.849308926612139,0.529344978742301,0.122233062051237,0.45073130284436,0.71331314695999,0.684298512991518,0
0.0914330184459686,0.0667149741202593,0.0794390444643795,0.795125753618777,0.964498384622857,0.198611142346635,0.232869277475402,0.966931271366775,0.896830860991031,0.40899546793662,0
0.548781338667963,0.147441105196532,0.991202624049038,0.872406025417149,0.0149469608440995,0.943363070255145,0.587425575358793,0.774178970372304,0.064390929415822,0.470188865438104,0
0.629268932156265,0.577550191432238,0.676422068616375,0.733089367393404,0.559138232376426,0.00710609089583158,0.14984057797119,0.349685645429417,0.670939561445266,0.476401362335309,0
0.690525567624718,0.24301461619325,0.707776395604014,0.365148267010227,0.72016638959758,0.858278872445226,0.99608715204522,0.70748604554683,0.114924177061766,0.970111910253763,0
0.35380269610323,0.102554538985714,0.411865656264126,0.0980824013240635,0.0660400157794356,0.558551855385303,0.632009005174041,0.732788725988939,0.125006463611498,0.26157116657123,0
0.206387656740844,0.689449817175046,0.833165335236117,0.807559095090255,0.600592194823548,0.507361835101619,0.763453510124236,0.281606506789103,0.728187223663554,0.206247431691736,0
0.721734899794683,0.162521061021835,0.455609973054379,0.350182386813685,0.0120648304000497,0.931311729131266,0.906212921719998,0.204258284764364,0.899309538770467,0.11036697938107,0
0.46546504390426,0.931130429031327,0.23890959052369,0.776278967736289,0.909021237399429,0.0731880387756974,0.35944080655463,0.279989194823429,0.725326154613867,0.102053164038807,0
0.592912544030696,0.146512346575037,0.557346234796569,0.995105482637882,0.981102033518255,0.95283552352339,0.573293067282066,0.755577597534284,0.469232696574181,0.346004186896607,0
0.00728854327462614,0.130808597197756,0.793185814749449,0.863121808506548,0.289747363422066,0.351840395713225,0.388075355440378,0.732562832999974,0.068891407456249,0.81559707201086,0
0.504406383028254,0.72459357092157,0.995257836068049,0.365428573219106,0.28196936706081,0.0263928065542132,0.49780428246595,0.720693179173395,0.389426825800911,0.409388401312754,0
0.421848936937749,0.510067152092233,0.745972923003137,0.782124890014529,0.284642725717276,0.372595645720139,0.161507784854621,0.796826805686578,0.516601185780019,0.121084153885022,0
0.068329808767885,0.200578704243526,0.130184579174966,0.735939322272316,0.159565197303891,0.138788253068924,0.573839383665472,0.534644614672288,0.778430157573894,0.954177863197401,0
0.758795811794698,0.327880981843919,0.820705685066059,0.227797372499481,0.173840308561921,0.109052875544876,0.910419273423031,0.230110136093572,0.58363502426073,0.323650549631566,0
0.177689110161737,0.489743614569306,0.438733177026734,0.433133342303336,0.975722052389756,0.254786603851244,0.100996681721881,0.334084879606962,0.691994084278122,0.951425131643191,0
0.645540392491966,0.361666213255376,0.723231162177399,0.318964360281825,0.904276933288202,0.912558662006631,0.855491288704798,0.204630665946752,0.329855417832732,0.710086473729461,0
0.233378895791247,0.185313158668578,0.1792325922288,0.880627919919789,0.0672009557019919,0.507912937784567,0.928398121148348,0.556578245479614,0.70816514105536,0.439856325741857,0
0.515648343367502,0.047531746327877,0.00816640187986195,0.895535207353532,0.75429092021659,0.559523087460548,0.763041873928159,0.980325906537473,0.0900072511285543,0.409061058191583,0
0.233610538067296,0.758073424454778,0.426717866677791,0.579057300696149,0.865198554703966,0.781383160734549,0.30883119115606,0.468627366703004,0.140698317904025,0.732215000782162,0
0.506550491554663,0.960339298238978,0.411734283901751,0.36982354731299,0.391122708795592,0.430171633372083,0.572133960435167,0.923846308840439,0.427430610870942,0.923722312087193,0
0.650585215771571,0.0876623049844056,0.200283095240593,0.506517995614558,0.00121488468721509,0.745260524563491,0.0568896017502993,0.708182384027168,0.688445040723309,0.694293779786676,0
0.247444385895506,0.554197307443246,0.753450913820416,0.704139324137941,0.661400500684977,0.942019421141595,0.191314661176875,0.38034657179378,0.909144332399592,0.533407104900107,0
