"1","2","3","4","5","6","7","8","9","10","class"
0.978227872713469,0.976070505478419,0.874942187685519,0.596097242087126,0.814153355313465,0.915005376329646,0.0631265563424677,0.86172587890178,0.690127511043102,0.665577531093732,0
0.653130073100328,0.276422770228237,0.986731543438509,0.56019784649834,0.960421743569896,0.658123723929748,0.499823914142326,0.523434104165062,0.263787667499855,0.314848656067625,0
0.772294104015455,0.182913800523058,0.343747145496309,0.475707616889849,0.108677241019905,0.792808425379917,0.442492136033252,0.00710386922582984,0.942372096935287,0.375224422896281,0
0.641940417998005,0.0234827666256577,0.261784454109147,0.937857159180567,0.279726158827543,0.229140863753855,0.314697132445872,0.836585441371426,0.568288472713903,0.584990084171295,0
0.391268690377846,0.0243214206453413,0.995127128902823,0.806203503394499,0.147801500977948,0.395655092783272,0.743558046640828,0.56045686127618,0.044188286177814,0.948491507908329,0
0.736379612470046,0.248641588492319,0.540022381814197,0.939788301242515,0.532943321857601,0.692983551183715,0.221262553473935,0.707591741811484,0.179689306300133,0.99160299426876,0
0.221790954237804,0.734219577396289,0.0100985991302878,0.0166739467531443,0.929083129623905,0.551722622709349,0.224559653317556,0.859671768499538,0.380268295062706,0.789233417715877,0
0.220518634968437,0.171430781872384,0.450248213484883,0.486083628609776,0.931475496850908,0.247844463214278,0.279061235720292,0.482033513020724,0.531261718599126,0.350667606340721,0
0.611979227166809,0.596274498382211,0.968171772547066,0.820526049938053,0.0942616546526551,0.223186201881617,0.862500481074676,0.845490829786286,0.254721630597487,0.649129733908921,0
0.195125944465119,0.762997281233035,0.953494064277038,0.611883103149012,0.996807894203812,0.164035989204422,0.618082305183634,0.212966238614172,0.151756298728287,0.627107308711857,0
0.879688562398776,0.883611938757822,0.885590458521619,0.296359684783965,0.488902222830802,0.255356370704249,0.605538469739258,0.337959949625656,0.0577849864494056,0.811792535474524,0
0.0927820316996425,0.94295374805443,0.702875131042674,0.595025410410017,0.489842052338645,0.0755141680128872,0.744754988932982,0.236888492712751,0.446039360715076,0.934171425178647,0
0.687872644746676,0.632778745843098,0.321060171350837,0.955593033693731,0.658056821674109,0.672857980011031,0.49623405537568,0.339847195660695,0.179223939077929,0.377930326387286,0
0.491460784338415,0.39393157302402,0.408979460131377,0.204185931943357,0.343980690464377,0.00275224749930203,0.409101011697203,0.939384593628347,0.364159163786098,0.785750698298216,0
0.938639387289807,0.0627292468257248,0.864277881104499,0.469525707187131,0.172715791966766,0.0304189235903323,0.95258261426352,0.858992368448526,0.692871802952141,0.744242076762021,0
0.963533575413749,0.0258550187572837,0.0332819852046669,0.97320818528533,0.0350123974494636,0.719111770624295,0.441249011317268,0.413499485468492,0.283573451451957,0.896012715995312,0
0.154198263759725,0.151958770338446,0.713300977600738,0.609430981101468,0.280718471622095,0.980172567535192,0.643415655009449,0.280430662445724,0.0483897633384913,0.622683762339875,0
0.524319574495219,0.495079979377519,0.942791496869177,0.363895945018157,0.111236000899225,0.594741510227323,0.507177504012361,0.550400143256411,0.411978070158511,0.629707114771008,0
0.950585269602016,0.00959968450479209,0.826528050005436,0.92358636460267,0.151858788216487,0.773904938716441,0.540265915216878,0.908475720323622,0.659204339375719,0.209509223233908,0
0.332918334501982,0.363349408635404,0.89494288014248,0.535982455359772,0.28682238701731,0.807822973933071,0.730398177402094,0.469044309807941,0.494842641986907,0.303270946489647,0
0.78897873009555,0.196088339667767,0.788223586045206,0.0716219437308609,0.0380191404838115,0.836306711426005,0.612553343176842,0.395927967969328,0.780706146964803,0.203868401004001,0
0.737832820508629,0.998823785223067,0.446112123085186,0.127045224187896,0.237628021510318,0.876349814934656,0.999403773574159,0.567274839617312,0.370170295005664,0.904291169717908,0
0.393555658941343,0.989922575332597,0.754987878259271,0.92824564082548,0.707755656214431,0.457921228604391,0.265437810216099,0.480126411654055,0.43297439487651,0.840150169562548,0
0.156389128882438,0.988634621957317,0.979788922006264,0.442160727456212,0.802609233884141,0.702405787305906,0.542614087462425,0.116728969383985,0.288692803354934,0.995595300802961,0
0.667858658529073,0.335654797160439,0.315133153693751,0.291740443557501,0.670434043509886,0.585881604813039,0.86147206556052,0.212547539966181,0.658428771421313,0.427772941300645,0
0.298579177819192,0.0281125050969422,0.440056012710556,0.929380200570449,0.719443273032084,0.290736168157309,0.799600496888161,0.321455743862316,0.270509488182142,0.384836829500273,0
0.605851298896596,0.545437952037901,0.612915398320183,0.560886685037985,0.985048327362165,0.761265472974628,0.769039613194764,0.537401526235044,0.645630109356716,0.66833391552791,0
0.0863553738838062,0.0934016567949206,0.687696874607354,0.481884124223143,0.578007604228333,0.370470371795818,0.710581999504939,0.424866401590407,0.799515279009938,0.127525585703552,0
0.58382305793725,0.00796865873392671,0.014630468795076,0.708398449467495,0.916069608181715,0.111796104582027,0.783609917853028,0.0588351746555418,0.588375041959807,0.612375762779266,0
0.339389125350863,0.355089418357238,0.946908340789378,0.830259100301191,0.509697091765702,0.0432088072411716,0.198517611017451,0.432418150827289,0.0478225485421717,0.0232453716453165,0
0.392901556095108,0.34445463312231,0.0569502629805356,0.268112267600372,0.364432605681941,0.46657211240381,0.831004242179915,0.0963277365081012,0.747377340914682,0.845484901452437,0
0.864797780988738,0.875803499016911,0.680724824545905,0.137706336099654,0.502637741155922,0.91114630876109,0.29287996632047,0.967767172493041,0.0267795415129513,0.969827943714336,0
0.224354385135695,0.0453912124592811,0.0982517062220722,0.69376159994863,0.619883275823668,0.0822986031416804,0.923693931428716,0.192948941141367,0.00983104133047163,0.239018584601581,0
0.240539950396493,0.0603984289664775,0.499271914130077,0.330518660135567,0.653497571358457,0.926197248743847,0.558144437149167,0.755142632871866,0.808557707583532,0.651718159206212,0
0.578497755574062,0.460561451036483,0.197404239559546,0.150787679012865,0.688221413409337,0.782176525332034,0.940421982202679,0.458013060502708,0.730512575246394,0.994789496064186,0
0.962815598755144,0.0464408681560308,0.781922406051308,0.641405801288784,0.00401911768130958,0.52916094684042,0.477354684844613,0.322631811024621,0.266099784756079,0.13709152280353,0
0.468302343273535,0.430630541173741,0.283491045702249,0.293279473436996,0.386717837536708,0.827031216351315,0.650280048139393,0.242987064179033,0.679981678025797,0.819670375669375,0
0.206630502128974,0.850694406311959,0.903566404478624,0.227543044602498,0.868989626411349,0.291479211300611,0.385946605121717,0.75246469443664,0.434452294837683,0.145552807720378,0
0.590441685942188,0.326151375875995,0.147220877464861,0.922394359717146,0.60992432734929,0.0719117093831301,0.685421512229368,0.047618274576962,0.527088354108855,0.603248197585344,0
0.121816319180652,0.947983069345355,0.287854955298826,0.571706124115735,0.751631571445614,0.859718459425494,0.964950586203486,0.925840344280005,0.0479427725076675,0.705114958574995,0
0.648388478439301,0.958553751930594,0.133392798248678,0.0389122935011983,0.484780143713579,0.482268476160243,0.474678689846769,0.272801549639553,0.364213337888941,0.809590025106445,0
0.648552400059998,0.054354541702196,0.684553251834586,0.700225451262668,0.847895196406171,0.118683398002759,0.0539712703321129,0.195272406563163,0.368123414227739,0.916553859366104,0
0.920689614117146,0.07067909694314,0.717785188695416,0.952860124176368,0.608207623241469,0.70665534446016,0.798056616215035,0.477000038605183,0.479129057377577,0.953333434881642,0
0.35153658199124,0.700368990888819,0.514557598857209,0.134354245150462,0.599650447955355,0.505398108158261,0.459284257842228,0.133357825456187,0.953043518355116,0.893328009638935,0
0.101591411046684,0.210658678552136,0.697698371717706,0.59473402518779,0.123830158030614,0.819090963806957,0.90180680481717,0.596388863399625,0.322385997977108,0.477464676136151,0
0.84063327871263,0.0947567019611597,0.832938387757167,0.0455225049518049,0.909194787964225,0.885061773005873,0.602773701539263,0.617338059702888,0.922190247802064,0.844069466926157,0
0.72761947568506,0.327727205585688,0.118025508942083,0.576727195177227,0.201225833268836,0.240834855241701,0.389043597271666,0.814887376502156,0.126602312549949,0.243564723990858,0
0.842027991910651,0.81558331089858,0.617273117881268,0.827190706739202,0.689468783326447,0.123300685547292,0.80780148296617,0.308509449474514,0.276981735369191,0.317363977432251,0
0.443896961864084,0.458835092838854,0.376851273933426,0.112272657221183,0.613963309209794,0.829685060307384,0.185453289886937,0.784216031199321,0.620531070046127,0.7317305712495,0
0.588936764281243,0.467693152604625,0.820886738132685,0.369428673991933,0.357997146435082,0.979925019899383,0.911869797622785,0.514972171047702,0.936725952429697,0.0972155954223126,0
0.8012150072027,0.734348064055666,0.4323191633448,0.518681979738176,0.0845996139105409,0.834141557104886,0.875275402795523,0.942753192968667,0.488984667463228,0.248942303704098,0
0.801347995046433,0.214550822128914,0.306287072831765,0.893404129426926,0.949091782327741,0.0827746237628162,0.697969573549926,0.614180894335732,0.925085232127458,0.879951958544552,0
0.196181035833433,0.229051395785064,0.463099287124351,0.133223113371059,0.466013813856989,0.331164741655812,0.251211910275742,0.543694238178432,0.133740979479626,0.32293169782497,0
0.873810998629779,0.84081609454006,0.80006625992246,0.499560050666332,0.0888359465170652,0.111129822907969,0.519481759052724,0.845548643730581,0.689202128909528,0.658104000845924,0
0.23989164782688,0.159526326227933,0.589912077179179,0.316671791719273,0.149965980323032,0.233116400660947,0.313440724276006,0.132622539298609,0.13215444306843,0.718287355499342,0
0.933145717814565,0.985101150436793,0.71830052905716,0.587866086978465,0.537728512194008,0.864301407942548,0.707705328473821,0.974345575552434,0.204888093052432,0.857597513357177,0
0.372761420672759,0.565909864380956,0.96480915392749,0.391911482438445,0.0435362772550434,0.942196526331827,0.333342207828537,0.63625585893169,0.464968865038827,0.33563793823123,0
0.713687333417125,0.0263522162579931,0.8510248567909,0.449249324621633,0.654244051547721,0.627969105960801,0.764223023783416,0.954286376014352,0.43760505435057,0.211153631331399,0
0.795000138459727,0.0430294782854617,0.509781923610717,0.681676822947338,0.0154160067904741,0.129317689221352,0.852744530653581,0.274552261224017,0.1566426246427,0.406373207457364,0
0.877914021771587,0.897322697671317,0.74508364056237,0.987264297204092,0.338274603709579,0.235108260065317,0.876502724830061,0.0866910642944276,0.653886907733977,0.614495479036123,0
0.228706935886294,0.812634270871058,0.383532074745744,0.383485377999023,0.544578285422176,0.428053416311741,0.206223354209214,0.102604126790538,0.843055222881958,0.670722940238193,0
0.62914176440388,0.671127031690534,0.86740913358517,0.891789974179119,0.29073224705644,0.838652262231335,0.981898597674444,0.033714558230713,0.436673299176618,0.712760498514399,0
0.352010355006158,0.0573394935715943,0.657937525538728,0.955727748107165,0.355859173228964,0.62494278466329,0.711736182682216,0.689356420654804,0.575358283007517,0.0163560979999602,0
0.746686314931139,0.316757979802787,0.0558144536335021,0.63929213793017,0.270278500393033,0.320028834277764,0.562328761443496,0.501515228068456,0.231857842532918,0.787938583409414,0
0.644507017840631,0.579504769105278,0.425946840783581,0.961437942227349,0.378758797189221,0.875478886067867,0.442035121610388,0.572297608945519,0.0502838778775185,0.41808069916442,0
0.581202196408529,0.0108957853107713,0.546995109179989,0.0103205528575927,0.632505145622417,0.167258559726179,0.0347303715534508,0.0494071922730654,0.0341025593224913,0.361044420627877,0
0.113799512153491,0.864280218025669,0.100127382436767,0.0876715343911201,0.422709601698443,0.761381642892957,0.0388224101625383,0.61333494563587,0.485373365459964,0.581210509408265,0
0.016983458539471,0.893641197588295,0.316348233260214,0.408014365239069,0.250780650181696,0.165213537402451,0.701513316016644,0.0904432872775942,0.510491981636733,0.562973636901006,0
0.0607824046164751,0.64677327289246,0.763830135110766,0.927993974182755,0.270237645832822,0.0906760960351676,0.546338100684807,0.890412118518725,0.222652852768078,0.0953642949461937,1
0.644327032825071,0.989819884748384,0.636971550993621,0.228918150765821,0.409924024483189,0.616708824876696,0.43748396425508,0.290364034008235,0.868363126646727,0.409673298010603,0
0.959509590873495,0.829346821693704,0.662743304623291,0.88242266420275,0.453726136591285,0.655684578465298,0.593654547585174,0.367242724401876,0.134224311681464,0.763783099129796,0
0.773213563952595,0.278027068823576,0.244979782029986,0.699611702701077,0.593087360961363,0.576535653555766,0.706516857026145,0.58460696763359,0.889810079010203,0.356326816370711,0
0.452828302746639,0.373043753905222,0.84356247773394,0.827086389763281,0.515585946850479,0.0389844274614006,0.653691700659692,0.0411369937937707,0.16521104099229,0.139180983183905,0
0.612484013713244,0.0633806547724642,0.485350794624537,0.243649687152356,0.350629496620968,0.636981792282313,0.915589950047433,0.699583983048797,0.448956415522844,0.537259551463649,0
0.67227788092792,0.0303140904687345,0.418907385086641,0.305707199499011,0.758629076881334,0.831414801999927,0.732554428512231,0.977555732242763,0.553557055070996,0.598710840800777,0
0.203289129305631,0.831396296387538,0.0592617853544652,0.176995186368003,0.498573287157342,0.324289208045229,0.195195196196437,0.259611067827791,0.744363901903853,0.561919292900711,0
0.540831812069938,0.545114618809707,0.320990734966472,0.262081068940461,0.747305562254041,0.941109905717894,0.190633496269584,0.187637009425089,0.0212789257057011,0.16654749517329,0
0.445171088445932,0.0441910645458847,0.327255611307919,0.587987454840913,0.341096593299881,0.387802318669856,0.903733159881085,0.0953280522953719,0.961444417480379,0.047504813876003,0
0.872252067318186,0.887875100597739,0.510844442527741,0.593319062609226,0.596890097483993,0.224422485567629,0.911503057461232,0.541254507144913,0.539132313104346,0.290735910413787,0
0.524059257970098,0.980006466230005,0.698901660507545,0.688220615731552,0.344190356321633,0.560179567197338,0.859518051380292,0.507751275086775,0.255795008968562,0.0201848272699863,0
0.719065242550336,0.942682822028175,0.00315276579931378,0.51998552842997,0.810804753564298,0.381573439342901,0.343611273681745,0.784374144393951,0.0645724642090499,0.0955781224183738,0
0.480721066462155,0.522997320615035,0.706133332103491,0.0667105361353606,0.405846155015752,0.451228313380852,0.433499955572188,0.802803180413321,0.864740303019062,0.565132503164932,0
0.766789487330243,0.705471917288378,0.395624907221645,0.524280773941427,0.658782339654863,0.221255087759346,0.337434466229752,0.895137399667874,0.429423982743174,0.76955339172855,0
0.0151099662123248,0.976106646513939,0.874050066340715,0.620312304934487,0.919762526405975,0.835689924191684,0.825677098473534,0.825638442765921,0.762527312384918,0.21669162879698,0
0.936265702592209,0.0460353824310005,0.476522853132337,0.448034374509007,0.727265555877239,0.0309471841901541,0.226184886880219,0.33040209650062,0.255914019653574,0.630614670924842,0
0.832628262462094,0.829240577528253,0.971640865784138,0.873007544782013,0.274122467730194,0.136640170356259,0.0359236330259591,0.949679795419797,0.595969984773546,0.0117937328759581,0
0.795436586712673,0.948993198421597,0.125139093259349,0.284014574252069,0.793821520637721,0.648075006203726,0.0513414139859378,0.133045365801081,0.8794589957688,0.917102078907192,0
0.832877893188875,0.985026181528438,0.681295496877283,0.80808516452089,0.616008466109633,0.92557631758973,0.322893885197118,0.230222530430183,0.612159097567201,0.743152881972492,0
0.157058993121609,0.264660741435364,0.744852928910404,0.691919473232701,0.0836440285202116,0.52431343193166,0.229240372544155,0.00619559152983129,0.6904713336844,0.44450482330285,0
0.657023689082544,0.653340671897866,0.761472101788968,0.729882588610053,0.761708317091689,0.193938843905926,0.994551010429859,0.822066943859681,0.793839928461239,0.531739400001243,0
0.600049820482731,0.988339215323329,0.148226206190884,0.390801520086825,0.172746596857905,0.485761042684317,0.281544924015179,0.192845058394596,0.197985675884411,0.767556820064783,0
0.934989901958033,0.87316488660872,0.834631714737043,0.0905484447721392,0.584137748461217,0.307397461030632,0.0376363990362734,0.340275211492553,0.00903749861754477,0.906376746250317,0
0.328090609051287,0.42871658783406,0.487820063484833,0.76952062244527,0.114865303272381,0.469854924129322,0.28868747735396,0.746623728657141,0.269074384355918,0.608118743868545,0
0.859998646192253,0.0545941402669996,0.89191319514066,0.84248558524996,0.939268960384652,0.83121293480508,0.396848708158359,0.706196471350268,0.258374345721677,0.10776669322513,0
0.562209184747189,0.493930914672092,0.0913228208664805,0.251991376513615,0.60880928253755,0.471228982089087,0.0313134144525975,0.00514799077063799,0.395940228365362,0.564205516129732,0
0.889442286686972,0.176722282776609,0.17895632609725,0.916924035409465,0.385253183078021,0.14790614740923,0.325105648720637,0.093182084383443,0.340196633012965,0.64409577799961,0
0.608659618068486,0.615590687375516,0.893910172162578,0.134020519908518,0.178643638500944,0.383439032128081,0.431836056057364,0.148619833402336,0.845054688863456,0.989111687755212,0
0.841992946108803,0.200487341033295,0.688100817147642,0.664682586211711,0.924602599581704,0.0193878035061061,0.0672910157591105,0.514394121710211,0.680270533310249,0.357763529988006,0
0.165417669278011,0.0138860918041318,0.153197051491588,0.247267365921289,0.255063268356025,0.979840639280155,0.63379971194081,0.950848484644666,0.118663956411183,0.357708495110273,0
0.873151624357235,0.844960855820402,0.770837065763772,0.139918255154043,0.0535318425390869,0.344852751819417,0.499745066743344,0.437103888718411,0.467489930102602,0.727942229248583,0
