"1","2","3","4","5","6","7","8","9","10","class"
0.0842467069160193,0.0880296521354467,0.981741391355172,0.215064612450078,0.653482306515798,0.695718128234148,0.706951153697446,0.996399986790493,0.610255249077454,0.33355449186638,0
0.0263739090878516,0.138862632680684,0.856328132562339,0.810651809442788,0.421907965559512,0.615770709933713,0.935827982146293,0.192099395440891,0.686260930728167,0.266462664119899,0
0.244912336114794,0.83710444974713,0.17177898157388,0.645188697148114,0.119668314000592,0.566220642067492,0.292605007998645,0.689382565673441,0.494510144228116,0.876457223435864,0
0.609880012227222,0.236921455012634,0.97065913840197,0.751780117163435,0.13220836315304,0.995205231476575,0.533720152452588,0.137503240955994,0.754231636645272,0.119925726437941,0
0.588006725301966,0.685964635573328,0.780098137212917,0.56090484582819,0.132608145475388,0.806119120214134,0.847591306781396,0.309010182041675,0.76069770520553,0.867639299249277,0
0.43002395889035,0.859034926536959,0.0655822779517621,0.104553621727973,0.110900021390989,0.277695751050487,0.0155425332486629,0.171133243013173,0.999200082849711,0.933665655553341,0
0.563469209475443,0.824232598999515,0.691607665270567,0.920419168658555,0.477092264452949,0.586376807186753,0.352855707518756,0.294173381989822,0.470790891675279,0.977129666134715,0
0.185268032364547,0.299615917727351,0.304392457241192,0.529928475851193,0.699825933203101,0.878960998496041,0.737020446918905,0.500073993112892,0.265546585666016,0.0606928344350308,0
0.356679235817865,0.511299814330414,0.576464486541227,0.350985198281705,0.0449564117006958,0.387583823874593,0.876801209058613,0.503236160380766,0.989179780008271,0.559926874237135,0
0.695069579589553,0.210695326176356,0.0620243009179831,0.763545388821512,0.157053746050224,0.471023276913911,0.898161523975432,0.201466705417261,0.5159860055428,0.360823452007025,0
0.453811517450958,0.363978937501088,0.0889193974435329,0.753995868843049,0.804060169029981,0.639478330733255,0.0755099190864712,0.848542560590431,0.471502927131951,0.203647208632901,0
0.451678372919559,0.877955902833492,0.860438084229827,0.325420301407576,0.577267963672057,0.399691839469597,0.639260300435126,0.759976903209463,0.799322212347761,0.268993660341948,0
0.935461188666523,0.190204904414713,0.331068636849523,0.517594148404896,0.94479256356135,0.877228701952845,0.786267370451242,0.191031682305038,0.0122121202293783,0.906217703595757,0
0.436197423841804,0.778886442538351,0.611557712778449,0.534956216812134,0.162925104377791,0.000402480131015182,0.200378301087767,0.641717832069844,0.817076020641252,0.907496756408364,0
0.285441196683003,0.170258916838001,0.0895873645786196,0.915180764626712,0.839126805542037,0.281999096041545,0.121329855872318,0.23695481591858,0.578169533517212,0.811391258146614,0
0.952525496017188,0.819916824344546,0.562409995123744,0.990263739367947,0.219725016271695,0.232164784567431,0.359624028438702,0.117938314564526,0.74847194342874,0.374697920167819,0
0.560524056432769,0.958548750029877,0.241355854552239,0.886300314916298,0.472411467460915,0.339441643329337,0.140827172668651,0.547626961488277,0.241801809286699,0.218149134190753,0
0.486262079095468,0.300785707542673,0.778430658625439,0.678507024887949,0.523265353403986,0.4777058030013,0.581442848080769,0.839686730643734,0.393749777693301,0.879305883776397,0
0.199423966929317,0.374468683730811,0.701113163726404,0.239998345728964,0.863475210731849,0.823996307328343,0.402898902771994,0.135973700555041,0.529324981849641,0.455622927518561,0
0.786436896771193,0.993496969807893,0.468877380248159,0.956359278876334,0.730533442460001,0.102173891849816,0.691703934920952,0.825419084634632,0.506237070076168,0.494471536483616,0
0.792008785763755,0.40232773241587,0.322178370319307,0.233371688053012,0.855641475412995,0.146880283020437,0.220175795024261,0.465803956845775,0.524378764443099,0.642666208324954,0
0.296541517600417,0.78420118871145,0.125918954843655,0.273766677360982,0.989763323450461,0.423249226994812,0.47748742136173,0.150328728603199,0.31447688722983,0.400950801093131,0
0.704936321591958,0.782360205659643,0.29935647896491,0.710288206115365,0.0538584385067225,0.461690716445446,0.538292278768495,0.835912602720782,0.639662195928395,0.142516723368317,0
0.370801343815401,0.0381917331833392,0.441133551998064,0.157300199847668,0.0779455611482263,0.744744097581133,0.531715480610728,0.242026528576389,0.417938235448673,0.851536613889039,0
0.946965653449297,0.0938188526779413,0.158542232587934,0.477088747080415,0.985731643624604,0.58570556435734,0.726197499083355,0.672997027635574,0.130130454199389,0.628054404165596,0
0.69658514065668,0.741476987721398,0.0521759300027043,0.336127494229004,0.210290885996073,0.582250372506678,0.617187387077138,0.339393881615251,0.461841313634068,0.85749139986001,0
0.490458991378546,0.410856891190633,0.798666198039427,0.652411288348958,0.326061403378844,0.456997307948768,0.722323775058612,0.725928450468928,0.18621751666069,0.527471794979647,0
0.339424803620204,0.852634421549737,0.395334110828117,0.596769240684807,0.639086909359321,0.703335808357224,0.825584141537547,0.955399098573253,0.302456212928519,0.604569568065926,0
0.447572820587084,0.848624559585005,0.510948621667922,0.863726795185357,0.248721968615428,0.44920823071152,0.443477801280096,0.257227189838886,0.975154274376109,0.605794160626829,0
0.329361645272002,0.854832189157605,0.0124030523002148,0.960873563075438,0.73930085496977,0.425318389432505,0.563090812647715,0.324448151513934,0.00275121396407485,0.413950457703322,0
0.791181365028024,0.977876616409048,0.387361897388473,0.458342591999099,0.470521137816831,0.613353700377047,0.857034750748426,0.105653737904504,0.0745356837287545,0.774823743384331,0
0.25943670514971,0.989619103260338,0.297548638889566,0.0445234319195151,0.401279838057235,0.232397587737069,0.224269449478015,0.932021321495995,0.986763049848378,0.452652198961005,0
0.0303809742908925,0.678103105630726,0.958816995844245,0.891951094614342,0.54943027952686,0.399759036721662,0.537963747046888,0.56128780497238,0.731343685649335,0.581707467092201,0
0.171300594462082,0.946814874419942,0.991993725299835,0.158249301603064,0.518226192565635,0.915428028674796,0.199694732669741,0.110181729542091,0.819390457589179,0.841686722822487,0
0.914469443389634,0.928872868987173,0.153549398062751,0.483308545080945,0.687266360269859,0.961289209779352,0.122764515224844,0.323158973595127,0.620162218110636,0.955921688349918,0
0.797954685520381,0.121877954574302,0.671476749703288,0.889218999538571,0.226187385618687,0.748382902238518,0.579569631488994,0.100337666692212,0.469357339199632,0.549104414181784,0
0.437768430681899,0.770655767992139,0.542867143405601,0.375422464450821,0.980363617418334,0.789194086566567,0.389600168913603,0.955238971626386,0.718848736258224,0.868123194668442,0
0.261089071864262,0.857222117716447,0.587197357323021,0.903923742240295,0.023794476641342,0.144837939180434,0.905738555826247,0.851527865277603,0.805444824509323,0.768362913746387,0
0.67161725112237,0.10731536638923,0.573617700021714,0.480439410544932,0.951698497869074,0.830633054953068,0.763784955022857,0.476192417787388,0.420280275400728,0.00298531446605921,0
0.635458330390975,0.543911779299378,0.320092622190714,0.34599528927356,0.993402204010636,0.602797058178112,0.234112927922979,0.335759982699528,0.40832828823477,0.368243657285348,0
0.782705608289689,0.413139491109177,0.118050819495693,0.217542266706005,0.26133762858808,0.984083086485043,0.00989330327138305,0.119985149241984,0.412798546254635,0.792144432663918,0
0.493252652231604,0.0750355038326234,0.542171280831099,0.680892551317811,0.65385664626956,0.929354684660211,0.258892835583538,0.861420432571322,0.864514912478626,0.593737879535183,0
0.111541171791032,0.121330182300881,0.246387467486784,0.973718477180228,0.162542261648923,0.733997623901814,0.840747313341126,0.663580595050007,0.462876097997651,0.0517754463944584,0
0.603692496428266,0.168443289585412,0.869318602606654,0.623514325357974,0.951529264682904,0.819773295661435,0.402359496569261,0.789692546240985,0.100153437582776,0.210758953588083,0
0.738539339508861,0.104040188714862,0.949814037419856,0.141496199881658,0.393517303979024,0.106361359823495,0.730683159315959,0.866574349347502,0.160305913537741,0.61488644243218,0
0.581629012012854,0.41418807534501,0.442706853384152,0.8765759174712,0.759512147400528,0.136307087726891,0.460892345523462,0.196735627250746,0.687128597404808,0.374895377783105,0
0.583486865740269,0.571449470939115,0.682375069707632,0.552328577963635,0.131402591941878,0.0710860646795481,0.779733382631093,0.648392086615786,0.31185882515274,0.912928828736767,0
0.473883791361004,0.787227628286928,0.41988822654821,0.540255242027342,0.929312392603606,0.813260776689276,0.411950883921236,0.303497090935707,0.118928641546518,0.0123468830715865,0
0.0886046001687646,0.177973656915128,0.558384984964505,0.766808210872114,0.290258356137201,0.358066696440801,0.28741953196004,0.706041714875028,0.926498073618859,0.240796949947253,0
0.444799170363694,0.773018918465823,0.355384448776022,0.959473775932565,0.728379069827497,0.0760786912869662,0.655085981590673,0.588962394744158,0.0196368298493326,0.0638080788776278,0
0.577752558281645,0.619224187219515,0.117821005405858,0.482845091959462,0.0283464938402176,0.575653369305655,0.91417687991634,0.670428801327944,0.925099784974009,0.15465537365526,0
0.159848966868594,0.554733587661758,0.0606170224491507,0.51358725130558,0.861468064365909,0.585067621432245,0.611557025462389,0.7322531521786,0.0783694770652801,0.636532677803189,0
0.560035880887881,0.821722519584,0.334932608297095,0.579776643775403,0.387329361634329,0.374364288756624,0.846546458313242,0.444442270323634,0.894842159701511,0.91914208768867,0
0.484894855413586,0.765557301929221,0.0930582589935511,0.577008117223158,0.357910313876346,0.0366591163910925,0.177120207343251,0.677721872925758,0.28466800134629,0.206889556255192,0
0.382686813827604,0.0301315155811608,0.419920765794814,0.361350839259103,0.268159162951633,0.956446884665638,0.430083613842726,0.580087014473975,0.887525276746601,0.216733457520604,0
0.988133679609746,0.864990619709715,0.947738095885143,0.855448927730322,0.957417538389564,0.904349203919992,0.0858026866335422,0.822567183757201,0.759247423615307,0.979323449311778,0
0.371079062344506,0.122634989209473,0.151642229408026,0.76885980903171,0.0828657823149115,0.874952319310978,0.349065360147506,0.547099976800382,0.629868109710515,0.364430180983618,0
0.571246456587687,0.799412291962653,0.953263150528073,0.106716016074643,0.661660068202764,0.376257808879018,0.898804434807971,0.115136246662587,0.488223518244922,0.639316361630335,0
0.559412144590169,0.344741608947515,0.135045017581433,0.575800389749929,0.692661477252841,0.2947484604083,0.107485860353336,0.720601567067206,0.392082964768633,0.981526255607605,0
0.286454226821661,0.0585229119751602,0.00666243606247008,0.678375493502244,0.361196645069867,0.953461933648214,0.441029580077156,0.784642833983526,0.0915085028391331,0.27198523376137,0
0.617467064177617,0.154085677117109,0.0948414488229901,0.448082541581243,0.239399431273341,0.44135403400287,0.357061967952177,0.0403552644420415,0.690289424033836,0.625932254828513,0
0.318197918590158,0.73097220971249,0.211730487179011,0.291965088108554,0.70092197181657,0.714950760127977,0.490625040372834,0.352323930244893,0.826575597049668,0.140239135827869,0
0.953412923030555,0.690041464753449,0.555284471483901,0.630061433883384,0.796530484221876,0.549436762696132,0.974516341229901,0.836785950697958,0.457040156470612,0.303442318923771,0
0.585870935581625,0.694765978492796,0.142102552112192,0.301625368651003,0.30050553381443,0.338883475633338,0.51474724826403,0.207427605055273,0.459727501729503,0.238749668002129,0
0.230434848228469,0.546159634133801,0.357605227036402,0.11608819058165,0.0184952255804092,0.966552535071969,0.495874153915793,0.403264058521017,0.196632710052654,0.0795589773915708,0
0.259191999444738,0.0604280247353017,0.735799423186108,0.544068813789636,0.850407164543867,0.952155567007139,0.713533101137727,0.725033624796197,0.464615063043311,0.455485307378694,0
0.283678531879559,0.02843679767102,0.320734662935138,0.248752056621015,0.869868794921786,0.578279898501933,0.792390998452902,0.88567847199738,0.346018227981403,0.749708934919909,0
0.548496959730983,0.449913566466421,0.85634235991165,0.779877668712288,0.523480658652261,0.0880971893202513,0.425904021132737,0.143782441038638,0.439014958450571,0.162907560123131,0
0.490685783093795,0.0414936856832355,0.0888990741223097,0.168984043877572,0.60238256608136,0.168104451149702,0.237889947136864,0.451349489158019,0.862618162995204,0.309640715830028,0
0.110578713472933,0.977844187757,0.0253310229163617,0.962115620728582,0.0636285096406937,0.0855992189608514,0.797268360853195,0.0489617947023362,0.313274156069383,0.229631376219913,0
0.614722343394533,0.541706302668899,0.115530370501801,0.419596889056265,0.396872578421608,0.573323030723259,0.577838592696935,0.412791336886585,0.198923790827394,0.0157749725040048,0
0.230526343220845,0.13000631541945,0.214413234964013,0.95207000663504,0.881094431737438,0.983995726564899,0.338854230940342,0.838186382316053,0.876128318952397,0.952432507416233,0
0.196817130083218,0.539376270957291,0.00676960870623589,0.85736372298561,0.571977478917688,0.780290115159005,0.487249201862141,0.418506403919309,0.535154348937795,0.853386342059821,0
0.300359383691102,0.340417570900172,0.00339377950876951,0.979118301067501,0.00546174379996955,0.798755426891148,0.180645278887823,0.904874008148909,0.550212958827615,0.909103325102478,0
0.71938715944998,0.664931775070727,0.972049694042653,0.572979849763215,0.738368244608864,0.746548619586974,0.901250432943925,0.27510335482657,0.669719446217641,0.119479187065735,0
0.57974178227596,0.566856749122962,0.545451018260792,0.342146186390892,0.546022846829146,0.759671342093498,0.142320907209069,0.746683932607993,0.0499484604224563,0.991587318712845,0
0.251585195539519,0.829425401519984,0.372699138475582,0.94943091692403,0.452998749911785,0.527926920214668,0.771333323325962,0.749052545055747,0.57481670123525,0.0909091911744326,0
0.585903344908729,0.625743604497984,0.338947709882632,0.731571133248508,0.357931204140186,0.137062502093613,0.448525812709704,0.834232218563557,0.122562156524509,0.126395675819367,0
0.114236054709181,0.29286245116964,0.110855203354731,0.126811785390601,0.740910559426993,0.275271921884269,0.0179667056072503,0.0174013487994671,0.220446420134977,0.358269657939672,0
0.459734393050894,0.465202261228114,0.611295769223943,0.422273036791012,0.149378570728004,0.648309453157708,0.0826445687562227,0.374039403861389,0.819847676670179,0.463412809185684,0
0.857816310133785,0.719687010394409,0.47181507316418,0.439968778751791,0.00615283148363233,0.122214092407376,0.308103875955567,0.512279982678592,0.0305528396274894,0.293901058612391,0
0.865495147183537,0.383369754534215,0.392042358871549,0.635246907593682,0.721991402795538,0.728651780402288,0.130430474178866,0.0433022622019053,0.878069709520787,0.584677914856002,0
0.45140551077202,0.171572083840147,0.345647006761283,0.474787070648745,0.351054249797016,0.564092359272763,0.451941670151427,0.534713506000116,0.3460585672874,0.00956605956889689,0
0.274912264663726,0.396397917997092,0.838756078621373,0.130777031648904,0.972034579375759,0.745180631289259,0.552692840108648,0.926920951111242,0.597611248027533,0.914409291697666,0
0.0574923709500581,0.870487119071186,0.950796773424372,0.684612327022478,0.111530207796022,0.561239427654073,0.00429135235026479,0.442565977107733,0.708805797155946,0.55597938131541,0
0.0740511540789157,0.326243687653914,0.852756595006213,0.447009172756225,0.293744131922722,0.997265985934064,0.0978326722979546,0.373872999101877,0.347903752699494,0.906324713956565,0
0.548513758620201,0.166044371448411,0.174586925655603,0.175194173818454,0.765365981031209,0.91767241852358,0.528716156259179,0.489119560690597,0.741258899448439,0.701923061162233,0
0.671903460286558,0.902586036594585,0.505504344357178,0.923371875425801,0.56438743812032,0.0511783300898969,0.333656890317798,0.395747907459736,0.104325549444184,0.330117705045268,0
0.467188257724047,0.507440250832587,0.0220293768215925,0.742061339784414,0.632960845483467,0.0967131278011948,0.646995070157573,0.222811013460159,0.737458994146436,0.573579740943387,0
0.20784513482363,0.961484683423932,0.852017531404272,0.223727798555046,0.853937176056206,0.608480914961547,0.263427876168862,0.240329327061772,0.0756895449012518,0.896085954271257,0
0.100096749840304,0.260408624773845,0.0434816658962518,0.561139872996137,0.860774485394359,0.162616330664605,0.799796022707596,0.377133139409125,0.522284861886874,0.126175427343696,0
0.835369447013363,0.580681644147262,0.275650758761913,0.859437155304477,0.0501456367783248,0.553639272693545,0.85163731733337,0.638471645535901,0.330453220522031,0.126564558129758,0
0.448448255192488,0.810949766309932,0.0597058748826385,0.702818112913519,0.428442476782948,0.49751656781882,0.39768720860593,0.425328129669651,0.968411795562133,0.959019870497286,0
0.335848449729383,0.709255876485258,0.715542418882251,0.576326594222337,0.773756052367389,0.657988833030686,0.92909393273294,0.0646613813005388,0.443124658893794,0.142735427012667,0
0.609282983932644,0.899933633860201,0.714631674811244,0.992680324940011,0.0660307840444148,0.368208561791107,0.303041684208438,0.751240799436346,0.0381149435415864,0.797925627557561,0
0.42727601248771,0.22429131064564,0.118337544379756,0.699254384031519,0.346325047314167,0.113627614919096,0.311103159561753,0.931553026661277,0.542527900543064,0.916416985215619,0
0.85237078148406,0.16243447553087,0.293115162523463,0.585026212967932,0.533664246089756,0.217426840215921,0.260480074910447,0.577916723676026,0.0720495316199958,0.0159202117938548,0
0.105999841073388,0.137279783485224,0.00599451968446374,0.154368215473369,0.0360930429305881,0.8056879080832,0.67771988385357,0.963280874770135,0.654913202859461,0.67753201466985,0
0.281911915400997,0.864295181352645,0.0905459960922599,0.33266422781162,0.460413719294593,0.213029895909131,0.646182358032092,0.507128321100026,0.177014929708093,0.6446977336891,0
0.0621507922187448,0.0919799013063312,0.262896861881018,0.658944834023714,0.053842791588977,0.0292070093564689,0.9887810270302,0.986999282380566,0.525148480199277,0.779333556536585,0
