"1","2","3","4","5","6","7","8","9","10","class"
0.441527444636449,0.995895740808919,0.506646533263847,0.433187733404338,0.662482320098206,0.696846695849672,0.866409583250061,0.614873249782249,0.944715475430712,0.962683263467625,0
0.707497586496174,0.323141678469256,0.43513774452731,0.939032454742119,0.00634968606755137,0.545298098120838,0.419665892142802,0.337048745714128,0.935341730015352,0.798869937425479,0
0.408986393827945,0.308155838865787,0.821129277348518,0.679973418358713,0.785180384991691,0.849692923249677,0.653519671410322,0.758314899168909,0.137091168668121,0.653305313549936,0
0.468839195789769,0.375866626389325,0.760380678111687,0.153684835415334,0.0720156270544976,0.0114031545817852,0.0927594725508243,0.378837946802378,0.0344776276033372,0.298781792633235,0
0.530479134991765,0.147474411409348,0.528304566862062,0.0439854930154979,0.333515149075538,0.700091038597748,0.11428259103559,0.677778146229684,0.208803862798959,0.0515003674663603,0
0.807574930367991,0.699258502572775,0.59397893329151,0.890230874996632,0.963983938796446,0.171951935626566,0.549099995521829,0.409140384290367,0.0910728860180825,0.942084231646731,0
0.941723346943036,0.373897489625961,0.565091155236587,0.0929458180908114,0.590597084257752,0.316874441225082,0.23921122122556,0.914243703708053,0.153635815018788,0.440495501738042,0
0.766134974779561,0.621078939409927,0.725733587751165,0.247983938083053,0.666462370194495,0.662577386712655,0.857939717825502,0.297880152240396,0.875984526937827,0.710021953331307,0
0.789623645367101,0.388150280574337,0.258097055368125,0.625787168275565,0.167966733919457,0.822109618689865,0.144312885589898,0.780774185666814,0.881316599668935,0.561126659158617,0
0.617682837881148,0.29320970363915,0.0284949913620949,0.737984185805544,0.120792896719649,0.574698483105749,0.828640424646437,0.0799041639547795,0.333313762908801,0.928471136838198,0
0.664770720759407,0.0050233758520335,0.973993238992989,0.311592953512445,0.7928758317139,0.745217822259292,0.397912060376257,0.847189705818892,0.383600994944572,0.229449638631195,0
0.0624346788972616,0.281589998863637,0.393241447163746,0.60699271527119,0.846646018326283,0.0130149237811565,0.488218265352771,0.72227972256951,0.766108078649268,0.797343445010483,0
0.158505261177197,0.671459786826745,0.150168437045068,0.368585956515744,0.287309216102585,0.129302797140554,0.240120860980824,0.120563087286428,0.210336035350338,0.310424058465287,0
0.668748981785029,0.747359791072085,0.514936290681362,0.922682358883321,0.288947742898017,0.164809812558815,0.942495501600206,0.782499586930498,0.482587557286024,0.7912152109202,0
0.829574592644349,0.226147275418043,0.179854528512806,0.870520733762532,0.996121063362807,0.799204280599952,0.427261714357883,0.906324783805758,0.0522717167623341,0.00989748327992857,0
0.120462919119745,0.133022381458431,0.717864962760359,0.187578758690506,0.543962875846773,0.0339120081625879,0.607089519733563,0.485431797103956,0.816054987953976,0.0953628518618643,0
0.822381880832836,0.887842399533838,0.446366731077433,0.510171136585996,0.972802725387737,0.158581534866244,0.258764583617449,0.801422136137262,0.104944163700566,0.303465599194169,0
0.780247375369072,0.821617395151407,0.743047967087477,0.539586761500686,0.970205509336665,0.220218586968258,0.996920918812975,0.276211413089186,0.27928881905973,0.104972296627238,0
0.926813679281622,0.822809396777302,0.267153216758743,0.973447014112025,0.258732021320611,0.28637307882309,0.0906715451274067,0.654281076509506,0.584422879153863,0.503672761842608,0
0.447608566610143,0.525440036319196,0.487743712263182,0.636379747418687,0.89430073602125,0.516683519817889,0.812767375959083,0.912907430436462,0.165990754030645,0.736491612158716,0
0.274681770941243,0.296610767953098,0.668336418457329,0.750375157920644,0.843242543982342,0.758918291889131,0.240523718763143,0.930755944224074,0.215308271814138,0.399447382660583,0
0.164673684863374,0.136470754398033,0.740811261348426,0.128193432465196,0.531859474955127,0.1074832174927,0.0541694359853864,0.200223390478641,0.044174665119499,0.153366635087878,0
0.502382082631811,0.185186990536749,0.0425132769159973,0.496644327882677,0.260352198267356,0.893980813911185,0.723734613275155,0.82748642959632,0.255869865883142,0.0139654476661235,0
0.0705537833273411,0.386822008294985,0.431787421926856,0.959350669989362,0.719556150725111,0.529239998199046,0.883607005234808,0.0381188292521983,0.442917989334092,0.842013460583985,0
0.800213795155287,0.567937350366265,0.760143712162971,0.255576379364356,0.055504638236016,0.297573687741533,0.0290285721421242,0.479912346927449,0.296708831097931,0.052935243351385,0
0.150912952143699,0.786665014922619,0.61607961752452,0.0656955854501575,0.94299071887508,0.959198286524042,0.822826697258279,0.500189057085663,0.393094455823302,0.377019800944254,0
0.286690133390948,0.932950057089329,0.132039826596156,0.494219461921602,0.810446173883975,0.342218263074756,0.408946367679164,0.770188285270706,0.93495275452733,0.876133926445618,0
0.582215901464224,0.197155706351623,0.766322767361999,0.811742316232994,0.945611618459225,0.198929709615186,0.745435043703765,0.997642699163407,0.708543686429039,0.279257567599416,0
0.134599082870409,0.00549486582167447,0.0525045569520444,0.433137495769188,0.969323398312554,0.520825431682169,0.86263024341315,0.629695799900219,0.0016354953404516,0.698742178501561,0
0.190543528180569,0.809275595936924,0.355783158913255,0.896992051973939,0.0566500632558018,0.251583257690072,0.535197457531467,0.853126153117046,0.989064405206591,0.482835174072534,0
0.540927286725491,0.192950650118291,0.345929285744205,0.520537679316476,0.0904502959456295,0.33430838980712,0.328527001664042,0.067945912713185,0.544292462291196,0.166030197404325,0
0.170790439704433,0.350621646968648,0.290644201682881,0.0584790434222668,0.363606473430991,0.145607371116057,0.119296113261953,0.430959334596992,0.67734150425531,0.414382425136864,0
0.837767847813666,0.84406760474667,0.10413860809058,0.786639945581555,0.310901199700311,0.195210844511166,0.360104504739866,0.753719002939761,0.726740875514224,0.482106182724237,0
0.250268136383966,0.268181169172749,0.579250443493947,0.254472453612834,0.949680029880255,0.877034163801,0.496480029309168,0.876905085518956,0.467643897980452,0.0359891592524946,0
0.589196629356593,0.497117415769026,0.653082123724744,0.0109094029758126,0.707367561291903,0.0354589351918548,0.0212898915633559,0.0717794320080429,0.326341724954545,0.427501656347886,0
0.0311501040123403,0.31662271800451,0.774446296971291,0.241001723567024,0.0166961839422584,0.945130759850144,0.80407840711996,0.0614339353051037,0.420741136651486,0.950886613922194,0
0.19866492296569,0.417994225164875,0.134127858094871,0.0490410760976374,0.866974108153954,0.098973659100011,0.248045054497197,0.0317674607504159,0.584418470738456,0.373626232380047,0
0.806951038306579,0.380785772111267,0.96248340443708,0.665578654967248,0.490898121148348,0.00545550906099379,0.170038254698738,0.408420335734263,0.487757405964658,0.56609220453538,0
0.270327959442511,0.29700531763956,0.648053520126268,0.186157039599493,0.805634990567341,0.726256306981668,0.870040248148143,0.612116196891293,0.223526897607371,0.66935566207394,0
0.461415258701891,0.240121713839471,0.933667282108217,0.962765812408179,0.0298472510185093,0.0608800852205604,0.598432879894972,0.0810675383545458,0.387571649858728,0.938845039578155,0
0.907625560183078,0.142357400152832,0.852673559682444,0.908130849245936,0.221852520480752,0.903722522780299,0.68268917244859,0.77043592184782,0.198109893361107,0.0606731672305614,0
0.774856442818418,0.785689041949809,0.509672020329162,0.946070660604164,0.2919309749268,0.215286194346845,0.382945830002427,0.370851798681542,0.609844596590847,0.844477593898773,0
0.892633932642639,0.98059413745068,0.821181260049343,0.165630651172251,0.682471514446661,0.376702379668131,0.238612615037709,0.923349791672081,0.347633097320795,0.425878990441561,0
0.887600244954228,0.283294427441433,0.910494282143191,0.367100043687969,0.487441395875067,0.498783899005502,0.0995709402486682,0.574847071431577,0.5905527966097,0.131452675443143,0
0.19013841310516,0.902289998019114,0.944764102809131,0.73455373919569,0.696545761777088,0.18755409005098,0.606653524329886,0.50062540313229,0.830290258396417,0.368413647636771,0
0.653195703169331,0.0974654743913561,0.260763989994302,0.341169999912381,0.713200760772452,0.830125579610467,0.25244518276304,0.692330522695556,0.517948143649846,0.596392323728651,0
0.562079333234578,0.999639080837369,0.282863028114662,0.0169716808013618,0.381274763029069,0.712186844088137,0.0753462989814579,0.0764713818207383,0.55355988140218,0.0344148778822273,0
0.191907446132973,0.690244670491666,0.0980115383863449,0.141929476521909,0.0502185479272157,0.994463598355651,0.185482832835987,0.390763378236443,0.857080804184079,0.757618413073942,0
0.219287203624845,0.448992166202515,0.459393166471273,0.119019316276535,0.617015644209459,0.715541191166267,0.688917588675395,0.288105421932414,0.671361674321815,0.342947343830019,0
0.167321388376877,0.384133096085861,0.581697030225769,0.529564284952357,0.411516167921945,0.895073004998267,0.908088981872424,0.977030977839604,0.709202320082113,0.310540891485289,0
0.655905656982213,0.280647887848318,0.650864529423416,0.714579221792519,0.703153318958357,0.0425852208863944,0.973448883043602,0.806400363566354,0.646365409716964,0.854788857046515,0
0.818241863744333,0.758008623728529,0.136459650937468,0.145954204490408,0.972479237243533,0.408461743500084,0.238739401334897,0.832658235449344,0.893377755535766,0.453899323707446,0
0.932722198776901,0.83330378565006,0.652558229630813,0.246962019475177,0.624493230367079,0.420084782643244,0.984408552991226,0.45189887448214,0.617793984944001,0.15051320171915,0
0.386199813336134,0.0987074871081859,0.683056800626218,0.915234639775008,0.00415040645748377,0.512965014437214,0.141706449678168,0.234136694343761,0.156663403380662,0.777898967266083,0
0.692699443083256,0.59991295193322,0.272532726172358,0.472880380926654,0.427413274068385,0.606592462863773,0.924406961305067,0.644061750499532,0.990098923444748,0.653054853901267,0
0.582909997319803,0.652560019865632,0.400072737364098,0.849876711145043,0.907834176672623,0.359108810313046,0.919676127610728,0.0736569489818066,0.344735895982012,0.92325105285272,0
0.379683848470449,0.133807220496237,0.612539301160723,0.421434185001999,0.154315281193703,0.529628149466589,0.127233697101474,0.742371052736416,0.845394207164645,0.798083079280332,0
0.839326319284737,0.692433248506859,0.100254801101983,0.466250212863088,0.40242160228081,0.694997161859646,0.380738365231082,0.24517764011398,0.0010370435193181,0.526091224048287,0
0.57429038034752,0.727550628129393,0.0344602388795465,0.14276336110197,0.530768384691328,0.62544457660988,0.592294698115438,0.269988321932033,0.820104639511555,0.619737942004576,0
0.103543522716314,0.773758205446973,0.532773359445855,0.63874977407977,0.194394937017933,0.528189403237775,0.843749742023647,0.703654257580638,0.822283571120352,0.765924409264699,0
0.933127778116614,0.173125923378393,0.12637735134922,0.636921044904739,0.920465839095414,0.667188431834802,0.175003187032416,0.602947919629514,0.711818574462086,0.601526152808219,0
0.232453497359529,0.0256974273361266,0.424149038735777,0.851060332264751,0.351462502265349,0.886071743210778,0.530098641756922,0.32233874197118,0.23092546267435,0.766583460383117,0
0.277614366611838,0.993807649356127,0.921132729155943,0.541633831569925,0.962045966880396,0.177852804772556,0.574730288004503,0.602917289594188,0.529137135948986,0.268765806686133,0
0.885859701083973,0.122242758749053,0.726165173109621,0.536434680689126,0.159643887309358,0.75606840569526,0.19338238472119,0.344395642867312,0.256581638241187,0.179327558726072,0
0.772770959883928,0.612005143659189,0.218996982323006,0.671961476095021,0.997751863673329,0.273435891838744,0.360560333589092,0.780975175322965,0.131807917263359,0.258990109199658,0
0.632181172491983,0.886499706888571,0.534698639297858,0.446288713952526,0.318355231545866,0.31286965473555,0.535956663545221,0.922486647032201,0.324426611652598,0.948861911194399,0
0.587739302311093,0.651279702084139,0.96802647295408,0.388479956192896,0.16499731130898,0.997910311445594,0.612850877922028,0.434011433273554,0.191650628345087,0.134735370054841,0
0.682538711000234,0.264472019858658,0.443237199448049,0.912376652471721,0.217094701016322,0.973333860049024,0.468429948203266,0.273217557696626,0.72167611005716,0.672586722299457,0
0.617769198259339,0.955258045112714,0.923633415950462,0.992905454710126,0.175481812795624,0.323121544439346,0.263521941145882,0.44902472756803,0.830009320750833,0.857041107024997,0
0.408500398276374,0.994518976425752,0.569088668562472,0.335087705869228,0.0822105095721781,0.427677353378385,0.00077361986041069,0.159946778090671,0.194038635818288,0.4617975265719,0
0.558770911069587,0.77729427954182,0.307781929848716,0.420956091256812,0.592846977291629,0.844093496911228,0.774551892885938,0.776183274574578,0.377535471459851,0.985143167199567,0
0.707341347355396,0.20519922231324,0.220378378173336,0.970512734493241,0.195859002415091,0.526140009751543,0.437584550585598,0.654336257604882,0.226402143016458,0.494414712768048,0
0.762973054545,0.766812709858641,0.406864500371739,0.0711643858812749,0.841173296095803,0.431364254560322,0.45294652483426,0.130391956539825,0.564344794256613,0.720541805727407,0
0.559704153100029,0.117972471518442,0.0371649391017854,0.294581690337509,0.0159324889536947,0.897803778992966,0.578007395379245,0.696984387701377,0.760293885134161,0.34701920254156,0
0.973170251585543,0.166461918270215,0.764252382097766,0.30389843089506,0.901060867821798,0.750625976128504,0.534147084923461,0.0515723060816526,0.380944346310571,0.619464368326589,0
0.831606870982796,0.824318560771644,0.484821228310466,0.535985556198284,0.198258482851088,0.0979580488055944,0.257824278902262,0.500029937596992,0.92343645892106,0.425688631366938,0
0.656000691466033,0.450361521681771,0.629938985221088,0.645263776183128,0.518073909450322,0.856638215947896,0.0835246085189283,0.831940354546532,0.345041787717491,0.770637412788346,0
0.346100321039557,0.301232601050287,0.795343271689489,0.621781348483637,0.106348776258528,0.956082833465189,0.84008074994199,0.986419702414423,0.556090734666213,0.141993994824588,0
0.558999821078032,0.774046000791714,0.577295239083469,0.591440863907337,0.142299419036135,0.0817569990176708,0.00706484355032444,0.48684778646566,0.607391416095197,0.273042769171298,0
0.191331163048744,0.836483481572941,0.0801791313569993,0.587826242204756,0.679806858766824,0.490196001250297,0.384589797351509,0.836895908694714,0.813673009630293,0.00881605548784137,0
0.903626338578761,0.456568398745731,0.482685631373897,0.328833550913259,0.607430145842955,0.88764832704328,0.897052909713238,0.49842834752053,0.444170988863334,0.898052237695083,0
0.326982121681795,0.23828871245496,0.625958865042776,0.165720635093749,0.548754004295915,0.115888976724818,0.640234685968608,0.92869876883924,0.650590165285394,0.324751885607839,0
0.902776523958892,0.873928235378116,0.0895879971794784,0.136736751534045,0.963768205139786,0.105344776296988,0.750112598296255,0.422999452333897,0.988964705029503,0.234591752523556,0
0.351375843165442,0.609218375524506,0.918255922617391,0.646597031736746,0.672368034953251,0.879346516216174,0.0720957140438259,0.710054598981515,0.443355310009792,0.643813374917954,0
0.899429909186438,0.705368811497465,0.505288599058986,0.406325527234003,0.224003374576569,0.161974561633542,0.01106340251863,0.758973345626146,0.756107852095738,0.0794838177971542,0
0.729517048923299,0.254702937789261,0.562231235671788,0.270691674901173,0.735883950022981,0.239883269183338,0.356787088094279,0.0898040549363941,0.673799796495587,0.175976357189938,0
0.0895215561613441,0.557491298764944,0.515591841656715,0.292973855976015,0.203372878255323,0.589750981889665,0.399744828930125,0.806972995400429,0.482271315529943,0.943703125463799,0
0.0136822594795376,0.0510824590455741,0.110518905799836,0.663228549528867,0.643284208141267,0.765597372315824,0.278226959519088,0.78774248668924,0.835536670871079,0.391196124255657,0
0.354009935166687,0.501841606106609,0.647343717748299,0.529964394168928,0.0774823371320963,0.69208276621066,0.552957342471927,0.234434878453612,0.67738898890093,0.363489376148209,0
0.880821249447763,0.132129713194445,0.22788741090335,0.102212568977848,0.0113596604205668,0.211626392090693,0.168295090086758,0.762423107400537,0.791927644517273,0.858623252250254,0
0.979567270725965,0.704260092694312,0.953435627277941,0.423003733390942,0.039457802195102,0.669475433882326,0.0325956845190376,0.863289683824405,0.42227796302177,0.854618921875954,0
0.947858156636357,0.715469868853688,0.401886349311098,0.426567636430264,0.683267540065572,0.774783153086901,0.305303870467469,0.996493351180106,0.225366715341806,0.422655875096098,0
0.64509147265926,0.949639646569267,0.294758637435734,0.110108985565603,0.15962414466776,0.434113204712048,0.600518750725314,0.164974979124963,0.154884923482314,0.999631673796102,0
0.845663585234433,0.164411682169884,0.11177083500661,0.259553025476635,0.596738456981257,0.243543344317004,0.0888710257131606,0.511972076026723,0.844681688584387,0.866283218143508,0
0.983267097501084,0.217394575010985,0.632813911652192,0.956153023289517,0.104887911584228,0.170315019087866,0.0577836886513978,0.730089726857841,0.843903627013788,0.175771021516994,0
0.351825545309111,0.365717091364786,0.807125615421683,0.0284761136863381,0.73796055605635,0.595583184622228,0.458370490930974,0.974977385485545,0.527377490652725,0.345427714753896,0
0.574426931561902,0.0884705830831081,0.0743919797241688,0.853569436585531,0.789319933392107,0.230626409640536,0.437648939434439,0.405384842073545,0.138010795693845,0.106005155947059,0
0.896955253090709,0.747683582827449,0.716887388611212,0.704587497049943,0.104121421929449,0.945147158112377,0.821375564439222,0.656036518979818,0.15870139375329,0.236821781378239,0
0.375139018287882,0.489979452220723,0.0568696677219123,0.420773865887895,0.974655131809413,0.47934574726969,0.972074097488075,0.304063820512965,0.257784175919369,0.0816810433752835,0
0.552226856583729,0.329287394415587,0.428523636888713,0.525076757185161,0.31024053087458,0.329201651038602,0.114673344651237,0.164698499254882,0.0936571997590363,0.435485426336527,0
