"1","2","3","4","5","6","7","8","9","10","class"
0.82795553591568,0.0203119796700776,0.416120365494862,0.818328163819388,0.551615996751934,0.346964140655473,0.570173093117774,0.228792840382084,0.180194995598868,0.505371983163059,0
0.26034539565444,0.851166804553941,0.962479941779748,0.723838785896078,0.184595866361633,0.578892884310335,0.629240948939696,0.949608175549656,0.424607017543167,0.194908369099721,0
0.818495198851451,0.901077879592776,0.770932109793648,0.0256309635005891,0.172491618432105,0.972916157450527,0.260302733164281,0.0637654955498874,0.628991869511083,0.544055290287361,0
0.776901851408184,0.101609567180276,0.049795635510236,0.575121897272766,0.124937970424071,0.456212925026193,0.794518799055368,0.242042782716453,0.145100460620597,0.373974137241021,0
0.331605873536319,0.513138931477442,0.643194989068434,0.431972505757585,0.392598348204046,0.0999562097713351,0.480173683958128,0.968939686426893,0.0409565928857774,0.518745737383142,0
0.628687942866236,0.185419707093388,0.884555906290188,0.519568376243114,0.795529738534242,0.446398250991479,0.513819589046761,0.552925408352166,0.912509016226977,0.183878896292299,0
0.16753333969973,0.159952425397933,0.416930504608899,0.925880159484223,0.63701057410799,0.94617702648975,0.967065380187705,0.0273740871343762,0.613870380446315,0.912901731673628,0
0.512340270681307,0.911965837934986,0.815979260019958,0.77141500567086,0.0974809650797397,0.323377364315093,0.65926189115271,0.270110295154154,0.787757982267067,0.00345551013015211,0
0.27993260196168,0.410341758208536,0.150383909698576,0.338020283961669,0.434682028368115,0.212315110722557,0.078315764432773,0.140215416206047,0.600244951900095,0.202833850169554,0
0.576959730824456,0.253868262516335,0.195510576944798,0.778821449493989,0.37112587201409,0.263302818173543,0.542142073158175,0.363542700652033,0.200237324927002,0.794472629670054,0
0.796716337790713,0.995697834528983,0.754733891226351,0.629102733684704,0.589987171581015,0.231097901705652,0.629519579000771,0.330866239499301,0.728806836763397,0.641833884175867,0
0.618098905310035,0.313153259921819,0.920541972387582,0.755104337120429,0.458789559779689,0.667643193155527,0.563591923331842,0.0698727548588067,0.335476317675784,0.215223240433261,0
0.964418925577775,0.796602008631453,0.593286764807999,0.76390548213385,0.465553202666342,0.238229848910123,0.597645169589669,0.0301741629373282,0.127173327142373,0.457323853159323,0
0.303842691790313,0.648264789951406,0.711680344305933,0.479300783015788,0.435405214317143,0.522030815016478,0.63391547370702,0.0889242540579289,0.337437438312918,0.922203584806994,0
0.430682633533329,0.0453438890635967,0.0848750942386687,0.261433413252234,0.279350332450122,0.416865435428917,0.135219426825643,0.177228145301342,0.882038184441626,0.893751523690298,0
0.500725386897102,0.110161631600931,0.3654346591793,0.945849071489647,0.467511822003871,0.833813673816621,0.751117172185332,0.499924546573311,0.758625676855445,0.0831613803748041,0
0.761416537454352,0.900031875818968,0.362225271062925,0.0450208217371255,0.855045202653855,0.492066574282944,0.242427772609517,0.160124487709254,0.492105744080618,0.382562670391053,0
0.11000653821975,0.709616075269878,0.0713496066164225,0.627107862848788,0.171513313893229,0.425109534524381,0.644473150605336,0.382521687075496,0.290332931093872,0.219323066528887,0
0.897276616470143,0.12402252818495,0.974200747674331,0.489116043085232,0.189489945303649,0.848273176001385,0.252632107352838,0.579026283463463,0.35641854419373,0.737178137525916,0
0.626186255831271,0.993628989439458,0.503851159010082,0.115351629210636,0.989496488822624,0.550199021818116,0.23265092773363,0.919055888196453,0.474206648301333,0.487408726708964,0
0.0614427633313462,0.285912225228734,0.334782449295744,0.989294100087136,0.437655044486746,0.427551684668288,0.137075095204636,0.731723321834579,0.276091562351212,0.466923424974084,0
0.926877239486203,0.103145886678249,0.136157139204443,0.189811025978997,0.617275970289484,0.197463646763936,0.975177831249312,0.599730610847473,0.597792568150908,0.82044986449182,0
0.551201394759119,0.50690617528744,0.976860337192193,0.406394933117554,0.425569533137605,0.0548373286146671,0.774036457762122,0.569818538613617,0.730431145755574,0.138400964671746,0
0.923019393114373,0.770803913008422,0.735169613035396,0.605690188473091,0.999784813495353,0.680520694702864,0.83810477796942,0.765289095928892,0.0392439123243093,0.382678861729801,0
0.732001738750376,0.675784646636434,0.833041195524856,0.585602010833099,0.537642380688339,0.568569719558582,0.284955664072186,0.263863733969629,0.444816472474486,0.0165020441636443,0
0.804532079931814,0.0365019071940333,0.757955477572978,0.186221315525472,0.986244711093605,0.677679791115224,0.036809136159718,0.893424429697916,0.388172490522265,0.418918270152062,0
0.77266700589098,0.204245295142755,0.592101502232254,0.00307607953436673,0.27414221316576,0.945564021822065,0.680926066823304,0.753476119367406,0.851690623909235,0.896799231879413,0
0.226419240236282,0.103925555944443,0.212483664276078,0.571735830511898,0.104691201122478,0.929443690227345,0.72163470229134,0.670993884094059,0.895141375251114,0.975477075669914,0
0.165414460469037,0.702222564257681,0.106187355238944,0.117585381027311,0.746427651727572,0.769152250140905,0.456391211599112,0.928457198431715,0.58188817021437,0.961297497851774,0
0.650566324882489,0.13820702593578,0.0486577397678047,0.380974277155474,0.538474986329675,0.276484193047509,0.605511051602662,0.290204635355622,0.730944741517305,0.543438117718324,0
0.983478506794199,0.850119008449838,0.468200312694535,0.404445465654135,0.599274131003767,0.898280433146283,0.419692730298266,0.735850971192122,0.960597878787667,0.850802236003801,0
0.0795533766073175,0.134924268371519,0.156917047919706,0.618686849717051,0.292405088199303,0.203237856272608,0.867337178671733,0.214552493300289,0.1788823986426,0.341683763079345,0
0.71250326372683,0.0125234264414757,0.837790505262092,0.337706771213561,0.786672164453194,0.84565576678142,0.752539158100262,0.537504708627239,0.0362022842746228,0.0219164919108152,0
0.535361747205444,0.346140303944331,0.894621583633125,0.574741506716236,0.783995736390352,0.165482213720679,0.675731777912006,0.492793113226071,0.532187269534916,0.728149739326909,0
0.291375164408237,0.344663199037313,0.417687088949606,0.717700446490198,0.78844046429731,0.267275601858273,0.940916218562052,0.562839328078553,0.630145825678483,0.790358694968745,0
0.743112976197153,0.833816977450624,0.447609836701304,0.0280051634181291,0.218460884643719,0.239964866312221,0.181456702528521,0.869284430285916,0.989578472683206,0.145194591023028,0
0.0987457800656557,0.226971974363551,0.441381041891873,0.346040176926181,0.752377541502938,0.0882972565013915,0.0310322749428451,0.454016453819349,0.119743205606937,0.926833681063727,0
0.531867248238996,0.552297790767625,0.837026859866455,0.99526614556089,0.675372365862131,0.19682334526442,0.170289494795725,0.0454737262334675,0.417669608490542,0.0650093236472458,0
0.443908417597413,0.249031974701211,0.918554017087445,0.0780519545078278,0.45902502653189,0.544988898560405,0.00120565271936357,0.9267561447341,0.686222720891237,0.129922020481899,0
0.68844913574867,0.207198705524206,0.00499192043207586,0.508180157281458,0.804346024757251,0.0497791275847703,0.92933329869993,0.418380283983424,0.352104141144082,0.518953061662614,0
0.20844644127693,0.303687062009238,0.68070922489278,0.181099079316482,0.762620686553419,0.620535340392962,0.67199281649664,0.145794360432774,0.403766290284693,0.655457508051768,0
0.924282714957371,0.767756894230843,0.449741226155311,0.363530727801844,0.756587385432795,0.494834399782121,0.719072718173265,0.121709076454863,0.829749635187909,0.93361309892498,0
0.277056252816692,0.654206413310021,0.524425456766039,0.704855736345053,0.768580386880785,0.3479472566396,0.850390895269811,0.132970154983923,0.940838247071952,0.597430214984342,0
0.744946474890597,0.796639444418531,0.492078264709562,0.0196218334604055,0.335998714668676,0.0257559379097074,0.129722367273644,0.570069780573249,0.60515786986798,0.756760759279132,0
0.92045174096711,0.159628506749868,0.283655278151855,0.972926790360361,0.641979642678052,0.575272260932252,0.815298743546009,0.503518116660416,0.728997120400891,0.803511009551585,0
0.922595254079904,0.0737736862390302,0.719441939610988,0.746569805778563,0.05077656195499,0.127429073676467,0.200459936633706,0.213003523647785,0.585849101655185,0.436830936465412,0
0.384250798495486,0.541545903077349,0.740709067089483,0.702652827836573,0.94060345669277,0.218381808139384,0.43755822093226,0.26701056282036,0.400152348447591,0.719574346207082,0
0.781371900695655,0.0816052602302283,0.98909022519365,0.921771731227636,0.745272017084062,0.00157781993038952,0.187495548976585,0.156671185279265,0.317254366818815,0.455012351740152,0
0.346955819521099,0.304353536572307,0.464432782726362,0.317114177625626,0.219722691457719,0.375585614936426,0.122852012747899,0.569090399192646,0.498051138129085,0.254119985736907,0
0.695993123110384,0.665463178651407,0.0852021167520434,0.684738694224507,0.0604172935709357,0.27025650604628,0.761174448532984,0.424395161680877,0.760915536433458,0.758978594560176,0
0.268979487242177,0.566704647615552,0.145690083503723,0.743185618659481,0.197995852679014,0.465550768887624,0.588738824008033,0.309459046460688,0.999723582761362,0.522273604292423,0
0.458817249862477,0.0619400511495769,0.169497885508463,0.905047478619963,0.552150052506477,0.0822376401629299,0.254053060431033,0.351364980684593,0.688126601744443,0.0511709817219526,0
0.416574789545871,0.468020399359986,0.260629608761519,0.026495176833123,0.105186331551522,0.658780043013394,0.160319542745128,0.620727939996868,0.497097262879834,0.800561303738505,0
0.121744193033874,0.0868962412028573,0.168927025515586,0.7521783830598,0.721068817889318,0.595915202051401,0.928444206016138,0.426184636540711,0.681452824734151,0.145877626724541,0
0.827337559079751,0.0486832512542605,0.495242113480344,0.266410136129707,0.468981173820794,0.683319584000856,0.214221059344709,0.49046194110997,0.548579172929749,0.387263529468328,0
0.776469231583178,0.207433394854888,0.529913156060502,0.291353512555361,0.660255165537819,0.266097984509543,0.287040299735963,0.207929852884263,0.190282010706142,0.458646315615624,0
0.845976428128779,0.266740762861446,0.165491712512448,0.621095177717507,0.910205595893785,0.301860861480236,0.794922776753083,0.0654793048743159,0.426687041763216,0.949034967692569,0
0.707426748936996,0.0546446840744466,0.0492484201677144,0.33082087081857,0.279815171845257,0.314816387370229,0.422059852397069,0.472708798479289,0.5877668724861,0.474490764085203,0
0.325657477602363,0.556303145131096,0.710420394781977,0.151530693750829,0.732016878901049,0.930760410614312,0.171262932475656,0.0446134808007628,0.720346100861207,0.150533227017149,0
0.552938918815926,0.0655276752077043,0.167102245613933,0.695710819214582,0.599065688205883,0.883321997709572,0.049883077153936,0.397682592272758,0.701971933944151,0.0308385952375829,0
0.104882921557873,0.113111745100468,0.753815326839685,0.891144328052178,0.987523540854454,0.217968217795715,0.324933455558494,0.153637665556744,0.493301606504247,0.151061434065923,0
0.984882690981869,0.0540113309992477,0.711097588064149,0.265111879678443,0.643026430625468,0.584886482683942,0.74033048725687,0.280906707514077,0.0815174581948668,0.0165444072335958,0
0.850672371918336,0.829527937108651,0.0966239478439093,0.376840304583311,0.645732021424919,0.512540798634291,0.893296086927876,0.353981035295874,0.724627843592316,0.697826941730455,0
0.218983189668506,0.287872832734138,0.84733299841173,0.837281387764961,0.462521374458447,0.0458736950531602,0.16829093452543,0.267502285540104,0.390889726113528,0.710150865837932,0
0.412811170564964,0.319480415433645,0.917939802631736,0.231215661857277,0.105795142706484,0.595767252380028,0.978504190221429,0.33465320779942,0.41983660007827,0.357761843595654,0
0.929405900416896,0.138306240318343,0.0289963106624782,0.701706158230081,0.518271293956786,0.0532701266929507,0.726166934007779,0.82166609284468,0.932314208708704,0.650221120333299,0
0.339367133565247,0.776524842251092,0.78108337149024,0.567205671221018,0.818582430481911,0.566677002003416,0.901074021589011,0.838044907897711,0.49508570577018,0.812007051659748,0
0.234650261932984,0.758287125267088,0.0401549383532256,0.766281581716612,0.187921996228397,0.419299393659458,0.851251754676923,0.837082472629845,0.231993583962321,0.488472381141037,0
0.938156650168821,0.757822468411177,0.182328261435032,0.44188878685236,0.877790987491608,0.225016773445532,0.235840540379286,0.71494373655878,0.30667303991504,0.156107458285987,0
0.747555466135964,0.389609563862905,0.817109400872141,0.145521694561467,0.755183568457142,0.34747881279327,0.0881983819417655,0.65486288885586,0.985195550136268,0.34507345315069,0
0.964451443171129,0.0797314832452685,0.213157178135589,0.146967301843688,0.624113973462954,0.980299286777154,0.604088695487007,0.964638698613271,0.681627236539498,0.326802040450275,0
0.469543595332652,0.946126267313957,0.964991590939462,0.98218739638105,0.39624600391835,0.442208016524091,0.734128558542579,0.502351075643674,0.886196938576177,0.527646473841742,0
0.444385627183132,0.494788428824581,0.241334538673982,0.180121259065345,0.826546157244593,0.168973257299513,0.657586073037237,0.312856439268216,0.127413017209619,0.020337822381407,0
0.500019775005057,0.398246120428666,0.606308201095089,0.95081416121684,0.214374875184149,0.872631540289149,0.169723447877914,0.440279284957796,0.979574206983671,0.0935828178189695,0
0.69480899325572,0.32338585704565,0.724135276395828,0.359350547892973,0.44615719281137,0.557758996728808,0.84956561634317,0.510110171511769,0.732210139045492,0.680791875114664,0
0.705256890971214,0.962093290640041,0.546681533101946,0.474628101568669,0.0275042203720659,0.201467271894217,0.0976831165608019,0.289773691212758,0.860454700421542,0.921674087643623,0
0.351440158461221,0.268839267642423,0.903111971449107,0.156630949815735,0.309935982804745,0.383481608238071,0.598425954580307,0.465240179095417,0.995726263383403,0.411129482788965,0
0.943230574717745,0.148364868015051,0.0385297862812877,0.648205767385662,0.960988291772082,0.135795368347317,0.511724389623851,0.637982164975256,0.49464160320349,0.140207497635856,0
0.737055635079741,0.098094881977886,0.103481640806422,0.422944094287232,0.778199679218233,0.112591553013772,0.194157425081357,0.243901602458209,0.950925424695015,0.0846908828243613,0
0.398069691844285,0.976597333094105,0.147784205386415,0.696078604785725,0.302456590579823,0.709342756541446,0.655917288735509,0.194304778240621,0.632820287253708,0.83708364632912,0
0.425599009914324,0.042949017460458,0.696215125033632,0.859506034990773,0.967477942351252,0.688894036924466,0.767285898560658,0.914050569292158,0.793151021935046,0.490365689853206,0
0.864770300836209,0.183174239980709,0.541824890999123,0.243860573042184,0.0902004390954971,0.32728169276379,0.456563471117988,0.664030846441165,0.507502074120566,0.893959214445204,0
0.608918832793832,0.0345462965417653,0.270478348014876,0.0683667180128396,0.361610934603959,0.659537081839517,0.697541515808553,0.143091400619596,0.525863320101053,0.220660419669002,0
0.671745056392998,0.585350787320547,0.145568290958181,0.329146615695208,0.459876076318324,0.90650752466172,0.287325823679566,0.473849651403725,0.808313668705523,0.92683354136534,0
0.30641618440859,0.660821294877678,0.82963396050036,0.176107004284859,0.841698972973973,0.0699423018377274,0.867152171675116,0.517063215840608,0.890532998135313,0.303366907406598,0
0.731449634768069,0.204043673351407,0.302061907481402,0.453156457981095,0.646442014724016,0.627786312485114,0.400643273256719,0.481501846574247,0.327807723777369,0.268278686562553,0
0.128330556442961,0.208496512379497,0.997941045789048,0.372832685243338,0.0402384367771447,0.172226946335286,0.878824800020084,0.666265763808042,0.993136299774051,0.548629447352141,0
0.710520127936266,0.939241749138664,0.61374017666094,0.0960257006809115,0.404727092944086,0.689249745570123,0.741864350158721,0.457878756104037,0.105865636840463,0.0810798653401434,0
0.876539460737817,0.0181714525377378,0.69161637313664,0.400501355761662,0.392723499098793,0.486562024336308,0.657434109831229,0.0280843793880194,0.48664781358093,0.567739165620878,0
0.898027129238471,0.201594256563112,0.191815886413679,0.166903066216037,0.773301384411752,0.831153167411685,0.361499250866473,0.755884506739676,0.00508386641740799,0.415470351232216,0
0.151436681628227,0.00390980350971221,0.0780568236950785,0.224822842748836,0.872525525046512,0.370083635905758,0.850695122499019,0.624006245518103,0.123861044645309,0.0977607923559844,0
0.287954374914989,0.437734664184973,0.266138089122251,0.855895574204624,0.862891191849485,0.592500269412994,0.648039749125019,0.408690324053168,0.0879332681652158,0.793278176337481,0
0.185674314083531,0.928453643072024,0.15706156892702,0.255124494433403,0.0865990442689508,0.112607058603317,0.785294947447255,0.989518277812749,0.793631583452225,0.69446337944828,0
0.45639255293645,0.119207763345912,0.157570641487837,0.71434593340382,0.934638886945322,0.276397251989692,0.653480016626418,0.808084353804588,0.451733213383704,0.752522154012695,0
0.906190233305097,0.969474795041606,0.622442986583337,0.622440386097878,0.252389672212303,0.940194119000807,0.972779013216496,0.867727532982826,0.0554556779097766,0.931224121944979,0
0.393466601613909,0.0436974971089512,0.54847701266408,0.234285766026005,0.328907926566899,0.999873529421166,0.0601804328616709,0.884475094964728,0.7971126800403,0.579556367127225,0
0.722106437198818,0.289212520467117,0.876552261412144,0.816216017585248,0.164147417992353,0.648980864789337,0.0138884603511542,0.821441900683567,0.619538496946916,0.0905783139169216,0
0.896014461293817,0.995893412036821,0.107956589432433,0.192213193979114,0.358009930001572,0.0387663573492318,0.0577325711492449,0.624975249404088,0.198281036689878,0.989897978492081,0
0.224666554480791,0.323328647762537,0.983268712414429,0.345592842204496,0.17541887704283,0.612080469261855,0.284935391042382,0.836339732632041,0.287399070337415,0.477035357616842,0
0.800413988064975,0.12494619935751,0.524219604674727,0.463980458909646,0.517204945208505,0.848959729773924,0.0448020657058805,0.0942546217702329,0.644866805290803,0.121875919168815,0
