"1","2","3","4","5","6","7","8","9","10","class"
0.652152658440173,0.639852636726573,0.526066328166053,0.108243452850729,0.0793595586437732,0.738579529337585,0.348057543393224,0.319887642748654,0.334895410109311,0.151828857371584,0
0.520271085668355,0.914292112691328,0.297707525547594,0.102945932885632,0.397054972359911,0.710487460251898,0.0170164529699832,0.666164230322465,0.436716060852632,0.987631435738876,0
0.307114718016237,0.182409594301134,0.229768697870895,0.338088153628632,0.0935970456339419,0.544457714306191,0.233232361730188,0.421052259625867,0.792515415232629,0.863404692616314,0
0.898964319610968,0.210622764658183,0.192474925657734,0.361407477641478,0.876455716323107,0.610255803680047,0.511491117533296,0.835689630592242,0.416885846760124,0.612256051041186,0
0.884217375423759,0.663207258796319,0.726908845594153,0.520322567783296,0.115276475902647,0.23156966897659,0.171659870538861,0.146438952535391,0.0172503292560577,0.574253953527659,0
0.457005168776959,0.501328297657892,0.0783267035149038,0.532234539277852,0.959097328130156,0.940397324040532,0.282823410816491,0.230526329251006,0.685269244480878,0.544747362146154,0
0.119084899313748,0.391676073893905,0.168996492866427,0.436992818955332,0.396080265985802,0.475728693651035,0.677301702322438,0.430156271904707,0.0212163720279932,0.646767588565126,0
0.0428298409096897,0.386892382055521,0.897250738693401,0.0105735650286078,0.544861018890515,0.332838111557066,0.724447509506717,0.222058867802843,0.600688370643184,0.169169156812131,0
0.666918682865798,0.462806087452918,0.324587651295587,0.647693765582517,0.787079422501847,0.891711513279006,0.445783153409138,0.727282899664715,0.673790485598147,0.976151107810438,0
0.937502770451829,0.375658672768623,0.0548460031859577,0.443765585310757,0.398886832175776,0.0879771860782057,0.491922046523541,0.374157429672778,0.0587994176894426,0.031278217677027,0
0.126761035528034,0.213193139294162,0.780252762837335,0.600378370610997,0.329823426902294,0.143062874209136,0.351640416774899,0.357983620138839,0.661956259049475,0.725569938542321,0
0.0434707233216614,0.00804804265499115,0.250057355500758,0.00326186139136553,0.768123329151422,0.250313817989081,0.34985890914686,0.465270779794082,0.839286246104166,0.211426932830364,0
0.952856938587502,0.18183926702477,0.158904820214957,0.960138655267656,0.210915090981871,0.285396102583036,0.048853408312425,0.769997192546725,0.5964210703969,0.385773172602057,0
0.437223658896983,0.619115923298523,0.0606290360447019,0.213533324655145,0.374712351243943,0.783754855627194,0.38651261315681,0.0799512669909745,0.29609746299684,0.491426878375933,0
0.0852609167341143,0.985997640760615,0.79291377379559,0.64700331655331,0.272625643061474,0.512416963698342,0.480805419385433,0.292910072719678,0.813605085480958,0.2677964232862,0
0.276533963391557,0.108161008218303,0.109123549424112,0.691557204117998,0.738510627299547,0.0198794514872134,0.492940956959501,0.383360998239368,0.828124129213393,0.192583636380732,0
0.546909378608689,0.718278624350205,0.736299871234223,0.0878950303886086,0.827704430324957,0.75791069236584,0.877754108514637,0.0485023879446089,0.617677012225613,0.464632350951433,0
0.623926904750988,0.0562416410539299,0.825142397079617,0.0652130118105561,0.335106241051108,0.661800823407248,0.301600794307888,0.207974437857047,0.526321543613449,0.754101658938453,0
0.836756728123873,0.183524269610643,0.600720388116315,0.176221384434029,0.114278769120574,0.797887964639813,0.400476810289547,0.285317809088156,0.00533202872611582,0.565699769649655,0
0.902552161132917,0.765018137637526,0.0341976126655936,0.598256684839725,0.719291913555935,0.387572256382555,0.744172904174775,0.0957102407701313,0.540729512227699,0.644070249050856,0
0.489692637929693,0.619599129771814,0.646178645547479,0.932920227525756,0.218469083076343,0.331483524525538,0.190999729791656,0.176985662896186,0.982316484674811,0.608379523502663,0
0.687363915145397,0.542638756800443,0.041257101809606,0.787046265555546,0.20146659296006,0.157649834407493,0.806037151487544,0.47028664755635,0.201071412768215,0.23775580432266,0
0.769190887920558,0.0201996527612209,0.821510625537485,0.465704840840772,0.954540106002241,0.930042763473466,0.140153486048803,0.817212555324659,0.692513811169192,0.805557206273079,0
0.618794373236597,0.829565666150302,0.634497726336122,0.410795880481601,0.54766706796363,0.591376224532723,0.145992204546928,0.728047367883846,0.77456045919098,0.248382768593729,0
0.0262249493971467,0.623101582517847,0.459073093254119,0.0668699911329895,0.89398879930377,0.191816364182159,0.72765492904,0.621115266345441,0.224731758469716,0.377649928675964,0
0.0134553250391036,0.592876768438146,0.13488369109109,0.15672347182408,0.227210940327495,0.941922094440088,0.344313456211239,0.869219763204455,0.935664486372843,0.310403764015064,0
0.987785410135984,0.745971389580518,0.946691477671266,0.606862681219354,0.811813419684768,0.0323014701716602,0.692601218353957,0.220544356619939,0.970498912734911,0.509375418303534,0
0.408166754757985,0.892638398800045,0.318276280071586,0.765215932857245,0.650827601319179,0.721954355947673,0.447779178153723,0.788604654371738,0.133532483829185,0.632780619431287,0
0.0992784246336669,0.398278489941731,0.566655493574217,0.636161112459376,0.458261265652254,0.157057758653536,0.595842039678246,0.561863059876487,0.831916264491156,0.387120311614126,0
0.575359849492088,0.258941103704274,0.066418748581782,0.76868464704603,0.165421297540888,0.864530533086509,0.0115592547226697,0.687904772581533,0.760456017684191,0.531191845191643,0
0.590850196080282,0.760812999913469,0.782198679633439,0.660664716502652,0.795413910178468,0.105156801873818,0.00585530675016344,0.270029162522405,0.926675995346159,0.000640908489003778,0
0.837309858296067,0.592607579659671,0.0747737975325435,0.146002522436902,0.865056275157258,0.252081688959152,0.728783063823357,0.462211889680475,0.953295008977875,0.584951075958088,0
0.525446145329624,0.663614008342847,0.624395263148472,0.605023884912953,0.197940348647535,0.616120106773451,0.454772013938054,0.7417638131883,0.956571978051215,0.784059292869642,0
0.339502678252757,0.221035380614921,0.75468304916285,0.287606357596815,0.384833447635174,0.183863342739642,0.767697328934446,0.527234429726377,0.908009222242981,0.086621918482706,0
0.804212768096477,0.406131929485127,0.960546849062666,0.123127786209807,0.137613888364285,0.945399898802862,0.802303529111668,0.330668095732108,0.496555503224954,0.178176009794697,0
0.167161642108113,0.236614650813863,0.162356498884037,0.0221768822520971,0.232731742085889,0.0558473046403378,0.591300800675526,0.773226239951327,0.569893485866487,0.0463604393880814,0
0.563429252011701,0.181394153740257,0.929866520222276,0.891173853771761,0.850325378123671,0.545563887339085,0.34625692316331,0.112650492694229,0.231877207057551,0.297517767176032,0
0.220288240350783,0.646722268313169,0.805638180114329,0.082529833773151,0.980104476911947,0.380934877553955,0.373329643858597,0.350439260015264,0.324797210516408,0.276073830667883,0
0.65482301870361,0.807191316736862,0.150923171779141,0.57561959582381,0.91705407272093,0.180451367981732,0.832523123826832,0.496023549232632,0.464695193106309,0.804029239807278,0
0.635654223617166,0.420446128817275,0.816987069090828,0.574758904753253,0.66846992331557,0.995885727694258,0.410040936665609,0.633223715936765,0.865920991636813,0.00169861246831715,0
0.74334448040463,0.0944224447011948,0.0530204344540834,0.921997157623991,0.9920820586849,0.45089624542743,0.257701013004407,0.174432719359174,0.450111228041351,0.515813120407984,0
0.270851362263784,0.695627632550895,0.0378824106883258,0.276577763725072,0.30856365384534,0.755998228676617,0.964067633030936,0.486567112384364,0.179647606331855,0.260856846580282,0
0.424497175263241,0.642141547054052,0.125412651104853,0.229438693262637,0.445104955462739,0.310529898386449,0.283492489717901,0.0882474367972463,0.574685224564746,0.866663946770132,0
0.210535815451294,0.869781968649477,0.3965474430006,0.792712662136182,0.775148427579552,0.763671639608219,0.352037604199722,0.428962613455951,0.20134442858398,0.51990084676072,0
0.57265223027207,0.207673714961857,0.308830137597397,0.363107369281352,0.593859273940325,0.62238381896168,0.374310294166207,0.595822500996292,0.2016456797719,0.92022696742788,0
0.239258235087618,0.276864642044529,0.57025609142147,0.322437239810824,0.848937624366954,0.00771325477398932,0.199127398896962,0.913138224743307,0.965895436005667,0.603409131988883,0
0.871279934421182,0.174680032068864,0.927548375912011,0.973023025784642,0.919077495113015,0.356443593977019,0.399334769463167,0.773284086724743,0.993616958148777,0.58572246064432,0
0.690099080093205,0.666441628010944,0.0508256321772933,0.118739244760945,0.139626225456595,0.126776742981747,0.0711705852299929,0.529734308132902,0.97465643286705,0.929918742505834,0
0.820659733610228,0.239342182176188,0.287639960646629,0.917839663801715,0.301167845027521,0.00511667574755847,0.742043413687497,0.804428762989119,0.705060588894412,0.262707830639556,0
0.486262174323201,0.756198185496032,0.397229321999475,0.976475283736363,0.0624671746045351,0.828213674947619,0.388477325439453,0.654946009861305,0.753614166053012,0.567636069143191,0
0.22988452995196,0.708766431547701,0.262890028068796,0.325268673943356,0.010868480661884,0.471119677182287,0.880578765878454,0.224796891212463,0.455528976162896,0.173593085259199,0
0.846373920096084,0.106672201771289,0.632780230371282,0.166671218816191,0.490400777896866,0.849899265449494,0.0766797426622361,0.992849841248244,0.899935279972851,0.951489700935781,0
0.116371064214036,0.630107981385663,0.54568583262153,0.591140001546592,0.0179821059573442,0.792820153292269,0.949454741785303,0.296145156491548,0.256917777471244,0.000177424168214202,0
0.850499397143722,0.100334576098248,0.23853971506469,0.235233227489516,0.91043459600769,0.0487889817450196,0.734568691113964,0.729626138461754,0.63332988973707,0.255190854892135,0
0.102336075855419,0.805804665200412,0.0208116793073714,0.717225696425885,0.0612301870714873,0.530563513049856,0.660487867891788,0.00502451648935676,0.295150002697483,0.335557689890265,0
0.622267604572698,0.975610665744171,0.87994277686812,0.88886492443271,0.040028422139585,0.166587351355702,0.319467706838623,0.681147109717131,0.3555858284235,0.676883094478399,0
0.351460180301964,0.940704063279554,0.766193450195715,0.965205603977665,0.923301206203178,0.622139922808856,0.155523829860613,0.0425397017970681,0.311643729452044,0.238566604442894,0
0.395691928220913,0.510009614517912,0.367900395765901,0.0714749325998127,0.496608210029081,0.0849382798187435,0.0770075626205653,0.771515909349546,0.380415660561994,0.608979125041515,0
0.503944366006181,0.359278251649812,0.846077664522454,0.490153161110356,0.1844494396355,0.944758684141561,0.734257894102484,0.188755861949176,0.681531995767727,0.299863106803969,0
0.522462252061814,0.353801992023364,0.197329683462158,0.164751705247909,0.821102009154856,0.777326540788636,0.379592213314027,0.464795365463942,0.677342609269544,0.813615906285122,0
0.494445108879358,0.659050308866426,0.274181144777685,0.427019543945789,0.230584793258458,0.822130534797907,0.385320840403438,0.124616537010297,0.350047832587734,0.881006043870002,0
0.55890947766602,0.398061367217451,0.151542919920757,0.0474499291740358,0.826828861609101,0.472054613986984,0.774462963454425,0.66342238872312,0.918056282680482,0.916894907597452,0
0.419903909089044,0.35220787813887,0.90560740348883,0.553408668376505,0.447387145832181,0.370590494945645,0.276111517800018,0.0976853154134005,0.815079040126875,0.108896773075685,0
0.634895292343572,0.123696394264698,0.139888668665662,0.150412967661396,0.133753352798522,0.183272729860619,0.475554189411923,0.318936650641263,0.218484992394224,0.418002233142033,0
0.680018902756274,0.226373868295923,0.640439580893144,0.575164532987401,0.0733024571090937,0.503647598205134,0.463181784143671,0.0954604509752244,0.107616532361135,0.551441661082208,0
0.337757074506953,0.381607206305489,0.788425012258813,0.155036939075217,0.346753725316375,0.0741244228556752,0.0338194526266307,0.174397870199755,0.885318465763703,0.857616390567273,0
0.293595352210104,0.983979695709422,0.728965241461992,0.039574041031301,0.392138894181699,0.318403863580897,0.795453337021172,0.602565475273877,0.284623934654519,0.940482999896631,0
0.468964931089431,0.25937872310169,0.278656668961048,0.159151700790972,0.306099673267454,0.0767624715808779,0.69004555977881,0.826563073089346,0.246430350001901,0.34877663385123,0
0.607268866850063,0.746118009788916,0.619134444044903,0.406344907358289,0.576510419603437,0.460181964095682,0.996466317679733,0.833635884104297,0.422270301962271,0.569021922536194,0
0.0412331870757043,0.881009051576257,0.154506529914215,0.545494116377085,0.453898136503994,0.100398866226897,0.61797903268598,0.797524601221085,0.828239573398605,0.757619946729392,0
0.183884073281661,0.788882524240762,0.906301858602092,0.188435398973525,0.854880259605125,0.524553138995543,0.817900401540101,0.542872542282566,0.48752927267924,0.667766941944137,0
0.835182487498969,0.739154434762895,0.323738961713389,0.429709566757083,0.0503467936068773,0.0203440776094794,0.708815441234037,0.676153341075405,0.485228661447763,0.88171321968548,0
0.627556324703619,0.280320178251714,0.0371438667643815,0.933704645605758,0.540063951630145,0.289634438930079,0.060878224670887,0.52551229391247,0.152352168224752,0.106381320860237,0
0.221607625950128,0.962432978441939,0.605298324022442,0.121408601291478,0.190189947374165,0.357515144627541,0.223476777318865,0.970710326684639,0.472502154298127,0.146630219183862,0
0.35514700581599,0.349336107028648,0.277667416725308,0.449361077975482,0.987822637194768,0.831809777533635,0.972104196669534,0.179542182013392,0.424922873498872,0.136240749852732,0
0.124336116947234,0.496433931868523,0.526107833255082,0.457230186788365,0.581605269573629,0.31826210161671,0.158553716959432,0.856846742797643,0.213602979434654,0.375053526600823,0
0.114009598968551,0.245775548741221,0.0724019673652947,0.7329084740486,0.419190078740939,0.337376551236957,0.177783479681239,0.309915173100308,0.200086244847625,0.893357628723606,0
0.715278535382822,0.742342432495207,0.898418432567269,0.824132886948064,0.580697751604021,0.0744789035525173,0.439513559453189,0.601951522286981,0.635072496952489,0.270517810480669,0
0.299826895818114,0.253029136452824,0.929538021562621,0.169705744367093,0.0456639402545989,0.186273752246052,0.704421734670177,0.126703494694084,0.589255231199786,0.270136748440564,0
0.929492275696248,0.584392138989642,0.982970324344933,0.501825341489166,0.297625333769247,0.107172434683889,0.309230001177639,0.252259273082018,0.00143668660894036,0.904107838636264,0
0.460721993846819,0.592383989598602,0.651839474448934,0.393552036490291,0.636146182892844,0.563972839619964,0.191270214505494,0.807507787831128,0.113131351303309,0.0409141411073506,0
0.440652597695589,0.588850346161053,0.457002035807818,0.0456086955964565,0.913512065075338,0.484503256389871,0.256086349254474,0.928516930900514,0.758680357830599,0.35988089768216,0
0.841418457916006,0.0302557558752596,0.786143343430012,0.734585948754102,0.996996154543012,0.564671499188989,0.568135097390041,0.795535109937191,0.804068276425824,0.670924625592306,0
0.731938618933782,0.644669252447784,0.834105404326692,0.680248936172575,0.0817361669614911,0.510938094230369,0.665301079163328,0.0533487496431917,0.261867604916915,0.625499351415783,0
0.202588509069756,0.745809423504397,0.164638914866373,0.782324518309906,0.385297348955646,0.0939591818023473,0.0536897627171129,0.672648269915953,0.219469942618161,0.035189920803532,0
0.388692397158593,0.373593975324184,0.858841166598722,0.51057121437043,0.883442166028544,0.358620245242491,0.461687341798097,0.62582725356333,0.154626923147589,0.943601424107328,0
0.224143579602242,0.982883101096377,0.33493374614045,0.416385195916519,0.926774922991171,0.583201289176941,0.868925602408126,0.938228042097762,0.979619550984353,0.657927686814219,0
0.111229189904407,0.748645456507802,0.319264327175915,0.834028534824029,0.19734799512662,0.56287873419933,0.668686063261703,0.78688535047695,0.972793836612254,0.360184883698821,0
0.290047705406323,0.231919498182833,0.927022024756297,0.490807373309508,0.84991647512652,0.146017728373408,0.243422948289663,0.240573666989803,0.800390111748129,0.824777387082577,0
0.371457478497177,0.885971727315336,0.0451337366830558,0.1321035400033,0.555961828446016,0.849639902589843,0.964287844952196,0.829244158230722,0.858817256987095,0.404306242940947,0
0.34891753946431,0.222164123784751,0.328263614559546,0.114111803937703,0.961292730644345,0.0539676989428699,0.983871569624171,0.172003358136863,0.641510898480192,0.247067211195827,0
0.777331079822034,0.228853581473231,0.801857045618817,0.0551514835096896,0.822572452481836,0.880421749781817,0.209666766459122,0.104615238495171,0.181976747233421,0.689339963486418,0
0.230450378032401,0.536369786132127,0.931468974566087,0.200865958351642,0.27469365275465,0.273709594970569,0.950511634116992,0.932737489929423,0.0790173199493438,0.452725447481498,0
0.228551685577258,0.977644126163796,0.915027910610661,0.210859125014395,0.57693874812685,0.175343500683084,0.788651389069855,0.398071151925251,0.49518080195412,0.407403333811089,0
0.430025766137987,0.924090490909293,0.549296913668513,0.588045402197167,0.680675940355286,0.705313761020079,0.338353977538645,0.0217028183396906,0.912691215053201,0.56266665016301,0
0.892552993027493,0.274336318252608,0.671471155947074,0.544062128989026,0.946017483016476,0.422604081686586,0.900462511694059,0.199013695120811,0.0314633327070624,0.393591064261273,0
0.885921346722171,0.112296278821304,0.912951046600938,0.167794628068805,0.571972064673901,0.483407208463177,0.604551011230797,0.362559018889442,0.173422104679048,0.0210036807693541,0
0.366382953478023,0.249092517886311,0.141590235522017,0.558615369023755,0.58824057248421,0.515018212376162,0.109099581604823,0.759833510033786,0.106852794531733,0.210017336066812,0
0.679273732705042,0.157130620907992,0.318017663899809,0.622097354847938,0.82509163254872,0.813078846316785,0.99381823814474,0.376104606781155,0.973114310763776,0.480743680614978,0
0.294827266829088,0.618639071006328,0.0391007708385587,0.75959416013211,0.582783733960241,0.81273897876963,0.850603656610474,0.800190140493214,0.0554644849617034,0.209851109888405,0
