"1","2","3","4","5","6","7","8","9","10","class"
0.744688681326807,0.386408058460802,0.84345101355575,0.732781737810001,0.522206222871318,0.0533707379363477,0.247047462500632,0.381858095293865,0.141466542612761,0.284187731333077,0
0.220164006317407,0.543085729936138,0.794019901426509,0.958867813227698,0.753510295413435,0.476651454344392,0.189564595464617,0.82987528340891,0.80618432816118,0.223168610827997,0
0.448370655765757,0.012173727620393,0.960731033468619,0.970717129064724,0.370836486341432,0.691052123671398,0.603821651311591,0.38195272302255,0.904031869256869,0.830163172679022,0
0.329545036889613,0.823911163024604,0.338417496997863,0.590721851913258,0.254628514638171,0.969709579600021,0.78944014548324,0.971849432913586,0.318205301882699,0.253360627917573,0
0.0838977203238755,0.230710288276896,0.225493475561962,0.531532752327621,0.66366799059324,0.0741112946998328,0.328971946844831,0.994965580292046,0.245853955624625,0.576927665621042,0
0.253978825872764,0.310062809715979,0.346914449008182,0.761198733467609,0.518505258485675,0.322815439663827,0.859344086609781,0.983190083876252,0.96947016636841,0.342560365330428,0
0.0423938629683107,0.307262630071491,0.09353390452452,0.326819360954687,0.0497525907121599,0.594279331620783,0.73325740150176,0.535099785309285,0.0151644514407963,0.469048707513139,0
0.932439221534878,0.38104441575706,0.998239696025848,0.490574822761118,0.525713542709127,0.692204302176833,0.258928528055549,0.986364908749238,0.399270246969536,0.553937482181937,0
0.177881992189214,0.763340456876904,0.44169211271219,0.0230394240934402,0.244831131072715,0.348777849925682,0.00694199954159558,0.71451859222725,0.44735340657644,0.170084726065397,0
0.0666829764377326,0.643445867113769,0.275648605776951,0.127335784956813,0.475934676127508,0.196232527960092,0.933602607576177,0.0447366116568446,0.904319045366719,0.328054362908006,0
0.383966892724857,0.729879884282127,0.0192076447419822,0.91799836861901,0.0465531316585839,0.615862664068118,0.460836499230936,0.0290548175107688,0.0776880513876677,0.220979057019576,0
0.350850849878043,0.18663101666607,0.327705185627565,0.840551382629201,0.896502519259229,0.168743091402575,0.207521094707772,0.556537145050243,0.845712753944099,0.737657750723884,0
0.0797923451755196,0.695940878242254,0.488617260241881,0.316905243089423,0.982509670080617,0.817065016366541,0.865297588286921,0.0641259322874248,0.721782201435417,0.7966811186634,0
0.395725775742903,0.796166788088158,0.0210076889488846,0.0503340866416693,0.105495932744816,0.125918844947591,0.0517572495155036,0.548090388998389,0.493883196497336,0.458757515763864,0
0.0623425582889467,0.384539051447064,0.811533677391708,0.0380612341687083,0.506557086482644,0.583931684726849,0.16978970146738,0.243996570352465,0.675706806825474,0.157837041188031,0
0.0968323436100036,0.623263994697481,0.375131625216454,0.938140963204205,0.261335294693708,0.945236986968666,0.342380351619795,0.866394923767075,0.339456935646012,0.170707643497735,0
0.80622244020924,0.0372138696257025,0.81850882130675,0.697833661921322,0.335317730903625,0.492204339941964,0.506646376103163,0.541666585952044,0.0323133156634867,0.149108862737194,0
0.0513866893015802,0.602525667985901,0.531923524104059,0.146220431430265,0.625676925061271,0.489754115464166,0.159142691642046,0.469063392840326,0.176488605793566,0.397703306749463,0
0.102408984908834,0.330548861529678,0.941531924530864,0.163470996310934,0.47889020992443,0.264701573178172,0.886855533579364,0.763260165927932,0.543047063983977,0.729559669736773,0
0.283436500001699,0.378347858553752,0.937697849236429,0.274268348002806,0.837958961958066,0.237903133267537,0.474999183788896,0.0278160281013697,0.120019034715369,0.0464932955801487,0
0.832481253193691,0.0701335074845701,0.985143496422097,0.766577580478042,0.993910168297589,0.681588538456708,0.231657679891214,0.639268547762185,0.118917149957269,0.653685939731076,0
0.877352380426601,0.293715826468542,0.178066513501108,0.500697289127856,0.596789158182219,0.183420518878847,0.79334132745862,0.942048359662294,0.634720291709527,0.757853902643546,0
0.161930352066457,0.450508335605264,0.189391667721793,0.556948199868202,0.621676220791414,0.805913205025718,0.39895178261213,0.234163192566484,0.61360020050779,0.714073112234473,0
0.155878289369866,0.612429440021515,0.502704084152356,0.993574675405398,0.303547562798485,0.0694594376254827,0.815646413713694,0.856438716407865,0.758301581023261,0.909021730069071,0
0.350884228711948,0.388921138131991,0.261021252255887,0.459614271763712,0.30667303991504,0.550034790998325,0.228906168835238,0.16460476978682,0.363752574427053,0.962309933966026,0
0.144933716626838,0.170099154813215,0.460916283307597,0.98522322322242,0.871705210767686,0.704989467747509,0.0776133039034903,0.190021858783439,0.262783688027412,0.0116636077873409,0
0.316069697104022,0.961024254793301,0.530017768731341,0.812875498551875,0.869897773023695,0.705184220802039,0.783340245485306,0.907451569335535,0.203706433298066,0.425736378179863,0
0.445020197657868,0.87671438860707,0.577200251631439,0.605930614983663,0.292187819257379,0.823693357408047,0.49584083724767,0.0390235390514135,0.561337962979451,0.466738009592518,0
0.645387158961967,0.250371305504814,0.360096515389159,0.561069122515619,0.758380715502426,0.155797984916717,0.104112908476964,0.634350069565699,0.0371898214798421,0.3343722356949,0
0.237089396687225,0.133066227193922,0.41307563171722,0.913672170601785,0.109824374783784,0.452792967902496,0.276789055904374,0.608518235851079,0.67676345189102,0.202772442018613,0
0.027314811013639,0.762523221550509,0.931246432242915,0.353989454219118,0.351938931969926,0.0275207748636603,0.685719697503373,0.575310093583539,0.251993893878534,0.0302124277222902,0
0.0442384937153198,0.992032319074497,0.894201949937269,0.329324387479573,0.792494923342019,0.505186478840187,0.274036860093474,0.79186815652065,0.208718318026513,0.467684088973328,0
0.638672266853973,0.054385720519349,0.773779754992574,0.197222632355988,0.58026979281567,0.629212818806991,0.65074728988111,0.92744979262352,0.465973585611209,0.611413537524641,0
0.358970389934257,0.0325007436331362,0.574683590326458,0.702334578149021,0.962588978232816,0.610876368125901,0.0992128131911159,0.0877857254818082,0.593123072991148,0.50553622469306,0
0.958995215594769,0.376712156086788,0.461591508239508,0.556849888293073,0.628127529285848,0.58998091914691,0.135119174374267,0.435099471593276,0.713190257549286,0.427119419211522,0
0.452665804186836,0.146624826360494,0.668535070260987,0.362248679855838,0.199312143959105,0.158261668868363,0.238053544890136,0.192655178252608,0.53354271594435,0.38768530706875,0
0.192875450244173,0.201338515727594,0.356221651891246,0.393421928398311,0.589750309940428,0.687507337657735,0.719715751940385,0.177285764599219,0.501674972940236,0.571703262161463,0
0.355404624948278,0.401776977581903,0.626524836057797,0.190564822405577,0.207225810969248,0.859073949744925,0.32943456619978,0.696004090597853,0.205049341544509,0.642822691937909,0
0.10506555926986,0.0253699177410454,0.142565429443493,0.798837201902643,0.378123976988718,0.662800916470587,0.603332539787516,0.83860217477195,0.963742423336953,0.476127761183307,0
0.151273910189047,0.332575707929209,0.395681646186858,0.131979192839935,0.459874849999323,0.554722655797377,0.824768996564671,0.397561984835193,0.717714885016903,0.825198064092547,0
0.356702594319358,0.00292433821596205,0.173194195376709,0.581536241108552,0.636022300925106,0.8912034756504,0.314526631031185,0.637034309096634,0.163316734833643,0.969758712220937,0
0.336395312913787,0.873211045982316,0.600856959819794,0.308151341974735,0.038271308876574,0.117875655181706,0.348599658813328,0.451606542570516,0.292380703613162,0.531265328172594,0
0.226627178024501,0.584761775564402,0.829546025022864,0.821819870732725,0.45408130902797,0.133172144414857,0.385329966899008,0.694065120536834,0.150858296547085,0.928863663226366,0
0.283755494747311,0.681258910568431,0.655876312870532,0.352512109093368,0.706678940681741,0.638812431367114,0.240315212402493,0.635125774657354,0.467301394091919,0.29744117683731,0
0.970811766339466,0.171552633401006,0.942404241301119,0.06192367663607,0.226757665397599,0.324212757172063,0.417228292440996,0.546699531143531,0.952214453136548,0.299321850528941,0
0.124948224024381,0.81024105520919,0.193068714113906,0.482847079169005,0.492334718815982,0.178468539845198,0.277181434212252,0.210373583249748,0.88622487266548,0.513339494820684,0
0.434642360080034,0.384329942055047,0.515376526396722,0.170234104152769,0.751664502779022,0.950609434396029,0.725390132749453,0.50615367712453,0.688315001316369,0.46608105674386,0
0.415469131898135,0.470523081021383,0.861717312829569,0.712000808445737,0.842639432754368,0.0113986185751855,0.810537524754182,0.708637977484614,0.962822867790237,0.156583722215146,0
0.247165567008778,0.404369350289926,0.627983015496284,0.313134006690234,0.853333868551999,0.293905783211812,0.0406681527383626,0.364432425238192,0.00249528139829636,0.787939094472677,0
0.314994408749044,0.339065967127681,0.266361119924113,0.326312135206535,0.995968468254432,0.806950503494591,0.386241455562413,0.874915357213467,0.296343767084181,0.387780250748619,0
0.347433428978547,0.958939374890178,0.664607914863154,0.905329983215779,0.388277970021591,0.752841445151716,0.963123082881793,0.820332179078832,0.512859257636592,0.809161530341953,0
0.0367140924770385,0.00341734336689115,0.044258373323828,0.713078348897398,0.276125008240342,0.950038080336526,0.0746654416434467,0.058850655797869,0.511218047235161,0.754280647262931,0
0.0923684386070818,0.619037535972893,0.787912496132776,0.394739010604098,0.330269833793864,0.221434408798814,0.786683061625808,0.901309497421607,0.945105598540977,0.471323837293312,0
0.917954560136423,0.0199585705068894,0.559114447329193,0.169493648223579,0.57420350657776,0.385094766272232,0.65523190703243,0.464105919469148,0.15118000889197,0.680663741659373,0
0.305010531271994,0.579744813963771,0.462520612869412,0.163038603728637,0.64723638119176,0.151410524500534,0.961860070005059,0.206423565978184,0.022318656090647,0.529085208661854,0
0.269999858690426,0.714513856451958,0.735149624757469,0.560527275083587,0.671329046599567,0.906566786579788,0.244896660558879,0.383076533675194,0.745967339724302,0.454225892201066,0
0.719299062388018,0.250421521418914,0.579005802981555,0.577314069960266,0.605583875672892,0.0195007550064474,0.0241860346868634,0.368021509144455,0.44457083567977,0.376216560369357,0
0.431704822927713,0.0236874421413057,0.292544820811599,0.068475232925266,0.523012493504211,0.742278397083282,0.0786465662531555,0.56705805263482,0.467591233085841,0.253549316432327,0
0.516489831497893,0.116071688709781,0.759668444748968,0.509055005386472,0.110657894751057,0.663389790570363,0.944308181060478,0.721302203601226,0.648741487646475,0.164012830005959,0
0.81601223628968,0.153647408355027,0.900669196154922,0.40147260716185,0.700540298363194,0.959147040965036,0.179146761074662,0.781565970508382,0.603486018953845,0.0182850901037455,0
0.108119628857821,0.0369787970557809,0.265073724556714,0.20961248781532,0.254199219867587,0.739771040854976,0.9535871099215,0.691986478166655,0.315904128598049,0.430554686812684,0
0.520363019779325,0.277396773686633,0.599231027066708,0.270664224866778,0.675752986222506,0.663484090706334,0.545399893308058,0.0552207122091204,0.404783339705318,0.681321406038478,0
0.266950982320309,0.368041192181408,0.993377323960885,0.265614022966474,0.922252492746338,0.729960568714887,0.382573189213872,0.845133571419865,0.478864941513166,0.234627762110904,0
0.564184289891273,0.277994716013782,0.25124173075892,0.245762494625524,0.608190615661442,0.849682895466685,0.35763164726086,0.912208808353171,0.558835022849962,0.712009044829756,0
0.317990856444463,0.444426546571776,0.0868931703735143,0.619528080103919,0.570297312922776,0.0716468386817724,0.161405889084563,0.116215517744422,0.179096672451124,0.245447644265369,0
0.925682678353041,0.404418086167425,0.638699541566893,0.224946900270879,0.549591143149883,0.534608787158504,0.732744934037328,0.612478466238827,0.0655296416953206,0.509300470817834,0
0.0638323626480997,0.408928115594014,0.0633834241889417,0.625723121222109,0.731245863251388,0.672167740296572,0.796311468351632,0.745644442038611,0.845611207187176,0.844543947605416,0
0.0106820114593953,0.00642010709270835,0.739003863884136,0.834143543615937,0.844895031303167,0.819136694539338,0.484841098310426,0.959234433248639,0.298916197847575,0.738124939845875,0
0.912035378394648,0.40657386349421,0.0262651075609028,0.0522158229723573,0.678940192330629,0.637377634877339,0.506051105679944,0.996542735490948,0.00995685020461679,0.925808145431802,0
0.74440789828077,0.0583893256261945,0.819952743593603,0.474494288209826,0.740554873133078,0.571186478948221,0.851912185316905,0.870292759966105,0.983262124704197,0.275023963302374,0
0.353617383632809,0.0986933764070272,0.311553698731586,0.635482948739082,0.851957072038203,0.0333421044051647,0.105928017525002,0.842307220678777,0.3245281977579,0.461113985395059,0
0.669522293144837,0.181564298458397,0.0274018873460591,0.158848233986646,0.642778551904485,0.365168200107291,0.432668790454045,0.194668697658926,0.396735870279372,0.808919629082084,0
0.162539304001257,0.842297833180055,0.745292217470706,0.190199760487303,0.229372771689668,0.909633988514543,0.728769212262705,0.504108680645004,0.39203263935633,0.780554655240849,0
0.725259071681648,0.33526521330541,0.581682060379535,0.290475128684193,0.434118756791577,0.281888572964817,0.410667043412104,0.969069940270856,0.0502221798524261,0.582868820521981,0
0.347946469904855,0.399824880063534,0.259777628118172,0.755842892453074,0.345664426451549,0.451687935041264,0.322517851600423,0.611657499568537,0.795119232963771,0.766780753619969,0
0.0155073436908424,0.905045657185838,0.314517360180616,0.755735967308283,0.0503326572943479,0.454420043155551,0.984606605023146,0.757843704894185,0.535914768930525,0.994513303274289,0
0.440412237308919,0.108598033492081,0.295759129105136,0.075010898290202,0.531383081804961,0.923494247253984,0.31696400931105,0.597407778725028,0.514806778402999,0.590746145229787,0
0.562104614451528,0.154824307654053,0.777554095257074,0.991442836821079,0.697869290132076,0.642159082461149,0.48591934889555,0.0760354038793594,0.554963220376521,0.132319593103603,0
0.0270118554696441,0.598113793181255,0.493588256184012,0.677918728441,0.553972098277882,0.426024399930611,0.0779009775724262,0.874443185282871,0.487753428053111,0.0826588270720094,0
0.238706028554589,0.167311856150161,0.869565003318712,0.820066354470327,0.873994101537392,0.424577936995775,0.315747490618378,0.3572574746795,0.234202340710908,0.347534996690229,0
0.813250578474253,0.0746134955352172,0.838883202522993,0.33425276633352,0.474671258358285,0.249230270972475,0.276754097081721,0.268429176649079,0.599857631372288,0.978775025578216,0
0.749331051018089,0.303702571160253,0.469065142562613,0.187654839362949,0.353016777196899,0.564903618535027,0.176889517810196,0.110891327960417,0.667859013658017,0.293102719122544,0
0.601749045075849,0.248641447396949,0.111065207747743,0.20802590996027,0.514933469006792,0.586433175252751,0.565848177066073,0.695312249241397,0.543759858934209,0.544654563535005,0
0.392469830378052,0.665163836441934,0.237240307964385,0.176788075594231,0.440683011664078,0.166091409046203,0.618083056295291,0.3339486902114,0.933762719389051,0.0335835281293839,0
0.766733351396397,0.418243790364824,0.178853083169088,0.0595528569538146,0.941496452316642,0.95270074531436,0.906661731656641,0.437339111464098,0.300699016079307,0.397928146412596,0
0.119658652325626,0.929873331682757,0.102174321655184,0.305957467760891,0.0354995992965996,0.892648032400757,0.688219839939848,0.496185406344011,0.759342701174319,0.470804824260995,0
0.0943936386611313,0.471867515007034,0.756572960643098,0.74569136928767,0.611329068662599,0.13820071099326,0.899739579996094,0.998375619295985,0.890347517328337,0.959900537505746,0
0.0427906578406692,0.896960225654766,0.78486653813161,0.348161079920828,0.998186665587127,0.120466272346675,0.123163664946333,0.987010810058564,0.661007651127875,0.986012306530029,0
0.11290941973161,0.163065454456955,0.108536220388487,0.640155686764047,0.0884759819600731,0.357743187109008,0.595980955287814,0.0739585368428379,0.26088378764689,0.476580781163648,0
0.302180584933516,0.164424491114914,0.250146586680785,0.934918180806562,0.236693292623386,0.759323396719992,0.0103287261445075,0.718814787687734,0.203929997049272,0.733974998118356,0
0.382403329607099,0.411605910630897,0.557632602984086,0.675134039949626,0.0794672393240035,0.484039078233764,0.2252605590038,0.785329424310476,0.202171303099021,0.846392430132255,0
0.683490657480434,0.294202645309269,0.0571326618082821,0.284006609814242,0.781345919705927,0.928371995454654,0.650281606474891,0.112809227779508,0.346091272775084,0.116658651968464,0
0.0672576508570463,0.298695638775826,0.998224489623681,0.761204194044694,0.539287634659559,0.475216495338827,0.682852025376633,0.35986639210023,0.247029341058806,0.480550428386778,0
0.787805829197168,0.280485938768834,0.204077371163294,0.152662023901939,0.261695979163051,0.487402676139027,0.65367492986843,0.437392985448241,0.72685840446502,0.954789934447035,0
0.383467972977087,0.222130089299753,0.879799819784239,0.357802269980311,0.307849868200719,0.482017217902467,0.414349779486656,0.10345076629892,0.0405890222173184,0.337162308162078,0
0.372878710972145,0.131561746122316,0.371021249331534,0.375214693835005,0.693207039032131,0.0867071698885411,0.0233621064107865,0.686100968159735,0.425939950626343,0.0333866991568357,0
0.180098044220358,0.354524333542958,0.958236414706334,0.581513518467546,0.83504849136807,0.0155111046042293,0.941585456719622,0.396112145157531,0.228143947198987,0.085685383528471,0
0.173272135900334,0.795087370090187,0.0323378560133278,0.850354388589039,0.524435859872028,0.239341088570654,0.158569929888472,0.078524666139856,0.767925194930285,0.411658398574218,0
0.324586674338207,0.54113457002677,0.0572929123882204,0.256869482574984,0.231119905831292,0.155653742142022,0.241322963731363,0.391871338477358,0.634452958125621,0.277586710639298,0
0.328634033945017,0.99141738913022,0.0342861332464963,0.874031065730378,0.0566074762027711,0.132641969248652,0.319695849437267,0.195187240606174,0.764948979020119,0.440580875845626,0
