"1","2","3","4","5","6","7","8","9","10","class"
0.150806025797501,0.67449093144387,0.90450002416037,0.566355116432533,0.736658943351358,0.715398582397029,0.140774568542838,0.83627265621908,0.391950046876445,0.837094038026407,0
0.492810827447101,0.131349978037179,0.423988019116223,0.881788620725274,0.161536405794322,0.262453277362511,0.199963187333196,0.128725795540959,0.35412874747999,0.454020493198186,0
0.76606452674605,0.183619156247005,0.907555616460741,0.706870578229427,0.420257695019245,0.893995837541297,0.712427348829806,0.951158228097484,0.17313848878257,0.512870267732069,0
0.214648055844009,0.38036619941704,0.79479251569137,0.139254179783165,0.180149062070996,0.81101547810249,0.119870736263692,0.505585657665506,0.431551216868684,0.544971749419346,0
0.00366322649642825,0.895049199229106,0.837681696983054,0.0367112006060779,0.401335546514019,0.901558330282569,0.0783839840441942,0.444422083673999,0.908190862741321,0.104030253598467,0
0.25167096645711,0.126644490286708,0.810536729637533,0.615148058161139,0.942672443110496,0.326666829176247,0.235840247711167,0.558882601791993,0.749843650264665,0.207981107058004,0
0.328327206661925,0.771121297497302,0.542123137274757,0.250329429749399,0.645936662564054,0.329536274308339,0.717393602943048,0.422195077175274,0.136403460521251,0.489683068124577,0
0.323675925610587,0.0143043051939458,0.782794931903481,0.880727285752073,0.978225545724854,0.892555653816089,0.967210059519857,0.328304965281859,0.432328740600497,0.948782474501058,0
0.549822230357677,0.400828355064057,0.791481946129352,0.471489135175943,0.178344202460721,0.919046396389604,0.550304075470194,0.247146513545886,0.500276835402474,0.0566636486910284,0
0.21968922065571,0.106985632241517,0.375862624729052,0.269762388197705,0.959350741235539,0.115743855014443,0.56412965641357,0.84209469659254,0.38822813751176,0.599910517688841,0
0.0656404941249639,0.549790846183896,0.00841301423497498,0.444607591256499,0.410126378992572,0.0834619959350675,0.852774679427966,0.521313751582056,0.797778088133782,0.697947797831148,0
0.258072368567809,0.339939006371424,0.879949293099344,0.388622432947159,0.118851732928306,0.402286923956126,0.507126215612516,0.673249886371195,0.474370841868222,0.324556743726134,0
0.510791399981827,0.333042463520542,0.67045003734529,0.534002994885668,0.447792256483808,0.76725465292111,0.113052743952721,0.325073464307934,0.675600013462827,0.79066956974566,0
0.695903100306168,0.252106060972437,0.305722762830555,0.860301294364035,0.333519903710112,0.178543268004432,0.16330207651481,0.643679213244468,0.718453589593992,0.767223539296538,0
0.921491855522618,0.313541817246005,0.403614764567465,0.384059087838978,0.121743737021461,0.612310109660029,0.432080285390839,0.217231490416452,0.612701305188239,0.0802887976169586,0
0.272873167647049,0.448506143642589,0.933708129217848,0.405576340621337,0.476788996718824,0.545700134243816,0.153424496995285,0.467879563802853,0.341998150572181,0.817380409454927,0
0.145499220583588,0.305522840935737,0.0446065540891141,0.120568235870451,0.424703300697729,0.112389316549525,0.99674757104367,0.555647265166044,0.669985505985096,0.596813664305955,0
0.512879536487162,0.040895905578509,0.875587602378801,0.657687971601263,0.186370849376544,0.0733593981713057,0.213824071455747,0.107280809199437,0.479956671362743,0.592558755772188,0
0.354946504579857,0.185698817949742,0.315015326952562,0.140144860837609,0.0366156548261642,0.188905119197443,0.965478424681351,0.43108188547194,0.964097490068525,0.639776732306927,0
0.503760211868212,0.143774477287289,0.00356460036709905,0.0539655727334321,0.416986226802692,0.387846671510488,0.185100225033239,0.533054401166737,0.515226993244141,0.765633486909792,0
0.133070876123384,0.00840187846403569,0.28900832682848,0.0350335489492863,0.00548627693206072,0.41548484726809,0.277208152459934,0.250648943008855,0.356182816671208,0.187555315205827,0
0.317298023495823,0.702055909670889,0.675506314029917,0.0190985954832286,0.668103556148708,0.910539809381589,0.91082315845415,0.77856706827879,0.365735051222146,0.471262943930924,0
0.26897614216432,0.499850185820833,0.870231270091608,0.694746767869219,0.101602731039748,0.266789528308436,0.506826647557318,0.528766205068678,0.0462442508433014,0.0949270117562264,0
0.190983891952783,0.284400819648802,0.0539132338017225,0.888484947849065,0.538939975900576,0.231914503965527,0.826723399804905,0.679027387173846,0.416354815941304,0.765466659329832,0
0.368567516794428,0.0107958246953785,0.297830713680014,0.790453895227984,0.402790414169431,0.422089572297409,0.0502379720564932,0.767480398528278,0.642682602861896,0.548752831760794,0
0.801638886565343,0.303198490284849,0.616827083751559,0.502216540975496,0.0856247169431299,0.791446329792961,0.586729124886915,0.00551341427490115,0.886951703578234,0.766886363737285,0
0.866545005934313,0.0410408680327237,0.593710734508932,0.242419144604355,0.269464256241918,0.0412007998675108,0.0617629780899733,0.226512241875753,0.290894204517826,0.431725083151832,0
0.804949632147327,0.256271579070017,0.653859497979283,0.110312076751143,0.416942144744098,0.00754163321107626,0.604040031787008,0.801355190807953,0.0607876910362393,0.550454507349059,0
0.220099225174636,0.823990943608806,0.493769712513313,0.485172123648226,0.676366757135838,0.317369977710769,0.351104301400483,0.722962005762383,0.765957950847223,0.832834053784609,0
0.235699338838458,0.183428093791008,0.234945565927774,0.25543115939945,0.124497031327337,0.848061407217756,0.000488031422719359,0.0214443057775497,0.0123487873934209,0.0782953831367195,0
0.230908460915089,0.60911220125854,0.307990133296698,0.218936018645763,0.128246895503253,0.994101579068229,0.60732354153879,0.783929767087102,0.0539024781901389,0.846998835681006,0
0.952846096130088,0.218489139806479,0.806306273210794,0.0770454239100218,0.58687155181542,0.77064035856165,0.703853158978745,0.890424842247739,0.406598976813257,0.768851190572605,0
0.71063874498941,0.375593298342265,0.876169950468466,0.244782285299152,0.563288630684838,0.0952770614530891,0.48603544337675,0.0508175790309906,0.605771393748,0.0941052201669663,0
0.329969692742452,0.774562722537667,0.186192284105346,0.113138909917325,0.186630965443328,0.37047162768431,0.82159437215887,0.203871049219742,0.777018596418202,0.789588964078575,0
0.0106510741170496,0.492623050697148,0.901785411173478,0.031760040204972,0.128090270794928,0.8074400217738,0.879578968277201,0.265481202164665,0.442018266068771,0.995530225569382,0
0.382890744995326,0.224126905668527,0.598256611265242,0.813535870518535,0.597428188193589,0.75051980628632,0.681579721160233,0.880951861385256,0.650492078159004,0.731495642336085,0
0.905679546296597,0.187607313040644,0.587736234301701,0.578807413810864,0.443819009466097,0.565574263455346,0.469708156073466,0.218982278602198,0.244673317531124,0.267717381007969,0
0.00157217890955508,0.759637156734243,0.549704671371728,0.525797655107453,0.676129043567926,0.844105370109901,0.35950976726599,0.580131691414863,0.672380534699187,0.244901020545512,0
0.545916609000415,0.209294512879848,0.344833824085072,0.753074289066717,0.171313797589391,0.177987383445725,0.517642447026446,0.538173531647772,0.548138607991859,0.0948914589826018,0
0.819872894324362,0.189261104269233,0.102778280852363,0.0247963941656053,0.616101836087182,0.0917512399610132,0.319418688770384,0.495465486077592,0.495756349759176,0.0148598791565746,0
0.893581077456474,0.0951434939634055,0.597933257231489,0.167600167682394,0.941392892273143,0.893567783758044,0.296501934994012,0.474823519121855,0.571327658602968,0.294817740563303,0
0.591888840775937,0.247803334146738,0.698446760652587,0.205452650552616,0.164910733699799,0.758181956131011,0.825891890795901,0.176369596738368,0.0237018743064255,0.115071757463738,0
0.714956312673166,0.207969704164937,0.423121709376574,0.0825165722053498,0.127980043413118,0.956795183476061,0.383843993302435,0.165628698887303,0.692076083971187,0.143019699957222,0
0.257167957723141,0.157372428569943,0.843063945416361,0.77039184840396,0.747410718584433,0.435499815037474,0.484356893226504,0.828475721180439,0.937704970128834,0.532382428180426,0
0.475329260574654,0.355894120642915,0.668890999397263,0.471709739882499,0.508650703122839,0.261922696605325,0.650065277703106,0.840853893663734,0.823341480456293,0.0592836155556142,0
0.465496629243717,0.387450267327949,0.617761173984036,0.110055714379996,0.127918542828411,0.707254601176828,0.181279904209077,0.201190068386495,0.142066212370992,0.497973686549813,0
0.303660477045923,0.131989657646045,0.730111644137651,0.374398649204522,0.382606065366417,0.927117076236755,0.291191664757207,0.173028388991952,0.888498589862138,0.657163775758818,0
0.340856239101849,0.588893475942314,0.214496540371329,0.398623103974387,0.728992033516988,0.306082627968863,0.176902970531955,0.00367959192954004,0.988969619618729,0.695387255167589,0
0.359113476937637,0.832014234969392,0.0512482435442507,0.832294100662693,0.7630318144802,0.308227655012161,0.443315852433443,0.500110776396468,0.225644173333421,0.110592392738909,0
0.345645851867646,0.764480766374618,0.112679509446025,0.650826722383499,0.533683365443721,0.835933566791937,0.969580777222291,0.862586052622646,0.913659193785861,0.542307437164709,0
0.131367680151016,0.739297182532027,0.934451531618834,0.317448761779815,0.612423781072721,0.643029442057014,0.96267159236595,0.530080473981798,0.448846530169249,0.422431035665795,0
0.179971042321995,0.229868907947093,0.147532312432304,0.979270643321797,0.256198392948136,0.361993544036523,0.13487981678918,0.119021052261814,0.620863293064758,0.176488483324647,0
0.509597137337551,0.237484772922471,0.401204677065834,0.646802843781188,0.427562267053872,0.445629174588248,0.817816277267411,0.389101189095527,0.682272935053334,0.554306796751916,0
0.784181424649432,0.346397345187142,0.186100708786398,0.2984038956929,0.68406186089851,0.338572242064402,0.244777322281152,0.335823389934376,0.635407736059278,0.197369108907878,0
0.0515078937169164,0.182025075424463,0.561658408027142,0.688626546412706,0.888240868924186,0.417202041950077,0.113566698972136,0.0719658713787794,0.151039689546451,0.337396448245272,0
0.279258457245305,0.647687018383294,0.991653036093339,0.940465799765661,0.440773733658716,0.475681652314961,0.12637877301313,0.988485569832847,0.868019641842693,0.110647351713851,0
0.00285259003695101,0.265534712467343,0.342434957856312,0.175694665405899,0.955471953144297,0.832268396858126,0.942182759288698,0.0150590199045837,0.866638721665367,0.10453399666585,0
0.353920418362878,0.775574588682503,0.584249719744548,0.536666493397206,0.287857183255255,0.47428460791707,0.835200906498358,0.272716826060787,0.688786986516789,0.684936853125691,0
0.483321552164853,0.239789940007404,0.687789870426059,0.203089675633237,0.380579008255154,0.4489449004177,0.422533660661429,0.113820957951248,0.0198452700860798,0.81006584642455,0
0.117608148837462,0.227400165648479,0.237684690859169,0.487204841105267,0.790471740532666,0.573632798623294,0.720003958093002,0.505757697857916,0.0439549421425909,0.0647959662601352,0
0.0995114308316261,0.227439077338204,0.406820172676817,0.0665460005402565,0.230986792594194,0.689519934356213,0.0965054153930396,0.762254883069545,0.474113378673792,0.145956289954484,0
0.412822419764474,0.774081155192107,0.169173075119033,0.890742834191769,0.354957186849788,0.0972899792250246,0.268219178542495,0.53521194611676,0.93488335958682,0.167881275527179,0
0.0472281023394316,0.358438933393359,0.666665715398267,0.108459024690092,0.0239008897915483,0.510968638816848,0.476472243433818,0.855473555391654,0.295189561787993,0.536593107972294,0
0.839329910231754,0.419493505265564,0.026411198778078,0.741741808364168,0.270853941794485,0.948576729511842,0.807809324935079,0.0338883057702333,0.732620814582333,0.253978732973337,0
0.120588409947231,0.100073934946954,0.888302788604051,0.134997684741393,0.760945141781121,0.0998985019978136,0.917077229823917,0.874433058314025,0.58986028493382,0.639067884301767,0
0.0768731005955487,0.402529969112948,0.820015540346503,0.215380917768925,0.624147222843021,0.233746300451458,0.623710267012939,0.461298623820767,0.0185997008811682,0.532502060523257,0
0.221503924811259,0.0455340589396656,0.99906789069064,0.644126227591187,0.0777334864251316,0.34502017730847,0.861417544074357,0.358321060426533,0.203540532384068,0.290537500521168,0
0.421428863424808,0.898936509853229,0.595575098879635,0.896380058955401,0.704243807820603,0.689608170185238,0.330672199837863,0.00759700685739517,0.94375868444331,0.779613218037412,0
0.423027759185061,0.631070812232792,0.271436839131638,0.141765045933425,0.255313578760251,0.686453769216314,0.745566179044545,0.944270674139261,0.707230248488486,0.819052655482665,0
0.862917757825926,0.446353733306751,0.0865649378392845,0.149902598699555,0.632143010385334,0.712732580956072,0.357958072330803,0.989743811776862,0.284540186868981,0.282973223831505,0
0.0749156691599637,0.093371867435053,0.329994644736871,0.391290375264362,0.496309620561078,0.443645757623017,0.124690237920731,0.0705179425422102,0.431254256051034,0.834476448129863,0
0.142697112401947,0.874318291200325,0.610070602968335,0.780902821570635,0.95878142490983,0.402990184724331,0.361133171943948,0.00735281873494387,0.361815100768581,0.175975306425244,0
0.0989378183148801,0.595770880347118,0.531265756813809,0.951506803045049,0.95434570661746,0.852337903343141,0.636848205234855,0.306140495231375,0.964982849080116,0.317737607518211,0
0.281727196597867,0.0088176354765892,0.806114711333066,0.025580016663298,0.977236376609653,0.942539346870035,0.501280436990783,0.891529750078917,0.647502986947075,0.203514967579395,0
0.532828244846314,0.285940374942869,0.162073596846312,0.997310186969116,0.814498886698857,0.154497461626306,0.715576020767912,0.450941963121295,0.122670802753419,0.941609013127163,0
0.708926089340821,0.0663724965183064,0.206776425242424,0.764018342830241,0.154195403214544,0.39469400793314,0.231631310656667,0.429623265983537,0.919730737106875,0.191788505995646,0
0.352860823506489,0.318777169566602,0.324631718918681,0.855298344045877,0.649205955909565,0.968101997161284,0.310932487016544,0.439498648513108,0.16857053572312,0.82886315160431,0
0.33725551632233,0.425311116268858,0.933908066246659,0.646581408800557,0.610248500946909,0.81115259649232,0.632939452305436,0.557345734443516,0.599688047310337,0.00523488828912377,0
0.0647385607436299,0.437311803456396,0.550366986310109,0.674501969711855,0.18276585964486,0.275552555685863,0.502965729450807,0.424271411495283,0.0513637587428093,0.530176413012668,0
0.939022082602605,0.174777335487306,0.347527827369049,0.167418441502377,0.027433168143034,0.502040409017354,0.0644872831180692,0.379255272215232,0.184348603244871,0.257618412142619,0
0.824721343349665,0.386239107232541,0.674259159946814,0.612121175276116,0.465486675966531,0.720942582236603,0.626650125253946,0.995872906176373,0.651344161015004,0.05745830363594,0
0.704887910513207,0.269467264646664,0.168959465110675,0.608737075701356,0.588976368773729,0.309893573401496,0.812334211077541,0.873126512160525,0.0567705507855862,0.159281313652173,0
0.149911514017731,0.114731331815943,0.913147523067892,0.421385759720579,0.765539710875601,0.525002970127389,0.652274260297418,0.835121728712693,0.501054402207956,0.678016757126898,0
0.527365735732019,0.444052744656801,0.400148688349873,0.124593345448375,0.766877704067156,0.699717871146277,0.965366492746398,0.691140724811703,0.877733512315899,0.382989621488377,0
0.260279573267326,0.339011512929574,0.519698631484061,0.309325230540708,0.907856171950698,0.741222581360489,0.597878181841224,0.442623513983563,0.987140103476122,0.278239097446203,0
0.337317619472742,0.0197428602259606,0.747291259467602,0.270618902519345,0.725615848088637,0.295257518533617,0.369116783607751,0.920652878470719,0.0871096276678145,0.304807041073218,0
0.334128465856612,0.116482897428796,0.758837616071105,0.926267561037093,0.267268518451601,0.34961272100918,0.372360645327717,0.382901096018031,0.294557770481333,0.495740373851731,0
0.20632654405199,0.201619193889201,0.441533792996779,0.631545732496306,0.511581846978515,0.445070957066491,0.81021043448709,0.704816675744951,0.897139572771266,0.663395248819143,0
0.958283714018762,0.449574284022674,0.988819523015991,0.551474191015586,0.046628687530756,0.949925424763933,0.553583503467962,0.653981815557927,0.677773418370634,0.717030779924244,0
0.717211726354435,0.256360923101567,0.0322835696861148,0.377248458797112,0.332452541682869,0.450310509186238,0.490531463641673,0.298522654455155,0.42567146779038,0.596078114584088,0
0.606009545037523,0.238574969349429,0.865026865154505,0.314836428733543,0.604843287728727,0.288627554196864,0.184406131040305,0.196252396795899,0.0186537434346974,0.74667702219449,0
0.312637623865157,0.956937660928816,0.877587743336335,0.77187667042017,0.551910581765696,0.856268834788352,0.139195580035448,0.0302967375610024,0.37817931198515,0.727604448096827,0
0.0986244606319815,0.121452253777534,0.330743199680001,0.405470423866063,0.493658076738939,0.58853446203284,0.182330511277542,0.505247638793662,0.659622417762876,0.742265531094745,0
0.22640066454187,0.860203931573778,0.419548206031322,0.817931344732642,0.13657237496227,0.894734493689612,0.413935036864132,0.269614395452663,0.796726461499929,0.271344827255234,0
0.432741199387237,0.0905765839852393,0.996322036720812,0.61046832264401,0.723713817074895,0.722739053890109,0.779669859446585,0.697658696910366,0.744531043805182,0.480074035003781,0
0.937602044316009,0.254294660111889,0.193304596934468,0.709887791890651,0.998710626503453,0.639795951079577,0.91415211185813,0.698624530574307,0.24793892307207,0.691690067294985,0
0.154148466419429,0.380346235819161,0.469498766586185,0.380942235933617,0.0759253189899027,0.893799857934937,0.810294481227174,0.287340689683333,0.681010322179645,0.418359933653846,0
0.0937790302559733,0.53004565066658,0.845035688718781,0.880356061272323,0.54762215539813,0.738865855848417,0.168986297911033,0.250909969909117,0.319111834280193,0.298295666463673,0
0.639142106287181,0.311769944382831,0.506679736077785,0.844080218113959,0.463614557636902,0.765504610491917,0.449516940396279,0.942222294863313,0.999056128086522,0.727098343661055,0
0.334968181094155,0.14686180674471,0.56263121846132,0.520512052578852,0.301298259757459,0.507880808087066,0.427414162317291,0.574019029736519,0.249245929298922,0.0497062485665083,0
