"1","2","3","4","5","6","7","8","9","10","class"
0.0575412226002663,0.154078966006637,0.0224765921011567,0.0966224421281368,0.421809958061203,0.838603539858013,0.0515028613153845,0.329073697328568,0.540257636457682,0.367142455419526,0
0.108222418697551,0.964489543810487,0.475492196856067,0.591068342328072,0.208468946162611,0.721294001210481,0.254687277134508,0.460622328100726,0.641653720522299,0.185999766224995,0
0.172617433359846,0.038346764177084,0.867955428780988,0.60017029219307,0.449221306247637,0.43333755992353,0.497121393447742,0.888633347349241,0.992800894193351,0.273509671445936,0
0.688389573246241,0.104635811979976,0.155820414191112,0.719544718042016,0.40846677380614,0.113218868849799,0.751299588708207,0.0161047708243132,0.156346663134173,0.201666213339195,0
0.752163268625736,0.141078256070614,0.888276633108035,0.584531827131286,0.0691644542384893,0.362343246582896,0.620641024317592,0.388885753694922,0.870182158658281,0.613359986338764,0
0.0262197501729243,0.603833730798215,0.0291346842423081,0.870361831970513,0.64525907440111,0.993858656380326,0.531376639846712,0.782274483703077,0.475472900085151,0.362524607684463,0
0.108158295741305,0.0712923078972846,0.178368022665381,0.145575806265697,0.333010180387646,0.592323150252923,0.441392139531672,0.70642280112952,0.806279508164153,0.118330143857747,0
0.136341813609749,0.263230690266937,0.284991753753275,0.65208142157644,0.446119682164863,0.211842111777514,0.781539691146463,0.480454695876688,0.512558525893837,0.0815867448691279,0
0.0586199327895418,0.185592506313697,0.221937927184626,0.886562251951545,0.754745635902509,0.867446625605226,0.572044553468004,0.701561473542824,0.0894072686787695,0.913709277054295,0
0.431563797872514,0.00565089945448562,0.506324363872409,0.117345537059009,0.982821702957153,0.675694816512987,0.801112095359713,0.810605079168454,0.444613520754501,0.0545124339405447,0
0.126720391284674,0.24192375363782,0.465649290941656,0.553544329246506,0.384506970876828,0.814062538091093,0.0755576603114605,0.77163747837767,0.895947413751855,0.665127010084689,0
0.699863132322207,0.0179786809189245,0.971281462348998,0.962854394223541,0.434180308831856,0.671498383628204,0.553592916345224,0.71223906497471,0.913847558666021,0.53907748288475,0
0.0466156105976552,0.42049097106792,0.787817618343979,0.126535352086648,0.816180906491354,0.716132443165407,0.956225801724941,0.763517153682187,0.795803499873728,0.107326566474512,0
0.0069594015000388,0.198505608830601,0.153944791993126,0.913570501375943,0.722399527672678,0.328141230624169,0.868027400923893,0.395983185386285,0.931938274530694,0.0978206612635404,0
0.0370036812145263,0.417588522657752,0.0170753034763038,0.360344407614321,0.207170308800414,0.034621816361323,0.868451220914721,0.115702043054625,0.161812452599406,0.980984503170475,0
0.10324185658386,0.0545203473884612,0.64586975844577,0.920872733695433,0.942800478311256,0.527299959445372,0.168633077293634,0.505971614038572,0.50800589309074,0.755952837644145,0
0.825084409676492,0.0120128751732409,0.0603160706814378,0.204672802472487,0.944890891667455,0.0708013968542218,0.430567404953763,0.0822556046769023,0.795723151881248,0.918892800807953,0
0.102833712473512,0.284963597543538,0.00895597785711288,0.987312279175967,0.0735305920243263,0.980112547287717,0.953910866286606,0.0206304336898029,0.32664453680627,0.583774901228026,0
0.00425486005097628,0.855793405324221,0.247993943747133,0.147983005503193,0.324396658223122,0.570078703109175,0.889593477826566,0.49755809805356,0.0210169116035104,0.888009630842134,0
0.0813828512040898,0.0105672681238502,0.303651380818337,0.590910834027454,0.627387495711446,0.907559563871473,0.719629263971001,0.869031095411628,0.319499235600233,0.495671296026558,0
0.0148353809323162,0.148348259739578,0.548640660010278,0.470627690898255,0.605763547122478,0.477449868805707,0.176804848248139,0.329063024604693,0.0669894577004015,0.00784318288788199,0
0.0190665269079618,0.738923007389531,0.346537131117657,0.150166298728436,0.746889279456809,0.745366205926985,0.659889689879492,0.343700070865452,0.348423214396462,0.0604969207197428,0
0.615064808633178,0.102118733716384,0.164037241367623,0.641477392986417,0.444467094959691,0.825030389474705,0.106421221513301,0.961050262441859,0.883396560326219,0.54276225483045,0
0.330018393695354,0.0303537305259146,0.818104817764834,0.00105389836244285,0.641760534141213,0.868526582838967,0.116102426545694,0.549926368054003,0.207241118187085,0.0281057225074619,0
0.0376467569731176,0.204249335685745,0.0281088156625628,0.566348370863125,0.162484084721655,0.383797444868833,0.354868484428152,0.991374602308497,0.960270111216232,0.891140414169058,0
0.0268670548684895,0.114415985997766,0.874726176261902,0.567413962446153,0.147029940970242,0.520297992741689,0.925880707101896,0.236693809041753,0.742059474112466,0.321754416683689,0
0.665726718259975,0.133908961433917,0.845600302098319,0.513525035697967,0.21286580665037,0.080250462051481,0.745936209568754,0.82593162660487,0.581420845584944,0.795775113161653,0
0.407587870489806,0.0802697134799324,0.865744643611833,0.678849482210353,0.728020319947973,0.175523396814242,0.966468262020499,0.246934875380248,0.193010564194992,0.926199390552938,0
0.0459976403625682,0.79670783970505,0.578978586941957,0.772006958955899,0.238224599510431,0.925282805226743,0.624963439069688,0.40512752183713,0.347626894945279,0.0832665893249214,0
0.0565982911500148,0.92905283649452,0.998483960982412,0.279862800613046,0.701196598587558,0.673232062719762,0.67541142553091,0.663868907140568,0.87802671128884,0.172065562335774,0
0.0732899201102555,0.310374137479812,0.599415600532666,0.197540742810816,0.870079061714932,0.0202495472040027,0.591879424871877,0.811254574451596,0.531132754636928,0.609484844841063,0
0.772170888260007,0.116958968204074,0.861818984383717,0.275460997130722,0.887988982722163,0.301408940926194,0.839183437405154,0.150348098715767,0.308198182843626,0.26262735738419,0
0.445156213128939,0.136161475757137,0.376880588009953,0.148621700471267,0.111886295024306,0.067061539972201,0.901361429831013,0.560685781063512,0.0772705008275807,0.464295491809025,0
0.0259639248242602,0.0675514831673354,0.534334865165874,0.906364460941404,0.653746993048117,0.397446735296398,0.16548646450974,0.137066917959601,0.862037911545485,0.414836738491431,0
0.821771853370592,0.0913102684736252,0.984116743784398,0.930398014141247,0.579606922343373,0.935806478373706,0.314127834048122,0.910212204093114,0.554693806683645,0.937502349959686,0
0.149165924991481,0.658118951134384,0.621516623534262,0.830969654023647,0.451292386045679,0.66233938280493,0.824290690710768,0.752212239895016,0.253875921946019,0.899799403967336,0
0.429632080718875,0.0475228896830231,0.81374047906138,0.100633622379974,0.578721485799178,0.26845044340007,0.118287042481825,0.904925861163065,0.561431181849912,0.330819061025977,0
0.0980416052043438,0.152166739177331,0.474036718020216,0.0442219746764749,0.208407544065267,0.134746469091624,0.100580237107351,0.633775381138548,0.516669315984473,0.112915504490957,0
0.0875533827140927,0.0319647311698645,0.835981423500925,0.167767637874931,0.178520739078522,0.714336129836738,0.481013999087736,0.473559592152014,0.0525786324869841,0.221365210833028,0
0.017178483074531,0.0398946312126703,0.384810970863327,0.200100533897057,0.304944121511653,0.00698381429538131,0.570962378522381,0.804509886307642,0.659374612383544,0.93656543106772,0
0.154712938478217,0.65648025739938,0.478397205239162,0.683327693957835,0.813318019267172,0.245456902775913,0.987393523100764,0.162813666742295,0.0902844502124935,0.0267825520131737,0
0.524558643810451,0.101957576064952,0.383263058960438,0.658269403502345,0.789127551252022,0.00838709389790893,0.27980507328175,0.335915151285008,0.910982392728329,0.0229509237688035,0
0.072354276894778,0.358828007243574,0.782728967955336,0.828810196137056,0.420189383206889,0.224756576586515,0.533594415523112,0.855913137551397,0.379925319459289,0.589399821124971,0
0.30450359871611,0.0525461679790169,0.577576314099133,0.477931079687551,0.518728784285486,0.415169784333557,0.159306052373722,0.0196176907047629,0.554645950440317,0.736882975092158,0
0.0887613911705091,0.820677025709301,0.938575000269338,0.729171024169773,0.644431380089372,0.396882853470743,0.578830882441252,0.0776351334061474,0.865295668132603,0.057871941709891,0
0.203635121695697,0.0165994403022341,0.352510889060795,0.541317562805489,0.660215253708884,0.419813839020208,0.510282687377185,0.273821499198675,0.152446944266558,0.275615194579586,0
0.0416498229861259,0.513888109708205,0.301363088423386,0.862284720875323,0.938645937945694,0.769415182759985,0.0594579838216305,0.0145650070626289,0.100367383100092,0.232030532322824,0
0.0411112725269049,0.566874818410724,0.525008597178385,0.812115028267726,0.242644952610135,0.166491451207548,0.669259443646297,0.956033510621637,0.929491247283295,0.55887636076659,0
0.628558987751603,0.0383733861500397,0.830631599761546,0.65279638627544,0.555686278967187,0.871531812474132,0.658902010414749,0.113909096922725,0.843666319968179,0.323745315894485,0
0.0166998794772662,0.223931222921237,0.235809382051229,0.981611571041867,0.987298078136519,0.240775607991964,0.51205880753696,0.0662631338927895,0.663578907726333,0.223227892071009,0
0.309447214240208,0.129997880645096,0.259724378120154,0.148414434632286,0.217914548469707,0.655249826842919,0.569933151826262,0.106582898646593,0.907935017952695,0.449790624668822,0
0.0515999584458768,0.0318958856820129,0.805455777095631,0.950644125696272,0.133510104613379,0.537633406696841,0.230789694003761,0.313081888016313,0.0917018179316074,0.968912192387506,0
0.0596711710313335,0.0570759731344879,0.827701380942017,0.670588165754452,0.106228336924687,0.152811688836664,0.850647942395881,0.370939563261345,0.996031076647341,0.518037454457954,0
0.531583187403157,0.0149006964499131,0.435711937723681,0.987255478976294,0.748495033942163,0.280297507764772,0.195242187241092,0.378968463977799,0.92000479134731,0.999081141781062,0
0.0702289517503232,0.173181447666138,0.0738629368133843,0.734033696120605,0.860921425744891,0.650447686901316,0.035382607486099,0.883926336886361,0.687443219358101,0.382159382337704,0
0.0939076084177941,0.632614474510774,0.527122444938868,0.127311470219865,0.766710543539375,0.551149656996131,0.289641764946282,0.112028862116858,0.124358717584983,0.37824939773418,0
0.998943236423656,0.162206343840808,0.692154631949961,0.613736496074125,0.000955815194174647,0.233538619009778,0.212772790808231,0.944166479166597,0.156232490902767,0.455207270337269,0
0.102294830401149,0.554322724929079,0.78132406109944,0.668072348693386,0.145662022521719,0.609205890679732,0.513284059474245,0.834059797925875,0.375920993974432,0.936410702997819,0
0.112754506524652,0.568041041726246,0.186775792855769,0.716140875359997,0.487284415401518,0.394914408680052,0.990836690878496,0.939184102928266,0.997901369119063,0.151620644377545,0
0.0434643484186381,0.877253444865346,0.99918224895373,0.668959076749161,0.720768157625571,0.730673759011552,0.563221822259948,0.603486886480823,0.660466145025566,0.423590840073302,0
0.703714557690546,0.00672757262550294,0.611432059668005,0.744938130024821,0.612388866953552,0.839633118826896,0.518475231947377,0.397362954448909,0.0460416555870324,0.304131644312292,0
0.00963948643766344,0.913362723542377,0.514322597999126,0.85898165195249,0.976701249135658,0.851444855565205,0.695962465601042,0.960875275777653,0.605987104121596,0.170509238727391,0
0.23199478071183,0.00195316100791097,0.23892446514219,0.330859457608312,0.404647652991116,0.755050682695583,0.404251747764647,0.459202921716496,0.841482166200876,0.251504386775196,0
0.968369202222675,0.0746107057202607,0.548748227767646,0.630340557545424,0.82967172563076,0.764024096075445,0.0675637749955058,0.148282518843189,0.0729899676516652,0.296471969224513,0
0.0237061141524464,0.107982970308512,0.876687585143372,0.512329858494923,0.633008090546355,0.412628672318533,0.266556865070015,0.0163681856356561,0.33444869145751,0.891058889916167,0
0.129834830895066,0.565010036341846,0.337668349267915,0.820595863042399,0.492692684056237,0.315739004174247,0.703331965720281,0.600650819251314,0.617464548209682,0.541787405963987,0
0.129655433818698,0.13517550368011,0.121367891319096,0.4847743564751,0.21662016143091,0.840706376824528,0.667556726373732,0.030864299973473,0.525473132031038,0.884351352695376,0
0.47114153765142,0.102866606554016,0.689137202454731,0.934543970739469,0.407650802051648,0.441736957756802,0.995024287840351,0.103848157217726,0.437712423270568,0.0910818434786052,0
0.106376436044462,0.43860618234612,0.0446709399111569,0.529745797859505,0.0324499178677797,0.403357669012621,0.189945491962135,0.27686966303736,0.0794972146395594,0.701444757636636,0
0.0963841900229454,0.244105698307976,0.441655955044553,0.919016185915098,0.727082686265931,0.180148207582533,0.780098545132205,0.576490765903145,0.0843874157872051,0.333747559692711,0
0.117501481499523,0.0529681164771318,0.783783653983846,0.292478689923882,0.0672454764135182,0.324255548650399,0.937786835711449,0.0192835424095392,0.335135084111243,0.983455021632835,0
0.170873289229348,0.133284039372392,0.426669202744961,0.497239874443039,0.992221115389839,0.0606316681951284,0.604381500277668,0.252917379839346,0.16065432317555,0.437085080891848,0
0.735301179811358,0.079456219484657,0.483480577822775,0.436451117042452,0.0429973523132503,0.789602848235518,0.263391841668636,0.209611799800768,0.681293201865628,0.125658721430227,0
0.00764580967202783,0.743475733557716,0.422721980372444,0.774306141305715,0.00980772147886455,0.668941372539848,0.325732152210549,0.605024276534095,0.565101217944175,0.259866381296888,0
0.516000853618607,0.0055966620773077,0.904450005851686,0.673679839121178,0.906112711410969,0.505741845816374,0.712593821575865,0.342414480168372,0.25475170603022,0.293449965305626,0
0.0354297962947748,0.302058722358197,0.906471233349293,0.520704221213236,0.878586893668398,0.565301608527079,0.330296081723645,0.449131347937509,0.0861706912983209,0.267982849152759,0
0.968888853909448,0.0242338499519974,0.923690458759665,0.756560876732692,0.748365157051012,0.49966087192297,0.486769100418314,0.624406217830256,0.867946954909712,0.84845327027142,0
0.127060026989784,0.0750823933631182,0.965440017636865,0.0506419171579182,0.245167563436553,0.0976312188431621,0.374825701816007,0.0401207357645035,0.135769274784252,0.826978810597211,0
0.965486778412014,0.0225157399419695,0.597927505616099,0.0751497787423432,0.473710012855008,0.66224905429408,0.821173023665324,0.901890074368566,0.825862336903811,0.91668498236686,0
0.0775881891604513,0.125036267354898,0.8804228794761,0.420690311351791,0.955202228855342,0.58611785643734,0.189794762525707,0.985520839691162,0.203098197234794,0.522376637207344,0
0.740986447548494,0.0149322376353666,0.751068107318133,0.483504145871848,0.485210956307128,0.296870084945112,0.0446271658875048,0.857551663648337,0.712254682090133,0.48564260895364,0
0.137174920550454,0.0438503695186228,0.187901164405048,0.704010830959305,0.698353878455237,0.701158188516274,0.711681455140933,0.177600756986067,0.0107262826059014,0.942063698777929,0
0.220063303597271,0.136402889387682,0.729114523157477,0.616378805367276,0.101514655631036,0.140835805796087,0.917983195278794,0.862884887959808,0.0181792178191245,0.773141484009102,0
0.0463177326600999,0.103060866993945,0.00684417132288218,0.38516005477868,0.953190292464569,0.413698107004166,0.998279053717852,0.608258308842778,0.573519596364349,0.950569444801658,0
0.0110479188151658,0.759851735085249,0.87809658003971,0.245881648734212,0.967810557689518,0.0680615985766053,0.209985078778118,0.227336754789576,0.996995014837012,0.172341560712084,0
0.777442101854831,0.0659317841450684,0.993823285913095,0.974503776757047,0.0608120497781783,0.797105274396017,0.58771264902316,0.698318560607731,0.500406448962167,0.405665247468278,0
0.0634619372431189,0.722394896438345,0.244007423054427,0.674090847373009,0.153647577855736,0.049165083328262,0.04394769994542,0.386146651115268,0.312777950661257,0.0389402669388801,0
0.158289787349291,0.497508846689016,0.495367450639606,0.405316155869514,0.357409793650731,0.88413377222605,0.183586863102391,0.902740838937461,0.980570009211078,0.476574880303815,0
0.0818324326537549,0.39086078456603,0.777141696307808,0.14804614870809,0.111488146241754,0.733856261707842,0.498503866605461,0.039157954743132,0.563049624208361,0.906224733218551,0
0.409315282711759,0.0923224410507828,0.525663622887805,0.0842118165455759,0.372926384443417,0.83609507093206,0.201839117333293,0.320285416673869,0.603119851555675,0.854362823534757,0
0.207345615839586,0.170735873226076,0.759920918848366,0.408048803219572,0.618004400050268,0.846213570097461,0.965649123070762,0.858699003001675,0.774758312152699,0.357353332452476,0
0.163288392005861,0.401018457487226,0.225725865922868,0.0346219767816365,0.859882070915774,0.360059871105477,0.478618922876194,0.246560874627903,0.513268450275064,0.945345774758607,0
0.696701368084177,0.0373559478903189,0.176212778780609,0.705864812480286,0.881573097547516,0.619988792110234,0.847664455184713,0.92929407581687,0.378870067419484,0.421260793460533,0
0.645788840018213,0.00457527698017657,0.969782581320032,0.187615304952487,0.00254561449401081,0.535539578413591,0.170597102725878,0.92762929899618,0.0832407432608306,0.240350126288831,0
0.210966593818739,0.13283032785058,0.210489955497906,0.136068733641878,0.632709805620834,0.905076124239713,0.903654522728175,0.374214571667835,0.552421625005081,0.351161189610139,0
0.155152340038214,0.925381321227178,0.627772888867185,0.630495674675331,0.101365411886945,0.974092467688024,0.821916455635801,0.812042094999924,0.687426976393908,0.996202013920993,0
0.978428582893685,0.0236314875105396,0.487389506306499,0.648133056471124,0.514546369202435,0.86508463206701,0.741075386526063,0.0944517087191343,0.334465145366266,0.651988170808181,0
0.0580430916063487,0.20667550386861,0.0868893298320472,0.79617048217915,0.343687371583655,0.290739159332588,0.581085223006085,0.385451053967699,0.218618002254516,0.00898325210437179,0
0.910368399694562,0.0794477281272411,0.446036769775674,0.337450177408755,0.239295812323689,0.791641660733148,0.665674043353647,0.99440517835319,0.867579066194594,0.775304953800514,0
0.979564843699336,0.116390364251286,0.938709363341331,0.983755265362561,0.682565485825762,0.597487959079444,0.747296891640872,0.633478506002575,0.381411090958863,0.342146853217855,0
