"1","2","3","4","5","6","7","8","9","10","class"
0.844305907841772,0.631272113416344,0.0151254339143634,0.654427499044687,0.754040876403451,0.484781871084124,0.768024754943326,0.166656732792035,0.975529334507883,0.229249107884243,0
0.235339045757428,0.534378206124529,0.593554443446919,0.281837075483054,0.119381131138653,0.516307393787429,0.274206847185269,0.0470442960504442,0.185626259073615,0.073354743886739,0
0.227491222321987,0.461249172221869,0.17846494121477,0.988714632345363,0.573173578362912,0.371589358430356,0.300847523845732,0.535820823628455,0.69846503296867,0.681315548252314,0
0.446183461230248,0.467646943870932,0.741998362354934,0.436243440955877,0.0950962640345097,0.832403633976355,0.020120739703998,0.60355104226619,0.461550491396338,0.319886798970401,0
0.694619314279407,0.369068507337943,0.404253506567329,0.088760640239343,0.758762696059421,0.138224641326815,0.186775780050084,0.50300000840798,0.864456370705739,0.663874589605257,0
0.393106690375134,0.577990288380533,0.0983956435229629,0.923514035297558,0.355457920115441,0.208521349588409,0.44073148095049,0.921060421736911,0.382823981111869,0.723596668569371,0
0.218985775485635,0.267350595910102,0.145536047173664,0.821663968265057,0.562518611783162,0.944015096407384,0.0790647186804563,0.939715640619397,0.265995561610907,0.0173836008179933,0
0.461225371342152,0.276574048213661,0.393806956475601,0.775768704013899,0.929754039039835,0.774059851886705,0.568982193712145,0.0453006618190557,0.675470009446144,0.76998099219054,0
0.708839904982597,0.411724508507177,0.413657964905724,0.612351286690682,0.217532392824069,0.872290919767693,0.244638836244121,0.859698303742334,0.749283800600097,0.263509881217033,0
0.240649641724303,0.313243016367778,0.931890635285527,0.0394450924359262,0.0333700417540967,0.960616600234061,0.745022929040715,0.779124688822776,0.0737983507569879,0.271166845690459,0
0.644654089352116,0.798509629443288,0.2391922774259,0.329476189799607,0.950342109194025,0.750808677868918,0.19124842248857,0.656286622164771,0.506448218598962,0.976913989987224,0
0.67499030334875,0.526148877339438,0.0351523428689688,0.549707432975993,0.790901077212766,0.976639353437349,0.166122427443042,0.799979734700173,0.326343159424141,0.362394273281097,0
0.5745997086633,0.408456896664575,0.483674782328308,0.86862963065505,0.175050660269335,0.366384683875367,0.915157270617783,0.186943685635924,0.411586710484698,0.241078820545226,0
0.39124064729549,0.945027329726145,0.645851405803114,0.865924812620506,0.476510092848912,0.488323244731873,0.321423046523705,0.412588986335322,0.61388875474222,0.310201687272638,0
0.336567267542705,0.517666209023446,0.332628015894443,0.645568056032062,0.289016735507175,0.434758522780612,0.562940045027062,0.441649797139689,0.98104623076506,0.89876307011582,0
0.180700921453536,0.168036949355155,0.818741743685678,0.911174613982439,0.334109620423988,0.475980818737298,0.267907912610099,0.995886498363689,0.761178990360349,0.175273281522095,0
0.0374601017683744,0.302956868195906,0.608221211005002,0.172920358367264,0.280333139235154,0.173589315032586,0.191489927703515,0.854559366125613,0.0360553299542516,0.913093435810879,0
0.551636099116877,0.649721659487113,0.799777978798375,0.761539646424353,0.684533280553296,0.550057421438396,0.645012876484543,0.65516008483246,0.145229421555996,0.744391310960054,0
0.284579406958073,0.732823548140004,0.305312586715445,0.953950839117169,0.233913304982707,0.671867167344317,0.651338341878727,0.657485070871189,0.00308110425248742,0.861182814929634,0
0.526261386694387,0.943524324335158,0.481523212045431,0.661802400602028,0.290601078420877,0.14515002979897,0.00323189655318856,0.304096681531519,0.0650730514898896,0.296782941790298,0
0.912521526450291,0.0634054846595973,0.0774853613693267,0.0423669326119125,0.424192242091522,0.905124275479466,0.158526338636875,0.483452542684972,0.941898034885526,0.962521778652444,0
0.597122214268893,0.135115923592821,0.297463056864217,0.231086480664089,0.806809887755662,0.477147312834859,0.846848137676716,0.218196683796123,0.320569940609857,0.929784683045,0
0.808907503727823,0.759143199538812,0.820773023180664,0.874434307217598,0.260994061361998,0.928141662850976,0.161995676346123,0.797920465003699,0.94576925970614,0.869815199868754,0
0.00404831254854798,0.266463084612042,0.984111502533779,0.865716747473925,0.0645962136331946,0.0152524630539119,0.0662173188757151,0.714735814603046,0.605511449510232,0.33468118775636,0
0.432534637860954,0.315436247736216,0.1086958758533,0.121477436041459,0.146983698708937,0.0910584416706115,0.768228030996397,0.410720538115129,0.321856028400362,0.557957652723417,0
0.796941369073465,0.0876482822932303,0.944026450393721,0.943468374665827,0.817512033972889,0.526739320484921,0.711846551625058,0.396716811927035,0.197214169194922,0.571722247637808,0
0.60937982914038,0.208743862807751,0.401354351546615,0.751823267899454,0.944611102342606,0.0844974501524121,0.98953958041966,0.320158507209271,0.117111355066299,0.714992906665429,0
0.963286335580051,0.314320726552978,0.55161872622557,0.837673283182085,0.452291100751609,0.529757269425318,0.470659921411425,0.140983529388905,0.853670044569299,0.256223231786862,0
0.562066793208942,0.890576351433992,0.638659666059539,0.692122110398486,0.619057869305834,0.429297663504258,0.0312041845172644,0.806968400953338,0.636008982546628,0.434089072514325,0
0.770540196448565,0.645691191777587,0.568787460681051,0.165230196202174,0.00921838055364788,0.207949000876397,0.712874109856784,0.747320099500939,0.990933687891811,0.97869827109389,0
0.291741796769202,0.830621280707419,0.403316163923591,0.100944486679509,0.381269192090258,0.952628616709262,0.649023277917877,0.316321410704404,0.139279017457739,0.0625193258747458,0
0.325387890217826,0.0184179367497563,0.0749524745624512,0.914732631295919,0.983487672638148,0.275454364717007,0.311450795968994,0.400560513371602,0.588746909517795,0.90101715689525,0
0.520415880950168,0.481071714079008,0.912380434805527,0.275753532536328,0.771517293294892,0.174577643163502,0.415065998909995,0.700595532311127,0.958557585021481,0.250789252109826,0
0.162952855695039,0.213077231543139,0.0362287685275078,0.813697060570121,0.248828552663326,0.0135922816116363,0.128629040438682,0.353309764992446,0.662009685998783,0.78209256241098,0
0.839129213243723,0.104322456754744,0.237238347297534,0.160377154825255,0.477058789459988,0.593545340234414,0.7659663381055,0.356423486722633,0.966235839296132,0.905282660387456,0
0.84081337810494,0.475800708169118,0.195365686900914,0.900566935772076,0.891472820891067,0.817104019457474,0.779587384313345,0.303050586255267,0.388173858402297,0.859312900109217,0
0.754728198517114,0.782930237008259,0.0670294598676264,0.470472474349663,0.580451217014343,0.65778163424693,0.635927779600024,0.474292825907469,0.064004888990894,0.292471837019548,0
0.288160379743204,0.677229097811505,0.195274475729093,0.297033212613314,0.258994298288599,0.782551327953115,0.758965583052486,0.782221089117229,0.0941591062583029,0.453392619732767,0
0.0692449710331857,0.780944146215916,0.54768049926497,0.129550468875095,0.0909302572254092,0.821685266215354,0.579744308721274,0.550355090526864,0.201441037701443,0.777854060987011,0
0.674376091221347,0.410772826522589,0.896290758857504,0.0654718969017267,0.286718310788274,0.0890782887581736,0.953174686525017,0.841550367884338,0.44856873084791,0.502470050007105,0
0.102755149593577,0.410674367798492,0.885648966068402,0.263280175626278,0.315947005525231,0.497555578127503,0.511156612308696,0.275647996924818,0.227525708731264,0.321355028310791,0
0.707843583775684,0.730792552931234,0.307284995447844,0.734504663851112,0.173821947304532,0.813982088817284,0.152098378632218,0.113354181172326,0.376316353911534,0.321629598038271,0
0.44636214710772,0.656478519784287,0.408381643937901,0.247759048128501,0.560318644158542,0.584165810840204,0.711564043536782,0.58779184683226,0.0803131640423089,0.642753349151462,0
0.7115807691589,0.4785697509069,0.0958332919981331,0.571923596318811,0.594251135364175,0.667143009370193,0.729903714265674,0.507875686511397,0.00781448651105165,0.776498125167564,0
0.23255775612779,0.314365957863629,0.0525530686136335,0.94994583260268,0.636726688360795,0.0513888383284211,0.711286145495251,0.789848184445873,0.394004140049219,0.09561284375377,0
0.0807397239841521,0.311404158594087,0.0126392242964357,0.39746874012053,0.723836327670142,0.589832489611581,0.322201630333439,0.960296738892794,0.199729866581038,0.093333771917969,0
0.794666250934824,0.250110459746793,0.128382865106687,0.839045745320618,0.645080767804757,0.602986361598596,0.0221677972003818,0.796737166354433,0.458408399485052,0.489485577913001,0
0.564914356218651,0.967760658124462,0.293915829621255,0.452418775064871,0.155542486347258,0.0397325921803713,0.252600125968456,0.35123693710193,0.927304493030533,0.125271911965683,0
0.174297496210784,0.31170143513009,0.382444732356817,0.206892303889617,0.728268371894956,0.805641368264332,0.26135405478999,0.371879258193076,0.529516127659008,0.106816610787064,0
0.927412160905078,0.555883842986077,0.381066848291084,0.344811195507646,0.122828257037327,0.876464059343562,0.25346505176276,0.680630644084886,0.468074363423511,0.323721686843783,0
0.374021729454398,0.180573784047738,0.430739853763953,0.919961370993406,0.762483277358115,0.734707795782015,0.525894218124449,0.360934015130624,0.392052134266123,0.644680726807564,0
0.993942361557856,0.514993059448898,0.483747862745076,0.210529808420688,0.685001794714481,0.387995183467865,0.967375262407586,0.627575138118118,0.619582085171714,0.517932549351826,0
0.261597146512941,0.0257628839462996,0.427107927156612,0.293961175950244,0.209889468271285,0.698260168544948,0.264115921454504,0.222379282815382,0.0854185598436743,0.0172641347162426,0
0.93418803345412,0.69390672724694,0.775956865400076,0.517497892957181,0.876642208080739,0.720862402580678,0.662058745510876,0.4804810306523,0.0293493464123458,0.561890656594187,0
0.925932532409206,0.182094974908978,0.537273656576872,0.589071253081784,0.900201403303072,0.977329302346334,0.994996804278344,0.17064412496984,0.318750712089241,0.510637004626915,0
0.296405817382038,0.365021228790283,0.521670090965927,0.442419048398733,0.748041422571987,0.122496093390509,0.0847474229522049,0.923371340613812,0.441707854159176,0.0625948049128056,0
0.16302726833038,0.346434007864445,0.0181869533844292,0.670486664166674,0.955662940395996,0.580903061199933,0.25532011827454,0.0780409905128181,0.903231543721631,0.990457382053137,0
0.428945489227772,0.581824961584061,0.969925304409117,0.333900965983048,0.860978117911145,0.508389013586566,0.984642080264166,0.229331574868411,0.203546149656177,0.849494585534558,0
0.997176159638911,0.0467028478160501,0.0734421701636165,0.946169400820509,0.269430036423728,0.0922859509009868,0.578608993673697,0.691656274953857,0.242513553705066,0.142326007597148,0
0.801448485581204,0.861362654948607,0.5880822238978,0.126439706422389,0.466387522639707,0.618116028839722,0.783778297016397,0.338035457301885,0.55939731374383,0.266310407780111,0
0.475825831759721,0.604055220028386,0.623132351087406,0.938421752536669,0.81763012195006,0.199329643743113,0.450667336117476,0.395504714688286,0.765906322747469,0.16493000369519,0
0.490777368890122,0.612315141828731,0.409382924903184,0.584486290114,0.442500130506232,0.137395827798173,0.245865720091388,0.0495415762998164,0.656031228601933,0.916025936603546,0
0.49986176751554,0.575282057980075,0.504235460655764,0.736539031844586,0.108084010891616,0.235451784916222,0.0620758219156414,0.293422194197774,0.711150457849726,0.811756549635902,0
0.727258876198903,0.275636670878157,0.749570195563138,0.80885322811082,0.715699709020555,0.0697582650464028,0.690110158640891,0.954732638085261,0.084485515486449,0.432942052604631,0
0.884781459113583,0.535143274115399,0.975359616102651,0.509191103745252,0.286019352031872,0.286843623267487,0.307346455520019,0.616120903287083,0.0782405890058726,0.153584919404238,0
0.394207808189094,0.0879530909005553,0.288619830273092,0.618935198057443,0.989640604937449,0.160437668440863,0.662405397044495,0.62543698400259,0.741663582157344,0.649766043294221,0
0.40254555689171,0.202094627544284,0.876093108905479,0.33650259533897,0.00740659143775702,0.562679266557097,0.673672508914024,0.664724299684167,0.660496383206919,0.310675380052999,0
0.40321743208915,0.772582221310586,0.630535394418985,0.0861047229263932,0.931353336200118,0.393808649620041,0.844391345279291,0.697127870516852,0.605863533215597,0.705444087972865,0
0.77854013396427,0.46170776267536,0.0331679552327842,0.759325865190476,0.543101331684738,0.617552398703992,0.933689181925729,0.45655388943851,0.177210525842384,0.638436957728118,0
0.243322494672611,0.325661740265787,0.99387661810033,0.423518391791731,0.952424393733963,0.124606432858855,0.479979027761146,0.241812433581799,0.659675092669204,0.268304141703993,0
0.263118937378749,0.56275179120712,0.997463941806927,0.744286231929436,0.591825523180887,0.491168774198741,0.257327974773943,0.00541337765753269,0.624870946630836,0.560292283538729,0
0.596206715097651,0.813857775647193,0.72495455853641,0.131296833744273,0.765596603276208,0.309097397839651,0.428913557436317,0.649704614188522,0.415134718408808,0.183410774450749,0
0.887127216672525,0.170306588057429,0.219391524558887,0.0567929549142718,0.160264794481918,0.87990635051392,0.120343413669616,0.480318418238312,0.143894295906648,0.504803210496902,0
0.709007026161999,0.449075133539736,0.559527603676543,0.457940954482183,0.594390399986878,0.826911699026823,0.626138906925917,0.95130337192677,0.0995176492724568,0.083880067570135,0
0.179939133813605,0.227467544256896,0.30150770698674,0.669347868533805,0.521172830602154,0.374424188630655,0.0348818802740425,0.991664388217032,0.351523126475513,0.446152096847072,0
0.79888879857026,0.0987095457967371,0.0261293828953058,0.160077983047813,0.23076186934486,0.526468302821741,0.872745780739933,0.669581826310605,0.575757235055789,0.699681014288217,0
0.779044844675809,0.0617714629042894,0.383235458983108,0.364081939449534,0.723897240590304,0.109548066044226,0.469481661682948,0.0778157087042928,0.0180929186753929,0.869469310389832,0
0.1874469013419,0.0444386687397025,0.273295298451558,0.503271990688518,0.0309877761173993,0.352036027470604,0.0566526451148093,0.19981497223489,0.626186688197777,0.310958036221564,0
0.620590606704354,0.603014722699299,0.914428086252883,0.807035135570914,0.495252042077482,0.192883047042415,0.453001181129366,0.416418242966756,0.591869031544775,0.24338037497364,0
0.740048273699358,0.365064305951819,0.652569826925173,0.866728714667261,0.174039589241147,0.994178271619603,0.098367930855602,0.809226141078398,0.318048016866669,0.0897389745805413,0
0.861366843571886,0.651714378036559,0.734707919182256,0.223223522305489,0.44352269731462,0.753326152684167,0.804655478801578,0.795703262090683,0.301683896454051,0.731085631996393,0
0.807230508653447,0.67396433907561,0.24286985793151,0.174126464640722,0.109054429456592,0.218319492880255,0.0862279967404902,0.766761096892878,0.276821169070899,0.903527492890134,0
0.803468192927539,0.804973419755697,0.831099971197546,0.745355284307152,0.322576248086989,0.894590131239966,0.621033558389172,0.419280971167609,0.461698654573411,0.894814299419522,0
0.10879610828124,0.460848150774837,0.0458302539773285,0.969737889477983,0.218464953359216,0.980669640237466,0.710435554385185,0.700349946739152,0.848701895214617,0.716041146079078,0
0.66766191017814,0.189287360291928,0.744049279484898,0.249734649434686,0.886790765449405,0.77628095401451,0.465999633306637,0.106015947647393,0.875356228789315,0.85391195723787,0
0.671085375826806,0.412424445850775,0.690980950370431,0.286317287245765,0.0506779584102333,0.587095169117674,0.553908203030005,0.87131235585548,0.521329423412681,0.435084958327934,0
0.732697947183624,0.591978742973879,0.0817077066749334,0.931221280712634,0.420886730775237,0.795636237366125,0.403520184801891,0.291023809229955,0.969038765644655,0.72045448445715,0
0.230995974270627,0.310535017633811,0.825415165629238,0.0345813329331577,0.844400190515444,0.640115864109248,0.278806119924411,0.914267740445212,0.693372760433704,0.358719342621043,0
0.0102820522151887,0.85343148233369,0.370213504182175,0.816431376384571,0.918101830873638,0.593795844120905,0.415333915269002,0.0368885444477201,0.887982599670067,0.480314266402274,0
0.084317258791998,0.429740351624787,0.712370522320271,0.515148411039263,0.171320446999744,0.739018622785807,0.710319151869044,0.823183832457289,0.0354224492330104,0.725370147498325,0
0.784103736281395,0.805739378556609,0.439987373072654,0.982581166084856,0.500909177353606,0.342726978007704,0.774093275656924,0.541377309244126,0.00293008890002966,0.40887646493502,0
0.138614288298413,0.0690280108246952,0.756824442185462,0.625347083900124,0.519374458817765,0.364141329424456,0.884456221479923,0.618383013643324,0.181898528477177,0.813286937307566,0
0.413376284064725,0.982056566514075,0.0334681670647115,0.789425287395716,0.0176171243656427,0.13195354770869,0.968936781398952,0.759146529482678,0.398589602205902,0.120457294164225,0
0.300060804700479,0.586238277610391,0.282034238800406,0.493139277910814,0.763707572128624,0.169836936984211,0.162703889422119,0.84855029406026,0.783229945925996,0.53566698404029,0
0.728832197142765,0.421392369782552,0.249001731863245,0.933630150975659,0.442344465525821,0.801744044758379,0.797176857246086,0.181511748582125,0.774208735208958,0.759754360420629,0
0.12682908703573,0.102401290554553,0.536894284188747,0.971214073942974,0.264314472209662,0.313658348051831,0.407739348476753,0.10399197274819,0.311069012852386,0.277569978497922,0
0.532855103258044,0.0505087578203529,0.971575670642778,0.988933940185234,0.925857533002272,0.771528011653572,0.951573134632781,0.343186803394929,0.771410213550553,0.597823793999851,0
0.999604361830279,0.512230233754963,0.612714041722938,0.130979354726151,0.896578953834251,0.244463698938489,0.596191463526338,0.650644778972492,0.405444539152086,0.206455323146656,0
0.319156226469204,0.590147280599922,0.0865103371907026,0.0400698999874294,0.269606655230746,0.75116590061225,0.569813946960494,0.522542438469827,0.274484066525474,0.154263776959851,0
0.265980491414666,0.707204922800884,0.394700640579686,0.947932859882712,0.344858950935304,0.279111043550074,0.187933129491284,0.113713776692748,0.495771259302273,0.10521203931421,0
