"1","2","3","4","5","6","7","8","9","10","class"
0.368075648788363,0.215320562012494,0.702547388384119,0.280615579569712,0.661078203702345,0.720454131485894,0.344495297875255,0.345142381731421,0.794436744181439,0.258545239688829,0
0.354615208460018,0.998670441797003,0.357962844893336,0.615561582846567,0.33181565371342,0.702891293680295,0.907429884187877,0.252170268911868,0.436790746403858,0.796379816485569,0
0.281922694761306,0.705858787056059,0.013859526719898,0.0210256921127439,0.523828368866816,0.114651130279526,0.926224327413365,0.366020545363426,0.205779503798112,0.0125846879091114,0
0.0222310852259398,0.449703053338453,0.825509673450142,0.55681545403786,0.713439988903701,0.525176769355312,0.981632240815088,0.336081221932545,0.803485434735194,0.102931314380839,0
0.789820807985961,0.416600137250498,0.228302974486724,0.0872357671614736,0.056546704377979,0.239914704812691,0.203885837225243,0.162227651104331,0.372376825893298,0.446332298452035,0
0.221373483538628,0.343253775965422,0.251660880167037,0.258340078406036,0.0426736848894507,0.832189126871526,0.581030336907133,0.962274000514299,0.997371960664168,0.295943525619805,0
0.917515804991126,0.134932778775692,0.0043508387170732,0.316997618181631,0.590987239265814,0.69531536474824,0.746061810292304,0.765472006518394,0.656138422898948,0.403971617110074,0
0.442009864374995,0.266064281342551,0.345984182553366,0.433274228125811,0.715889840153977,0.355483316350728,0.717572091147304,0.544048897689208,0.909530308796093,0.063702005892992,0
0.275200202362612,0.472332162316889,0.141115471720695,0.0400687896180898,0.197150096995756,0.766877310816199,0.496314098825678,0.679565351456404,0.335396790178493,0.413863018155098,0
0.486624900018796,0.7661629000213,0.283597285160795,0.743775715120137,0.989903021836653,0.527387652080506,0.514571230625734,0.557101596146822,0.707686987007037,0.583001939579844,0
0.751904474804178,0.213244695914909,0.404461062978953,0.5750202012714,0.519151613349095,0.346908019622788,0.424381263088435,0.947812120430171,0.54761895374395,0.0487595098093152,0
0.208453406812623,0.274269660701975,0.82356343511492,0.876436269143596,0.537143425317481,0.134039347525686,0.922075432026759,0.970746931619942,0.697603195207193,0.867235537152737,0
0.905130378901958,0.599862509639934,0.130205181892961,0.937426875345409,0.23097084229812,0.174063768936321,0.478208858752623,0.0224628332071006,0.435704674571753,0.489788308274001,0
0.233621520223096,0.417982069542632,0.638836311176419,0.193595992866904,0.0393775189295411,0.941249345429242,0.0316590478178114,0.987890377640724,0.393980849068612,0.371250165626407,0
0.934687873348594,0.864534719148651,0.000694690272212029,0.284470981452614,0.793179067550227,0.531547958962619,0.134655477944762,0.161237198393792,0.306573092006147,0.57656402210705,0
0.36266103037633,0.171790462685749,0.130418793531135,0.635633015772328,0.155273397220299,0.562005953164771,0.0283977375365794,0.32326989271678,0.748481648042798,0.495707666268572,0
0.910067875869572,0.460661131888628,0.92813441879116,0.870041717542335,0.503101603128016,0.915152047527954,0.499233882175758,0.151124846423045,0.992489089258015,0.846903074765578,0
0.766760672442615,0.877483220305294,0.229760747635737,0.814543176442385,0.981835254002362,0.831115389242768,0.254441005876288,0.562698487658054,0.937115264125168,0.0556734814308584,0
0.645959059242159,0.992301504127681,0.151290557347238,0.0138295916840434,0.259826029418036,0.452027284307405,0.865549373906106,0.493381897453219,0.680723340716213,0.182430593995377,0
0.413120365701616,0.884253646945581,0.51357499952428,0.663951983675361,0.871811639517546,0.0611556055955589,0.0475439599249512,0.328423740807921,0.110853786347434,0.254589889431372,0
0.364933285396546,0.107165232533589,0.651974763721228,0.48344345879741,0.681298291077837,0.516600114060566,0.996627440210432,0.718913400545716,0.711261343210936,0.250078324461356,0
0.0359252993948758,0.332698864163831,0.0140573559328914,0.0855593802407384,0.533982021501288,0.961829824605957,0.329984299838543,0.273808104917407,0.815940988250077,0.984319836366922,0
0.294925092253834,0.936329763615504,0.93135278346017,0.892033243086189,0.327843229984865,0.382147721247748,0.442197306081653,0.303222415503114,0.636070318520069,0.278541651088744,0
0.261484446540195,0.82806912669912,0.204949588747695,0.111585754435509,0.626490421360359,0.837904805783182,0.99879204086028,0.0271563788410276,0.08578035607934,0.359600538620725,0
0.00792921101674438,0.216746470658109,0.0270206136628985,0.121703419834375,0.760014009196311,0.0813324141781777,0.298378805397078,0.75787154189311,0.0305160484276712,0.312839252641425,0
0.951335937948897,0.616410292219371,0.247965089278296,0.702475250232965,0.213272771332413,0.279262434225529,0.279163817642257,0.548292008927092,0.650328232673928,0.444614093983546,0
0.237069330178201,0.877554135517776,0.393868918297812,0.65645549655892,0.936495801899582,0.0334590962156653,0.254443769576028,0.330314870458096,0.259307963540778,0.172025978332385,0
0.0958176171407104,0.180356793582346,0.132166453171521,0.94110944122076,0.397984534502029,0.784773060819134,0.911317499587312,0.780393035616726,0.697094064438716,0.35602893633768,0
0.039275879866071,0.959764301078394,0.528012787923217,0.241636267630383,0.868529326980934,0.385610686615109,0.34824374015443,0.575318802846596,0.51488657691516,0.704238236881793,0
0.949498530710116,0.115383303724229,0.249887786339968,0.0409961848054081,0.576010744087398,0.80435409443453,0.65788856940344,0.662431691074744,0.493715449003503,0.0637064035981894,0
0.886911629932001,0.609001973643899,0.88239850406535,0.595300864893943,0.153304086299613,0.186483337543905,0.290916902478784,0.0316957919858396,0.130807997193187,0.445434501860291,0
0.0961746403481811,0.575781756546348,0.535744372755289,0.685168962692842,0.0120642597321421,0.341031677788123,0.121145559241995,0.8348307099659,0.522962694056332,0.338993440847844,0
0.120127259986475,0.656235940288752,0.274521515937522,0.376573732821271,0.915989935165271,0.925461566541344,0.317469589877874,0.955042535671964,0.366906131384894,0.184738430427387,0
0.266649912577122,0.790187464794144,0.65305676870048,0.957020232453942,0.0661303282249719,0.0241894572973251,0.742210384923965,0.865067485254258,0.383433853508905,0.888584982603788,0
0.2480099350214,0.52123064105399,0.471744530601427,0.76355700311251,0.937735546613112,0.650612871628255,0.384066438302398,0.0704583819024265,0.777416150085628,0.688477625604719,0
0.238999519031495,0.760158157674596,0.520927145611495,0.099605230614543,0.673696598270908,0.480394613929093,0.815988917136565,0.950854790164158,0.224572244333103,0.103436560602859,0
0.304977754552476,0.211723309708759,0.535874731605873,0.643698608269915,0.680191290564835,0.0875326748937368,0.974497899645939,0.570841465843841,0.172961602685973,0.867661528522149,0
0.496171220671386,0.0223527429625392,0.563636956037953,0.0657505020499229,0.0218597869388759,0.952679478563368,0.827095166314393,0.869635369163007,0.776587452972308,0.979230890283361,0
0.806794813368469,0.365914551075548,0.00870385579764843,0.557874796912074,0.403337829979137,0.541401400696486,0.441734910942614,0.476095469901338,0.253452019533142,0.807948995148763,0
0.243138656485826,0.23733350308612,0.680293917190284,0.961227248655632,0.945327272871509,0.00524818175472319,0.145593537949026,0.00122693460434675,0.162424998125061,0.788486633915454,0
0.194090570323169,0.540514385560527,0.829456623876467,0.392969063716009,0.584077932871878,0.339060547295958,0.230241640703753,0.481075184652582,0.211214338894933,0.224322698544711,0
0.85675038350746,0.414662628816254,0.473381035029888,0.661516624502838,0.947479846188799,0.495510418200865,0.508894539903849,0.19888533721678,0.236586291342974,0.21727776969783,0
0.720028092861176,0.798741170205176,0.536853339057416,0.8824116170872,0.132988830795512,0.2054609504994,0.167848615674302,0.538874011486769,0.879071944626048,0.712409529369324,0
0.177509343251586,0.178200928727165,0.817267551785335,0.963012587511912,0.641206932719797,0.488083069445565,0.553401088574901,0.887875601416454,0.567588356789201,0.475500367116183,0
0.931512800976634,0.54061130831223,0.282059998717159,0.777659596642479,0.735783778596669,0.0897488398477435,0.552653716877103,0.636924613965675,0.903813508106396,0.766803375678137,0
0.740392164094374,0.615075367256999,0.335351179353893,0.865552897565067,0.219965952215716,0.0432886169292033,0.952285886043683,0.53365524741821,0.54300296260044,0.790321696549654,0
0.735482897609472,0.898301409324631,0.0489516344387084,0.0504305316135287,0.459022719878703,0.771899921586737,0.531370300566778,0.386445416370407,0.314923044061288,0.603862211573869,0
0.0835643925238401,0.761165493167937,0.666521347360685,0.0559912037570029,0.163883429020643,0.613574856892228,0.566342327510938,0.944314814871177,0.865050298627466,0.873595470329747,0
0.00607497012242675,0.911170217441395,0.573971086647362,0.370374560123309,0.392918811179698,0.872899019159377,0.0654608770273626,0.718819483183324,0.929303085198626,0.469232899369672,0
0.238293787464499,0.4364096543286,0.874590386170894,0.981164587195963,0.301055587595329,0.861429780256003,0.20067169633694,0.987511765910313,0.90906459861435,0.593416405841708,0
0.00659174215979874,0.0972792934440076,0.654212063411251,0.666716892737895,0.219739874592051,0.530755069805309,0.394777667708695,0.101670212578028,0.531762609491125,0.495709569426253,0
0.155802615685388,0.553528147528321,0.758144933730364,0.405833162134513,0.0957721725571901,0.752205349504948,0.607219749828801,0.580303646856919,0.992268342757598,0.731801142450422,0
0.433895573019981,0.0786277845036238,0.495712287491187,0.352114383131266,0.192231942201033,0.806080975802615,0.899011860601604,0.64297874760814,0.4867275103461,0.30031468719244,0
0.985649825306609,0.57983823842369,0.780556529294699,0.437697063200176,0.341543468879536,0.00231746351346374,0.491727651795372,0.187466132454574,0.572247190168127,0.302119577070698,0
0.39700646023266,0.0522470043506473,0.965556578012183,0.238803181797266,0.442493355134502,0.841155062429607,0.936818978749216,0.237599429208785,0.677477753022686,0.676722117932513,0
0.815758311189711,0.175256300484762,0.800721689127386,0.245538341114298,0.133430412737653,0.137471802299842,0.434957257704809,0.250551687786356,0.763927711406723,0.99470396223478,0
0.904365170979872,0.611806510481983,0.731910289963707,0.0473501749802381,0.783730000257492,0.333633842179552,0.764021591283381,0.0845938404090703,0.694245605031028,0.573983277892694,0
0.0192046447191387,0.707806277088821,0.40547336009331,0.520465802168474,0.696037812624127,0.955842451425269,0.48862751876004,0.838604410877451,0.370904069859535,0.694279534043744,0
0.969095245702192,0.817963404115289,0.591058461461216,0.974454974522814,0.93643658910878,0.675646410090849,0.5380861365702,0.08677281672135,0.465019471710548,0.0892447005026042,0
0.0680228038690984,0.224411580711603,0.528963342541829,0.966672752751037,0.195165494922549,0.597682936349884,0.96999062015675,0.311971720540896,0.580037366831675,0.568633520277217,0
0.903435214663856,0.699378383811563,0.641253880923614,0.296196200419217,0.347699537640437,0.788303890265524,0.578129632631317,0.0463336100801826,0.682418694486842,0.0179066017735749,0
0.477025939506013,0.0689674376044422,0.208957219030708,0.316296505741775,0.684447423322126,0.0705066628288478,0.928857993101701,0.257612008368596,0.0457332856021821,0.394224336836487,0
0.0621877778321505,0.524031145552918,0.514775651041418,0.226658020634204,0.0729911467060447,0.991170868976042,0.0434178365394473,0.94636596669443,0.144379069563001,0.048242379212752,0
0.834440050646663,0.992296193027869,0.813272760948166,0.274556240066886,0.247981955064461,0.0816385655198246,0.844549663830549,0.242960234871134,0.0892194327898324,0.36361389211379,0
0.850727127166465,0.959745632018894,0.300018335692585,0.110879928572103,0.408481469145045,0.653023464605212,0.627069038804621,0.0543987010605633,0.117423858959228,0.394055325305089,0
0.775925042896066,0.645422123372555,0.0245400904677808,0.0932032177224755,0.124178455676883,0.447030104696751,0.626458718907088,0.711724132532254,0.124475263990462,0.0973522162530571,0
0.0245631055440754,0.725782132707536,0.7485002563335,0.455047296360135,0.619547300739214,0.0404967004433274,0.0312503960449249,0.402990532340482,0.844361060066149,0.919920657062903,0
0.503585325554013,0.546568003844563,0.350612095091492,0.610488261096179,0.546470172237605,0.102539179846644,0.0860588813666254,0.607256524497643,0.9672054159455,0.0238482209388167,0
0.878010900458321,0.00134160066954792,0.00523656886070967,0.158295714994892,0.258893659571186,0.155256571713835,0.78500721976161,0.85180656821467,0.0996191229205579,0.653570872964337,0
0.0988621225114912,0.740701495902613,0.857137126615271,0.812439946457744,0.700606760336086,0.31225901003927,0.463212190428749,0.596189433475956,0.764924170216545,0.657623965526,0
0.585168656660244,0.130698936520144,0.252323065185919,0.384896338917315,0.658197165932506,0.389666706090793,0.0951596235390753,0.763803038978949,0.775872370926663,0.743935931939632,0
0.633776617003605,0.915365654043853,0.15902550611645,0.318797758314759,0.199442220153287,0.496507400646806,0.54009037069045,0.516199539415538,0.45368852512911,0.875622886698693,0
0.0301332252565771,0.542252110934444,0.899352726060897,0.844118004897609,0.0305777068715543,0.849258584436029,0.476001487113535,0.875197855057195,0.792904990725219,0.599809169536456,0
0.19439779384993,0.35379240475595,0.177945427130908,0.763721459079534,0.288678786484525,0.938478272175416,0.600713197840378,0.98949108319357,0.150066775735468,0.627659719437361,0
0.826681809965521,0.154100800165907,0.782378201838583,0.684100601589307,0.864505439531058,0.361771160503849,0.682341277133673,0.341079272795469,0.466065381886438,0.423871414503083,0
0.00857929955236614,0.972167406231165,0.44834657642059,0.641837605042383,0.325088327052072,0.269515289925039,0.375659796409309,0.686468200525269,0.51160942367278,0.831398390699178,0
0.272320521529764,0.239894367754459,0.837913332507014,0.91456503351219,0.296002521412447,0.153462852118537,0.689957757247612,0.897404138464481,0.416236068122089,0.882923685247079,0
0.880563597660512,0.256731630768627,0.644868479343131,0.0762616952415556,0.56842302531004,0.118739042663947,0.982739015016705,0.594081566203386,0.147071894723922,0.797053394839168,0
0.0507618843112141,0.100315857678652,0.0144410119391978,0.180936107411981,0.992343654390424,0.246399192837998,0.315112715354189,0.454219711013138,0.995810514315963,0.674912749323994,0
0.747060960391536,0.282163862371817,0.81324739032425,0.278429462574422,0.730617564404383,0.671542254975066,0.463837248040363,0.0825252123177052,0.718514938605949,0.114190205931664,0
0.847548864316195,0.352092417422682,0.617575224488974,0.790738624054939,0.0570793063379824,0.13819457963109,0.759359340183437,0.719297234201804,0.00967096793465316,0.00795346824452281,0
0.186334133474529,0.532746330834925,0.195663940627128,0.571572485379875,0.771533630555496,0.742190974066034,0.537870454834774,0.835037098266184,0.729512108489871,0.956964368466288,0
0.509531035553664,0.794891573721543,0.347450980450958,0.90096515789628,0.471463753376156,0.0772764461580664,0.517153036082163,0.521827168995515,0.888197419699281,0.0500710888300091,0
0.945221697213128,0.171700568171218,0.616929946001619,0.623225861927494,0.514566364232451,0.680316758574918,0.499219298129901,0.74776848545298,0.880058015231043,0.971571514150128,0
0.772149276221171,0.424662944395095,0.122228848049417,0.702545975800604,0.268261180724949,0.0185484976973385,0.387130735907704,0.904748141067103,0.596573328599334,0.0809288329910487,0
0.224831635365263,0.57329536229372,0.684698476456106,0.744502468267456,0.231723866425455,0.472117569297552,0.0650811598170549,0.992687816498801,0.549227214185521,0.773946655448526,0
0.651652824599296,0.878669032128528,0.347808462800458,0.126689231023192,0.728063532151282,0.480890429811552,0.68584346328862,0.116767926607281,0.952589471358806,0.159130055224523,0
0.0339632206596434,0.191811469849199,0.776982778217643,0.25374044990167,0.5802863962017,0.111415485851467,0.475182204507291,0.114440193166956,0.286514961859211,0.535420974949375,0
0.204873180389777,0.503171143354848,0.814185130177066,0.752691002795473,0.116576792905107,0.765599954407662,0.80127786914818,0.307025302900001,0.591228105360642,0.0170444513205439,0
0.546585953561589,0.0472845435142517,0.32632277533412,0.199810691643506,0.969349577790126,0.463597212918103,0.61543399351649,0.24327675323002,0.0744433666113764,0.699173859786242,0
0.935017863288522,0.938823211239651,0.189954973058775,0.144976500887424,0.18328947504051,0.201458589173853,0.412857959279791,0.846116060158238,0.237894598627463,0.402501681353897,0
0.247637072578073,0.927199051482603,0.593493366613984,0.264581978321075,0.879514614352956,0.920455241110176,0.115556405857205,0.609763841377571,0.191721209790558,0.738004164770246,0
0.869223141950555,0.750778900692239,0.0981661800760776,0.00899637723341584,0.606632022187114,0.495068602729589,0.0162874644156545,0.789541968377307,0.967941948911175,0.926924007479101,0
0.118255526293069,0.866535036358982,0.427760852035135,0.87183593492955,0.0337752290070057,0.939328781096265,0.644819030305371,0.82194355991669,0.586837691720575,0.808949151774868,0
0.638085717102513,0.933715950231999,0.579109332291409,0.420691540464759,0.188442647689953,0.303814354352653,0.796712237410247,0.150537272216752,0.26391162769869,0.699526274111122,0
0.662498913705349,0.212862119544297,0.0365176869090647,0.315810466650873,0.103774085873738,0.224712531315163,0.927824491634965,0.94067756133154,0.564922290854156,0.701344791101292,0
0.778391545405611,0.605088592274114,0.170688112499192,0.357514281291515,0.848207915434614,0.999546953244135,0.475096629466861,0.676198048749939,0.588940158719197,0.291474402183667,0
0.221394928100053,0.543229930568486,0.836851447122172,0.158051100792363,0.239441346842796,0.0824294106569141,0.254201156785712,0.545227465685457,0.44251975370571,0.239167213439941,0
0.837662262842059,0.496963225537911,0.766516807489097,0.155572590883821,0.570494701853022,0.251300148433074,0.58495281659998,0.483066862681881,0.180001148488373,0.0386578997131437,0
0.754502084804699,0.22057698527351,0.443797912914306,0.369443342788145,0.0507424438837916,0.721673002466559,0.822646643500775,0.945507842348889,0.0224822966847569,0.585603211540729,0
