"1","2","3","4","5","6","7","8","9","10","class"
0.867256252095103,0.738986718934029,0.216746841790155,0.0997438938356936,0.497539561009035,0.359898168826476,0.167102347360924,0.217024753103033,0.785180751234293,0.0194306836929172,0
0.82530501158908,0.771157273091376,0.958494535414502,0.245692306896672,0.871602468891069,0.602697984781116,0.351264219498262,0.258804336190224,0.615111365448684,0.502606857335195,0
0.170702682808042,0.137051129946485,0.639449456008151,0.383810822153464,0.374412307981402,0.329675973393023,0.518208455294371,0.642077357741073,0.0135772251524031,0.533983448520303,0
0.0898121036589146,0.263947034487501,0.841431854758412,0.963988160947338,0.251252266811207,0.0107461628504097,0.335502341389656,0.786523922113702,0.145044412463903,0.203747593564913,0
0.899194052442908,0.331633200170472,0.128028539009392,0.982151480391622,0.459438608959317,0.100563294952735,0.703159600030631,0.717071982799098,0.632923599798232,0.274179423460737,0
0.799665692960843,0.657864728011191,0.839695944683626,0.274199831532314,0.981518057640642,0.513845534296706,0.670401138020679,0.711623142939061,0.707842267584056,0.506600891938433,0
0.543720720103011,0.779776254668832,0.657484667608514,0.323995666112751,0.817206429317594,0.192122134845704,0.867830866714939,0.827156636165455,0.415667280787602,0.466643208870664,0
0.649970062077045,0.228453214513138,0.051030665403232,0.135723638813943,0.557542191585526,0.250362960156053,0.154881019378081,0.654124672757462,0.535154176643118,0.156750154914334,0
0.230181552935392,0.654702861327678,0.460878836922348,0.410753261297941,0.142799988389015,0.657206739764661,0.781453370815143,0.426147482357919,0.558963231509551,0.0806533712893724,0
0.700196037534624,0.927507483400404,0.661828808486462,0.627608246635646,0.421258830465376,0.823675676714629,0.943607666296884,0.822324508801103,0.0490922399330884,0.925527598708868,0
0.29843315272592,0.343403255566955,0.433699744287878,0.657470188802108,0.368234873749316,0.881171848159283,0.525534691056237,0.408206308726221,0.70651986496523,0.251782864332199,0
0.191359675955027,0.684723313665017,0.0558791973162442,0.943240464432165,0.803439097246155,0.257348163751885,0.549861239735037,0.991732954513282,0.25993284303695,0.46872374904342,0
0.984344025142491,0.0822323879692703,0.612860235851258,0.0177244176156819,0.238209410803393,0.39996260823682,0.602387361926958,0.494884407846257,0.410189079586416,0.252869073068723,0
0.0164611788932234,0.843233025167137,0.461335100233555,0.659460321534425,0.733598969643936,0.667222366202623,0.68180419318378,0.14476969325915,0.899047521408647,0.839263289235532,0
0.25505254114978,0.36960880854167,0.176670314511284,0.145461328327656,0.0430016284808517,0.423975910525769,0.271852891892195,0.280804763548076,0.499399477383122,0.48831437015906,0
0.639254083158448,0.690085675567389,0.825226394226775,0.45128895714879,0.608564406633377,0.100744022754952,0.0676352474838495,0.0950315338559449,0.472448003245518,0.486352812033147,0
0.299852069700137,0.679384741932154,0.760164994513616,0.208037773612887,0.128973295679316,0.342714463593438,0.436447767773643,0.627013742923737,0.735890519339591,0.598488259129226,0
0.736986397067085,0.10123506304808,0.00782023998908699,0.559500915929675,0.887453140458092,0.870994508964941,0.61727573396638,0.397760931169614,0.0681948435958475,0.965616923058406,0
0.282045506173745,0.727636215044186,0.139529113657773,0.0046484658960253,0.692477880045772,0.621833146316931,0.809384985594079,0.533972253091633,0.905080853728577,0.641065259231254,0
0.168607546016574,0.0506272225175053,0.579005680279806,0.267103251768276,0.738044649129733,0.19819082156755,0.635044931899756,0.705086982110515,0.214549815282226,0.828646248206496,0
0.344083597417921,0.555180439492688,0.476738487370312,0.493948424234986,0.0242437531705946,0.563862096285447,0.359636921901256,0.599327233619988,0.973249852657318,0.432897201739252,0
0.490214146208018,0.699002546491101,0.940601022914052,0.917244368465617,0.0961474671494216,0.348173926584423,0.392270150827244,0.172559808474034,0.812183775240555,0.0910584484227002,0
0.856699929572642,0.934008320095018,0.674674031790346,0.52916753385216,0.00433893594890833,0.814374345587566,0.910357200074941,0.723381888354197,0.92202200437896,0.892854514298961,0
0.620279518188909,0.16665402520448,0.634010633453727,0.438784390687943,0.593592538265511,0.848002893151715,0.111188530223444,0.675288122380152,0.263234847923741,0.382693510269746,0
0.600264123408124,0.0805795844644308,0.306775564095005,0.332936393795535,0.0186147966887802,0.980408737668768,0.0515821375884116,0.559729136293754,0.306662613060325,0.673074602615088,0
0.724892700556666,0.257520833285525,0.483475666493177,0.596445271046832,0.931424375856295,0.0311823096126318,0.843959153629839,0.069751764414832,0.107361767673865,0.196488335262984,0
0.491272146580741,0.344721781555563,0.443730024155229,0.422762364149094,0.194286057492718,0.669347885064781,0.197310113813728,0.390394277404994,0.0103899447713047,0.873931088484824,0
0.124450682662427,0.243265953846276,0.308563598897308,0.265798337990418,0.466493268497288,0.72887023142539,0.142040223116055,0.689076530048624,0.246605340158567,0.692896261112764,0
0.147487041307613,0.246948319254443,0.745539330411702,0.639447679743171,0.0690573842730373,0.756935691460967,0.862397253746167,0.402305097319186,0.640828979434446,0.0101832635700703,0
0.637802072335035,0.224221976939589,0.214215685147792,0.927035536617041,0.766642495989799,0.545100806746632,0.385442208033055,0.822065370855853,0.971899782540277,0.664774038363248,0
0.466732076136395,0.693814889993519,0.842115396866575,0.687760544009507,0.760662473272532,0.557500612922013,0.262992898700759,0.588707138551399,0.50136387697421,0.960533563746139,0
0.141750026727095,0.540046769427136,0.664648091653362,0.780472562648356,0.30060116155073,0.0875585656613111,0.470504686469212,0.0165145162027329,0.246989366132766,0.408923316281289,0
0.924459404777735,0.89187095919624,0.19147948268801,0.346612593857571,0.870907498756424,0.154777328018099,0.552278680261225,0.057071010582149,0.276296655647457,0.410799043020234,0
0.427299779141322,0.83085518120788,0.599306565243751,0.388931152177975,0.870478216558695,0.0181457481812686,0.673702735453844,0.180362383602187,0.458253345219418,0.40134342899546,0
0.270834716559201,0.762681232532486,0.842786377761513,0.504966778215021,0.147818555822596,0.754017713712528,0.534362256992608,0.223566060652956,0.324955539312214,0.281670755241066,0
0.869696557288989,0.00583398505114019,0.856623417930678,0.89462424069643,0.953649335773662,0.782511485740542,0.61518121114932,0.983040997525677,0.556783993262798,0.284191875485703,0
0.0567064024507999,0.713510028785095,0.98664043401368,0.901306368643418,0.0886781513690948,0.591567376861349,0.499658546643332,0.671267311088741,0.302818724652752,0.0199570853728801,0
0.350219963584095,0.727882463717833,0.81008876604028,0.533867050427943,0.96002414310351,0.778532201424241,0.24172084662132,0.812821407103911,0.517474306048825,0.536066447850317,0
0.1365171384532,0.182485092431307,0.0460779387503862,0.0107833715155721,0.362006819574162,0.159440401941538,0.504691928159446,0.732922192197293,0.289298383984715,0.938575274543837,0
0.764418783131987,0.711778900818899,0.505644245073199,0.329718178836629,0.384537638397887,0.642247464042157,0.555132210953161,0.291902759578079,0.630492005497217,0.873583573848009,0
0.124453325988725,0.0655450806953013,0.498645605752245,0.730089765042067,0.55228975135833,0.161710671382025,0.820380027871579,0.875467014731839,0.513747371733189,0.925690152915195,0
0.122994947014377,0.763440488371998,0.696338367182761,0.407817105296999,0.199110314482823,0.701656033750623,0.605753034818918,0.262479363009334,0.502437834395096,0.22804898978211,0
0.745528743136674,0.305203973548487,0.946529102278873,0.541902204975486,0.15216180938296,0.964898435864598,0.0869438578374684,0.899368340615183,0.940261483425274,0.292696872027591,0
0.629734803922474,0.680768741527572,0.163966835709289,0.76853433297947,0.884665558580309,0.794669796247035,0.928436033194885,0.0738723720423877,0.0812449590303004,0.409971320070326,0
0.485947186708823,0.784279829356819,0.619765603216365,0.0647517051547766,0.594671549275517,0.727958959760144,0.364254934480414,0.627327529946342,0.0419475799426436,0.0183210093528032,0
0.716431548120454,0.164001039694995,0.463378819171339,0.6170163822826,0.29009861825034,0.158398907864466,0.581879526842386,0.436678986530751,0.312035797163844,0.80993689224124,0
0.169268862344325,0.883930367417634,0.718946124892682,0.952306539285928,0.228437440702692,0.101795460330322,0.864049880765378,0.353631521342322,0.346771968295798,0.803356114542112,0
0.966473513282835,0.170224409317598,0.695381898200139,0.105178513797,0.0912392833270133,0.662672542966902,0.569863293552771,0.722717104479671,0.927417131373659,0.981826058588922,0
0.10874250321649,0.435869760811329,0.734175781719387,0.103315819054842,0.400658426806331,0.795767840463668,0.104113967390731,0.529895304935053,0.490140308858827,0.51180951227434,0
0.0476302833225578,0.592442983528599,0.619028452783823,0.0137674298603088,0.25328132789582,0.125767700606957,0.549478715518489,0.87517496664077,0.655248626600951,0.650747743900865,0
0.288589010480791,0.938500147080049,0.297306459629908,0.30571092502214,0.0645306699443609,0.351421501953155,0.326191673986614,0.608541160589084,0.475012095877901,0.439762226073071,0
0.150167136220261,0.528274425538257,0.617305462714285,0.180686148349196,0.530401812400669,0.253415993181989,0.475255338242278,0.793270499212667,0.713654089486226,0.0265644339378923,0
0.109656312502921,0.49503895547241,0.338844436686486,0.476364698261023,0.450682510621846,0.288909478578717,0.00861337827518582,0.881275660824031,0.889595730230212,0.450957757188007,0
0.2042173857335,0.581570483045653,0.517331919865683,0.197700344724581,0.0938976465258747,0.744556542020291,0.0306806934531778,0.827009175438434,0.331248907372355,0.182385480031371,0
0.973313747672364,0.628468125825748,0.0696725645102561,0.145084853982553,0.567079714033753,0.467270406195894,0.639749893918633,0.611946157412603,0.201431592926383,0.906521552242339,0
0.119658061536029,0.0926428970415145,0.188846649834886,0.328590253135189,0.791674394160509,0.615156550193205,0.114745311671868,0.708780518965796,0.759552442468703,0.0268038157373667,0
0.006863345624879,0.316954437177628,0.49243134027347,0.756277421722189,0.16347276349552,0.0297387754544616,0.618422530358657,0.782214693259448,0.0500306792091578,0.434127796441317,0
0.220463624922559,0.22453153738752,0.594524844083935,0.655588653869927,0.957179017364979,0.497315979329869,0.787203165236861,0.621452394407243,0.230968087911606,0.0960470817517489,0
0.239101926796138,0.0995839380193502,0.655123027972877,0.00633755722083151,0.666390574537218,0.767151213483885,0.640443079406396,0.803213925333694,0.899977977387607,0.618333723163232,0
0.67989342007786,0.132722571026534,0.565380269195884,0.733866667142138,0.617055813316256,0.833200437016785,0.389076471095905,0.964311213698238,0.943723472068086,0.0562701907474548,0
0.877099255565554,0.339259397471324,0.551759742200375,0.298932777019218,0.404278718633577,0.696021585259587,0.759666391415522,0.0661321165971458,0.475416144123301,0.427940922556445,0
0.701221944997087,0.582596375606954,0.544912740355358,0.953427243977785,0.505686974385753,0.819253720575944,0.830692246323451,0.154162455815822,0.440285638673231,0.246474012965336,0
0.762771640438586,0.379896678728983,0.0924511484336108,0.696909878635779,0.156432256102562,0.280459022149444,0.551675757858902,0.753771129064262,0.574383986881003,0.674824431305751,0
0.379239459056407,0.308239163132384,0.422920418670401,0.965563949197531,0.777499492745847,0.199397936230525,0.717293075053021,0.0989365973509848,0.833559453254566,0.154109616065398,0
0.00824288814328611,0.0355115728452802,0.376074965111911,0.393805478233844,0.725171186728403,0.531601808499545,0.655101902317256,0.12893848400563,0.356062097009271,0.190427805297077,0
0.699900609906763,0.336927645374089,0.497326351003721,0.11838385486044,0.341366736218333,0.0899620146956295,0.458541674306616,0.623648216016591,0.195450934348628,0.278085777070373,0
0.480403632158414,0.885692382231355,0.527275327127427,0.505319733172655,0.894541328074411,0.267377751180902,0.630579557735473,0.411308115581051,0.725198812084273,0.470524118514732,0
0.191417880821973,0.890318515012041,0.57268757163547,0.0240039867348969,0.244228080380708,0.870794538408518,0.932318100938573,0.692010308615863,0.523456101538613,0.932801115559414,0
0.0101395666133612,0.775241875322536,0.0993351922370493,0.523527198005468,0.284712640102953,0.910199750680476,0.609659376554191,0.875648628920317,0.376741091953591,0.390579752158374,0
0.177326433826238,0.072005974361673,0.18299147603102,0.477819656487554,0.192237758310512,0.0596456094644964,0.613565440289676,0.187378066359088,0.782463351730257,0.59467470087111,0
0.802981598768383,0.04198028286919,0.0236015554983169,0.379911267198622,0.759144098730758,0.211485874140635,0.883297050371766,0.366010067053139,0.468940115068108,0.662481931503862,0
0.895286008482799,0.862225334392861,0.109694576589391,0.563046059338376,0.205520581454039,0.117414759704843,0.591330987401307,0.336610769154504,0.804869811516255,0.386881327955052,0
0.501822098623961,0.308048097649589,0.224717372097075,0.915507197147235,0.421612379606813,0.781104800757021,0.552282642340288,0.845777332549915,0.765722170472145,0.881569254910573,0
0.14136066287756,0.577445490285754,0.712508108466864,0.216475287685171,0.273516483372077,0.641302667325363,0.823700924869627,0.488639478338882,0.348422147799283,0.129793646978214,0
0.693480090238154,0.202828655485064,0.0462663010694087,0.0492799449712038,0.886789046693593,0.841050611576065,0.143686417490244,0.185419580666348,0.580388953210786,0.545938609866425,0
0.0145108327269554,0.651141111506149,0.52829485363327,0.979144051903859,0.897722132271156,0.507740449393168,0.292958445847034,0.291980781126767,0.87669050693512,0.410445185378194,0
0.559147941414267,0.777955760713667,0.442758962046355,0.78056412213482,0.838960510445759,0.760708559304476,0.438809687737375,0.963765271473676,0.397883726749569,0.942132414318621,0
0.0930135995149612,0.266590572427958,0.557547636330128,0.382641619769856,0.547903404338285,0.92507214541547,0.849430967355147,0.390172923682258,0.76752015738748,0.583214562619105,0
0.499460113700479,0.250254499027506,0.489896737737581,0.606253087986261,0.0363382338546216,0.215829383349046,0.891730520874262,0.020156042650342,0.52876769984141,0.927449560491368,0
0.0295046211685985,0.784825159935281,0.753349676029757,0.543628600193188,0.448367998702452,0.629777044523507,0.371378644602373,0.990128417033702,0.609125648159534,0.276904455153272,0
0.280557640828192,0.125141449505463,0.904710488626733,0.619058261392638,0.87877371837385,0.160795759642497,0.433543452993035,0.242635025177151,0.658911178587005,0.966702187433839,0
0.510351820616052,0.160131363198161,0.632030494045466,0.789932287996635,0.695539339445531,0.221397191053256,0.0399557373020798,0.535904344171286,0.659045096253976,0.369288278976455,0
0.499623355455697,0.331400389317423,0.288126952713355,0.0271467072889209,0.68156009959057,0.680535883642733,0.479063590290025,0.298110810341313,0.733775788918138,0.0750090631190687,0
0.0691597687546164,0.126727118622512,0.035611174069345,0.725667423103005,0.632860321551561,0.19598424108699,0.690244625788182,0.609553000424057,0.238336625508964,0.495147262467071,0
0.796796574257314,0.830793814500794,0.142305345507339,0.216212425846606,0.377161444863304,0.861603217199445,0.357795447576791,0.909479943336919,0.989112661220133,0.0160430446267128,0
0.646259930916131,0.00870395894162357,0.0447074158582836,0.498076385585591,0.258025963325053,0.769488708814606,0.387777380878106,0.750753359869123,0.496226934483275,0.64520586351864,0
0.757116938009858,0.252228310098872,0.0704351353924721,0.33453206345439,0.966857676859945,0.482455402845517,0.623132692649961,0.960095220711082,0.679824305931106,0.353083453373984,0
0.360563115449622,0.675909440265968,0.5586082409136,0.506001884583384,0.10276090214029,0.284807686693966,0.327994342893362,0.406383351190016,0.309381214203313,0.927047534845769,0
0.898595421109349,0.181518079247326,0.541583645623177,0.0127288373187184,0.67321513639763,0.902111077215523,0.85530723282136,0.982828106032684,0.436589563032612,0.25129671045579,0
0.929799056844786,0.277555846609175,0.0803551676217467,0.806720400229096,0.376293086446822,0.86139996512793,0.536569010000676,0.909983253572136,0.78932689037174,0.351200053701177,0
0.412769027519971,0.0396821342874318,0.243851109175012,0.843222524039447,0.489273323211819,0.545291759539396,0.0749095485080034,0.420452158898115,0.219399097608402,0.962306143715978,0
0.762290292885154,0.388460287591442,0.39834061358124,0.252445565303788,0.348515999736264,0.020815250929445,0.579967045923695,0.0842596250586212,0.528647355735302,0.843464645324275,0
0.828122059348971,0.669265778269619,0.152547496836632,0.320169406710193,0.720388329820707,0.186237702146173,0.659521747380495,0.313492439920083,0.140614234143868,0.826223077950999,0
0.495302350725979,0.993552669882774,0.422125878045335,0.593860304448754,0.514456721255556,0.0517374770715833,0.775279498659074,0.910704388748854,0.680180604802445,0.875039938371629,0
0.751086044125259,0.730196818942204,0.0631016532424837,0.454250503564253,0.816797607578337,0.966672899900004,0.179827632848173,0.554566484410316,0.83035899582319,0.131545454729348,0
0.897169129457325,0.430760208982974,0.706717856228352,0.153455585241318,0.48689653351903,0.543359518749639,0.546721017919481,0.101423737127334,0.330440967809409,0.109320250339806,0
0.780734710628167,0.90398942749016,0.795544566353783,0.560400875750929,0.537429877789691,0.610348701477051,0.064254205673933,0.275155933573842,0.138566651148722,0.361633550608531,0
0.0898281731642783,0.611030637286603,0.327362010488287,0.459562693722546,0.417647139634937,0.3191902206745,0.226521465927362,0.180010537384078,0.116494268644601,0.653471425874159,0
0.490341015392914,0.736125335330144,0.658896703505889,0.983715202193707,0.552703145658597,0.993925265735015,0.0238868820015341,0.727672443725169,0.127899234648794,0.256067653885111,0
0.808832028880715,0.00879299035295844,0.937047834508121,0.703700970392674,0.718059862498194,0.92193031962961,0.330178047763184,0.814397994428873,0.258219739422202,0.233361324993894,0
