"1","2","3","4","5","6","7","8","9","10","class"
0.937423551920801,0.152461547343992,0.0717170257121325,0.942797909723595,0.926870178664103,0.386175841558725,0.666841165861115,0.524210879579186,0.447178398258984,0.4174313780386,0
0.469308617291972,0.000538433436304331,0.125036798417568,0.452841058140621,0.196097373496741,0.680458233691752,0.853885399643332,0.0882175811566412,0.440847538411617,0.337746847420931,0
0.0681599911767989,0.175660123117268,0.652523890370503,0.0464184749871492,0.955938584404066,0.812041915021837,0.0482593271881342,0.95327524212189,0.325985871721059,0.24274698109366,0
0.909453967473935,0.725886066211388,0.544615939026698,0.577879100572318,0.49991975305602,0.52019503666088,0.356062726117671,0.176287419162691,0.383519614348188,0.0555846460629255,0
0.993916114700772,0.266102658119053,0.936155960895121,0.660353258484975,0.947269978467375,0.585626960499212,0.0162773290649056,0.641293669352308,0.0528026479296386,0.574122988851741,0
0.650422630831599,0.888076320523396,0.364113887539133,0.657360016833991,0.187221830710769,0.391588875325397,0.788169272709638,0.423620047746226,0.115326406201348,0.917575135827065,0
0.139860498718917,0.851771712535992,0.620422353269532,0.165595768019557,0.708338259253651,0.745510182343423,0.924219045555219,0.615718014538288,0.961314718006179,0.459105282090604,0
0.962112115696073,0.863753538578749,0.972080061677843,0.695601548533887,0.241355507867411,0.771502011455595,0.178164993878454,0.0824494815897197,0.207969084847718,0.268370229750872,0
0.272698312183097,0.614838202483952,0.586252112174407,0.419507802231237,0.736516665434465,0.764075406594202,0.00700846733525395,0.500798971625045,0.0445728683844209,0.260969603667036,0
0.780083095422015,0.131023962713499,0.698907027719542,0.416954102925956,0.282382626319304,0.219336536247283,0.482572369044647,0.459803642937914,0.289354241918772,0.974817641079426,0
0.727145885117352,0.115305307786912,0.50041214725934,0.0202524878550321,0.830445325467736,0.0583043431397527,0.544767293846235,0.896039788145572,0.425522266421467,0.85201952769421,0
0.282038968522102,0.249482111632917,0.99848563154228,0.714190664235502,0.375045814085752,0.963307562749833,0.19287284440361,0.599946508882567,0.642509751254693,0.673228519270197,0
0.905972379492596,0.714526369702071,0.672961169155315,0.0836612798739225,0.891229937318712,0.98589865048416,0.875857549952343,0.936379199381918,0.317683631088585,0.051581694977358,0
0.0970650902017951,0.343020378611982,0.466965501662344,0.023795539047569,0.548738073091954,0.79154358827509,0.293968421639875,0.507969468599185,0.324216345325112,0.293450971599668,0
0.951007474912331,0.0569622819006443,0.321365520823747,0.39386873296462,0.413667683489621,0.582442862214521,0.822083967737854,0.511387322330847,0.935622768476605,0.734714223071933,0
0.854473070940003,0.096786935813725,0.697707671904936,0.696680214256048,0.542996613308787,0.0252051497809589,0.079093849286437,0.313495617359877,0.510193316964433,0.527281792135909,0
0.128828158834949,0.171928107040003,0.806339704664424,0.42258985969238,0.188540464267135,0.76246136566624,0.27791878185235,0.129164500627667,0.155629766406491,0.176194318803027,0
0.659935851764586,0.816673134686425,0.563943804940209,0.597103181062266,0.619444984011352,0.687010514782742,0.39184277295135,0.0760889714583755,0.148834833875299,0.514878585934639,0
0.318531170720235,0.897406217771396,0.292590893339366,0.155410981737077,0.570972252869979,0.36447113729082,0.110166538972408,0.573034166824073,0.0354774747975171,0.431030012201518,0
0.866717387223616,0.263169618789107,0.0457778805866838,0.542527123354375,0.837486913427711,0.20443468587473,0.801770481280982,0.678093226626515,0.41503135021776,0.827773137949407,0
0.0629595788195729,0.323316374793649,0.260549397440627,0.786474037682638,0.714418344898149,0.506389624206349,0.409501837100834,0.569519828306511,0.794258659239858,0.875515529420227,0
0.278489021817222,0.173481327714399,0.0334411044605076,0.401598539669067,0.387897245120257,0.0163584928959608,0.927572651999071,0.263302843319252,0.344190142583102,0.0354971226770431,0
0.127604555571452,0.0515369362995029,0.0227725405711681,0.828028033254668,0.617665919940919,0.545716315042228,0.333754838677123,0.362273787148297,0.174847705522552,0.690156358294189,0
0.136267311002221,0.458006032975391,0.779148263158277,0.589432044653222,0.375908268615603,0.0855198462959379,0.569080501794815,0.719046578742564,0.712852239375934,0.713252909015864,0
0.72061970779337,0.359298836439848,0.0708021894097328,0.346365114441141,0.803391021909192,0.137691739248112,0.224145683227107,0.0461607282049954,0.235818887362257,0.812475618207827,0
0.165930992364883,0.0828807784710079,0.945686310529709,0.700931118801236,0.306569068459794,0.27159834979102,0.558261184254661,0.48385250591673,0.704630689695477,0.424852751195431,0
0.143029944971204,0.129279377248138,0.290609091520309,0.369070885470137,0.0234827890526503,0.317826832411811,0.638114628614858,0.0421612139325589,0.720599202439189,0.703435384435579,0
0.31287530856207,0.942620943766087,0.76892874063924,0.302048385841772,0.330006058327854,0.0962352498900145,0.233783498872072,0.040864099515602,0.869867590023205,0.799862963147461,0
0.735407740809023,0.884466642513871,0.252694079186767,0.23922123759985,0.285527586005628,0.471072376705706,0.848714309511706,0.281866050325334,0.729676673421636,0.806728617288172,0
0.873278826242313,0.857625073753297,0.0626757179852575,0.34141148487106,0.57130481232889,0.011475324165076,0.549705853918567,0.238291857065633,0.584946769988164,0.931141777895391,0
0.674534634687006,0.824339133454487,0.2092701618094,0.820027911337093,0.48967071576044,0.701295661041513,0.491149260196835,0.961400415748358,0.91676773247309,0.18588268966414,0
0.18252397258766,0.708346372275241,0.771968300687149,0.847699391655624,0.106464465381578,0.414974578423426,0.989283274160698,0.446233602007851,0.920876786345616,0.577380446949974,0
0.837228038813919,0.211908271536231,0.232131189666688,0.671451935777441,0.821319287875667,0.765314022544771,0.168120672460645,0.676178934983909,0.61169383302331,0.282596733421087,0
0.906820794891007,0.409390160348266,0.421270591206849,0.749174613971263,0.405380235752091,0.487133001442999,0.411299775587395,0.346877303440124,0.592394780134782,0.0385310489218682,0
0.502800928428769,0.214540524820238,0.424431162886322,0.881177119677886,0.930000777356327,0.585424878634512,0.0775680358055979,0.109264584025368,0.7408408052288,0.637941762339324,0
0.762640695320442,0.100806702023372,0.640316258184612,0.544222937431186,0.638008203124627,0.656911778496578,0.675165189197287,0.263063196092844,0.93684920319356,0.996219574706629,0
0.466847776668146,0.291396804960072,0.667775110574439,0.377296672202647,0.996955687180161,0.230081446934491,0.626572596374899,0.465124991256744,0.313240203075111,0.852377049392089,0
0.977702789474279,0.897416738806479,0.68450228869915,0.568101669661701,0.62537172017619,0.792934254743159,0.84076516283676,0.154578353744,0.529279020847753,0.853854677639902,0
0.574011196382344,0.83041968010366,0.754820379661396,0.671188169624656,0.544900520937517,0.749536432093009,0.337733262684196,0.751326385419816,0.0235428055748343,0.929728814400733,0
0.842558953445405,0.417138554155827,0.0993384618777782,0.820415019057691,0.413958163233474,0.279862598981708,0.00886091939173639,0.56906817224808,0.0541086189914495,0.446892251493409,0
0.173661521403119,0.173867231234908,0.745899387169629,0.618085310095921,0.432019984349608,0.40377730736509,0.901283037848771,0.533585340017453,0.0487501630559564,0.54828609735705,0
0.265849558170885,0.936302390880883,0.533643634757027,0.824699451914057,0.877311476040632,0.632823837455362,0.0427012320142239,0.984869972569868,0.637514021946117,0.946730623021722,0
0.668852020287886,0.0580770436208695,0.511269214330241,0.71811733674258,0.00694354739971459,0.4343044788111,0.24040717119351,0.488786660833284,0.833780199754983,0.803044192725793,0
0.150908221257851,0.90458330581896,0.345844679977745,0.862623038236052,0.412962646689266,0.0391230923123658,0.984827676322311,0.535213442053646,0.397329811472446,0.356414769077674,0
0.537228555884212,0.91965845738817,0.429903737735003,0.0177914185915142,0.962980534648523,0.478282364550978,0.224492469336838,0.257296710507944,0.486680711386725,0.189226554473862,0
0.925449343398213,0.822354189353064,0.623760129325092,0.599408903624862,0.0159801328554749,0.652958442922682,0.749650507932529,0.891224595950916,0.0721308786887676,0.153471106430516,0
0.718731072498485,0.0571200270205736,0.40173689625226,0.745359790278599,0.56514974636957,0.90655375039205,0.464809398399666,0.26401138282381,0.434116812422872,0.748699638294056,0
0.821399642620236,0.290442210156471,0.748475068248808,0.0439209963660687,0.389984427019954,0.0931079119909555,0.867294701049104,0.563911691773683,0.894155433634296,0.562066629063338,0
0.258337095189467,0.0909667606465518,0.509517978643999,0.652381403604522,0.249162341002375,0.0945463224779814,0.512057891348377,0.168168597854674,0.560551081551239,0.064456800930202,0
0.742352616274729,0.839776888256893,0.73265717108734,0.602046600077301,0.32101905788295,0.9550155706238,0.968845622381195,0.132336266571656,0.167985912878066,0.108845230424777,0
0.356706212507561,0.344177136803046,0.799006235785782,0.834810267668217,0.292491538915783,0.871705889701843,0.755283096572384,0.878943452611566,0.247048697900027,0.604565875837579,0
0.339529422810301,0.850311470218003,0.863189662108198,0.0262865277472883,0.965308056678623,0.655503910500556,0.561972676310688,0.568409903207794,0.255204553017393,0.682469103252515,0
0.338356053242274,0.529045788338408,0.57801304385066,0.438016633037478,0.540439908858389,0.237462067510933,0.934664860367775,0.0181863869074732,0.924312588991597,0.11547304620035,0
0.922960785683244,0.216881716158241,0.050571229076013,0.362661672988907,0.712038869503886,0.998125559417531,0.686691723763943,0.733415262540802,0.782662742305547,0.198028120445088,0
0.104943350423127,0.312152446247637,0.779952022014186,0.273418782977387,0.203073807992041,0.0342912755440921,0.491303283721209,0.0455489549785852,0.577776840887964,0.29277467331849,0
0.426926675718278,0.164204737637192,0.0662871710956097,0.310816269135103,0.225105642341077,0.680308112641796,0.642525886883959,0.506198939401656,0.617907979758456,0.599661315325648,0
0.0747131498064846,0.663361092563719,0.573447293369099,0.0567688241135329,0.278776716208085,0.0108065556269139,0.127550486940891,0.684192478191108,0.773634592536837,0.289635303430259,0
0.857148895040154,0.700662119279243,0.280824661022052,0.290988398250192,0.770051847212017,0.257395959692076,0.442471939139068,0.971122052986175,0.749736570985988,0.0254570166580379,0
0.251462802756578,0.0461143602151424,0.464729761937633,0.913452976150438,0.0441097249276936,0.0610824527684599,0.604430339764804,0.672905156388879,0.465780275641009,0.579751520650461,0
0.0589907786621712,0.10600080434233,0.454279438592494,0.4539402006194,0.110194646986201,0.627725280355662,0.963340283837169,0.510474128415808,0.0678385852370411,0.134648291859776,0
0.879418651107699,0.839418219169602,0.714050995651633,0.412227303721011,0.0861464866902679,0.0806762455031276,0.517735201166943,0.937674544751644,0.796416307333857,0.103660514345393,0
0.930567947449163,0.851541030686349,0.924424900207669,0.134741791523993,0.361178643302992,0.247170305112377,0.921124498359859,0.51260954560712,0.62206840608269,0.438085321336985,0
0.0749245989136398,0.439682828495279,0.0257192333228886,0.801019664620981,0.687119316775352,0.0446585302706808,0.899021225515753,0.695097751449794,0.97377604059875,0.61550882505253,0
0.759745992487296,0.756184557761904,0.405636424198747,0.81653818488121,0.353223750600591,0.485298156039789,0.717646241188049,0.578110850648955,0.0233778397087008,0.65605314145796,0
0.119709859602153,0.953212328953668,0.760723499115556,0.452531698392704,0.324174475856125,0.252654572948813,0.629824982956052,0.107296871254221,0.129119673278183,0.169624298112467,0
0.012714889831841,0.119972012704238,0.745147040812299,0.273800735361874,0.766889738151804,0.128022794146091,0.912519312463701,0.889684635680169,0.877844526898116,0.657969292951748,0
0.914951515151188,0.124941308986768,0.776498002698645,0.256900365464389,0.560391173930839,0.513746910262853,0.190049174241722,0.304870569612831,0.752712821820751,0.86528010154143,0
0.869287769543007,0.451422187266871,0.78073669760488,0.933077629189938,0.852341869380325,0.478770587360486,0.921612130943686,0.231766583863646,0.94938889471814,0.0921744138468057,0
0.214256944600493,0.932160049470142,0.579323414480314,0.468683231156319,0.719880446093157,0.828174212248996,0.697311113588512,0.825636878143996,0.781042530899867,0.0780339888297021,0
0.902106727007776,0.811666056979448,0.475923265330493,0.794682517880574,0.497056655585766,0.237203876022249,0.0702884367201477,0.590913608670235,0.375126800965518,0.511985032819211,0
0.942720854422078,0.246048919390887,0.164912599371746,0.962921961676329,0.699988277629018,0.141843345714733,0.913011896191165,0.380696048727259,0.674193445127457,0.889863677090034,0
0.812159351442847,0.231087268562987,0.102233864599839,0.590201740851626,0.64248193288222,0.705887083662674,0.744854080490768,0.00726354448124766,0.497827287996188,0.526319183409214,0
0.667910730279982,0.317020974867046,0.571389510063455,0.432387983892113,0.266580009134486,0.955016882857308,0.984793157316744,0.807599253952503,0.259646443650126,0.72248023073189,1
0.117961210897192,0.639426423702389,0.830664468929172,0.641943044960499,0.695784582290798,0.751623161602765,0.9756217924878,0.884178571868688,0.515885643195361,0.274279576726258,0
0.574317067861557,0.645941427190229,0.742851511342451,0.789132485864684,0.154910664074123,0.0744544605258852,0.808647498721257,0.677428936818615,0.281380353728309,0.210676216054708,0
0.917164845857769,0.328347711823881,0.484010034240782,0.502048423280939,0.227268834831193,0.422673107357696,0.502425969345495,0.15317799965851,0.893686514347792,0.0480724491644651,0
0.883841603063047,0.974543302552775,0.233067003078759,0.958831261377782,0.0122124957852066,0.496105811558664,0.682428697822616,0.0143789947032928,0.538612422998995,0.850615255301818,0
0.782885833876207,0.0747805691789836,0.496554487617686,0.911955380812287,0.0393995707854629,0.753036830341443,0.694014884065837,0.651924908393994,0.0318188194651157,0.708666544873267,0
0.315301887923852,0.328042461875081,0.420853637857363,0.104566849535331,0.601602331735194,0.265672276960686,0.330843590432778,0.134113918291405,0.273819846799597,0.172450410900638,0
0.0137017725501209,0.0319993083830923,0.87488149642013,0.881252720952034,0.79465351626277,0.250387423206121,0.830670208670199,0.937529772985727,0.211717673577368,0.230094909202307,0
0.99408772890456,0.684472057502717,0.0420370157808065,0.340971512952819,0.887922168243676,0.863271423382685,0.413969942601398,0.411157137481496,0.021107770036906,0.206931391032413,0
0.895026579499245,0.222183049889281,0.86261921399273,0.0883750182110816,0.3296879241243,0.772303120233119,0.545644208788872,0.780167083255947,0.863183072768152,0.543117739260197,0
0.0664166861668229,0.195705928606912,0.847940457286313,0.568930331384763,0.846867176936939,0.0198379773646593,0.231283183209598,0.645864253630862,0.249604508979246,0.129677589284256,0
0.802491415011231,0.363205241272226,0.803956666728482,0.641149419825524,0.813992045586929,0.0155684729106724,0.392101740930229,0.546597995096818,0.690788946580142,0.966882826760411,0
0.21550592254065,0.788351092021912,0.567351782228798,0.322251693811268,0.526285494677722,0.559994091745466,0.406069260789081,0.540496104164049,0.685980747221038,0.946117652347311,0
0.674771391320974,0.0580986286513507,0.609757016412914,0.748629715759307,0.318825064692646,0.333217086503282,0.523836926091462,0.206924816127867,0.501572476932779,0.655233091441914,0
0.455603922484443,0.145158021477982,0.0338536137714982,0.268266432918608,0.28160889679566,0.600102148484439,0.147167472634465,0.0789254412520677,0.447770809754729,0.998438550624996,0
0.702461252330709,0.413790542865172,0.769451052881777,0.894966416060925,0.609568384708837,0.150633088545874,0.355228351196274,0.176025103079155,0.377397340955213,0.470252788625658,0
0.638384345220402,0.655533048242331,0.164872502908111,0.213919542497024,0.947296335594729,0.709129108116031,0.0386755994986743,0.777689571958035,0.684695895761251,0.087308467598632,0
0.566360444296151,0.930595670826733,0.443021152634174,0.291144362650812,0.0141245385166258,0.775934003526345,0.754981170175597,0.119934412185103,0.456205326598138,0.81869980902411,0
0.437766200862825,0.0165024327579886,0.214528114767745,0.47969705495052,0.768646563170478,0.974507823120803,0.986812343588099,0.231675719376653,0.494251771830022,0.8110348705668,0
0.538352589355782,0.8674687058785,0.122675078688189,0.622311403974891,0.336006772005931,0.156705983681604,0.133711061440408,0.348304687300697,0.85799746401608,0.35351113602519,0
0.513703253818676,0.0837046022061259,0.0114699355326593,0.31386165576987,0.905797178158537,0.985289246542379,0.196909482358024,0.719920366536826,0.938371311174706,0.0530397621914744,0
0.92156319716014,0.386446628021076,0.715468139387667,0.591534595936537,0.492551004281268,0.50501928338781,0.509424635674804,0.963955954648554,0.926857626531273,0.464186963159591,0
0.0313936319991946,0.704318431206048,0.738978451117873,0.483155234716833,0.0946214008145034,0.116955860052258,0.0914869927801192,0.123729627113789,0.581609361805022,0.137787866638973,0
0.228501732926816,0.849388784961775,0.143434545956552,0.674078740878031,0.300091011216864,0.469217825680971,0.854995554778725,0.127218229463324,0.906815379159525,0.583670370746404,0
0.808192273136228,0.215050384650007,0.957690979354084,0.125686974031851,0.147426037117839,0.406282017240301,0.679434170247987,0.825813031755388,0.412110004806891,0.558673791587353,0
0.0493030254729092,0.503021775046363,0.133769971085712,0.461212269961834,0.324691244168207,0.741536461515352,0.44041476608254,0.644077737582847,0.871868625516072,0.327796429628506,0
0.0129860069137067,0.536068182671443,0.521108028013259,0.909685980062932,0.0234262200538069,0.254717980045825,0.538961173733696,0.794324129121378,0.627500613452867,0.97755644377321,0
0.897229269612581,0.22143038851209,0.245667762123048,0.760848264209926,0.884303206345066,0.300481367623433,0.173583883792162,0.341109559871256,0.603180682752281,0.501870396547019,0
