"1","2","3","4","5","6","7","8","9","10","class"
0.519664573017508,0.0783575132675469,0.823504368076101,0.56309209112078,0.14022081438452,0.905080515658483,0.103154968935996,0.934406195301563,0.718670907430351,0.439093719469383,0
0.144441350487806,0.756239189300686,0.382245671702549,0.659799895249307,0.243687759619206,0.424484259216115,0.944827699102461,0.495114525547251,0.020051775733009,0.190788067411631,0
0.755842063026875,0.969606482656673,0.10824530175887,0.0285410357173532,0.739210907835513,0.685695620020851,0.456241173436865,0.667706245323643,0.30658703809604,0.412567192455754,0
0.50495160324499,0.108386625768617,0.866783801000565,0.136634692316875,0.733137204544619,0.554377755848691,0.545974279753864,0.746226686285809,0.446515231858939,0.0515706434380263,0
0.236727037234232,0.892098634424992,0.818915872136131,0.229560575680807,0.415129296015948,0.717309254687279,0.639715415425599,0.448523624101654,0.84222411760129,0.174992140615359,0
0.17503109755367,0.471350081730634,0.562191421166062,0.212441759184003,0.445483712013811,0.734242524253204,0.943987173493952,0.37638349737972,0.546205654274672,0.714979027630761,0
0.0668889924418181,0.234698497764766,0.909963925136253,0.908169897506014,0.33309610793367,0.822758432012051,0.0933483797125518,0.873033401323482,0.923607497708872,0.854785998584703,0
0.0544807771220803,0.249004060868174,0.027663383865729,0.555203218944371,0.74494180874899,0.0560451874043792,0.724524515448138,0.34863026603125,0.242334903217852,0.363700199173763,0
0.342423515161499,0.987472733744979,0.499446353875101,0.843179624294862,0.829522805055603,0.338777778903022,0.168175544356927,0.595727513544261,0.976271850289777,0.510458678705618,0
0.927475185133517,0.316180295310915,0.153058740543202,0.93172251409851,0.103114479919896,0.479742270894349,0.515102441189811,0.246134221553802,0.778657368384302,0.10740027576685,0
0.902736592339352,0.78009719401598,0.467534671770409,0.675263345241547,0.102858637925237,0.476805079495534,0.189578957622871,0.556267162784934,0.200441647088155,0.601552780484781,0
0.134397005775571,0.398318625986576,0.770101847359911,0.302142222411931,0.83742580213584,0.94338082592003,0.781472759088501,0.713902699761093,0.924484679475427,0.698329908773303,0
0.648053531069309,0.219994616576657,0.360232980921865,0.252500502159819,0.93551155552268,0.291565341874957,0.0333148571662605,0.776272075949237,0.104937165044248,0.193018276011571,0
0.993778338655829,0.214226603821199,0.626862362958491,0.689565782202408,0.0959264701232314,0.827502571512014,0.998034358723089,0.327171180630103,0.958206073381007,0.806270640343428,0
0.826056572142988,0.907086791703478,0.818882359424606,0.181003818055615,0.269827117444947,0.973807456437498,0.425051576923579,0.911727387690917,0.214072208851576,0.937309657223523,0
0.198694041697308,0.23290259028133,0.767964647850022,0.998735410859808,0.361434001708403,0.828109705122188,0.637694098055363,0.86981208389625,0.694672862067819,0.767027945257723,0
0.127952378914319,0.334978553233668,0.462150512030348,0.710847930749878,0.72070694854483,0.690499784890562,0.706423963885754,0.50598681718111,0.704341588541865,0.540504367789254,0
0.818248594292626,0.296880512498319,0.704096778761595,0.713561549782753,0.0489717745222151,0.10316945402883,0.81720668124035,0.842352059902623,0.00986093143001199,0.0735316562931985,0
0.0934492293745279,0.0312363761477172,0.202446182258427,0.394109510583803,0.580839746398851,0.747042189585045,0.75538472016342,0.656942988513038,0.785802102414891,0.438969361130148,0
0.612104526720941,0.205356298071798,0.349120197352022,0.487137879012153,0.748467138037086,0.775835290784016,0.858422074001282,0.47903381776996,0.043496958212927,0.608797063119709,0
0.799421958625317,0.00891598872840405,0.5458707830403,0.746871565934271,0.345202920027077,0.732819227268919,0.149351150263101,0.92705602501519,0.380345237907022,0.335430013714358,0
0.127639593326021,0.77630483196117,0.779928156873211,0.193671692861244,0.67385413357988,0.0957402107305825,0.62656001932919,0.944018959533423,0.874187579611316,0.319457898847759,0
0.257016048967838,0.110753901535645,0.602939274627715,0.619435335276648,0.764914297964424,0.462472812505439,0.857873906148598,0.820937499403954,0.108346713008359,0.990966130513698,0
0.0961665723007172,0.470411794725806,0.375716220354661,0.64365745568648,0.582982864696532,0.59432879765518,0.629486266989261,0.186935810139403,0.965548371896148,0.142542235786095,0
0.602593545801938,0.180286046311818,0.587655640905723,0.819477641023695,0.325553075876087,0.788364008301869,0.138906844658777,0.53615707019344,0.470594990300015,0.417928092880175,0
0.909632508875802,0.870776023017243,0.482916313456371,0.650899107102305,0.367433619918302,0.0529031853657216,0.017920529237017,0.21520679956302,0.488349936204031,0.239814487053081,0
0.0167679535225034,0.567521179793403,0.404943802161142,0.558012874331325,0.0486869150772691,0.301227475050837,0.0878828577697277,0.558137698797509,0.850996016291901,0.403216253733262,0
0.0362910201271996,0.693398557137698,0.992162089562044,0.103135542944074,0.447070109192282,0.931714826263487,0.433848689543083,0.341376047814265,0.52531541348435,0.133829038590193,0
0.9995427780075,0.976377342129126,0.268336883280426,0.663619514321908,0.822479179827496,0.898634367156774,0.801281440071762,0.443330578738824,0.801828330149874,0.0119329923763871,0
0.0707611432299018,0.819522643401381,0.022414916427806,0.153865764150396,0.900618608575314,0.861600267002359,0.0893130905460566,0.332279810681939,0.127270227298141,0.371281146304682,0
0.980977076338604,0.721689672209322,0.943126405822113,0.393361755413935,0.892369120381773,0.875942451413721,0.743002807255834,0.305293613113463,0.932390280533582,0.392437257338315,0
0.129283826099709,0.916761096334085,0.514309343649074,0.639355328166857,0.300480459583923,0.825028232298791,0.366391618503258,0.813002473209053,0.548828179016709,0.467946768738329,0
0.105134410317987,0.0984741027932614,0.412676243111491,0.961186033207923,0.720869272015989,0.0937893870286644,0.231110415887088,0.837028073146939,0.543709186604246,0.0281583564355969,0
0.268986511277035,0.0675625097937882,0.869390428531915,0.336695956764743,0.3930521577131,0.298604422016069,0.0773662053979933,0.246509918943048,0.770245626568794,0.851568086538464,0
0.36994501738809,0.925015195971355,0.0769551156554371,0.497952740872279,0.747108698356897,0.407105471473187,0.914842595113441,0.200488244183362,0.401406426215544,0.216246186057106,0
0.165577801598236,0.897607419639826,0.688167701242492,0.405706463847309,0.285644192714244,0.288871132303029,0.677867559483275,0.399077790789306,0.89174746023491,0.210072757443413,0
0.782017271089181,0.575140836415812,0.389818178722635,0.603524106787518,0.0392857145052403,0.415873266058043,0.000920706894248724,0.988467125687748,0.572895644465461,0.506094214506447,0
0.898795472690836,0.465408747782931,0.804924289230257,0.181633421918377,0.567692809039727,0.962661534082144,0.22489444189705,0.762295348569751,0.721268402878195,0.393958038883284,0
0.710990266175941,0.0190714548807591,0.710593199823052,0.0290966813918203,0.417115163058043,0.611957272747532,0.408302912255749,0.227210512151942,0.649843897670507,0.404383631655946,0
0.807580952610914,0.330616709543392,0.43109556264244,0.761645957827568,0.534133201930672,0.938537083799019,0.273195551009849,0.845844583353028,0.814619067590684,0.193694584770128,0
0.527230763342232,0.744755044445395,0.172562608495355,0.553832003613934,0.82204469689168,0.688925236929208,0.706151501974091,0.380306143546477,0.825035152956843,0.772520835511386,0
0.975089620333165,0.401081703836098,0.847268772544339,0.0929828169755638,0.995461649727076,0.295012870104983,0.52181903552264,0.431736079510301,0.717292227316648,0.907292204676196,0
0.943188488250598,0.972194739384577,0.621690560365096,0.530587653862312,0.426550157368183,0.657741668168455,0.619504135334864,0.116566324839368,0.630645886762068,0.155648138606921,0
0.666578993434086,0.181550102353748,0.89449476916343,0.925319625763223,0.694147846661508,0.5197743633762,0.971304906299338,0.804479514947161,0.735103215556592,0.51225019316189,0
0.748789557488635,0.195200218054839,0.749149990268052,0.377183862030506,0.302933257305995,0.182775026420131,0.965113682672381,0.465382879599929,0.959442076971754,0.777184097329155,0
0.828578610438854,0.113587222339585,0.185161651112139,0.961543782381341,0.173608638811857,0.787992587313056,0.677244983846322,0.0200548996217549,0.460831033531576,0.854047016240656,0
0.862559212138876,0.81720940509811,0.257189709926024,0.34626729041338,0.361738143721595,0.997412252705544,0.948989673750475,0.568593553267419,0.252162531251088,0.600089554442093,0
0.107801873236895,0.305198723450303,0.152925287373364,0.224866744829342,0.964798496337608,0.794593031518161,0.76895084255375,0.600161624839529,0.871047747554258,0.938341190805659,0
0.884473060723394,0.612881366629153,0.623547896742821,0.0933229736983776,0.716211751569062,0.600412639556453,0.716818557819352,0.722700277110562,0.755047427490354,0.190030389698222,0
0.319954434176907,0.995565046725795,0.056611358653754,0.293557855067775,0.19297753367573,0.343740116339177,0.883429202949628,0.0708669712767005,0.29796885419637,0.689414726570249,0
0.818056241730228,0.83260816289112,0.0781497489660978,0.506870615063235,0.970201947493479,0.615708572557196,0.377663474995643,0.547110605519265,0.893289167899638,0.155298692639917,0
0.273337084101513,0.109282160410658,0.104194296756759,0.801209999248385,0.535948337987065,0.322101494995877,0.467893866589293,0.944589066551998,0.960459990892559,0.420154687948525,0
0.0334290834143758,0.810061446626671,0.0495262385811657,0.00285911816172302,0.0070442040450871,0.855179319391027,0.684368281625211,0.907100575510412,0.668350830674171,0.97021447494626,0
0.103826879756525,0.168511691503227,0.693943817634135,0.173329135403037,0.738755975849926,0.936911279102787,0.199790585320443,0.393259841483086,0.11859992495738,0.0648730983957648,0
0.657337938901037,0.0313235242843628,0.493052425328642,0.873237856430933,0.667541968636215,0.194234434980899,0.863502173218876,0.785593656590208,0.538446025922894,0.114887855714187,0
0.816700792405754,0.0196366717573255,0.585967402905226,0.202442206908017,0.575316794915125,0.799540575128049,0.050599887734279,0.617812245385721,0.823370746569708,0.411948307882994,0
0.926298123551533,0.650414251489565,0.526717514032498,0.367785864509642,0.543335061054677,0.193851180607453,0.660850204527378,0.150717509677634,0.200559711782262,0.946303103119135,0
0.890270740259439,0.014196328868717,0.355559520423412,0.886249065166339,0.535043101059273,0.678284309338778,0.354384308448061,0.153598526027054,0.883627098053694,0.109990132041276,0
0.297287878347561,0.982810688903555,0.509276020573452,0.167987227672711,0.588330595754087,0.508154383394867,0.904806089354679,0.112215165514499,0.87182941660285,0.954288428416476,0
0.777725532650948,0.0538115441555157,0.832138472935185,0.734797286335379,0.495848005637527,0.194078969070688,0.274308691965416,0.822503984207287,0.416389403864741,0.998433102387935,0
0.897169653559104,0.820766954217106,0.027321714675054,0.939889055909589,0.94544177222997,0.795504798647016,0.737532930681482,0.886533085023984,0.19663348258473,0.207846723031253,0
0.0693262272980064,0.39370899554342,0.269268789561465,0.608300627209246,0.090868606697768,0.792786119971424,0.449961078120396,0.358995277201757,0.120397859252989,0.0308644929900765,0
0.691727984929457,0.150035520146787,0.292004155926406,0.229980424512178,0.570413546636701,0.853597583714873,0.446123894536868,0.418970717815682,0.754890163894743,0.620983593631536,0
0.67764452798292,0.124162002000958,0.700001887744293,0.712449193466455,0.582992992829531,0.322518961271271,0.232901580864564,0.58744160970673,0.749082051450387,0.444903290830553,0
0.0976936726365238,0.578566197073087,0.73263622680679,0.342077292501926,0.626327050151303,0.238502146443352,0.923627604730427,0.837823425186798,0.0404249122366309,0.980567582184449,0
0.134637163951993,0.22455831267871,0.563670280622318,0.453102001687512,0.860006236704066,0.350016553653404,0.827915625181049,0.437841681530699,0.133678252343088,0.477736989269033,0
0.0618294065352529,0.594788432354107,0.233883353183046,0.662417865358293,0.832661947002634,0.509966670302674,0.78206273377873,0.314634689129889,0.256835149833933,0.976319947745651,0
0.273552758041956,0.370814725523815,0.23531125462614,0.50395967415534,0.415613274788484,0.171637231018394,0.246358568780124,0.0555574996396899,0.988116760971025,0.132807441055775,0
0.93835366028361,0.870027630124241,0.0585066268686205,0.856174733256921,0.287695061415434,0.18370934878476,0.837183441501111,0.764721714425832,0.744757653679699,0.825729624833912,0
0.207901982011553,0.388864577747881,0.268455847166479,0.0757614662870765,0.998913590563461,0.744892665650696,0.076933033997193,0.203550694510341,0.207485497696325,0.646530628902838,0
0.0303162865117192,0.635037714149803,0.830810989951715,0.992453589104116,0.690280252834782,0.923828740371391,0.391946637071669,0.262902765534818,0.414822618942708,0.727520881220698,0
0.0581796336919069,0.775434339186177,0.729200747562572,0.88710088073276,0.846755900653079,0.952286718180403,0.826848098542541,0.126654841238633,0.105695709120482,0.361259660217911,0
0.146310004405677,0.860298129962757,0.483136509545147,0.0424349990207702,0.606732944026589,0.736179866828024,0.954327610787004,0.7265012152493,0.564581542974338,0.593677791766822,0
0.066701494017709,0.816234967205673,0.293964534532279,0.311855245381594,0.627160730306059,0.989969333866611,0.86686017154716,0.139544368255883,0.830146257532761,0.949665348278359,0
0.224971142830327,0.0581354470923543,0.0667752509471029,0.0264158013742417,0.835353029426187,0.740368875907734,0.11718446132727,0.902586911106482,0.0689857711549848,0.0465417092200369,0
0.854970992077142,0.0965508750081062,0.7509957451839,0.50076651503332,0.458819975843653,0.690995312994346,0.357728660805151,0.528950281441212,0.852594095049426,0.093807925703004,0
0.906221954844892,0.865901006152853,0.138359426986426,0.0877448583487421,0.712340684840456,0.67507263738662,0.489024729467928,0.0902440820354968,0.646767733385786,0.638542793225497,0
0.249702147440985,0.109690806362778,0.383690741378814,0.425995334750041,0.350607152329758,0.41297914320603,0.790537624619901,0.263573657022789,0.426405245438218,0.0433757130522281,0
0.212566440086812,0.285363898612559,0.647605665028095,0.0431928061880171,0.851154373027384,0.402829612372443,0.70927334879525,0.416426844196394,0.952520820079371,0.0305102227721363,0
0.0274417874774896,0.999602766474709,0.15351899433881,0.0817447381559759,0.576545282499865,0.522356697358191,0.877919562393799,0.183248839108273,0.407358794473112,0.893920244416222,0
0.0982619409011677,0.959912203717977,0.360728620085865,0.348948538303375,0.85791452252306,0.220571827609092,0.564336708979681,0.969215912744403,0.477441546972841,0.460455583641306,0
0.850737928412855,0.859823378035799,0.601668061688542,0.293925838312134,0.0714632263407111,0.398471588036045,0.00793061102740467,0.0140488366596401,0.916347219375893,0.49776400020346,0
0.909470539176837,0.592395370127633,0.369170619640499,0.304257490905002,0.554409182630479,0.490611018845811,0.228279998060316,0.365612467285246,0.105580681934953,0.134776438819245,0
0.951581635279581,0.278218869950995,0.984241278842092,0.367019338998944,0.222922294167802,0.823410797631368,0.197032487252727,0.639658995904028,0.0590819483622909,0.841842246940359,0
0.0944332084618509,0.49225082132034,0.502410018118098,0.197285868227482,0.95382712315768,0.549344905652106,0.48229996021837,0.257799864048138,0.420542247127742,0.919269402511418,0
0.00709185854578391,0.588612461928278,0.868702212581411,0.657435404136777,0.510045295814052,0.485022722743452,0.414132791105658,0.185931101441383,0.729744745418429,0.590695612598211,0
0.320323687512428,0.967156849103048,0.276684881420806,0.220438508549705,0.420727537246421,0.257676337845623,0.83394098142162,0.267138552851975,0.651818718994036,0.0837004028726369,0
0.0667973132804036,0.160371340345591,0.287998746382073,0.497293381486088,0.621901495847851,0.557810419006273,0.304771768860519,0.0778019449207932,0.537163263419643,0.714400492375717,0
0.799713048851117,0.0568505816627294,0.246040706289932,0.449139058124274,0.992167020915076,0.443081780336797,0.262503164820373,0.334287792211398,0.92829105979763,0.316567448200658,0
0.0184179428033531,0.713885267265141,0.566085298778489,0.326225182972848,0.327307790750638,0.0447393127251416,0.590770332375541,0.316753993276507,0.709333988372236,0.677457536570728,0
0.698664702475071,0.906013348372653,0.363094245316461,0.833727906923741,0.00954778888262808,0.103443376952782,0.151172584854066,0.186041844310239,0.0566477281972766,0.175673813559115,0
0.124576896196231,0.072738159575779,0.890166982077062,0.0533571564592421,0.612453297944739,0.987822923576459,0.787954206112772,0.986978877568617,0.488066748948768,0.369430702645332,0
0.140934080583975,0.309647263260558,0.143377985572442,0.302341003669426,0.566553673939779,0.812552573857829,0.303198115667328,0.98617087607272,0.880689213983715,0.00389052601531148,0
0.663098124787211,0.138684956822544,0.20850690943189,0.698253871873021,0.19637655839324,0.994099075905979,0.113322308985516,0.116412807954475,0.810346423881128,0.44108125125058,0
0.122837139526382,0.775456945411861,0.672149702440947,0.236434297403321,0.152600758010522,0.0860435529612005,0.212079657241702,0.0675607896409929,0.610865307506174,0.951857499079779,0
0.995901477100793,0.763996110763401,0.27862659888342,0.705810494022444,0.00512784719467163,0.51123111974448,0.569182858802378,0.994987825397402,0.575189863331616,0.113439108710736,0
0.655938719166443,0.883691353490576,0.0513204000890255,0.58122876053676,0.163960396545008,0.177838822128251,0.247719737701118,0.189921560697258,0.184198308270425,0.295521619264036,0
0.0451388811341487,0.0997048299759626,0.281533439643681,0.779633497120813,0.000482628820464015,0.965781706385314,0.457624960225075,0.362618088256568,0.13339917245321,0.0833255308680236,0
0.74364816583693,0.979261567816138,0.865162282017991,0.0888914002571255,0.617384222568944,0.228843612829223,0.24789709597826,0.290515581378713,0.0519563143607229,0.0824670109432191,0
0.968258715700358,0.793838977115229,0.860659585800022,0.816545992391184,0.834188634064049,0.60537719563581,0.491399884689599,0.100519779138267,0.847182041499764,0.414005226222798,0
