"1","2","3","4","5","6","7","8","9","10","class"
0.98953492520377,0.459687072318047,0.84584993077442,0.271798437694088,0.504851785255596,0.822552905650809,0.012042029062286,0.664012744789943,0.941870520124212,0.775994753930718,0
0.296620284439996,0.899253548122942,0.375440296484157,0.954126585507765,0.731156097725034,0.413210381055251,0.679322513053194,0.9218253667932,0.0912050465121865,0.298007441218942,0
0.0663366741500795,0.635875536096655,0.670665157260373,0.76477018231526,0.386129613034427,0.628561754943803,0.626883495599031,0.189803670858964,0.940990620059893,0.541116283042356,0
0.336567568127066,0.839886161731556,0.0580801691394299,0.199149401625618,0.612881261622533,0.517120695672929,0.54757316573523,0.491504268953577,0.469257599441335,0.118145618122071,0
0.162560865748674,0.26753752399236,0.0654848495032638,0.93864519149065,0.209868752863258,0.854568048380315,0.203450031578541,0.853348738746718,0.499929367098957,0.650844478281215,0
0.499138213694096,0.86227308306843,0.826520496048033,0.00167368515394628,0.44348780810833,0.174888795707375,0.171671036630869,0.559256995096803,0.630289702676237,0.474138208432123,0
0.759088814025745,0.771757912123576,0.350329018430784,0.189585793297738,0.144503060728312,0.268555734306574,0.773109686793759,0.29487129393965,0.0536402608267963,0.522246978944167,0
0.787979708984494,0.685106008313596,0.624399142339826,0.051599720492959,0.153658360941336,0.318328042514622,0.941548157483339,0.714970412198454,0.578145074890926,0.394073158269748,0
0.351543228326365,0.85301986313425,0.198093937244266,0.859046819619834,0.131409894907847,0.393488998990506,0.0327763250097632,0.609755487414077,0.276516569778323,0.787968533812091,0
0.48063629004173,0.168766089482233,0.740080322837457,0.469380706548691,0.903048453619704,0.418691998114809,0.734269582666457,0.826196947367862,0.507490408606827,0.867161195492372,0
0.962818642030004,0.43891106848605,0.1646674182266,0.211899569723755,0.412806256208569,0.338548623025417,0.950642802985385,0.688651243923232,0.482521540019661,0.155262074898928,0
0.19174274103716,0.714939636634267,0.0934834599029273,0.895662058610469,0.759157087653875,0.646648861700669,0.504751848988235,0.0287784356623888,0.454942730022594,0.454679727321491,0
0.660260357661173,0.921178143238649,0.77037456817925,0.525440746452659,0.220885912654921,0.759352541528642,0.527407366316766,0.403200349770486,0.996371558401734,0.480858913622797,0
0.00895781675353646,0.933489638147876,0.137266790028661,0.602140974719077,0.23198535759002,0.799636012641713,0.869785840855911,0.975571995135397,0.42484789271839,0.442828938597813,0
0.211934693856165,0.13936397867715,0.0440823344979435,0.429136930033565,0.378675855929032,0.628131023142487,0.994719313224778,0.786776302615181,0.602573870914057,0.449746032711118,0
0.922271015122533,0.573723919922486,0.124715093988925,0.51990379486233,0.0332580211106688,0.908502011792734,0.667631588410586,0.331640999065712,0.351116364821792,0.138160042464733,0
0.514347115997225,0.224614017643034,0.85673927818425,0.847914020530879,0.861027084756643,0.901508684037253,0.735442680772394,0.351651483448222,0.855036921100691,0.736789135728031,0
0.226760153425857,0.128466677851975,0.154841191135347,0.396393152419478,0.337322537787259,0.0669374698773026,0.567728206515312,0.804424295434728,0.185763057786971,0.467712856596336,0
0.455807722406462,0.784403352765366,0.422676552087069,0.670162294758484,0.216304595349357,0.0378238409757614,0.34806538419798,0.0146101275458932,0.925595134729519,0.120406520552933,0
0.500123212328856,0.0793231457937509,0.857875455636531,0.28430597577244,0.544710848480463,0.0289209058973938,0.578181977150962,0.548028626479208,0.626811547670513,0.774366433499381,0
0.144476228160784,0.874515381874517,0.216515169013292,0.94291917537339,0.84728580689989,0.37727298727259,0.905699395341799,0.368063639849424,0.781102450331673,0.171530195279047,0
0.899887338047847,0.934872559863399,0.591804207768291,0.134881366742775,0.314319630619138,0.320727790240198,0.681664654053748,0.301659325370565,0.156193643109873,0.599958480102941,0
0.945194200612605,0.815317788626999,0.447567119961604,0.201701963320374,0.938351994613186,0.284310681046918,0.0281145637854934,0.585498029831797,0.944175900425762,0.70288399932906,0
0.0325800571590662,0.863847339758649,0.61040961346589,0.127042918931693,0.189698627451435,0.949541234411299,0.633087853435427,0.220143146114424,0.843400292564183,0.667840570909902,0
0.10998339462094,0.72799793118611,0.453087519621477,0.341646147193387,0.208126234123483,0.894269187236205,0.760409478796646,0.907329748850316,0.927281822543591,0.187131706858054,0
0.223321326884325,0.292290540412068,0.731840117136016,0.103636735584587,0.749153587035835,0.280282044317573,0.349781780969352,0.646965333260596,0.266044120071456,0.470326585462317,0
0.0839227037504315,0.413063204381615,0.1391779135447,0.733469725120813,0.473951750900596,0.932795035885647,0.404707588255405,0.77732809795998,0.63244861131534,0.509358708513901,0
0.913460742165521,0.140962115256116,0.514035063562915,0.167783968849108,0.307150212116539,0.136146247852594,0.881988406879827,0.658688363153487,0.429081828100607,0.340420611668378,0
0.994331904221326,0.320115216309205,0.12085677892901,0.668553782161325,0.183742351131514,0.12830204074271,0.293764252448454,0.440765753155574,0.945479685207829,0.816603992134333,0
0.819994031684473,0.647777480538934,0.198889676947147,0.663160133408383,0.144866880727932,0.719117183238268,0.465866238344461,0.267453724518418,0.743836348643526,0.937636397313327,0
0.779643016634509,0.343616886995733,0.877656337805092,0.68566373270005,0.364070194773376,0.857735216617584,0.980554988607764,0.467894454719499,0.929367505013943,0.168606648687273,0
0.799708134494722,0.737893042500829,0.00142360897734761,0.590545965591446,0.596811441704631,0.975372953340411,0.714715887093917,0.672284550964832,0.790908778319135,0.832733151502907,0
0.908322557341307,0.894664397928864,0.617430579848588,0.899979104753584,0.92395219579339,0.352592741604894,0.984185033477843,0.319087848765776,0.372156764613464,0.225752576487139,0
0.565270993392915,0.134111102670431,0.396927636349574,0.367526268120855,0.640636929310858,0.224106728564948,0.969583744881675,0.117192311678082,0.761658094124869,0.755823021288961,0
0.0648550787009299,0.614255159860477,0.271409379551187,0.0977235632017255,0.280484118731692,0.39502471848391,0.778520653257146,0.568648264743388,0.600793822668493,0.28649901994504,0
0.682185135083273,0.879997956333682,0.508227496640757,0.953071678755805,0.553848578827456,0.620363170746714,0.934229225153103,0.265620168531314,0.181551569141448,0.704687746940181,0
0.0908562422264367,0.868119919905439,0.210614033276215,0.503250662004575,0.410765656968579,0.940396353602409,0.986888210522011,0.0479422509670258,0.487243996234611,0.927910337690264,0
0.230579098919407,0.023741559823975,0.107508102431893,0.0591535975690931,0.791186405345798,0.185531838331372,0.0312864284496754,0.0203555210027844,0.497167309746146,0.259743054397404,0
0.0144158606417477,0.559553462080657,0.0210713720880449,0.708293468225747,0.0799064461607486,0.899414376122877,0.442171145230532,0.214015205157921,0.510007531847805,0.0329533971380442,0
0.086883740266785,0.275841916445643,0.973432361613959,0.304047398269176,0.553104144288227,0.0819671011995524,0.114628269569948,0.924574106466025,0.278283183230087,0.0786363652441651,0
0.576942226383835,0.0358478398993611,0.928503302158788,0.772445401875302,0.475819814717397,0.647584316786379,0.478208731627092,0.217399271205068,0.737409454770386,0.80757616693154,0
0.709580312483013,0.0733651688788086,0.953701661434025,0.454193267505616,0.741941235493869,0.597809339407831,0.30600604461506,0.597514178603888,0.676885600434616,0.548611811362207,0
0.578592950245366,0.890711772954091,0.100840363418683,0.456076471833512,0.91716900258325,0.578280854504555,0.975768151227385,0.876943211536855,0.337059017270803,0.204910946311429,0
0.828444757731631,0.163485392900161,0.92071697441861,0.241365983616561,0.693527704570442,0.616380838211626,0.0624164419714361,0.729803381487727,0.0356803860049695,0.638898370554671,0
0.570763416355476,0.111226925393566,0.859837003983557,0.668311215005815,0.946363920811564,0.24446410452947,0.699524536496028,0.969008123734966,0.701858698623255,0.818944952217862,0
0.872106880648062,0.707888513803482,0.363638956099749,0.0795678889844567,0.874550906475633,0.79795886692591,0.287832595873624,0.235578336054459,0.61373768444173,0.902800364186987,0
0.242489540483803,0.929025626275688,0.398633469128981,0.315440722275525,0.491103311534971,0.783535940339789,0.754338854458183,0.518629954662174,0.0303047623019665,0.147995297098532,0
0.143036126159132,0.85259351786226,0.351514166919515,0.887802564539015,0.757154096849263,0.850335309049115,0.851987030822784,0.628735806094483,0.154672714415938,0.998841786524281,0
0.347504995119758,0.0265680751763284,0.714292827993631,0.012104524532333,0.936240104027092,0.044517109869048,0.0448038666509092,0.54171325895004,0.839538704836741,0.307117878692225,0
0.747151756193489,0.538515442749485,0.150045114802197,0.287328056292608,0.291152382036671,0.867810931522399,0.0689871064387262,0.217243232997134,0.139574643224478,0.34720440604724,0
0.0956549772527069,0.249287358717993,0.285227338783443,0.4995004653465,0.705603555310518,0.926271845353767,0.949075481155887,0.359940922819078,0.211673830403015,0.390628855209798,0
0.687463147084462,0.794973846524954,0.695716463495046,0.165805066470057,0.994809190975502,0.225406175246462,0.32395681575872,0.0892316706012934,0.939888822613284,0.026268859161064,0
0.140769596677274,0.660297620606795,0.336053036386147,0.640830341493711,0.0141718983650208,0.99804973276332,0.611636916641146,0.564665850717574,0.141463575651869,0.564788685645908,0
0.0122649716213346,0.2325289696455,0.036497633671388,0.899759860243648,0.161729834973812,0.570588042261079,0.910687235649675,0.778939130483195,0.204459934495389,0.846729439683259,0
0.630118562671775,0.618814435089007,0.796622407622635,0.0341008435934782,0.39483030512929,0.790987681597471,0.0280319771263748,0.416079285321757,0.874234610004351,0.224996789824218,0
0.233027865877375,0.93953816848807,0.0709338206797838,0.915928177768365,0.759042254416272,0.172913119662553,0.170173504622653,0.28845291165635,0.342786513501778,0.274536712095141,0
0.946229288121685,0.490910292835906,0.861263087019324,0.184775283792987,0.633553386898711,0.95115076797083,0.657624237239361,0.650181402219459,0.447212033905089,0.989487866405398,0
0.16248881071806,0.21061352873221,0.389563158154488,0.909390001324937,0.585535346996039,0.408579100156203,0.562129597412422,0.0903539273422211,0.681829487904906,0.230384276947007,0
0.222668526927009,0.146882117027417,0.429020532639697,0.23936565220356,0.722018300089985,0.707149513298646,0.697264619171619,0.784593503922224,0.449332914315164,0.865280429832637,0
0.153894503833726,0.528038795338944,0.622229425469413,0.792744510341436,0.859449938172475,0.101825290126726,0.885860703652725,0.0973605012986809,0.921753792325035,0.448416320607066,0
0.35193203529343,0.0107758839149028,0.592114660190418,0.499908425612375,0.399359592003748,0.122605674434453,0.397418504580855,0.625103567959741,0.276789133204147,0.983358846744522,0
0.0333186979405582,0.700601988472044,0.155627719359472,0.553664068924263,0.148677120450884,0.955498366616666,0.289709947770461,0.675039237830788,0.0877099374774843,0.659186927136034,0
0.137445074040443,0.840523550286889,0.591287778224796,0.510654455982149,0.943251946009696,0.155104332603514,0.635029450524598,0.687433575280011,0.0113473166711628,0.389564426615834,0
0.487089276546612,0.229823904344812,0.451302578207105,0.629735085414723,0.0300466502085328,0.865858749486506,0.320439091650769,0.160933897132054,0.342558901291341,0.869357893010601,0
0.732271215179935,0.218261750880629,0.295109330676496,0.0476633973885328,0.75578656187281,0.231787577737123,0.746721492614597,0.874684032052755,0.920801336644217,0.834999257931486,0
0.241189175052568,0.0152209552470595,0.672905977349728,0.504554599057883,0.405388850020245,0.449601845350116,0.678153735119849,0.339433460030705,0.218563748057932,0.813899446278811,0
0.301748552592471,0.905293209478259,0.119837649632245,0.500267022754997,0.234979930333793,0.509120873874053,0.0645379514899105,0.0409369620028883,0.878080366412178,0.424242114415392,0
0.561012204503641,0.142487582052127,0.0593555995728821,0.410992273362353,0.744111989857629,0.224223906407133,0.984206687659025,0.399886282160878,0.225842315936461,0.676096262643114,0
0.0776686926838011,0.382766589988023,0.115341305034235,0.0817409064620733,0.52977589587681,0.729184961179271,0.525849715340883,0.0919113087002188,0.491314152022824,0.355604401323944,0
0.231815413106233,0.488278229720891,0.273171106586233,0.159521233290434,0.634869866538793,0.313069383380935,0.673479911405593,0.769733905093744,0.943883713101968,0.123680573655292,0
0.363137495703995,0.896865107351914,0.364737454336137,0.787064333213493,0.394558345200494,0.0925801079720259,0.590656976448372,0.617718126857653,0.499805896775797,0.161119233816862,0
0.112820256734267,0.0779875887092203,0.0821744920685887,0.454662897856906,0.438701959094033,0.883510111132637,0.510791105451062,0.125927004730329,0.2418063711375,0.748388367006555,0
0.533450428629294,0.784597074380144,0.387674384517595,0.757317515322939,0.853124317480251,0.857097839005291,0.886895777657628,0.445910427952185,0.876155892619863,0.993087402777746,0
0.956545505439863,0.630932379513979,0.828902334207669,0.510025422088802,0.36660326551646,0.779498600400984,0.476123721571639,0.368127029389143,0.490347856190056,0.174444829812273,0
0.00291392998769879,0.216031282674521,0.896316080819815,0.868685455759987,0.0100177028216422,0.687270271126181,0.931510080816224,0.102234840160236,0.354121437529102,0.048005749238655,0
0.587136111455038,0.831583724124357,0.318127577193081,0.348168092314154,0.80972761567682,0.111546410480514,0.655650736531243,0.761700812960044,0.369771562516689,0.464812549529597,0
0.623032769421116,0.864173227455467,0.50167123042047,0.498723553260788,0.481151429237798,0.165501883486286,0.487464767647907,0.538933219388127,0.634604631224647,0.0951467384584248,0
0.0402547635603696,0.711719681358663,0.0934536813292652,0.622449415968731,0.0277892658486962,0.37898931466043,0.883090612944216,0.488031863933429,0.578426878666505,0.64493846683763,0
0.0277662412263453,0.50747849419713,0.87297838088125,0.713312455685809,0.226738767698407,0.311590523924679,0.936538556357846,0.783199137309566,0.92121875169687,0.491961191408336,0
0.497054187348112,0.533277880488173,0.239449874032289,0.421389125054702,0.660483283223584,0.98302968009375,0.192013623658568,0.924874359508976,0.761283533181995,0.437425781274214,0
0.358716534647159,0.171051662648097,0.0896132597699761,0.658761837519705,0.764100683387369,0.630979760782793,0.200469428906217,0.584223902784288,0.373719023307785,0.398599157808349,0
0.834066766314209,0.765349994413555,0.457413882715628,0.866531084524468,0.812805582536384,0.721348884049803,0.385711699724197,0.819073602557182,0.964266130700707,0.0567763603758067,0
0.884292607195675,0.096851492067799,0.193125414662063,0.578040643129498,0.818876483943313,0.760879316134378,0.414777745492756,0.561626446666196,0.478985632769763,0.220500101801008,0
0.127474306151271,0.593542338814586,0.620333025464788,0.84454345353879,0.0667741340585053,0.976383383618668,0.716032628202811,0.865020064637065,0.108343781903386,0.00952992541715503,0
0.398305935086682,0.167181071592495,0.680772211868316,0.89760515303351,0.576050710631534,0.602350360713899,0.23557910695672,0.610491269500926,0.918491223128513,0.288720027077943,0
0.827886584680527,0.236017340095714,0.874944815179333,0.832094078185037,0.409816812025383,0.187963753007352,0.733664054656401,0.348650593776256,0.989329690346494,0.373274605721235,0
0.930540714412928,0.753321977309044,0.838820643024519,0.0821591163985431,0.944372846279293,0.715049564372748,0.709040807094425,0.381530459970236,0.213352122111246,0.15262372023426,0
0.074642178369686,0.817670886404812,0.493788846768439,0.314898661104962,0.962137239519507,0.524806084809825,0.916810344671831,0.79899054672569,0.0985602219589055,0.688319803914055,0
0.338533511702437,0.721774217206985,0.0143357131164521,0.599137824494392,0.600005420856178,0.530411473708227,0.536335950251669,0.908376343548298,0.145059274276718,0.167781071271747,0
0.22007050528191,0.369854891959112,0.31991036911495,0.214528736192733,0.290841869078577,0.834752656985074,0.341867029201239,0.602215600432828,0.726293026469648,0.195073692128062,0
0.967041995609179,0.976263243937865,0.374422107590362,0.25774790160358,0.0233244388364255,0.645743917440996,0.349165051709861,0.610644387779757,0.0889729638583958,0.653360226890072,0
0.260221248259768,0.127343181986362,0.735934779746458,0.0231142938137054,0.855938278371468,0.388878282159567,0.977248534327373,0.673810748849064,0.695255240891129,0.481121041579172,0
0.162646527169272,0.298223245888948,0.122727392474189,0.454083866206929,0.223214669385925,0.452608352061361,0.528372929198667,0.145319696050137,0.904344314709306,0.956612101756036,0
0.327653007385065,0.808850343804806,0.976715845987201,0.260764297097921,0.842513589188457,0.969887240091339,0.733800299465656,0.172714256448671,0.327804649248719,0.28524994966574,0
0.596944777294993,0.0518887841483112,0.710376000730321,0.35744227305986,0.61539744772017,0.536578459665179,0.963645067298785,0.887544330675155,0.546021230751649,0.311711041256785,0
0.829672131687403,0.87574159346614,0.798829351086169,0.845737084746361,0.0836909201461822,0.44481525500305,0.330562239745632,0.292613036232069,0.317384604364634,0.941378221847117,0
0.480624934891239,0.955988992005587,0.769828074146062,0.174686094513163,0.992429906269535,0.181056134868413,0.177584957098588,0.510654416866601,0.0843890307005495,0.671958986204118,0
0.50854780478403,0.107720982516184,0.162678526015952,0.935970353661105,0.673844848759472,0.278823881875724,0.430929151596501,0.496911450754851,0.8706229692325,0.958802123786882,0
0.242044927319512,0.842340766452253,0.628679216839373,0.996052819536999,0.237437608651817,0.151857603574172,0.224676581565291,0.440038035158068,0.0496610687114298,0.686273582978174,0
0.15243511996232,0.14625165774487,0.669123021652922,0.750770295038819,0.725844045868143,0.00981530640274286,0.724854195024818,0.988611923763528,0.187369256280363,0.914691114565358,0
