"1","2","3","4","5","6","7","8","9","10","class"
0.282803687732667,0.0670474655926228,0.333502250257879,0.719166412018239,0.404260567622259,0.750799310393631,0.786844977876171,0.956911729415879,0.190795307280496,0.443866375368088,0
0.202613154193386,0.0148765651974827,0.211121518863365,0.815697324927896,0.293493267381564,0.643179005011916,0.55693116877228,0.0251410114578903,0.652680196100846,0.309487188700587,0
0.450043305754662,0.170340092903376,0.307597031351179,0.0133822127245367,0.31001875619404,0.577769576339051,0.0742028565146029,0.128172562690452,0.594658603193238,0.920518382219598,0
0.310345189645886,0.0490301640386693,0.604190551908687,0.846114759100601,0.351519124815241,0.232113650068641,0.338075872743502,0.0811922182328999,0.520737729035318,0.474727666005492,0
0.834862868471816,0.943035111762583,0.363652632106096,0.703875952167436,0.27828577067703,0.496631882619113,0.0845948923379183,0.44699148228392,0.677026614546776,0.779432136332616,0
0.0212412419500761,0.24045793665573,0.414628841448575,0.967801848659292,0.463392513338476,0.31503206025809,0.167751127388328,0.599100313615054,0.703864399110898,0.902859086636454,0
0.603034737054259,0.988244638315216,0.941083493176848,0.112631720025092,0.553492770064622,0.588977960636839,0.621688538929448,0.807673767209053,0.860873457277194,0.46605748613365,0
0.913352461066097,0.679224135121331,0.292389579117298,0.491751791443676,0.826251130085438,0.737364610889927,0.92842464405112,0.718413408380002,0.690722595434636,0.671508176485077,0
0.930269039934501,0.658324289834127,0.331720499321818,0.312460379209369,0.0515897895675153,0.948972321813926,0.149334773654118,0.00690643582493067,0.359982622554526,0.0133790841791779,0
0.198327424004674,0.941039260974061,0.176736557390541,0.929194409633055,0.487932085758075,0.517457926878706,0.266970040509477,0.361351582687348,0.160920487018302,0.918774259276688,0
0.143521954040974,0.335810299031436,0.944743916857988,0.110483951866627,0.426554626552388,0.430965512990952,0.636104906443506,0.897879883879796,0.717437581624836,0.000343917869031429,0
0.776483752997592,0.144893624443095,0.837111733853817,0.19949301565066,0.428464592667297,0.970919188344851,0.498324259417132,0.530813002726063,0.469091802835464,0.266678991727531,0
0.830432094167918,0.98406989639625,0.435805784072727,0.809686793712899,0.442641938105226,0.449840384768322,0.643270507222041,0.276875016978011,0.0105769690126181,0.376077221240848,0
0.327568306587636,0.0612812451099977,0.0755666885524988,0.421290948754176,0.739950084127486,0.0396939665079117,0.00678621418774128,0.482001735363156,0.0640214798040688,0.695868607377633,0
0.339951936388388,0.896499238631502,0.841753219254315,0.321720515144989,0.151654982240871,0.820162559393793,0.704074877081439,0.505678609013557,0.40997748891823,0.548043286427855,0
0.914947038162034,0.610782489879057,0.15328673645854,0.801092162495479,0.968426471576095,0.426276997895911,0.334861584240571,0.826179251773283,0.240385678596795,0.49965325393714,0
0.203134330920875,0.173040370169468,0.727521942928433,0.563107947353274,0.0115433521568775,0.588481786893681,0.0447476818226278,0.492467510513961,0.336511189583689,0.15119662694633,0
0.9924376453273,0.83145880165752,0.0226498448755592,0.522674835519865,0.339884790591896,0.0734377577900887,0.0786220815498382,0.343522527487949,0.155705647077411,0.65156441484578,0
0.953433783134818,0.645401595626026,0.39736630837433,0.199319236446172,0.359434880781919,0.697103458223864,0.390247820643708,0.614714007824659,0.894435035530478,0.152891119010746,0
0.135330789955333,0.986984532508813,0.783191594528034,0.751970750745386,0.549741209950298,0.70895987842232,0.621571237687021,0.906384819652885,0.285956455161795,0.887445090105757,0
0.657052530441433,0.0193942117039114,0.517564679728821,0.855705353198573,0.761989161372185,0.0799620791804045,0.232561932876706,0.0769625005777925,0.788586305454373,0.315912963356823,0
0.83174083464155,0.408738023834303,0.617163015529513,0.790570873068646,0.247376844286919,0.0931870278436691,0.406135823111981,0.96747259539552,0.151044031372294,0.477776617044583,0
0.960098942346498,0.575733018107712,0.8451293411199,0.737705583916977,0.697604259243235,0.117686616955325,0.840471737086773,0.477936261100695,0.267473954707384,0.0672273335512727,0
0.0250748621765524,0.585032832808793,0.644289904506877,0.178285322152078,0.411149043124169,0.595487018348649,0.735069535207003,0.173142895335332,0.849357035011053,0.679418748244643,0
0.82131808414124,0.122770586065203,0.128612197004259,0.187707962002605,0.363280442310497,0.708934666588902,0.71455923630856,0.994190120603889,0.317495808470994,0.700028606690466,0
0.065012666862458,0.0238814152451232,0.380281758960336,0.422897749114782,0.0361338404472917,0.448308782884851,0.631327654467896,0.491959518752992,0.0590962597634643,0.558098206762224,0
0.206107563572004,0.140196972445399,0.137382722226903,0.0422771030571312,0.405327865621075,0.193677062867209,0.0178970794659108,0.268588253296912,0.744154159910977,0.772120030829683,0
0.88790624915855,0.0662977939937264,0.999354219995439,0.275541683891788,0.562745259376243,0.786635296419263,0.406723660882562,0.080599251203239,0.942452903604135,0.882281701778993,0
0.258561480557546,0.0175679987296462,0.604460413102061,0.775938417762518,0.590258094947785,0.0358667408581823,0.724334832513705,0.963525488739833,0.357758208876476,0.467529798392206,0
0.361366644967347,0.0812316979281604,0.828975337790325,0.157271321164444,0.27527648024261,0.0798979876562953,0.143743300810456,0.704616547795013,0.900555399246514,0.913240450434387,0
0.483929023845121,0.996189617086202,0.798619266366586,0.0297345982398838,0.643187375273556,0.76914419233799,0.236183178145438,0.566977371228859,0.7657480253838,0.563948730705306,0
0.0697894857697189,0.307327056536451,0.697649862151593,0.896223900374025,0.0290829709265381,0.398944647982717,0.696716129314154,0.976338492007926,0.792830751510337,0.518890057690442,0
0.00223862915299833,0.0330787196289748,0.72091442765668,0.109953222796321,0.769835719838738,0.756583696231246,0.129877968225628,0.807992591056973,0.631146451458335,0.0707656575832516,0
0.440080786356702,0.0869622409737669,0.857074798084795,0.492857490666211,0.783967830007896,0.856838859152049,0.984474362805486,0.484707833034918,0.975364690180868,0.0170600295532495,0
0.045041685923934,0.00256010703742504,0.331478282343596,0.91499686264433,0.486004091566429,0.541867333697155,0.697707310086116,0.26240444323048,0.860883968882263,0.789171961834654,0
0.896352199460845,0.524515941506252,0.954010446090251,0.292156520765275,0.623530044686049,0.412114482140169,0.0506830238737166,0.110278954962268,0.701351294759661,0.329217417165637,0
0.981373140170053,0.719149270560592,0.311414351919666,0.0581969595514238,0.212940291734412,0.00898387120105326,0.177202530670911,0.0537541247904301,0.628357917070389,0.252609625924379,0
0.111874051923491,0.696667935000733,0.521101942285895,0.48870958131738,0.0726821320131421,0.255993959959596,0.26367150223814,0.383871196303517,0.563454070594162,0.00166301289573312,0
0.807779402006418,0.912366191597655,0.953903452958912,0.763816924998537,0.616679743397981,0.849343493347988,0.679467782378197,0.777422142215073,0.0247383893001825,0.646731430431828,0
0.094247380728554,0.110621913336217,0.195707774022594,0.877935553435236,0.186332914745435,0.322626857552677,0.0605788335669786,0.7402831800282,0.451087781228125,0.266653505153954,0
0.0278197277802974,0.0136743511538953,0.783413418103009,0.0664520489517599,0.238214253680781,0.314601733116433,0.145980486646295,0.210119806695729,0.917884409427643,0.511021187528968,0
0.0619388190909289,0.45297479396686,0.275532332714647,0.933778646867722,0.167953073745593,0.305196815636009,0.161575741134584,0.795321690151468,0.143024187535048,0.979008962633088,0
0.592896161368117,0.11669256003499,0.929428947390988,0.262897983193398,0.728688895236701,0.19532872014679,0.471463557565585,0.182766679441556,0.265538584673777,0.0559532069601119,0
0.940149233124778,0.999219546793029,0.974342590430751,0.83493662555702,0.306828557979316,0.0924957490060478,0.854757915018126,0.262694106670097,0.829065974801779,0.102295481367037,0
0.013776214635931,0.766169437672943,0.514565784949809,0.684329075040296,0.85963427182287,0.936330367112532,0.782507704570889,0.407151816179976,0.707420647609979,0.969570093788207,0
0.877029254394118,0.5354694633279,0.536521602189168,0.0542514780536294,0.526190816191956,0.714296953054145,0.142982927849516,0.196808476466686,0.119002271909267,0.579670830862597,0
0.931804139331728,0.611167487222701,0.302976798731834,0.873109082924202,0.824456090573221,0.667149064363912,0.571904164738953,0.689631915884092,0.944511148612946,0.515129609731957,0
0.893191634470317,0.332478538621217,0.749543227721006,0.102445582160726,0.305375330150127,0.465812787413597,0.53213692153804,0.897157804574817,0.647874317364767,0.488179290900007,0
0.192606748314574,0.849368695639074,0.829159852815792,0.486797865014523,0.315425829961896,0.175146147375926,0.187803370179608,0.263411190360785,0.357272880384699,0.562221764121205,0
0.784913179697469,0.955020889506303,0.97879286063835,0.120460478588939,0.161823960952461,0.193598613841459,0.94219088810496,0.693301549181342,0.385123654501513,0.616573155159131,0
0.961533698178828,0.391305172815919,0.348429988604039,0.642987305065617,0.993430321803316,0.825843125814572,0.708522149128839,0.597105235327035,0.886895325034857,0.677131082629785,0
0.920824937988073,0.640606290427968,0.144565233960748,0.825101322494447,0.0491245097946376,0.292121888604015,0.830170577857643,0.900956183439121,0.880435643717647,0.968971305992454,0
0.513485606294125,0.0243745639454573,0.973342808661982,0.968080953229219,0.392197403358296,0.000192465027794242,0.0873184455558658,0.095739496871829,0.817253614310175,0.531021401286125,0
0.966435799142346,0.153028154200967,0.807115662377328,0.68562850006856,0.140985475853086,0.112903524423018,0.821992535144091,0.313366528833285,0.187678155722097,0.676798805128783,0
0.0446897863876075,0.310930710285902,0.751121769659221,0.451605796581134,0.48002810543403,0.811411202186719,0.698511295951903,0.102735323598608,0.675014959648252,0.335568943060935,0
0.0420357555327937,0.301490183686838,0.0182934293989092,0.0677328498568386,0.914624116150662,0.138291963608935,0.952975439140573,0.393197468249127,0.40737373707816,0.815581244649366,0
0.00157108229361474,0.534570324001834,0.647168050985783,0.196946801384911,0.070510245161131,0.564541864907369,0.168583213351667,0.179058833280578,0.151853644987568,0.606266709975898,0
0.951104314997792,0.48965683276765,0.250065829604864,0.632990553043783,0.956742087611929,0.829045111546293,0.495216459967196,0.386366590391845,0.359521572245285,0.0793400886468589,0
0.0567025691270828,0.863601762472838,0.47162303654477,0.118207598105073,0.245331204030663,0.266161279054359,0.682342665735632,0.217859760392457,0.272196578793228,0.0799775568302721,0
0.942869705436286,0.739663372049108,0.774389644386247,0.447415674803779,0.9311580483336,0.595625964691862,0.174346645129845,0.519392247311771,0.0299933478236198,0.231278567807749,0
0.853911379760131,0.389625992858782,0.397863084450364,0.609952624421567,0.739994526607916,0.468310004333034,0.322829420445487,0.056006183847785,0.63553864764981,0.892381098354235,0
0.35169990779832,0.0279636985754594,0.588825725018978,0.00276453839614987,0.263446272583678,0.592065395088866,0.179768963484094,0.494383378885686,0.679912052582949,0.166412630816922,0
0.925228322557732,0.0778964734636247,0.709536977577955,0.34516064892523,0.672759286127985,0.461083497386426,0.494453225750476,0.439677926944569,0.638536987360567,0.588082579197362,0
0.715788888046518,0.882550301714148,0.870460047386587,0.720491947373375,0.751568605657667,0.53347688447684,0.728651210200042,0.628351264633238,0.17385274823755,0.153097650036216,0
0.940644135461003,0.45381254539825,0.200322336750105,0.637049389304593,0.862156754359603,0.461978842504323,0.618706214241683,0.342217262368649,0.177851504879072,0.39059653156437,0
0.00796775612980127,0.226245390018448,0.339090173598379,0.616180093027651,0.818745651515201,0.255085167707875,0.631022725254297,0.265956799965352,0.516820868942887,0.953410802409053,0
0.858366406522691,0.912331614792347,0.987380833597854,0.586885853204876,0.967441478045657,0.505300853867084,0.0252911057323217,0.336951370118186,0.385508221574128,0.307384075596929,0
0.412449446506798,0.954879531185236,0.0776539850048721,0.846654951339588,0.268658184446394,0.234972232254222,0.613189538242295,0.877510881517082,0.916969883954152,0.616248178062961,0
0.112122263637558,0.0886201446410269,0.714299696264789,0.972667251946405,0.808621671749279,0.315346637507901,0.366440199548379,0.424099984345958,0.302721052896231,0.524824779015034,0
0.0463180915307254,0.740623321384192,0.228716736426577,0.213465579552576,0.92066716728732,0.577439452521503,0.379343394190073,0.680195718538016,0.415425317361951,0.235056587262079,0
0.548518494935706,0.120257404997945,0.775783834746107,0.425484748091549,0.842197956051677,0.771710796514526,0.59344330127351,0.767573539167643,0.629928471287712,0.852965532103553,0
0.0834297486580908,0.00292494318559766,0.361427754163742,0.66352058458142,0.133955193450674,0.656468335306272,0.151450250996277,0.655238272622228,0.883863741299137,0.0171433105133474,0
0.699614973505959,0.957214334882982,0.506479513598606,0.933428151533008,0.998887699795887,0.841363326413557,0.215804568259045,0.47757934522815,0.812254519434646,0.391879855887964,0
0.680806713877246,0.926575213670731,0.208843781845644,0.451756105059758,0.994677857030183,0.969403036637232,0.0988171547651291,0.111175891943276,0.103282427182421,0.287483955733478,0
0.880887849459052,0.981366297928616,0.802623845404014,0.28755196928978,0.327034104149789,0.49832291668281,0.748698423383757,0.271051400341094,0.0317310758400708,0.543954960536212,0
0.453556606546044,0.106964194646571,0.815594638232142,0.814294788753614,0.963144175708294,0.409466588171199,0.596233108546585,0.233333423035219,0.71970162843354,0.253075685119256,0
0.961074216058478,0.488635273650289,0.788961813086644,0.860155828529969,0.629397829528898,0.029402059270069,0.103937641484663,0.751012654509395,0.763374431524426,0.869616995565593,0
0.774386842735112,0.958470969460905,0.987716767936945,0.0875161122530699,0.116153902374208,0.749709158902988,0.472870734753087,0.617810337804258,0.369355198461562,0.765248063951731,0
0.417239422909915,0.948235049366951,0.342471770709381,0.943025978747755,0.878099010093138,0.948454575845972,0.403835838660598,0.650887151481584,0.0578239492606372,0.37149068294093,0
0.929118464733288,0.114669299684465,0.0413474861998111,0.457222798606381,0.276554911397398,0.359932918800041,0.854775664396584,0.815003087511286,0.0503571652807295,0.124023721320555,0
0.0677542665712536,0.479751512408257,0.335913512390107,0.570206764154136,0.219538690755144,0.642469317885116,0.897478650091216,0.638914778130129,0.719277203315869,0.0178981870412827,0
0.431411009281874,0.0422845943830907,0.808957742294297,0.644625873072073,0.910854258574545,0.558087402954698,0.762593894731253,0.869138897396624,0.0185203948058188,0.620266641490161,0
0.0533872113078833,0.0565867712721229,0.919429275440052,0.647476462414488,0.723773309960961,0.649259131867439,0.206399928312749,0.243280843365937,0.570671650348231,0.164473873563111,0
0.242453936487436,0.964598262840975,0.678929646499455,0.412094771396369,0.365893630310893,0.450869055930525,0.266124950489029,0.177162349224091,0.879429267719388,0.417182384757325,0
0.300360613968223,0.96308153308928,0.443103433353826,0.388464413350448,0.473956337198615,0.789987024385482,0.878595724469051,0.287137560546398,0.658424521330744,0.506514891516417,0
0.90611561620608,0.0236888404469937,0.898171592736617,0.445931620895863,0.183440571883693,0.0480354628525674,0.690823786426336,0.554259637137875,0.199114891467616,0.746040921658278,0
0.206698837922886,0.88419496245943,0.283546690130606,0.341966339387,0.676600878825411,0.718144635902718,0.619429371319711,0.528616943396628,0.539222767343745,0.592052508844063,0
0.845018537482247,0.0519507527351379,0.226157065248117,0.224011889193207,0.893296932801604,0.928481950191781,0.920543302316219,0.877886766567826,0.218263381859288,0.438305118586868,0
0.143929981859401,0.0543980421125889,0.735455319751054,0.407954381778836,0.0693528337869793,0.0318882267456502,0.948750426527113,0.75151484599337,0.998226173920557,0.101017783395946,0
0.0517179015013389,0.106683938996866,0.492728334851563,0.391684734262526,0.969913527369499,0.441752411192283,0.587508645374328,0.534259684383869,0.981880237581208,0.810780947795138,0
0.135425211098045,0.0938096852041781,0.715895966393873,0.94533738004975,0.0789062744006515,0.858556958381087,0.484618336893618,0.174912737449631,0.455970694310963,0.397719559026882,0
0.0854427969068288,0.384569573681802,0.48666526703164,0.789371825521812,0.659288089955226,0.265532952034846,0.319666855968535,0.0674663858953863,0.810006146319211,0.693362233461812,0
0.284752609441057,0.0766649652535096,0.0613318185787648,0.419439231045544,0.0862958792131394,0.592731721000746,0.894337372388691,0.329934923909605,0.0781084389891475,0.895150428405032,0
0.884936818719935,0.219911013264209,0.280268527567387,0.723233044147491,0.902139195008203,0.23358703404665,0.35517542809248,0.442112951539457,0.564444632269442,0.733932744013146,0
0.418861924437806,0.0566350985318422,0.641610362799838,0.811771714594215,0.281318870605901,0.505323229823261,0.928338693222031,0.0906883713323623,0.00560562824830413,0.292402465362102,0
0.457463827449828,0.0801355863991194,0.997157327597961,0.260644783033058,0.123101557604969,0.275013917358592,0.0892493133433163,0.230714197270572,0.619133403059095,0.0770368108060211,0
0.990671370178461,0.559840160422027,0.890425930963829,0.285480305552483,0.489162608981133,0.748514865990728,0.778749331599101,0.379779743729159,0.0193979747127742,0.869965654797852,0
0.920115522807464,0.987054283265024,0.631768637802452,0.950946625554934,0.538982409285381,0.858720830408856,0.104720214847475,0.873776598833501,0.250160333234817,0.840015845838934,0
0.311083557317033,0.0165872173383832,0.60799510544166,0.0322043625637889,0.390987558756024,0.734974978258833,0.790913407225162,0.921935206046328,0.233468199148774,0.532156902831048,0
0.999143703000061,0.398387104738504,0.67931791767478,0.115536491619423,0.311204612022266,0.0297227788250893,0.49422970903106,0.791714653605595,0.713164150249213,0.028582148719579,0
